10.08,1547615849,105.15,51.44913152,7.48841788,245.26,13.90,0.36,180.37,1,-101.00,-10.00,9.00,11.00,41.00,6.00,28371201,66,10,0.550002,0.07019,10.08
21.08,1547615860,266.53,51.44770419,7.48792197,251.27,13.89,-0.38,191.32,1,-105.00,-9.00,-3.00,8.00,39.00,9.00,27771909,271,21,0.550002,0.07019,11
32.08,1547615871,425.14,51.44628973,7.48833457,256.78,14.18,-0.63,157.54,1,-105.00,-10.00,5.00,9.00,36.00,9.00,27771909,271,32,0.550002,0.07019,11
42.08,1547615881,572.59,51.44532260,7.48989201,264.28,15.68,0.32,128.82,1,-105.00,-9.00,2.00,6.00,35.00,13.00,28371201,66,42,0.500002,3.54197,10
52.08,1547615891,713.00,51.44463357,7.49149612,270.02,5.77,-3.42,127.75,1,-109.00,-10.00,-1.00,4.00,34.00,6.00,27771907,272,52,0.500002,4.73412,10
62.08,1547615901,723.33,51.44460388,7.49158006,270.22,0.00,0.00,128.15,1,-109.00,-9.00,-5.00,6.00,37.00,6.00,27771907,272,62,0.500002,11.3267,10
72.08,1547615911,723.33,51.44460388,7.49158006,270.33,0.00,0.00,128.15,1,-110.00,-10.00,-2.00,7.00,35.00,6.00,27771907,272,72,0.500002,5.22524,10
82.08,1547615921,723.33,51.44460391,7.49158012,270.54,0.00,0.00,128.15,1,-109.00,-10.00,-3.00,4.00,37.00,6.00,27771907,272,82,0.500002,6.09954,10
93.08,1547615932,723.33,51.44460000,7.49157514,270.85,0.00,0.00,188.66,1,-106.00,-9.00,0.00,4.00,37.00,6.00,27771907,272,93,0.550002,0.913822,11
104.08,1547615943,757.79,51.44416384,7.49143239,272.03,10.82,0.77,215.60,1,-92.00,-9.00,16.00,14.00,49.00,6.00,27771907,272,104,0.550002,6.45988,11
114.08,1547615953,897.58,51.44311694,7.49023412,273.73,15.46,-0.15,216.82,1,-73.00,-4.00,29.00,10.00,63.00,6.00,27771907,272,114,0.500002,14.5568,10
124.08,1547615963,1052.00,51.44201060,7.48888496,280.77,15.60,0.09,218.14,1,-76.00,-5.00,21.00,15.00,61.00,6.00,27771907,272,124,0.500002,12.0752,10
135.07,1547615974,1218.13,51.44102899,7.48703350,279.42,14.72,-0.12,233.12,1,-81.00,-5.00,33.00,15.00,56.00,6.00,27771907,272,135,0.550002,9.79144,10.99
145.08,1547615984,1366.18,51.44022890,7.48529521,278.39,14.78,-0.02,233.53,1,-78.00,-5.00,27.00,15.00,59.00,1.00,27771908,270,145,0.500002,9.65434,10.01
155.08,1547615994,1516.27,51.43944131,7.48357668,282.71,15.12,-0.14,234.61,1,-73.00,-5.00,32.00,15.00,63.00,1.00,27771908,270,155,0.500002,6.96892,10
166.07,1547616005,1682.16,51.43870722,7.48137700,286.75,15.89,0.05,241.12,1,-92.00,-5.00,23.00,12.00,42.00,1.00,27771908,270,166,0.550002,11.4415,10.99
176.08,1547616015,1847.06,51.43798255,7.47928587,287.91,16.14,-0.25,242.25,1,-103.00,-8.00,1.00,10.00,39.00,1.00,27771908,270,176,0.500002,0.07019,10.01
186.08,1547616025,2000.99,51.43732391,7.47725333,287.76,15.18,-0.14,242.20,1,-109.00,-10.00,-4.00,6.00,36.00,1.00,27771908,270,186,0.500002,4.40331,10
197.08,1547616036,2118.92,51.43758264,7.47631378,287.38,10.21,0.93,47.77,1,-79.00,-5.00,33.00,15.00,59.00,1.00,27771908,270,197,0.550002,5.78101,11
207.08,1547616046,2268.98,51.43842905,7.47814920,286.90,19.67,0.29,55.61,1,-79.00,-5.00,31.00,15.00,58.00,1.00,27771908,270,207,0.500002,3.0205,10
218.08,1547616057,2526.85,51.43973489,7.48121404,282.46,24.50,-0.21,50.54,1,-88.00,-6.00,29.00,12.00,49.00,1.00,27771908,270,218,0.550002,2.67346,11
228.08,1547616067,2772.79,51.44133440,7.48364359,279.03,24.34,-0.16,37.01,1,-84.00,-5.00,24.00,12.00,53.00,1.00,27771908,270,228,0.500002,6.02395,10
238.08,1547616077,3019.54,51.44327607,7.48527428,276.13,24.85,-0.07,23.25,1,-72.00,-5.00,32.00,12.00,63.00,1.00,27771909,271,238,0.500002,7.12221,10
249.07,1547616088,3225.49,51.44472449,7.48672168,268.04,13.13,-0.45,85.39,1,-79.00,-5.00,32.00,15.00,58.00,1.00,27771909,271,249,0.550002,6.80232,10.99
259.08,1547616098,3366.20,51.44382631,7.48710789,262.79,15.00,-0.07,239.43,1,-67.00,-6.00,20.00,12.00,63.00,1.00,27771909,271,259,0.500002,7.07866,10.01
270.07,1547616109,3565.26,51.44368869,7.48414618,263.28,23.70,0.81,269.19,1,-68.00,-5.00,29.00,12.00,63.00,1.00,27771909,271,270,0.550002,11.0108,10.99
280.08,1547616119,3836.19,51.44357620,7.48021762,260.58,30.85,0.54,264.14,1,-90.00,-7.00,12.00,9.00,48.00,1.00,27771909,271,280,0.500002,5.66879,10.01
290.08,1547616129,4156.01,51.44322056,7.47567789,256.81,32.11,-0.02,261.35,1,-86.00,-6.00,18.00,12.00,49.00,1.00,27771909,271,290,0.500002,1.85311,10
300.08,1547616139,4475.39,51.44265476,7.47113165,250.32,32.81,0.60,257.57,1,-107.00,-7.00,6.00,8.00,31.00,10.00,30422273,155,300,0.500002,4.14313,10
311.07,1547616150,4855.50,51.44196895,7.46571606,240.47,36.06,-0.02,260.64,1,-99.00,-6.00,13.00,10.00,39.00,27.00,31281409,195,311,0.550002,8.7046,10.99
321.07,1547616160,5208.92,51.44161332,7.46068514,231.16,35.68,0.21,266.45,1,-100.00,-7.00,13.00,9.00,38.00,27.00,31281409,195,321,0.500002,4.255,10
331.08,1547616170,5574.20,51.44155546,7.45541105,226.04,36.17,-0.85,270.74,1,-94.00,-5.00,31.00,12.00,42.00,25.00,27771908,270,331,0.500002,13.7349,10.01
342.08,1547616181,5962.90,51.44188791,7.44985148,226.78,35.19,0.18,277.91,1,-81.00,-5.00,26.00,14.00,57.00,16.00,33527552,376,342,0.550002,1.16733,11
353.07,1547616192,6348.44,51.44256429,7.44441138,226.02,35.02,0.01,284.24,1,-71.00,-5.00,31.00,15.00,63.00,16.00,33527552,376,353,0.550002,4.47985,10.99
363.07,1547616202,6709.36,51.44350581,7.43941517,221.24,37.17,0.01,289.24,1,-86.00,-8.00,24.00,9.00,54.00,16.00,33527552,376,363,0.500002,0.69684,10
373.07,1547616212,7080.62,51.44476692,7.43442338,213.34,38.66,0.48,295.69,1,-75.00,-5.00,7.00,12.00,61.00,1.00,33527554,375,373,0.500002,13.0278,10
383.07,1547616222,7465.26,51.44663452,7.42979381,200.40,37.99,-0.07,309.90,1,-79.00,-4.00,19.00,12.00,57.00,1.00,33527554,375,383,0.500002,4.83463,10
393.07,1547616232,7841.74,51.44916926,7.42626562,185.17,38.30,0.24,326.88,1,-90.00,-6.00,14.00,12.00,47.00,1.00,33527554,375,393,0.500002,11.5892,10
403.08,1547616242,8221.40,51.45223866,7.42392551,170.89,37.25,-0.06,342.16,1,-104.00,-14.00,-4.00,5.00,41.00,44.00,28365057,224,403,0.500002,15.7497,10.01
413.08,1547616252,8584.09,51.45527999,7.42247069,157.67,35.96,0.34,342.70,1,-98.00,-11.00,-4.00,6.00,45.00,11.00,33837570,370,413,0.500002,7.49951,10
423.08,1547616262,8931.18,51.45816855,7.42065751,151.39,32.45,-0.81,333.69,1,-91.00,-9.00,3.00,9.00,49.00,11.00,33837570,370,423,0.500002,11.2951,10
433.08,1547616272,9261.54,51.46071923,7.41819868,150.78,33.57,-0.74,324.17,1,-80.00,-7.00,5.00,6.00,57.00,7.00,33837570,370,433,0.500002,4.2203,10
443.08,1547616282,9593.69,51.46298433,7.41508929,151.38,31.86,-0.83,314.95,1,-80.00,-7.00,13.00,13.00,54.00,8.00,27770883,35,443,0.500002,6.69334,10
453.08,1547616292,9905.66,51.46481613,7.41173169,150.72,30.27,-0.02,308.47,1,-90.00,-10.00,9.00,11.00,49.00,8.00,27770883,35,453,0.500002,8.87582,10
463.08,1547616302,10215.79,51.46654214,7.40820518,154.03,30.59,-0.78,308.62,1,-95.00,-13.00,12.00,10.00,47.00,4.00,27770885,33,463,0.500002,6.87316,10
473.08,1547616312,10530.41,51.46836447,7.40469659,156.84,33.42,0.45,311.99,1,-86.00,-8.00,15.00,11.00,52.00,4.00,27770885,33,473,0.500002,18.6865,10
483.08,1547616322,10868.09,51.47048108,7.40118847,158.37,34.27,0.07,315.56,1,-82.00,-5.00,21.00,14.00,55.00,18.00,27771140,49,483,0.500002,8.09538,10
494.08,1547616333,11232.53,51.47291728,7.39773632,161.58,31.54,-0.37,319.84,1,-83.00,-6.00,21.00,12.00,58.00,18.00,27771140,49,494,0.550002,8.44111,11
505.09,1547616344,11563.03,51.47526982,7.39490058,169.79,28.63,-0.16,327.76,1,-78.00,-5.00,29.00,11.00,59.00,18.00,27771140,49,505,0.550002,2.57657,11.01
516.08,1547616355,11863.03,51.47769196,7.39308376,173.75,21.15,-0.71,351.29,1,-85.00,-10.00,12.00,13.00,57.00,18.00,27771140,49,516,0.550002,4.01773,10.99
526.08,1547616365,12055.71,51.47928145,7.39389046,178.45,13.59,-0.56,10.19,1,-86.00,-5.00,22.00,15.00,49.00,4.00,27771139,48,526,0.500002,11.5315,10
536.08,1547616375,12187.55,51.48034869,7.39375517,184.92,13.21,1.37,58.81,1,-86.00,-6.00,28.00,15.00,51.00,4.00,27771139,48,536,0.500002,7.10979,10
546.08,1547616385,12357.43,51.48117098,7.39585442,185.83,18.03,-0.23,59.95,1,-79.00,-6.00,19.00,15.00,59.00,4.00,27771139,48,546,0.500002,10.5643,10
556.08,1547616395,12505.28,51.48185392,7.39759953,183.91,10.12,-0.65,55.08,1,-85.00,-5.00,19.00,13.00,52.00,4.00,27771139,48,556,0.500002,14.8291,10
567.08,1547616406,12581.62,51.48225649,7.39836787,184.44,2.59,-0.85,46.82,1,-78.00,-5.00,23.00,12.00,59.00,4.00,27771139,48,567,0.550002,12.5434,11
577.08,1547616416,12588.72,51.48230087,7.39842346,184.76,0.00,0.00,46.47,1,-79.00,-5.00,25.00,13.00,57.00,4.00,27771139,48,577,0.500002,8.92938,10
588.08,1547616427,12638.73,51.48277021,7.39901621,186.24,10.00,0.01,36.42,1,-87.00,-6.00,14.00,11.00,49.00,4.00,27771139,48,588,0.550002,0.07019,11
598.08,1547616437,12775.85,51.48381060,7.40012075,187.97,15.77,0.08,36.22,1,-93.00,-7.00,2.00,9.00,45.00,4.00,27771139,48,598,0.500002,1.57344,10
608.08,1547616447,12929.06,51.48485883,7.40152989,186.88,14.65,-0.09,41.45,1,-99.00,-7.00,24.00,5.00,39.00,9.00,28365058,223,608,0.500002,0.457415,10
618.08,1547616457,13052.57,51.48561070,7.40275688,184.75,7.08,-0.42,30.30,1,-101.00,-8.00,11.00,11.00,38.00,9.00,28365058,223,618,0.500002,9.52151,10
628.08,1547616467,13151.68,51.48638069,7.40206198,183.34,14.71,0.25,329.96,1,-106.00,-10.00,2.00,7.00,36.00,8.00,28365058,223,628,0.500002,10.0748,10
638.08,1547616477,13293.59,51.48762149,7.40166698,182.99,13.68,-0.14,356.53,1,-81.00,-5.00,16.00,12.00,56.00,3.00,26385409,93,638,0.500002,9.28388,10
648.08,1547616487,13420.28,51.48873640,7.40174992,177.80,8.78,-1.30,359.72,1,-84.00,-7.00,19.00,12.00,54.00,3.00,26385409,93,648,0.500002,6.45636,10
658.08,1547616497,13473.11,51.48917696,7.40176002,176.24,0.98,-0.83,1.61,1,-81.00,-6.00,24.00,12.00,57.00,2.00,26385410,94,658,0.500002,7.34575,10
669.08,1547616508,13474.08,51.48917696,7.40176002,176.26,0.00,0.00,1.61,1,-75.00,-5.00,32.00,13.00,63.00,2.00,26385410,94,669,0.550002,6.572,11
679.08,1547616518,13516.67,51.48941820,7.40230667,176.05,11.62,2.13,90.82,1,-68.00,-6.00,34.00,12.00,63.00,2.00,26385410,94,679,0.500002,12.18,10
690.08,1547616529,13657.59,51.48938866,7.40438872,178.41,10.96,0.32,90.93,1,-79.00,-9.00,13.00,11.00,62.00,2.00,26385410,94,690,0.550002,15.0507,11
700.08,1547616539,13780.97,51.48945552,7.40617241,180.73,13.24,0.14,81.34,1,-75.00,-6.00,11.00,8.00,63.00,1.00,26385408,95,700,0.500002,2.46736,10
711.07,1547616550,13931.92,51.48976182,7.40830751,178.85,14.63,0.17,78.25,1,-73.00,-4.00,30.00,12.00,62.00,1.00,26385408,95,711,0.550002,14.9581,10.99
721.07,1547616560,14080.09,51.49004092,7.41037938,170.37,14.27,-0.33,79.09,1,-79.00,-6.00,28.00,12.00,58.00,1.00,26385408,95,721,0.500002,6.93134,10
