18.02,1551966674,224.28,51.49068540,7.41585745,155.32,6.39,0.00,88.68,0,-82.00,-12.00,0.00,0.00,56.00,0.00,0,319
19.03,1551966675,230.68,51.49068370,7.41594292,155.33,5.55,0.00,90.46,0,-82.00,-12.00,0.00,0.00,56.00,0.00,0,319
20.03,1551966676,236.23,51.49067965,7.41601889,155.33,5.25,0.00,91.48,0,-86.00,-15.00,0.00,0.00,55.00,0.00,0,319
21.03,1551966677,241.47,51.49067546,7.41608459,155.37,4.33,0.00,92.64,0,-86.00,-15.00,0.00,0.00,55.00,0.00,0,319
22.03,1551966678,245.80,51.49067108,7.41613916,155.38,3.20,0.00,94.05,0,-85.00,-14.00,0.00,0.00,55.00,0.00,0,319
23.03,1551966679,249.01,51.49066353,7.41618486,155.39,2.89,0.00,94.93,0,-85.00,-14.00,0.00,0.00,55.00,0.00,0,319
24.03,1551966680,251.90,51.49065807,7.41623380,155.43,2.97,0.00,96.55,0,-86.00,-17.00,0.00,0.00,58.00,0.00,0,171
25.03,1551966681,254.87,51.49065208,7.41628587,155.46,3.77,0.00,98.04,0,-86.00,-17.00,0.00,0.00,58.00,0.00,0,171
26.02,1551966682,258.64,51.49064428,7.41635175,155.50,4.63,0.00,98.08,0,-88.00,-14.00,0.00,0.00,53.00,0.00,0,171
27.02,1551966683,263.27,51.49063385,7.41642291,155.62,5.45,0.00,98.78,0,-88.00,-14.00,0.00,0.00,53.00,0.00,0,171
31.02,1551966687,286.01,51.49057426,7.41679915,157.05,5.85,0.00,101.47,0,-90.00,-13.00,0.00,0.00,49.00,0.00,0,171
32.03,1551966688,291.86,51.49055794,7.41688531,157.39,5.45,0.00,103.18,0,-90.00,-13.00,0.00,0.00,49.00,0.00,0,171
33.02,1551966689,297.31,51.49054236,7.41696170,157.81,4.42,0.00,103.73,0,-87.00,-17.00,0.00,0.00,55.00,0.00,0,171
34.02,1551966690,301.73,51.49052885,7.41702912,158.09,4.60,0.00,103.33,0,-87.00,-17.00,0.00,0.00,55.00,0.00,0,171
41.03,1551966697,358.13,51.48999342,7.41739713,155.79,13.34,0.00,166.27,0,-95.00,-17.00,0.00,0.00,48.00,0.00,0,171
42.03,1551966698,371.48,51.48987162,7.41744400,155.00,14.30,0.00,164.88,0,-95.00,-17.00,0.00,0.00,48.00,0.00,0,171
43.03,1551966699,385.82,51.48975265,7.41749177,154.35,13.95,0.00,164.56,0,-97.00,-19.00,0.00,0.00,48.00,0.00,0,62
43.03,1551966699,385.83,51.48975265,7.41749177,154.35,13.95,0.00,164.56,0,-97.00,-18.00,0.00,0.00,47.00,0.00,0,171
44.03,1551966700,399.74,51.48963473,7.41754188,154.02,14.01,0.00,165.59,0,-97.00,-19.00,0.00,0.00,48.00,0.00,0,62
44.03,1551966700,399.75,51.48963473,7.41754188,154.02,14.01,0.00,165.59,0,-97.00,-18.00,0.00,0.00,47.00,0.00,0,171
49.03,1551966705,472.13,51.48898778,7.41774331,154.00,15.09,0.00,170.78,0,-90.00,-15.00,0.00,0.00,52.00,0.00,0,171
50.03,1551966706,487.13,51.48885051,7.41776537,153.91,15.40,0.00,173.04,0,-90.00,-15.00,0.00,0.00,52.00,0.00,0,171
51.02,1551966707,502.51,51.48870651,7.41777370,153.72,15.88,0.00,175.88,0,-90.00,-15.00,0.00,0.00,52.00,0.00,0,171
54.03,1551966710,550.34,51.48828420,7.41775856,152.11,15.92,0.00,180.68,0,-88.00,-14.00,0.00,0.00,52.00,0.00,0,171
55.02,1551966711,566.18,51.48813429,7.41774844,151.32,15.96,0.00,181.05,0,-88.00,-14.00,0.00,0.00,52.00,0.00,0,171
56.03,1551966712,582.22,51.48798726,7.41773825,150.55,16.27,0.00,180.54,0,-85.00,-11.00,0.00,0.00,52.00,0.00,0,171
57.02,1551966713,598.46,51.48783396,7.41773537,149.94,16.68,0.00,178.98,0,-85.00,-11.00,0.00,0.00,52.00,0.00,0,171
58.03,1551966714,615.19,51.48768706,7.41774656,149.62,16.56,0.00,176.86,0,-92.00,-13.00,0.00,0.00,47.00,0.00,0,171
58.03,1551966714,615.19,51.48768706,7.41774656,149.62,16.56,0.00,176.86,0,-97.00,-19.00,0.00,0.00,47.00,0.00,0,61
59.03,1551966715,631.74,51.48753869,7.41777241,149.55,16.02,0.00,173.22,0,-92.00,-13.00,0.00,0.00,47.00,0.00,0,171
59.03,1551966715,631.75,51.48753869,7.41777241,149.55,16.02,0.00,173.22,0,-97.00,-19.00,0.00,0.00,47.00,0.00,0,61
60.03,1551966716,647.76,51.48740565,7.41785354,149.39,15.55,0.00,158.20,0,-94.00,-13.00,0.00,0.00,45.00,0.00,0,171
61.02,1551966717,663.30,51.48727209,7.41795014,148.69,15.78,0.00,155.72,0,-94.00,-13.00,0.00,0.00,45.00,0.00,0,171
62.03,1551966718,679.11,51.48716351,7.41811001,147.85,15.63,0.00,136.28,0,-96.00,-14.00,0.00,0.00,44.00,0.00,0,171
62.03,1551966718,679.12,51.48716351,7.41811001,147.85,15.63,0.00,136.28,0,-101.00,-19.00,0.00,0.00,44.00,0.00,0,61
62.03,1551966718,679.12,51.48716351,7.41811001,147.85,15.63,0.00,136.28,0,-101.00,-19.00,0.00,0.00,44.00,0.00,0,146
63.03,1551966719,694.74,51.48705072,7.41827585,146.60,15.84,0.00,135.37,0,-96.00,-14.00,0.00,0.00,44.00,0.00,0,171
63.03,1551966719,694.75,51.48705072,7.41827585,146.60,15.84,0.00,135.37,0,-101.00,-19.00,0.00,0.00,44.00,0.00,0,61
63.03,1551966719,694.77,51.48705072,7.41827585,146.60,15.84,0.00,135.37,0,-101.00,-19.00,0.00,0.00,44.00,0.00,0,146
64.02,1551966720,710.54,51.48694216,7.41843780,145.04,15.17,0.00,136.13,0,-97.00,-13.00,0.00,0.00,41.00,0.00,0,171
65.03,1551966721,725.72,51.48684241,7.41858394,143.28,14.06,0.00,138.02,0,-97.00,-13.00,0.00,0.00,41.00,0.00,0,171
66.03,1551966722,739.78,51.48672770,7.41867770,141.03,13.79,0.00,154.76,0,-97.00,-13.00,0.00,0.00,43.00,0.00,0,171
67.03,1551966723,753.57,51.48661359,7.41875001,138.90,13.75,0.00,157.88,0,-97.00,-13.00,0.00,0.00,43.00,0.00,0,171
68.03,1551966724,767.32,51.48649477,7.41877018,137.24,13.78,0.00,173.84,0,-93.00,-15.00,0.00,0.00,49.00,0.00,0,171
69.03,1551966725,781.10,51.48637381,7.41877977,136.17,13.49,0.00,177.45,0,-93.00,-15.00,0.00,0.00,49.00,0.00,0,171
70.03,1551966726,794.61,51.48627160,7.41873604,135.49,12.84,0.00,193.75,0,-92.00,-13.00,0.00,0.00,48.00,0.00,0,171
70.03,1551966726,794.61,51.48627160,7.41873604,135.49,12.84,0.00,193.75,0,-96.00,-18.00,0.00,0.00,49.00,0.00,0,61
70.03,1551966726,794.62,51.48627160,7.41873604,135.49,12.84,0.00,193.75,0,-97.00,-19.00,0.00,0.00,48.00,0.00,0,146
71.03,1551966727,807.43,51.48616734,7.41868754,135.02,11.83,0.00,194.93,0,-92.00,-13.00,0.00,0.00,48.00,0.00,0,171
71.03,1551966727,807.44,51.48616734,7.41868754,135.02,11.83,0.00,194.93,0,-96.00,-18.00,0.00,0.00,49.00,0.00,0,61
71.03,1551966727,807.45,51.48616734,7.41868754,135.02,11.83,0.00,194.93,0,-97.00,-19.00,0.00,0.00,48.00,0.00,0,146
72.03,1551966728,819.37,51.48606514,7.41864079,134.95,11.25,0.00,195.53,0,-91.00,-11.00,0.00,0.00,45.00,0.00,0,171
72.04,1551966728,819.38,51.48606514,7.41864079,134.95,11.25,0.00,195.53,0,-95.00,-14.00,0.00,0.00,45.00,0.00,0,61
72.04,1551966728,819.39,51.48606514,7.41864079,134.95,11.25,0.00,195.53,0,-97.00,-16.00,0.00,0.00,45.00,0.00,0,146
73.03,1551966729,830.53,51.48596907,7.41859657,135.25,11.12,0.00,194.35,0,-91.00,-11.00,0.00,0.00,45.00,0.00,0,171
73.03,1551966729,830.53,51.48596907,7.41859657,135.25,11.12,0.00,194.35,0,-95.00,-14.00,0.00,0.00,45.00,0.00,0,61
73.03,1551966729,830.54,51.48596907,7.41859657,135.25,11.12,0.00,194.35,0,-97.00,-16.00,0.00,0.00,45.00,0.00,0,146
74.03,1551966730,841.64,51.48585932,7.41855986,135.90,11.64,0.00,191.04,0,-91.00,-11.00,0.00,0.00,45.00,0.00,0,171
74.03,1551966730,841.65,51.48585932,7.41855986,135.90,11.64,0.00,191.04,0,-95.00,-14.00,0.00,0.00,45.00,0.00,0,61
74.03,1551966730,841.65,51.48585932,7.41855986,135.90,11.64,0.00,191.04,0,-97.00,-16.00,0.00,0.00,45.00,0.00,0,146
75.03,1551966731,853.27,51.48574207,7.41856219,136.57,12.00,0.00,177.13,0,-95.00,-14.00,0.00,0.00,45.00,0.00,0,171
75.03,1551966731,853.28,51.48574207,7.41856219,136.57,12.00,0.00,177.13,0,-96.00,-16.00,0.00,0.00,46.00,0.00,0,61
75.03,1551966731,853.29,51.48574207,7.41856219,136.57,12.00,0.00,177.13,0,-98.00,-17.00,0.00,0.00,45.00,0.00,0,146
76.03,1551966732,865.29,51.48563214,7.41857167,136.99,11.94,0.00,175.07,0,-95.00,-14.00,0.00,0.00,45.00,0.00,0,171
76.03,1551966732,865.29,51.48563214,7.41857167,136.99,11.94,0.00,175.07,0,-96.00,-16.00,0.00,0.00,46.00,0.00,0,61
76.03,1551966732,865.30,51.48563214,7.41857167,136.99,11.94,0.00,175.07,0,-98.00,-17.00,0.00,0.00,45.00,0.00,0,146
77.03,1551966733,877.22,51.48552889,7.41859445,137.53,11.78,0.00,172.01,0,-97.00,-12.00,0.00,0.00,40.00,0.00,0,171
77.03,1551966733,877.23,51.48552889,7.41859445,137.53,11.78,0.00,172.01,0,-102.00,-16.00,0.00,0.00,40.00,0.00,0,146
77.03,1551966733,877.23,51.48552889,7.41859445,137.53,11.78,0.00,172.01,0,-102.00,-16.00,0.00,0.00,40.00,0.00,0,61
78.03,1551966734,889.01,51.48542748,7.41863034,138.01,11.85,0.00,168.67,0,-97.00,-12.00,0.00,0.00,40.00,0.00,0,171
78.03,1551966734,889.02,51.48542748,7.41863034,138.01,11.85,0.00,168.67,0,-102.00,-16.00,0.00,0.00,40.00,0.00,0,146
78.03,1551966734,889.02,51.48542748,7.41863034,138.01,11.85,0.00,168.67,0,-102.00,-16.00,0.00,0.00,40.00,0.00,0,61
79.03,1551966735,900.84,51.48532108,7.41867536,138.30,12.32,0.00,165.73,0,-95.00,-14.00,0.00,0.00,45.00,0.00,0,171
79.03,1551966735,900.84,51.48532108,7.41867536,138.30,12.32,0.00,165.73,0,-98.00,-19.00,0.00,0.00,46.00,0.00,0,61
80.03,1551966736,913.16,51.48522539,7.41873389,138.67,11.86,0.00,161.78,0,-95.00,-14.00,0.00,0.00,45.00,0.00,0,171
80.03,1551966736,913.16,51.48522539,7.41873389,138.67,11.86,0.00,161.78,0,-98.00,-19.00,0.00,0.00,46.00,0.00,0,61
81.02,1551966737,924.99,51.48512572,7.41880217,139.19,11.49,0.00,159.11,0,-86.00,-11.00,0.00,0.00,52.00,0.00,0,171
82.02,1551966738,936.50,51.48503681,7.41886526,139.48,10.79,0.00,158.49,0,-86.00,-11.00,0.00,0.00,52.00,0.00,0,171
83.03,1551966739,947.31,51.48494178,7.41892067,139.65,10.77,0.00,161.20,0,-79.00,-12.00,0.00,0.00,61.00,0.00,0,171
84.02,1551966740,958.06,51.48484409,7.41894264,140.01,11.50,0.00,174.72,0,-79.00,-12.00,0.00,0.00,61.00,0.00,0,171
85.03,1551966741,969.57,51.48474558,7.41895749,140.52,12.03,0.00,176.74,0,-82.00,-15.00,0.00,0.00,59.00,0.00,0,319
86.03,1551966742,981.62,51.48464706,7.41896486,141.44,12.56,0.00,179.90,0,-82.00,-15.00,0.00,0.00,59.00,0.00,0,319
87.03,1551966743,994.19,51.48455650,7.41892651,142.44,13.12,0.00,193.84,0,-96.00,-16.00,0.00,0.00,46.00,0.00,0,319
88.03,1551966744,1007.28,51.48444654,7.41887437,143.19,14.01,0.00,195.82,0,-96.00,-16.00,0.00,0.00,46.00,0.00,0,319
89.03,1551966745,1021.29,51.48431532,7.41880099,143.79,14.89,0.00,199.06,0,-86.00,-17.00,0.00,0.00,56.00,0.00,0,319
90.02,1551966746,1036.16,51.48418628,7.41870777,144.20,15.28,0.00,203.07,0,-86.00,-17.00,0.00,0.00,56.00,0.00,0,319
91.03,1551966747,1051.46,51.48405864,7.41859916,144.76,15.33,0.00,206.32,0,-93.00,-15.00,0.00,0.00,48.00,0.00,0,319
92.02,1551966748,1066.77,51.48393413,7.41847911,145.36,15.38,0.00,208.66,0,-93.00,-15.00,0.00,0.00,48.00,0.00,0,319
93.03,1551966749,1082.29,51.48381670,7.41835815,145.75,15.47,0.00,210.19,0,-103.00,-18.00,0.00,0.00,41.00,0.00,0,146
93.03,1551966749,1082.31,51.48381670,7.41835815,145.75,15.47,0.00,210.19,0,-103.00,-19.00,0.00,0.00,42.00,0.00,0,306
93.04,1551966749,1082.32,51.48381670,7.41835815,145.75,15.47,0.00,210.19,0,-104.00,-19.00,0.00,0.00,41.00,0.00,0,319
94.03,1551966750,1097.66,51.48370695,7.41824032,145.73,15.35,0.00,211.29,0,-103.00,-18.00,0.00,0.00,41.00,0.00,0,146
94.03,1551966750,1097.66,51.48370695,7.41824032,145.73,15.35,0.00,211.29,0,-103.00,-19.00,0.00,0.00,42.00,0.00,0,306
94.03,1551966750,1097.67,51.48370695,7.41824032,145.73,15.35,0.00,211.29,0,-104.00,-19.00,0.00,0.00,41.00,0.00,0,319
95.03,1551966751,1113.00,51.48359316,7.41811889,145.60,15.15,0.00,212.11,0,-103.00,-18.00,0.00,0.00,41.00,0.00,0,146
95.03,1551966751,1113.02,51.48359316,7.41811889,145.60,15.15,0.00,212.11,0,-103.00,-19.00,0.00,0.00,42.00,0.00,0,306
95.03,1551966751,1113.03,51.48359316,7.41811889,145.60,15.15,0.00,212.11,0,-104.00,-19.00,0.00,0.00,41.00,0.00,0,319
96.03,1551966752,1128.15,51.48348861,7.41799876,145.06,14.99,0.00,212.59,0,-101.00,-17.00,0.00,0.00,41.00,0.00,0,319
96.03,1551966752,1128.16,51.48348861,7.41799876,145.06,14.99,0.00,212.59,0,-104.00,-19.00,0.00,0.00,41.00,0.00,0,146
96.03,1551966752,1128.16,51.48348861,7.41799876,145.06,14.99,0.00,212.59,0,-104.00,-19.00,0.00,0.00,41.00,0.00,0,339
97.03,1551966753,1143.14,51.48338287,7.41787873,144.42,14.80,0.00,212.82,0,-101.00,-17.00,0.00,0.00,41.00,0.00,0,319
97.03,1551966753,1143.16,51.48338287,7.41787873,144.42,14.80,0.00,212.82,0,-104.00,-19.00,0.00,0.00,41.00,0.00,0,146
97.03,1551966753,1143.16,51.48338287,7.41787873,144.42,14.80,0.00,212.82,0,-104.00,-19.00,0.00,0.00,41.00,0.00,0,339
98.03,1551966754,1157.94,51.48327298,7.41775872,143.85,14.77,0.00,212.48,0,-100.00,-15.00,0.00,0.00,40.00,0.00,0,146
98.03,1551966754,1157.96,51.48327298,7.41775872,143.85,14.77,0.00,212.48,0,-101.00,-17.00,0.00,0.00,41.00,0.00,0,339
98.03,1551966754,1157.97,51.48327298,7.41775872,143.85,14.77,0.00,212.48,0,-225.00,-225.00,0.00,0.00,63.00,0.00,0,233
99.03,1551966755,1172.71,51.48315904,7.41764571,143.37,15.02,0.00,211.02,0,-100.00,-15.00,0.00,0.00,40.00,0.00,0,146
99.03,1551966755,1172.72,51.48315904,7.41764571,143.37,15.02,0.00,211.02,0,-101.00,-17.00,0.00,0.00,41.00,0.00,0,339
99.03,1551966755,1172.72,51.48315904,7.41764571,143.37,15.02,0.00,211.02,0,-225.00,-225.00,0.00,0.00,63.00,0.00,0,233
102.03,1551966758,1218.57,51.48279032,7.41734915,142.74,15.35,0.00,205.43,0,-104.00,-11.00,0.00,0.00,33.00,0.00,0,61
102.03,1551966758,1218.59,51.48279032,7.41734915,142.74,15.35,0.00,205.43,0,-107.00,-14.00,0.00,0.00,33.00,0.00,0,266
102.03,1551966758,1218.60,51.48279032,7.41734915,142.74,15.35,0.00,205.43,0,-110.00,-18.00,0.00,0.00,33.00,0.00,0,377
103.03,1551966759,1233.92,51.48265954,7.41725947,142.74,15.36,0.00,204.12,0,-104.00,-11.00,0.00,0.00,33.00,0.00,0,61
103.03,1551966759,1233.94,51.48265954,7.41725947,142.74,15.36,0.00,204.12,0,-107.00,-14.00,0.00,0.00,33.00,0.00,0,266
103.03,1551966759,1233.94,51.48265954,7.41725947,142.74,15.36,0.00,204.12,0,-110.00,-18.00,0.00,0.00,33.00,0.00,0,377
104.03,1551966760,1249.27,51.48253424,7.41717598,142.67,15.52,0.00,203.34,0,-103.00,-19.00,0.00,0.00,42.00,0.00,0,266
104.03,1551966760,1249.29,51.48253424,7.41717598,142.67,15.52,0.00,203.34,0,-104.00,-19.00,0.00,0.00,41.00,0.00,0,61
105.03,1551966761,1264.79,51.48240831,7.41710005,142.63,15.07,0.00,202.52,0,-103.00,-19.00,0.00,0.00,42.00,0.00,0,266
105.03,1551966761,1264.79,51.48240831,7.41710005,142.63,15.07,0.00,202.52,0,-104.00,-19.00,0.00,0.00,41.00,0.00,0,61
108.03,1551966764,1304.45,51.48210279,7.41694092,144.84,9.26,0.00,198.19,0,-101.00,-13.00,0.00,0.00,38.00,0.00,0,27
108.03,1551966764,1304.46,51.48210279,7.41694092,144.84,9.26,0.00,198.19,0,-103.00,-15.00,0.00,0.00,37.00,0.00,0,171
109.03,1551966765,1313.71,51.48202519,7.41690111,145.80,7.13,0.00,199.01,0,-101.00,-13.00,0.00,0.00,38.00,0.00,0,27
109.03,1551966765,1313.72,51.48202519,7.41690111,145.80,7.13,0.00,199.01,0,-103.00,-15.00,0.00,0.00,37.00,0.00,0,171
110.03,1551966766,1320.85,51.48196934,7.41687292,147.07,5.61,0.00,199.70,0,-100.00,-14.00,0.00,0.00,40.00,0.00,0,171
110.03,1551966766,1320.86,51.48196934,7.41687292,147.07,5.61,0.00,199.70,0,-101.00,-15.00,0.00,0.00,40.00,0.00,0,266
110.03,1551966766,1320.86,51.48196934,7.41687292,147.07,5.61,0.00,199.70,0,-103.00,-16.00,0.00,0.00,39.00,0.00,0,27
111.03,1551966767,1326.46,51.48192671,7.41684986,147.18,4.08,0.00,200.26,0,-100.00,-14.00,0.00,0.00,40.00,0.00,0,171
111.03,1551966767,1326.46,51.48192671,7.41684986,147.18,4.08,0.00,200.26,0,-101.00,-15.00,0.00,0.00,40.00,0.00,0,266
111.03,1551966767,1326.46,51.48192671,7.41684986,147.18,4.08,0.00,200.26,0,-103.00,-16.00,0.00,0.00,39.00,0.00,0,27
112.03,1551966768,1330.53,51.48188902,7.41682821,147.29,3.44,0.00,200.80,0,-98.00,-14.00,0.00,0.00,41.00,0.00,0,171
112.03,1551966768,1330.53,51.48188902,7.41682821,147.29,3.44,0.00,200.80,0,-102.00,-18.00,0.00,0.00,41.00,0.00,0,27
113.03,1551966769,1333.98,51.48185618,7.41680832,147.40,2.90,0.00,201.56,0,-98.00,-14.00,0.00,0.00,41.00,0.00,0,171
113.03,1551966769,1333.98,51.48185618,7.41680832,147.40,2.90,0.00,201.56,0,-102.00,-18.00,0.00,0.00,41.00,0.00,0,27
114.03,1551966770,1336.90,51.48182866,7.41678917,147.52,2.81,0.00,202.14,0,-96.00,-13.00,0.00,0.00,43.00,0.00,0,171
114.03,1551966770,1336.90,51.48182866,7.41678917,147.52,2.81,0.00,202.14,0,-98.00,-15.00,0.00,0.00,43.00,0.00,0,266
114.03,1551966770,1336.90,51.48182866,7.41678917,147.52,2.81,0.00,202.14,0,-100.00,-16.00,0.00,0.00,43.00,0.00,0,27
115.03,1551966771,1339.68,51.48180206,7.41677182,147.64,2.75,0.00,202.14,0,-96.00,-13.00,0.00,0.00,43.00,0.00,0,171
115.03,1551966771,1339.69,51.48180206,7.41677182,147.64,2.75,0.00,202.14,0,-98.00,-15.00,0.00,0.00,43.00,0.00,0,266
115.03,1551966771,1339.69,51.48180206,7.41677182,147.64,2.75,0.00,202.14,0,-100.00,-16.00,0.00,0.00,43.00,0.00,0,27
116.03,1551966772,1342.44,51.48177926,7.41675820,147.75,2.55,0.00,201.70,0,-96.00,-13.00,0.00,0.00,43.00,0.00,0,171
116.03,1551966772,1342.44,51.48177926,7.41675820,147.75,2.55,0.00,201.70,0,-98.00,-15.00,0.00,0.00,43.00,0.00,0,266
116.03,1551966772,1342.44,51.48177926,7.41675820,147.75,2.55,0.00,201.70,0,-100.00,-16.00,0.00,0.00,43.00,0.00,0,27
117.03,1551966773,1344.99,51.48175712,7.41674817,147.87,2.22,0.00,201.19,0,-98.00,-12.00,0.00,0.00,41.00,0.00,0,171
117.03,1551966773,1344.99,51.48175712,7.41674817,147.87,2.22,0.00,201.19,0,-100.00,-14.00,0.00,0.00,40.00,0.00,0,27
117.03,1551966773,1344.99,51.48175712,7.41674817,147.87,2.22,0.00,201.19,0,-101.00,-16.00,0.00,0.00,40.00,0.00,0,266
118.03,1551966774,1347.21,51.48173674,7.41673669,147.98,1.99,0.00,200.58,0,-98.00,-12.00,0.00,0.00,41.00,0.00,0,171
118.03,1551966774,1347.21,51.48173674,7.41673669,147.98,1.99,0.00,200.58,0,-100.00,-14.00,0.00,0.00,40.00,0.00,0,27
118.03,1551966774,1347.21,51.48173674,7.41673669,147.98,1.99,0.00,200.58,0,-101.00,-16.00,0.00,0.00,40.00,0.00,0,266
119.03,1551966775,1349.20,51.48171919,7.41672626,148.10,2.46,0.00,200.70,0,-98.00,-13.00,0.00,0.00,41.00,0.00,0,171
119.03,1551966775,1349.20,51.48171919,7.41672626,148.10,2.46,0.00,200.70,0,-100.00,-14.00,0.00,0.00,40.00,0.00,0,27
119.03,1551966775,1349.21,51.48171919,7.41672626,148.10,2.46,0.00,200.70,0,-100.00,-15.00,0.00,0.00,41.00,0.00,0,266
120.03,1551966776,1351.66,51.48169573,7.41671263,148.21,3.08,0.00,200.40,0,-98.00,-13.00,0.00,0.00,41.00,0.00,0,171
120.03,1551966776,1351.67,51.48169573,7.41671263,148.21,3.08,0.00,200.40,0,-100.00,-14.00,0.00,0.00,40.00,0.00,0,27
120.03,1551966776,1351.67,51.48169573,7.41671263,148.21,3.08,0.00,200.40,0,-100.00,-15.00,0.00,0.00,41.00,0.00,0,266
121.02,1551966777,1354.73,51.48166858,7.41669429,148.32,3.29,0.00,200.79,0,-95.00,-12.00,0.00,0.00,43.00,0.00,0,171
121.02,1551966777,1354.73,51.48166858,7.41669429,148.32,3.29,0.00,200.79,0,-100.00,-17.00,0.00,0.00,43.00,0.00,0,27
121.02,1551966777,1354.73,51.48166858,7.41669429,148.32,3.29,0.00,200.79,0,-100.00,-17.00,0.00,0.00,43.00,0.00,0,266
122.03,1551966778,1358.04,51.48164716,7.41668113,148.43,2.87,0.00,200.70,0,-95.00,-12.00,0.00,0.00,43.00,0.00,0,171
122.03,1551966778,1358.04,51.48164716,7.41668113,148.43,2.87,0.00,200.70,0,-100.00,-17.00,0.00,0.00,43.00,0.00,0,27
122.03,1551966778,1358.04,51.48164716,7.41668113,148.43,2.87,0.00,200.70,0,-100.00,-17.00,0.00,0.00,43.00,0.00,0,266
123.02,1551966779,1360.89,51.48163498,7.41667334,148.54,0.95,0.00,199.51,0,-96.00,-14.00,0.00,0.00,43.00,0.00,0,171
123.02,1551966779,1360.89,51.48163498,7.41667334,148.54,0.95,0.00,199.51,0,-98.00,-16.00,0.00,0.00,44.00,0.00,0,134
123.02,1551966779,1360.89,51.48163498,7.41667334,148.54,0.95,0.00,199.51,0,-101.00,-19.00,0.00,0.00,43.00,0.00,0,266
124.03,1551966780,1361.84,51.48163498,7.41667334,148.55,0.00,0.00,199.51,0,-96.00,-14.00,0.00,0.00,43.00,0.00,0,171
124.03,1551966780,1361.84,51.48163498,7.41667334,148.55,0.00,0.00,199.51,0,-98.00,-16.00,0.00,0.00,44.00,0.00,0,134
124.03,1551966780,1361.84,51.48163498,7.41667334,148.55,0.00,0.00,199.51,0,-101.00,-19.00,0.00,0.00,43.00,0.00,0,266
125.03,1551966781,1361.84,51.48163498,7.41667334,148.56,0.00,0.00,199.51,0,-96.00,-13.00,0.00,0.00,42.00,0.00,0,134
125.03,1551966781,1361.84,51.48163498,7.41667334,148.56,0.00,0.00,199.51,0,-98.00,-14.00,0.00,0.00,42.00,0.00,0,171
125.03,1551966781,1361.84,51.48163498,7.41667334,148.56,0.00,0.00,199.51,0,-101.00,-15.00,0.00,0.00,41.00,0.00,0,27
126.03,1551966782,1361.84,51.48163498,7.41667334,148.56,0.00,0.00,199.51,0,-96.00,-13.00,0.00,0.00,42.00,0.00,0,134
126.03,1551966782,1361.84,51.48163498,7.41667334,148.56,0.00,0.00,199.51,0,-98.00,-14.00,0.00,0.00,42.00,0.00,0,171
126.03,1551966782,1361.84,51.48163498,7.41667334,148.56,0.00,0.00,199.51,0,-101.00,-15.00,0.00,0.00,41.00,0.00,0,27
127.03,1551966783,1361.84,51.48163498,7.41667334,148.57,0.00,0.00,199.51,0,-95.00,-11.00,0.00,0.00,42.00,0.00,0,134
127.03,1551966783,1361.84,51.48163498,7.41667334,148.57,0.00,0.00,199.51,0,-98.00,-14.00,0.00,0.00,42.00,0.00,0,171
128.03,1551966784,1361.84,51.48163498,7.41667334,148.58,0.00,0.00,199.51,0,-95.00,-11.00,0.00,0.00,42.00,0.00,0,134
128.03,1551966784,1361.84,51.48163498,7.41667334,148.58,0.00,0.00,199.51,0,-98.00,-14.00,0.00,0.00,42.00,0.00,0,171
129.03,1551966785,1361.84,51.48163498,7.41667334,148.59,0.00,0.00,199.51,0,-94.00,-11.00,0.00,0.00,43.00,0.00,0,134
129.03,1551966785,1361.84,51.48163498,7.41667334,148.59,0.00,0.00,199.51,0,-96.00,-13.00,0.00,0.00,43.00,0.00,0,171
130.03,1551966786,1361.84,51.48163498,7.41667334,148.60,0.00,0.00,199.51,0,-94.00,-11.00,0.00,0.00,43.00,0.00,0,134
130.03,1551966786,1361.84,51.48163498,7.41667334,148.60,0.00,0.00,199.51,0,-96.00,-13.00,0.00,0.00,43.00,0.00,0,171
131.03,1551966787,1361.84,51.48163498,7.41667334,148.60,0.00,0.00,199.51,0,-97.00,-13.00,0.00,0.00,43.00,0.00,0,171
131.03,1551966787,1361.84,51.48163498,7.41667334,148.60,0.00,0.00,199.51,0,-99.00,-16.00,0.00,0.00,42.00,0.00,0,134
132.03,1551966788,1361.84,51.48163498,7.41667334,148.61,0.00,0.00,199.51,0,-97.00,-13.00,0.00,0.00,43.00,0.00,0,171
132.03,1551966788,1361.84,51.48163498,7.41667334,148.61,0.00,0.00,199.51,0,-99.00,-16.00,0.00,0.00,42.00,0.00,0,134
133.03,1551966789,1361.84,51.48163498,7.41667334,148.62,0.00,0.00,199.51,0,-95.00,-11.00,0.00,0.00,43.00,0.00,0,134
133.03,1551966789,1361.84,51.48163498,7.41667334,148.62,0.00,0.00,199.51,0,-96.00,-13.00,0.00,0.00,43.00,0.00,0,171
134.03,1551966790,1361.84,51.48163498,7.41667334,148.62,0.00,0.00,199.51,0,-95.00,-11.00,0.00,0.00,43.00,0.00,0,134
134.03,1551966790,1361.84,51.48163498,7.41667334,148.62,0.00,0.00,199.51,0,-96.00,-13.00,0.00,0.00,43.00,0.00,0,171
135.03,1551966791,1361.84,51.48163498,7.41667334,148.63,0.00,0.00,199.51,0,-93.00,-12.00,0.00,0.00,45.00,0.00,0,134
135.03,1551966791,1361.84,51.48163498,7.41667334,148.63,0.00,0.00,199.51,0,-97.00,-15.00,0.00,0.00,44.00,0.00,0,171
136.03,1551966792,1361.84,51.48163498,7.41667334,148.63,0.00,0.00,199.51,0,-93.00,-12.00,0.00,0.00,45.00,0.00,0,134
136.03,1551966792,1361.84,51.48163498,7.41667334,148.63,0.00,0.00,199.51,0,-97.00,-15.00,0.00,0.00,44.00,0.00,0,171
137.03,1551966793,1361.84,51.48163498,7.41667334,148.63,0.00,0.00,199.51,0,-93.00,-12.00,0.00,0.00,45.00,0.00,0,134
137.03,1551966793,1361.84,51.48163498,7.41667334,148.63,0.00,0.00,199.51,0,-97.00,-15.00,0.00,0.00,44.00,0.00,0,171
138.03,1551966794,1361.84,51.48163498,7.41667334,148.63,0.00,0.00,199.51,0,-96.00,-12.00,0.00,0.00,42.00,0.00,0,134
138.03,1551966794,1361.84,51.48163498,7.41667334,148.63,0.00,0.00,199.51,0,-97.00,-14.00,0.00,0.00,42.00,0.00,0,171
139.03,1551966795,1361.84,51.48163498,7.41667334,148.63,0.00,0.00,199.51,0,-96.00,-12.00,0.00,0.00,42.00,0.00,0,134
139.03,1551966795,1361.84,51.48163498,7.41667334,148.63,0.00,0.00,199.51,0,-97.00,-14.00,0.00,0.00,42.00,0.00,0,171
140.03,1551966796,1361.84,51.48163498,7.41667333,148.63,0.00,0.00,199.51,0,-95.00,-11.00,0.00,0.00,41.00,0.00,0,171
140.03,1551966796,1361.84,51.48163498,7.41667333,148.63,0.00,0.00,199.51,0,-97.00,-12.00,0.00,0.00,41.00,0.00,0,134
141.02,1551966797,1361.84,51.48163680,7.41667485,148.63,0.00,0.00,199.51,0,-95.00,-11.00,0.00,0.00,41.00,0.00,0,171
141.02,1551966797,1361.84,51.48163680,7.41667485,148.63,0.00,0.00,199.51,0,-97.00,-12.00,0.00,0.00,41.00,0.00,0,134
142.03,1551966798,1361.84,51.48163927,7.41667595,148.63,0.00,0.00,199.51,0,-96.00,-13.00,0.00,0.00,43.00,0.00,0,134
142.03,1551966798,1361.84,51.48163927,7.41667595,148.63,0.00,0.00,199.51,0,-97.00,-14.00,0.00,0.00,43.00,0.00,0,171
143.03,1551966799,1361.84,51.48164442,7.41667523,148.67,0.00,0.00,199.51,0,-96.00,-13.00,0.00,0.00,43.00,0.00,0,134
143.03,1551966799,1361.84,51.48164442,7.41667523,148.67,0.00,0.00,199.51,0,-97.00,-14.00,0.00,0.00,43.00,0.00,0,171
144.03,1551966800,1361.84,51.48164739,7.41667766,148.71,0.00,0.00,199.51,0,-95.00,-11.00,0.00,0.00,43.00,0.00,0,134
144.03,1551966800,1361.84,51.48164739,7.41667766,148.71,0.00,0.00,199.51,0,-96.00,-13.00,0.00,0.00,43.00,0.00,0,171
145.03,1551966801,1361.84,51.48164875,7.41668013,148.82,0.00,0.00,199.51,0,-95.00,-11.00,0.00,0.00,43.00,0.00,0,134
145.03,1551966801,1361.84,51.48164875,7.41668013,148.82,0.00,0.00,199.51,0,-96.00,-13.00,0.00,0.00,43.00,0.00,0,171
146.03,1551966802,1361.84,51.48165150,7.41668347,148.83,0.00,0.00,199.51,0,-95.00,-14.00,0.00,0.00,45.00,0.00,0,134
146.03,1551966802,1361.84,51.48165150,7.41668347,148.83,0.00,0.00,199.51,0,-97.00,-16.00,0.00,0.00,45.00,0.00,0,171
147.03,1551966803,1361.84,51.48165429,7.41668551,148.85,0.00,0.00,199.51,0,-95.00,-14.00,0.00,0.00,45.00,0.00,0,134
147.03,1551966803,1361.84,51.48165429,7.41668551,148.85,0.00,0.00,199.51,0,-97.00,-16.00,0.00,0.00,45.00,0.00,0,171
148.03,1551966804,1361.84,51.48165703,7.41668767,148.93,0.00,0.00,199.51,0,-94.00,-10.00,0.00,0.00,42.00,0.00,0,134
148.03,1551966804,1361.84,51.48165703,7.41668767,148.93,0.00,0.00,199.51,0,-97.00,-13.00,0.00,0.00,42.00,0.00,0,171
149.03,1551966805,1361.84,51.48165957,7.41669082,149.01,0.00,0.00,199.51,0,-94.00,-10.00,0.00,0.00,42.00,0.00,0,134
149.03,1551966805,1361.84,51.48165957,7.41669082,149.01,0.00,0.00,199.51,0,-97.00,-13.00,0.00,0.00,42.00,0.00,0,171
150.03,1551966806,1361.84,51.48166291,7.41669226,149.08,0.00,0.00,199.51,0,-95.00,-11.00,0.00,0.00,42.00,0.00,0,134
150.03,1551966806,1361.84,51.48166291,7.41669226,149.08,0.00,0.00,199.51,0,-97.00,-13.00,0.00,0.00,42.00,0.00,0,171
151.03,1551966807,1361.84,51.48166542,7.41669430,149.12,0.00,0.00,46.33,0,-95.00,-11.00,0.00,0.00,42.00,0.00,0,134
151.03,1551966807,1361.84,51.48166542,7.41669430,149.12,0.00,0.00,46.33,0,-97.00,-13.00,0.00,0.00,42.00,0.00,0,171
152.03,1551966808,1361.84,51.48166565,7.41669363,149.12,0.00,0.00,46.33,0,-94.00,-10.00,0.00,0.00,43.00,0.00,0,134
152.03,1551966808,1361.84,51.48166565,7.41669363,149.12,0.00,0.00,46.33,0,-95.00,-12.00,0.00,0.00,43.00,0.00,0,171
153.03,1551966809,1361.84,51.48166373,7.41669098,149.13,0.00,0.00,46.33,0,-94.00,-10.00,0.00,0.00,43.00,0.00,0,134
153.03,1551966809,1361.84,51.48166373,7.41669098,149.13,0.00,0.00,46.33,0,-95.00,-12.00,0.00,0.00,43.00,0.00,0,171
154.03,1551966810,1361.84,51.48166230,7.41668978,149.13,0.00,0.00,46.33,0,-98.00,-15.00,0.00,0.00,43.00,0.00,0,134
154.03,1551966810,1361.84,51.48166230,7.41668978,149.13,0.00,0.00,46.33,0,-98.00,-15.00,0.00,0.00,43.00,0.00,0,171
155.03,1551966811,1361.84,51.48166393,7.41669120,149.23,0.00,0.00,24.29,0,-98.00,-15.00,0.00,0.00,43.00,0.00,0,134
155.03,1551966811,1361.84,51.48166393,7.41669120,149.23,0.00,0.00,24.29,0,-98.00,-15.00,0.00,0.00,43.00,0.00,0,171
156.03,1551966812,1361.84,51.48166603,7.41669127,149.27,0.00,0.00,24.29,0,-97.00,-13.00,0.00,0.00,42.00,0.00,0,134
156.03,1551966812,1361.84,51.48166603,7.41669127,149.27,0.00,0.00,24.29,0,-99.00,-14.00,0.00,0.00,42.00,0.00,0,171
157.03,1551966813,1361.84,51.48166502,7.41669044,149.30,0.00,0.00,24.29,0,-97.00,-13.00,0.00,0.00,42.00,0.00,0,134
157.03,1551966813,1361.84,51.48166502,7.41669044,149.30,0.00,0.00,24.29,0,-99.00,-14.00,0.00,0.00,42.00,0.00,0,171
158.03,1551966814,1361.84,51.48165916,7.41668951,149.35,0.00,0.00,185.69,0,-97.00,-13.00,0.00,0.00,42.00,0.00,0,134
158.03,1551966814,1361.84,51.48165916,7.41668951,149.35,0.00,0.00,185.69,0,-99.00,-14.00,0.00,0.00,42.00,0.00,0,171
159.03,1551966815,1361.84,51.48165706,7.41668817,149.35,0.00,0.00,185.69,0,-94.00,-14.00,0.00,0.00,44.00,0.00,0,134
159.03,1551966815,1361.84,51.48165706,7.41668817,149.35,0.00,0.00,185.69,0,-97.00,-15.00,0.00,0.00,44.00,0.00,0,171
160.03,1551966816,1361.84,51.48165361,7.41668557,149.40,0.00,0.00,185.69,0,-94.00,-14.00,0.00,0.00,44.00,0.00,0,134
160.03,1551966816,1361.84,51.48165361,7.41668557,149.40,0.00,0.00,185.69,0,-97.00,-15.00,0.00,0.00,44.00,0.00,0,171
161.03,1551966817,1361.84,51.48164933,7.41668196,149.48,0.00,0.00,185.69,0,-95.00,-13.00,0.00,0.00,43.00,0.00,0,134
161.03,1551966817,1361.84,51.48164933,7.41668196,149.48,0.00,0.00,185.69,0,-97.00,-14.00,0.00,0.00,43.00,0.00,0,171
162.03,1551966818,1361.84,51.48164548,7.41667949,149.49,0.00,0.00,185.69,0,-95.00,-13.00,0.00,0.00,43.00,0.00,0,134
162.03,1551966818,1361.84,51.48164548,7.41667949,149.49,0.00,0.00,185.69,0,-97.00,-14.00,0.00,0.00,43.00,0.00,0,171
163.03,1551966819,1361.84,51.48164230,7.41667959,149.49,0.00,0.00,185.69,0,-97.00,-14.00,0.00,0.00,43.00,0.00,0,134
163.03,1551966819,1361.84,51.48164230,7.41667959,149.49,0.00,0.00,185.69,0,-98.00,-15.00,0.00,0.00,42.00,0.00,0,171
164.03,1551966820,1361.84,51.48164042,7.41668122,149.58,0.00,0.00,185.69,0,-97.00,-14.00,0.00,0.00,43.00,0.00,0,134
164.03,1551966820,1361.84,51.48164042,7.41668122,149.58,0.00,0.00,185.69,0,-98.00,-15.00,0.00,0.00,42.00,0.00,0,171
165.03,1551966821,1361.84,51.48164404,7.41668223,149.62,0.00,0.00,6.44,0,-95.00,-12.00,0.00,0.00,43.00,0.00,0,134
165.03,1551966821,1361.84,51.48164404,7.41668223,149.62,0.00,0.00,6.44,0,-96.00,-14.00,0.00,0.00,43.00,0.00,0,171
165.03,1551966821,1361.84,51.48164404,7.41668223,149.62,0.00,0.00,6.44,0,-99.00,-16.00,0.00,0.00,42.00,0.00,0,27
166.03,1551966822,1361.84,51.48164373,7.41668441,149.68,0.00,0.00,6.44,0,-95.00,-12.00,0.00,0.00,43.00,0.00,0,134
166.03,1551966822,1361.84,51.48164373,7.41668441,149.68,0.00,0.00,6.44,0,-96.00,-14.00,0.00,0.00,43.00,0.00,0,171
166.03,1551966822,1361.84,51.48164373,7.41668441,149.68,0.00,0.00,6.44,0,-99.00,-16.00,0.00,0.00,42.00,0.00,0,27
167.03,1551966823,1361.84,51.48164535,7.41668389,149.70,0.00,0.00,6.44,0,-95.00,-12.00,0.00,0.00,43.00,0.00,0,134
167.03,1551966823,1361.84,51.48164535,7.41668389,149.70,0.00,0.00,6.44,0,-97.00,-14.00,0.00,0.00,43.00,0.00,0,171
168.03,1551966824,1361.84,51.48164585,7.41668348,149.70,0.00,0.00,6.44,0,-95.00,-12.00,0.00,0.00,43.00,0.00,0,134
168.03,1551966824,1361.84,51.48164585,7.41668348,149.70,0.00,0.00,6.44,0,-97.00,-14.00,0.00,0.00,43.00,0.00,0,171
169.03,1551966825,1361.84,51.48164665,7.41668220,149.71,0.00,0.00,6.44,0,-97.00,-13.00,0.00,0.00,43.00,0.00,0,171
169.03,1551966825,1361.84,51.48164665,7.41668220,149.71,0.00,0.00,6.44,0,-97.00,-15.00,0.00,0.00,43.00,0.00,0,134
170.03,1551966826,1361.84,51.48164815,7.41668227,149.71,0.00,0.00,6.44,0,-97.00,-13.00,0.00,0.00,43.00,0.00,0,171
170.03,1551966826,1361.84,51.48164815,7.41668227,149.71,0.00,0.00,6.44,0,-97.00,-15.00,0.00,0.00,43.00,0.00,0,134
171.03,1551966827,1361.84,51.48165046,7.41668295,149.72,0.00,0.00,6.44,0,-97.00,-15.00,0.00,0.00,44.00,0.00,0,134
171.03,1551966827,1361.84,51.48165046,7.41668295,149.72,0.00,0.00,6.44,0,-98.00,-15.00,0.00,0.00,44.00,0.00,0,171
172.03,1551966828,1361.84,51.48164756,7.41668480,149.77,0.00,0.00,165.23,0,-97.00,-15.00,0.00,0.00,44.00,0.00,0,134
172.03,1551966828,1361.84,51.48164756,7.41668480,149.77,0.00,0.00,165.23,0,-98.00,-15.00,0.00,0.00,44.00,0.00,0,171
173.03,1551966829,1361.84,51.48164804,7.41668573,149.84,0.00,0.00,24.44,0,-98.00,-13.00,0.00,0.00,42.00,0.00,0,171
174.02,1551966830,1361.84,51.48164348,7.41668462,149.85,0.00,0.00,24.44,0,-98.00,-13.00,0.00,0.00,42.00,0.00,0,171
175.03,1551966831,1361.84,51.48161958,7.41667328,149.94,0.00,0.00,197.78,0,-95.00,-13.00,0.00,0.00,45.00,0.00,0,171
175.03,1551966831,1361.84,51.48161958,7.41667328,149.94,0.00,0.00,197.78,0,-99.00,-16.00,0.00,0.00,44.00,0.00,0,27
175.03,1551966831,1361.84,51.48161958,7.41667328,149.94,0.00,0.00,197.78,0,-100.00,-18.00,0.00,0.00,45.00,0.00,0,134
176.03,1551966832,1361.84,51.48158767,7.41665436,150.01,0.00,0.00,201.48,0,-95.00,-13.00,0.00,0.00,45.00,0.00,0,171
176.03,1551966832,1361.84,51.48158767,7.41665436,150.01,0.00,0.00,201.48,0,-99.00,-16.00,0.00,0.00,44.00,0.00,0,27
176.03,1551966832,1361.84,51.48158767,7.41665436,150.01,0.00,0.00,201.48,0,-100.00,-18.00,0.00,0.00,45.00,0.00,0,134
177.03,1551966833,1361.85,51.48156408,7.41664136,150.07,1.45,0.00,200.64,0,-97.00,-12.00,0.00,0.00,41.00,0.00,0,171
177.03,1551966833,1361.85,51.48156408,7.41664136,150.07,1.45,0.00,200.64,0,-100.00,-14.00,0.00,0.00,41.00,0.00,0,27
177.03,1551966833,1361.85,51.48156408,7.41664136,150.07,1.45,0.00,200.64,0,-102.00,-16.00,0.00,0.00,41.00,0.00,0,306
178.03,1551966834,1363.29,51.48153971,7.41662945,150.13,2.11,0.00,199.26,0,-97.00,-12.00,0.00,0.00,41.00,0.00,0,171
178.03,1551966834,1363.30,51.48153971,7.41662945,150.13,2.11,0.00,199.26,0,-100.00,-14.00,0.00,0.00,41.00,0.00,0,27
178.03,1551966834,1363.30,51.48153971,7.41662945,150.13,2.11,0.00,199.26,0,-102.00,-16.00,0.00,0.00,41.00,0.00,0,306
179.03,1551966835,1365.41,51.48153411,7.41662341,150.17,2.13,0.00,198.43,0,-97.00,-12.00,0.00,0.00,41.00,0.00,0,171
179.03,1551966835,1365.41,51.48153411,7.41662341,150.17,2.13,0.00,198.43,0,-100.00,-14.00,0.00,0.00,41.00,0.00,0,27
179.03,1551966835,1365.41,51.48153411,7.41662341,150.17,2.13,0.00,198.43,0,-102.00,-16.00,0.00,0.00,41.00,0.00,0,306
182.03,1551966838,1369.65,51.48153054,7.41662345,150.19,0.50,0.00,184.82,0,-95.00,-13.00,0.00,0.00,43.00,0.00,0,27
182.03,1551966838,1369.65,51.48153054,7.41662345,150.19,0.50,0.00,184.82,0,-96.00,-15.00,0.00,0.00,44.00,0.00,0,134
182.03,1551966838,1369.65,51.48153054,7.41662345,150.19,0.50,0.00,184.82,0,-99.00,-18.00,0.00,0.00,44.00,0.00,0,171
183.03,1551966839,1370.15,51.48152836,7.41662241,150.17,0.00,0.00,184.82,0,-95.00,-13.00,0.00,0.00,43.00,0.00,0,27
183.03,1551966839,1370.15,51.48152836,7.41662241,150.17,0.00,0.00,184.82,0,-96.00,-15.00,0.00,0.00,44.00,0.00,0,134
183.03,1551966839,1370.15,51.48152836,7.41662241,150.17,0.00,0.00,184.82,0,-99.00,-18.00,0.00,0.00,44.00,0.00,0,171
184.03,1551966840,1370.15,51.48151091,7.41661629,150.15,0.00,0.00,193.26,0,-93.00,-12.00,0.00,0.00,45.00,0.00,0,134
184.03,1551966840,1370.15,51.48151091,7.41661629,150.15,0.00,0.00,193.26,0,-94.00,-13.00,0.00,0.00,44.00,0.00,0,27
184.03,1551966840,1370.15,51.48151091,7.41661629,150.15,0.00,0.00,193.26,0,-99.00,-18.00,0.00,0.00,45.00,0.00,0,171
185.03,1551966841,1370.15,51.48149102,7.41661125,150.13,0.00,0.00,190.92,0,-93.00,-12.00,0.00,0.00,45.00,0.00,0,134
185.03,1551966841,1370.15,51.48149102,7.41661125,150.13,0.00,0.00,190.92,0,-94.00,-13.00,0.00,0.00,44.00,0.00,0,27
185.03,1551966841,1370.15,51.48149102,7.41661125,150.13,0.00,0.00,190.92,0,-99.00,-18.00,0.00,0.00,45.00,0.00,0,171
186.03,1551966842,1370.15,51.48146767,7.41661810,150.09,1.27,0.00,168.91,0,-93.00,-14.00,0.00,0.00,47.00,0.00,0,27
186.03,1551966842,1370.15,51.48146767,7.41661810,150.09,1.27,0.00,168.91,0,-96.00,-17.00,0.00,0.00,46.00,0.00,0,171
186.03,1551966842,1370.15,51.48146767,7.41661810,150.09,1.27,0.00,168.91,0,-96.00,-17.00,0.00,0.00,46.00,0.00,0,134
187.03,1551966843,1371.42,51.48144336,7.41664234,149.77,2.53,0.00,153.35,0,-93.00,-14.00,0.00,0.00,47.00,0.00,0,27
187.03,1551966843,1371.42,51.48144336,7.41664234,149.77,2.53,0.00,153.35,0,-96.00,-17.00,0.00,0.00,46.00,0.00,0,171
187.03,1551966843,1371.43,51.48144336,7.41664234,149.77,2.53,0.00,153.35,0,-96.00,-17.00,0.00,0.00,46.00,0.00,0,134
188.03,1551966844,1373.95,51.48140955,7.41671474,149.72,3.88,0.00,129.58,0,-93.00,-10.00,0.00,0.00,43.00,0.00,0,146
188.03,1551966844,1373.95,51.48140955,7.41671474,149.72,3.88,0.00,129.58,0,-91.00,-13.00,0.00,0.00,51.00,0.00,0,137
189.03,1551966845,1377.83,51.48139487,7.41683087,149.47,5.23,0.00,99.34,0,-93.00,-10.00,0.00,0.00,43.00,0.00,0,146
189.03,1551966845,1377.83,51.48139487,7.41683087,149.47,5.23,0.00,99.34,0,-91.00,-13.00,0.00,0.00,51.00,0.00,0,137
190.03,1551966846,1383.06,51.48139449,7.41698969,149.14,6.51,0.00,86.46,0,-90.00,-10.00,0.00,0.00,45.00,0.00,0,171
190.03,1551966846,1383.07,51.48139449,7.41698969,149.14,6.51,0.00,86.46,0,-94.00,-16.00,0.00,0.00,50.00,0.00,0,137
191.03,1551966847,1389.59,51.48140945,7.41714750,149.19,12.10,0.00,83.12,0,-90.00,-10.00,0.00,0.00,45.00,0.00,0,171
191.03,1551966847,1389.61,51.48140945,7.41714750,149.19,12.10,0.00,83.12,0,-94.00,-16.00,0.00,0.00,50.00,0.00,0,137
192.03,1551966848,1401.68,51.48142789,7.41733985,149.39,12.97,0.00,82.65,0,-94.00,-12.00,0.00,0.00,43.00,0.00,0,171
192.03,1551966848,1401.68,51.48142789,7.41733985,149.39,12.97,0.00,82.65,0,-92.00,-14.00,0.00,0.00,51.00,0.00,0,274
193.03,1551966849,1414.65,51.48145179,7.41754810,150.20,14.01,0.00,81.86,0,-94.00,-12.00,0.00,0.00,43.00,0.00,0,171
193.03,1551966849,1414.65,51.48145179,7.41754810,150.20,14.01,0.00,81.86,0,-92.00,-14.00,0.00,0.00,51.00,0.00,0,274
194.03,1551966850,1428.70,51.48147648,7.41775111,150.89,14.88,0.00,81.83,0,-93.00,-14.00,0.00,0.00,47.00,0.00,0,171
194.03,1551966850,1428.71,51.48147648,7.41775111,150.89,14.88,0.00,81.83,0,-94.00,-15.00,0.00,0.00,47.00,0.00,0,61
194.03,1551966850,1428.71,51.48147648,7.41775111,150.89,14.88,0.00,81.83,0,-95.00,-16.00,0.00,0.00,46.00,0.00,0,134
194.03,1551966850,1428.73,51.48147648,7.41775111,150.89,14.88,0.00,81.83,0,-86.00,-10.00,0.00,0.00,53.00,0.00,0,274
194.03,1551966850,1428.74,51.48147648,7.41775111,150.89,14.88,0.00,81.83,0,-89.00,-11.00,0.00,0.00,52.00,0.00,0,137
195.03,1551966851,1443.59,51.48149777,7.41796575,151.17,15.08,0.00,82.40,0,-93.00,-14.00,0.00,0.00,47.00,0.00,0,171
195.03,1551966851,1443.59,51.48149777,7.41796575,151.17,15.08,0.00,82.40,0,-94.00,-15.00,0.00,0.00,47.00,0.00,0,61
195.03,1551966851,1443.61,51.48149777,7.41796575,151.17,15.08,0.00,82.40,0,-95.00,-16.00,0.00,0.00,46.00,0.00,0,134
195.03,1551966851,1443.62,51.48149777,7.41796575,151.17,15.08,0.00,82.40,0,-86.00,-10.00,0.00,0.00,53.00,0.00,0,274
195.03,1551966851,1443.62,51.48149777,7.41796575,151.17,15.08,0.00,82.40,0,-89.00,-11.00,0.00,0.00,52.00,0.00,0,137
196.03,1551966852,1458.64,51.48152032,7.41819195,151.37,15.20,0.00,82.08,0,-89.00,-9.00,0.00,0.00,46.00,0.00,0,171
196.03,1551966852,1458.66,51.48152032,7.41819195,151.37,15.20,0.00,82.08,0,-95.00,-14.00,0.00,0.00,45.00,0.00,0,61
196.03,1551966852,1458.67,51.48152032,7.41819195,151.37,15.20,0.00,82.08,0,-87.00,-9.00,0.00,0.00,51.00,0.00,0,274
196.03,1551966852,1458.67,51.48152032,7.41819195,151.37,15.20,0.00,82.08,0,-93.00,-13.00,0.00,0.00,49.00,0.00,0,137
197.03,1551966853,1473.84,51.48153687,7.41842122,151.24,15.39,0.00,83.08,0,-89.00,-9.00,0.00,0.00,46.00,0.00,0,171
197.03,1551966853,1473.86,51.48153687,7.41842122,151.24,15.39,0.00,83.08,0,-95.00,-14.00,0.00,0.00,45.00,0.00,0,61
197.03,1551966853,1473.87,51.48153687,7.41842122,151.24,15.39,0.00,83.08,0,-87.00,-9.00,0.00,0.00,51.00,0.00,0,274
197.03,1551966853,1473.87,51.48153687,7.41842122,151.24,15.39,0.00,83.08,0,-93.00,-13.00,0.00,0.00,49.00,0.00,0,137
198.03,1551966854,1489.33,51.48155404,7.41864860,151.28,15.43,0.00,83.70,0,-94.00,-14.00,0.00,0.00,45.00,0.00,0,61
198.03,1551966854,1489.34,51.48155404,7.41864860,151.28,15.43,0.00,83.70,0,-82.00,-9.00,0.00,0.00,56.00,0.00,0,274
199.03,1551966855,1504.65,51.48156712,7.41885936,151.03,15.52,0.00,84.36,0,-94.00,-14.00,0.00,0.00,45.00,0.00,0,61
199.03,1551966855,1504.67,51.48156712,7.41885936,151.03,15.52,0.00,84.36,0,-82.00,-9.00,0.00,0.00,56.00,0.00,0,274
200.03,1551966856,1520.17,51.48158159,7.41907440,151.05,15.73,0.00,84.83,0,-94.00,-14.00,0.00,0.00,45.00,0.00,0,61
200.03,1551966856,1520.19,51.48158159,7.41907440,151.05,15.73,0.00,84.83,0,-82.00,-9.00,0.00,0.00,56.00,0.00,0,274
201.04,1551966857,1536.07,51.48159389,7.41931199,150.58,15.95,0.00,85.02,0,-90.00,-14.00,0.00,0.00,49.00,0.00,0,171
201.04,1551966857,1536.07,51.48159389,7.41931199,150.58,15.95,0.00,85.02,0,-91.00,-14.00,0.00,0.00,49.00,0.00,0,134
201.04,1551966857,1536.09,51.48159389,7.41931199,150.58,15.95,0.00,85.02,0,-94.00,-17.00,0.00,0.00,49.00,0.00,0,339
201.04,1551966857,1536.09,51.48159389,7.41931199,150.58,15.95,0.00,85.02,0,-85.00,-9.00,0.00,0.00,53.00,0.00,0,274
202.03,1551966858,1551.86,51.48160711,7.41955323,150.02,15.97,0.00,84.24,0,-90.00,-14.00,0.00,0.00,49.00,0.00,0,171
202.03,1551966858,1551.88,51.48160711,7.41955323,150.02,15.97,0.00,84.24,0,-91.00,-14.00,0.00,0.00,49.00,0.00,0,134
202.03,1551966858,1551.88,51.48160711,7.41955323,150.02,15.97,0.00,84.24,0,-94.00,-17.00,0.00,0.00,49.00,0.00,0,339
202.03,1551966858,1551.89,51.48160711,7.41955323,150.02,15.97,0.00,84.24,0,-85.00,-9.00,0.00,0.00,53.00,0.00,0,274
203.03,1551966859,1567.82,51.48161533,7.41977556,148.97,16.02,0.00,84.66,0,-96.00,-14.00,0.00,0.00,44.00,0.00,0,27
204.02,1551966860,1583.82,51.48162678,7.42000149,147.39,16.13,0.00,84.22,0,-96.00,-14.00,0.00,0.00,44.00,0.00,0,27
205.03,1551966861,1600.00,51.48163524,7.42022143,145.52,16.06,0.00,84.66,0,-94.00,-13.00,0.00,0.00,45.00,0.00,0,61
205.03,1551966861,1600.01,51.48163524,7.42022143,145.52,16.06,0.00,84.66,0,-95.00,-15.00,0.00,0.00,45.00,0.00,0,171
205.03,1551966861,1600.03,51.48163524,7.42022143,145.52,16.06,0.00,84.66,0,-96.00,-16.00,0.00,0.00,45.00,0.00,0,27
205.03,1551966861,1600.03,51.48163524,7.42022143,145.52,16.06,0.00,84.66,0,-90.00,-12.00,0.00,0.00,51.00,0.00,0,136
205.03,1551966861,1600.05,51.48163524,7.42022143,145.52,16.06,0.00,84.66,0,-93.00,-14.00,0.00,0.00,50.00,0.00,0,274
206.03,1551966862,1616.05,51.48164200,7.42044947,144.46,16.31,0.00,84.81,0,-94.00,-13.00,0.00,0.00,45.00,0.00,0,61
206.03,1551966862,1616.07,51.48164200,7.42044947,144.46,16.31,0.00,84.81,0,-95.00,-15.00,0.00,0.00,45.00,0.00,0,171
206.03,1551966862,1616.09,51.48164200,7.42044947,144.46,16.31,0.00,84.81,0,-96.00,-16.00,0.00,0.00,45.00,0.00,0,27
206.03,1551966862,1616.09,51.48164200,7.42044947,144.46,16.31,0.00,84.81,0,-90.00,-12.00,0.00,0.00,51.00,0.00,0,136
206.03,1551966862,1616.10,51.48164200,7.42044947,144.46,16.31,0.00,84.81,0,-93.00,-14.00,0.00,0.00,50.00,0.00,0,274
207.03,1551966863,1632.35,51.48165383,7.42067290,143.47,16.32,0.00,84.11,0,-96.00,-14.00,0.00,0.00,43.00,0.00,0,339
207.03,1551966863,1632.35,51.48165383,7.42067290,143.47,16.32,0.00,84.11,0,-98.00,-16.00,0.00,0.00,43.00,0.00,0,27
207.03,1551966863,1632.36,51.48165383,7.42067290,143.47,16.32,0.00,84.11,0,-99.00,-17.00,0.00,0.00,43.00,0.00,0,171
208.03,1551966864,1648.66,51.48167043,7.42090543,143.11,16.66,0.00,82.76,0,-96.00,-14.00,0.00,0.00,43.00,0.00,0,339
208.03,1551966864,1648.68,51.48167043,7.42090543,143.11,16.66,0.00,82.76,0,-98.00,-16.00,0.00,0.00,43.00,0.00,0,27
208.03,1551966864,1648.70,51.48167043,7.42090543,143.11,16.66,0.00,82.76,0,-99.00,-17.00,0.00,0.00,43.00,0.00,0,171
209.03,1551966865,1665.31,51.48169326,7.42115505,142.83,16.83,0.00,81.30,0,-93.00,-13.00,0.00,0.00,49.00,0.00,0,137
209.03,1551966865,1665.32,51.48169326,7.42115505,142.83,16.83,0.00,81.30,0,-95.00,-15.00,0.00,0.00,48.00,0.00,0,386
210.03,1551966866,1682.16,51.48172119,7.42139442,142.48,16.88,0.00,80.04,0,-93.00,-13.00,0.00,0.00,49.00,0.00,0,137
210.03,1551966866,1682.16,51.48172119,7.42139442,142.48,16.88,0.00,80.04,0,-95.00,-15.00,0.00,0.00,48.00,0.00,0,386
211.03,1551966867,1699.03,51.48174958,7.42162270,141.92,16.92,0.00,79.02,0,-93.00,-13.00,0.00,0.00,50.00,0.00,0,137
211.03,1551966867,1699.04,51.48174958,7.42162270,141.92,16.92,0.00,79.02,0,-96.00,-14.00,0.00,0.00,49.00,0.00,0,51
212.03,1551966868,1715.95,51.48178404,7.42187688,141.12,17.07,0.00,78.46,0,-93.00,-13.00,0.00,0.00,50.00,0.00,0,137
212.03,1551966868,1715.96,51.48178404,7.42187688,141.12,17.07,0.00,78.46,0,-96.00,-14.00,0.00,0.00,49.00,0.00,0,51
213.03,1551966869,1733.03,51.48181964,7.42210738,140.13,17.23,0.00,77.75,0,-101.00,-12.00,0.00,0.00,35.00,0.00,0,27
213.03,1551966869,1733.05,51.48181964,7.42210738,140.13,17.23,0.00,77.75,0,-103.00,-12.00,0.00,0.00,35.00,0.00,0,266
213.03,1551966869,1733.07,51.48181964,7.42210738,140.13,17.23,0.00,77.75,0,-95.00,-13.00,0.00,0.00,48.00,0.00,0,137
213.03,1551966869,1733.07,51.48181964,7.42210738,140.13,17.23,0.00,77.75,0,-97.00,-13.00,0.00,0.00,46.00,0.00,0,51
214.03,1551966870,1750.28,51.48185342,7.42232741,139.54,17.42,0.00,77.54,0,-101.00,-12.00,0.00,0.00,35.00,0.00,0,27
214.03,1551966870,1750.28,51.48185342,7.42232741,139.54,17.42,0.00,77.54,0,-103.00,-12.00,0.00,0.00,35.00,0.00,0,266
214.03,1551966870,1750.30,51.48185342,7.42232741,139.54,17.42,0.00,77.54,0,-95.00,-13.00,0.00,0.00,48.00,0.00,0,137
214.03,1551966870,1750.32,51.48185342,7.42232741,139.54,17.42,0.00,77.54,0,-97.00,-13.00,0.00,0.00,46.00,0.00,0,51
215.03,1551966871,1767.72,51.48188981,7.42256599,138.79,17.34,0.00,76.87,0,-101.00,-14.00,0.00,0.00,39.00,0.00,0,266
215.03,1551966871,1767.74,51.48188981,7.42256599,138.79,17.34,0.00,76.87,0,-105.00,-18.00,0.00,0.00,39.00,0.00,0,339
215.03,1551966871,1767.75,51.48188981,7.42256599,138.79,17.34,0.00,76.87,0,-106.00,-20.00,0.00,0.00,39.00,0.00,0,452
215.03,1551966871,1767.75,51.48188981,7.42256599,138.79,17.34,0.00,76.87,0,-98.00,-15.00,0.00,0.00,46.00,0.00,0,386
215.03,1551966871,1767.77,51.48188981,7.42256599,138.79,17.34,0.00,76.87,0,-99.00,-16.00,0.00,0.00,47.00,0.00,0,385
216.03,1551966872,1785.04,51.48192862,7.42282633,137.84,16.60,0.00,77.54,0,-101.00,-14.00,0.00,0.00,39.00,0.00,0,266
216.03,1551966872,1785.05,51.48192862,7.42282633,137.84,16.60,0.00,77.54,0,-105.00,-18.00,0.00,0.00,39.00,0.00,0,339
216.03,1551966872,1785.07,51.48192862,7.42282633,137.84,16.60,0.00,77.54,0,-106.00,-20.00,0.00,0.00,39.00,0.00,0,452
216.03,1551966872,1785.09,51.48192862,7.42282633,137.84,16.60,0.00,77.54,0,-98.00,-15.00,0.00,0.00,46.00,0.00,0,386
216.03,1551966872,1785.09,51.48192862,7.42282633,137.84,16.60,0.00,77.54,0,-99.00,-16.00,0.00,0.00,47.00,0.00,0,385
217.03,1551966873,1801.64,51.48196148,7.42304038,137.38,16.01,0.00,78.08,0,-101.00,-14.00,0.00,0.00,40.00,0.00,0,266
217.03,1551966873,1801.64,51.48196148,7.42304038,137.38,16.01,0.00,78.08,0,-101.00,-14.00,0.00,0.00,40.00,0.00,0,339
217.03,1551966873,1801.65,51.48196148,7.42304038,137.38,16.01,0.00,78.08,0,-103.00,-17.00,0.00,0.00,39.00,0.00,0,458
217.03,1551966873,1801.67,51.48196148,7.42304038,137.38,16.01,0.00,78.08,0,-96.00,-14.00,0.00,0.00,47.00,0.00,0,385
217.03,1551966873,1801.67,51.48196148,7.42304038,137.38,16.01,0.00,78.08,0,-97.00,-15.00,0.00,0.00,47.00,0.00,0,386
218.03,1551966874,1817.65,51.48199359,7.42326610,136.22,15.69,0.00,78.30,0,-101.00,-14.00,0.00,0.00,40.00,0.00,0,266
218.03,1551966874,1817.66,51.48199359,7.42326610,136.22,15.69,0.00,78.30,0,-101.00,-14.00,0.00,0.00,40.00,0.00,0,339
218.03,1551966874,1817.66,51.48199359,7.42326610,136.22,15.69,0.00,78.30,0,-103.00,-17.00,0.00,0.00,39.00,0.00,0,458
218.03,1551966874,1817.68,51.48199359,7.42326610,136.22,15.69,0.00,78.30,0,-96.00,-14.00,0.00,0.00,47.00,0.00,0,385
218.03,1551966874,1817.70,51.48199359,7.42326610,136.22,15.69,0.00,78.30,0,-97.00,-15.00,0.00,0.00,47.00,0.00,0,386
219.03,1551966875,1833.45,51.48202655,7.42350536,135.28,15.46,0.00,78.24,0,-101.00,-14.00,0.00,0.00,38.00,0.00,0,266
219.04,1551966875,1833.46,51.48202655,7.42350536,135.28,15.46,0.00,78.24,0,-104.00,-17.00,0.00,0.00,38.00,0.00,0,458
220.02,1551966876,1848.70,51.48205692,7.42372931,134.38,15.08,0.00,78.66,0,-101.00,-14.00,0.00,0.00,38.00,0.00,0,266
220.02,1551966876,1848.71,51.48205692,7.42372931,134.38,15.08,0.00,78.66,0,-104.00,-17.00,0.00,0.00,38.00,0.00,0,458
221.03,1551966877,1863.85,51.48208780,7.42395299,133.61,14.60,0.00,77.78,0,-101.00,-14.00,0.00,0.00,38.00,0.00,0,266
221.03,1551966877,1863.86,51.48208780,7.42395299,133.61,14.60,0.00,77.78,0,-104.00,-17.00,0.00,0.00,38.00,0.00,0,458
228.03,1551966884,1965.17,51.48227070,7.42535330,130.33,15.46,0.00,78.39,0,-101.00,-14.00,0.00,0.00,38.00,0.00,0,306
229.03,1551966885,1980.62,51.48229879,7.42557114,130.17,15.58,0.00,78.13,0,-101.00,-14.00,0.00,0.00,38.00,0.00,0,306
230.03,1551966886,1996.20,51.48232903,7.42579269,130.23,14.63,0.00,77.45,0,-98.00,-14.00,0.00,0.00,42.00,0.00,0,306
231.02,1551966887,2010.82,51.48235807,7.42600743,130.41,14.04,0.00,77.39,0,-98.00,-14.00,0.00,0.00,42.00,0.00,0,306
232.02,1551966888,2024.86,51.48238512,7.42622344,130.65,14.10,0.00,77.09,0,-98.00,-14.00,0.00,0.00,43.00,0.00,0,306
233.03,1551966889,2038.98,51.48241273,7.42642238,131.12,14.28,0.00,76.45,0,-98.00,-14.00,0.00,0.00,43.00,0.00,0,306
234.02,1551966890,2053.24,51.48243666,7.42661641,131.71,15.07,0.00,77.54,0,-99.00,-16.00,0.00,0.00,44.00,0.00,0,146
235.03,1551966891,2068.32,51.48246311,7.42682399,132.26,15.06,0.00,77.25,0,-99.00,-16.00,0.00,0.00,44.00,0.00,0,146
236.02,1551966892,2083.37,51.48248651,7.42702624,132.50,14.19,0.00,77.82,0,-96.00,-16.00,0.00,0.00,46.00,0.00,0,146
237.02,1551966893,2097.56,51.48250928,7.42724697,132.02,13.51,0.00,78.71,0,-96.00,-16.00,0.00,0.00,46.00,0.00,0,146
238.03,1551966894,2111.09,51.48252667,7.42743229,132.03,14.73,0.00,80.48,0,-94.00,-12.00,0.00,0.00,43.00,0.00,0,266
238.03,1551966894,2111.09,51.48252667,7.42743229,132.03,14.73,0.00,80.48,0,-97.00,-14.00,0.00,0.00,43.00,0.00,0,146
239.03,1551966895,2125.83,51.48254371,7.42765248,132.16,14.70,0.00,81.82,0,-94.00,-12.00,0.00,0.00,43.00,0.00,0,266
239.03,1551966895,2125.83,51.48254371,7.42765248,132.16,14.70,0.00,81.82,0,-97.00,-14.00,0.00,0.00,43.00,0.00,0,146
240.03,1551966896,2140.51,51.48255394,7.42787485,132.07,13.92,0.00,83.76,0,-94.00,-12.00,0.00,0.00,46.00,0.00,0,266
240.03,1551966896,2140.51,51.48255394,7.42787485,132.07,13.92,0.00,83.76,0,-95.00,-15.00,0.00,0.00,47.00,0.00,0,146
241.03,1551966897,2154.44,51.48255974,7.42811439,131.96,14.91,0.00,86.50,0,-94.00,-12.00,0.00,0.00,46.00,0.00,0,266
241.03,1551966897,2154.45,51.48255974,7.42811439,131.96,14.91,0.00,86.50,0,-95.00,-15.00,0.00,0.00,47.00,0.00,0,146
242.03,1551966898,2169.47,51.48256087,7.42833625,131.70,16.10,0.00,88.22,0,-88.00,-10.00,0.00,0.00,47.00,0.00,0,266
242.03,1551966898,2169.48,51.48256087,7.42833625,131.70,16.10,0.00,88.22,0,-91.00,-13.00,0.00,0.00,47.00,0.00,0,146
243.03,1551966899,2185.46,51.48255823,7.42854501,132.64,16.60,0.00,90.18,0,-88.00,-10.00,0.00,0.00,47.00,0.00,0,266
243.03,1551966899,2185.47,51.48255823,7.42854501,132.64,16.60,0.00,90.18,0,-91.00,-13.00,0.00,0.00,47.00,0.00,0,146
244.03,1551966900,2202.04,51.48255058,7.42875075,133.69,15.89,0.00,92.35,0,-88.00,-10.00,0.00,0.00,47.00,0.00,0,266
244.03,1551966900,2202.06,51.48255058,7.42875075,133.69,15.89,0.00,92.35,0,-91.00,-13.00,0.00,0.00,47.00,0.00,0,146
255.03,1551966911,2333.77,51.48241087,7.43056021,137.15,3.62,0.00,97.03,0,-99.00,-13.00,0.00,0.00,40.00,0.00,0,27
256.03,1551966912,2337.39,51.48240236,7.43061794,137.11,2.00,0.00,95.50,0,-99.00,-13.00,0.00,0.00,40.00,0.00,0,27
257.03,1551966913,2339.39,51.48239909,7.43065588,137.14,1.40,0.00,94.33,0,-97.00,-14.00,0.00,0.00,43.00,0.00,0,27
257.03,1551966913,2339.39,51.48239909,7.43065588,137.14,1.40,0.00,94.33,0,-101.00,-17.00,0.00,0.00,43.00,0.00,0,146
257.03,1551966913,2339.39,51.48239909,7.43065588,137.14,1.40,0.00,94.33,0,-102.00,-19.00,0.00,0.00,43.00,0.00,0,339
258.03,1551966914,2340.79,51.48239529,7.43066986,137.25,0.60,0.00,94.33,0,-97.00,-14.00,0.00,0.00,43.00,0.00,0,27
258.03,1551966914,2340.79,51.48239529,7.43066986,137.25,0.60,0.00,94.33,0,-101.00,-17.00,0.00,0.00,43.00,0.00,0,146
258.03,1551966914,2340.79,51.48239529,7.43066986,137.25,0.60,0.00,94.33,0,-102.00,-19.00,0.00,0.00,43.00,0.00,0,339
259.02,1551966915,2341.39,51.48239529,7.43066986,137.26,0.00,0.00,94.33,0,-94.00,-11.00,0.00,0.00,41.00,0.00,0,27
260.03,1551966916,2341.39,51.48239529,7.43066986,137.28,0.00,0.00,94.33,0,-94.00,-11.00,0.00,0.00,41.00,0.00,0,27
261.02,1551966917,2341.39,51.48239529,7.43066986,137.30,0.00,0.00,94.33,0,-97.00,-9.00,0.00,0.00,38.00,0.00,0,27
262.02,1551966918,2341.39,51.48239529,7.43066986,137.32,0.00,0.00,94.33,0,-97.00,-9.00,0.00,0.00,38.00,0.00,0,27
263.03,1551966919,2341.39,51.48239529,7.43066986,137.34,0.00,0.00,94.33,0,-98.00,-14.00,0.00,0.00,43.00,0.00,0,27
264.03,1551966920,2341.39,51.48239529,7.43066986,137.35,0.00,0.00,94.33,0,-98.00,-14.00,0.00,0.00,43.00,0.00,0,27
265.02,1551966921,2341.39,51.48239529,7.43066986,137.37,0.00,0.00,94.33,0,-98.00,-14.00,0.00,0.00,43.00,0.00,0,27
266.03,1551966922,2341.39,51.48239529,7.43066986,137.37,0.00,0.00,94.33,0,-97.00,-10.00,0.00,0.00,39.00,0.00,0,27
267.02,1551966923,2341.39,51.48239529,7.43066986,137.38,0.00,0.00,94.33,0,-97.00,-10.00,0.00,0.00,39.00,0.00,0,27
268.03,1551966924,2341.39,51.48239529,7.43066986,137.38,0.00,0.00,94.33,0,-99.00,-13.00,0.00,0.00,40.00,0.00,0,27
268.03,1551966924,2341.39,51.48239529,7.43066986,137.38,0.00,0.00,94.33,0,-103.00,-18.00,0.00,0.00,41.00,0.00,0,339
268.03,1551966924,2341.39,51.48239529,7.43066986,137.38,0.00,0.00,94.33,0,-103.00,-20.00,0.00,0.00,42.00,0.00,0,319
269.03,1551966925,2341.39,51.48239529,7.43066986,137.39,0.00,0.00,94.33,0,-99.00,-13.00,0.00,0.00,40.00,0.00,0,27
269.03,1551966925,2341.39,51.48239529,7.43066986,137.39,0.00,0.00,94.33,0,-103.00,-18.00,0.00,0.00,41.00,0.00,0,339
269.03,1551966925,2341.39,51.48239529,7.43066986,137.39,0.00,0.00,94.33,0,-103.00,-20.00,0.00,0.00,42.00,0.00,0,319
274.03,1551966930,2341.39,51.48239529,7.43066986,137.39,0.00,0.00,94.33,0,-97.00,-10.00,0.00,0.00,39.00,0.00,0,27
274.03,1551966930,2341.39,51.48239529,7.43066986,137.39,0.00,0.00,94.33,0,-103.00,-16.00,0.00,0.00,39.00,0.00,0,146
275.03,1551966931,2341.39,51.48239529,7.43066986,137.40,0.00,0.00,94.33,0,-97.00,-10.00,0.00,0.00,39.00,0.00,0,27
275.03,1551966931,2341.39,51.48239529,7.43066986,137.40,0.00,0.00,94.33,0,-103.00,-16.00,0.00,0.00,39.00,0.00,0,146
276.03,1551966932,2341.39,51.48239529,7.43066986,137.40,0.00,0.00,94.33,0,-96.00,-10.00,0.00,0.00,40.00,0.00,0,27
276.03,1551966932,2341.39,51.48239529,7.43066986,137.40,0.00,0.00,94.33,0,-102.00,-16.00,0.00,0.00,39.00,0.00,0,146
277.03,1551966933,2341.39,51.48239529,7.43066986,137.41,0.00,0.00,94.33,0,-96.00,-10.00,0.00,0.00,40.00,0.00,0,27
277.03,1551966933,2341.39,51.48239529,7.43066986,137.41,0.00,0.00,94.33,0,-102.00,-16.00,0.00,0.00,39.00,0.00,0,146
278.03,1551966934,2341.39,51.48239529,7.43066986,137.44,0.00,0.00,94.33,0,-98.00,-12.00,0.00,0.00,41.00,0.00,0,27
279.02,1551966935,2341.39,51.48239529,7.43066986,137.41,0.00,0.00,98.56,0,-98.00,-12.00,0.00,0.00,41.00,0.00,0,27
280.02,1551966936,2341.39,51.48239529,7.43066986,137.39,0.00,0.00,97.59,0,-100.00,-10.00,0.00,0.00,37.00,0.00,0,27
281.02,1551966937,2341.39,51.48237727,7.43083545,137.34,2.85,0.00,96.84,0,-100.00,-10.00,0.00,0.00,37.00,0.00,0,27
284.03,1551966940,2350.10,51.48235323,7.43096875,137.23,2.98,0.00,98.06,0,-100.00,-14.00,0.00,0.00,41.00,0.00,0,146
285.03,1551966941,2353.06,51.48234538,7.43100568,137.23,2.24,0.00,98.80,0,-100.00,-14.00,0.00,0.00,41.00,0.00,0,146
286.03,1551966942,2355.29,51.48234015,7.43103993,137.25,1.92,0.00,100.93,0,-100.00,-14.00,0.00,0.00,41.00,0.00,0,146
287.03,1551966943,2357.21,51.48233835,7.43105148,137.31,1.55,0.00,100.22,0,-96.00,-13.00,0.00,0.00,43.00,0.00,0,146
287.03,1551966943,2357.21,51.48233835,7.43105148,137.31,1.55,0.00,100.22,0,-101.00,-16.00,0.00,0.00,43.00,0.00,0,27
288.03,1551966944,2358.76,51.48233835,7.43105148,137.32,0.00,0.00,100.22,0,-96.00,-13.00,0.00,0.00,43.00,0.00,0,146
288.03,1551966944,2358.76,51.48233835,7.43105148,137.32,0.00,0.00,100.22,0,-101.00,-16.00,0.00,0.00,43.00,0.00,0,27
289.03,1551966945,2358.76,51.48233835,7.43105148,137.34,0.00,0.00,100.22,0,-101.00,-13.00,0.00,0.00,37.00,0.00,0,27
289.03,1551966945,2358.76,51.48233835,7.43105148,137.34,0.00,0.00,100.22,0,-102.00,-16.00,0.00,0.00,39.00,0.00,0,339
290.03,1551966946,2358.76,51.48233835,7.43105148,137.35,0.00,0.00,100.22,0,-101.00,-13.00,0.00,0.00,37.00,0.00,0,27
290.03,1551966946,2358.76,51.48233835,7.43105148,137.35,0.00,0.00,100.22,0,-102.00,-16.00,0.00,0.00,39.00,0.00,0,339
293.03,1551966949,2358.76,51.48233835,7.43105148,137.37,0.00,0.00,100.22,0,-100.00,-15.00,0.00,0.00,40.00,0.00,0,146
294.02,1551966950,2358.76,51.48233835,7.43105148,137.37,0.00,0.00,100.22,0,-100.00,-15.00,0.00,0.00,40.00,0.00,0,146
295.02,1551966951,2358.76,51.48233835,7.43105148,137.39,0.00,0.00,100.22,0,-98.00,-13.00,0.00,0.00,40.00,0.00,0,146
296.03,1551966952,2358.76,51.48233835,7.43105148,137.56,0.00,0.00,100.22,0,-98.00,-13.00,0.00,0.00,40.00,0.00,0,146
303.02,1551966959,2386.50,51.48229620,7.43166916,142.97,10.03,0.00,97.16,0,-94.00,-14.00,0.00,0.00,45.00,0.00,0,339
304.02,1551966960,2396.54,51.48228611,7.43182509,143.50,10.52,0.00,96.22,0,-94.00,-14.00,0.00,0.00,45.00,0.00,0,339
305.03,1551966961,2407.14,51.48227601,7.43197757,143.98,10.49,0.00,97.11,0,-88.00,-9.00,0.00,0.00,47.00,0.00,0,339
306.03,1551966962,2417.56,51.48226815,7.43212177,144.30,10.61,0.00,96.88,0,-88.00,-9.00,0.00,0.00,47.00,0.00,0,339
307.03,1551966963,2428.18,51.48225862,7.43227398,144.54,11.19,0.00,96.80,0,-88.00,-9.00,0.00,0.00,47.00,0.00,0,339
371.02,1551967027,3047.54,51.48161345,7.44122175,147.60,12.50,0.00,100.58,0,-79.00,-12.00,0.00,0.00,59.00,0.00,0,264
372.03,1551967028,3060.06,51.48156672,7.44139578,147.55,12.75,0.00,114.15,0,-79.00,-12.00,0.00,0.00,59.00,0.00,0,264
375.02,1551967031,3099.68,51.48137848,7.44191734,147.55,14.29,0.00,123.12,0,-68.00,-8.00,0.00,0.00,63.00,0.00,0,265
376.02,1551967032,3113.97,51.48129746,7.44207601,147.49,14.68,0.00,126.84,0,-68.00,-8.00,0.00,0.00,63.00,0.00,0,265
389.05,1551967045,3283.21,51.48008386,7.44333232,156.43,13.62,0.00,149.66,0,-73.00,-13.00,0.00,0.00,63.00,0.00,0,375
390.02,1551967046,3296.43,51.47996765,7.44343357,156.73,14.75,0.00,150.06,0,-73.00,-13.00,0.00,0.00,63.00,0.00,0,375
391.03,1551967047,3311.19,51.47984514,7.44353632,157.25,15.77,0.00,150.40,0,-73.00,-13.00,0.00,0.00,63.00,0.00,0,375
402.03,1551967058,3468.02,51.47861042,7.44458547,165.07,11.90,0.00,151.81,0,-76.00,-13.00,0.00,0.00,63.00,0.00,0,265
403.02,1551967059,3479.90,51.47852197,7.44466280,165.22,11.39,0.00,151.51,0,-76.00,-13.00,0.00,0.00,63.00,0.00,0,265
404.02,1551967060,3491.29,51.47843409,7.44473935,165.37,10.85,0.00,151.21,0,-75.00,-12.00,0.00,0.00,62.00,0.00,0,265
405.02,1551967061,3502.14,51.47835105,7.44481215,165.69,10.24,0.00,151.58,0,-75.00,-12.00,0.00,0.00,62.00,0.00,0,265
406.02,1551967062,3512.38,51.47828481,7.44486919,165.77,9.73,0.00,151.60,0,-78.00,-12.00,0.00,0.00,61.00,0.00,0,265
407.03,1551967063,3522.12,51.47821268,7.44493072,165.50,9.22,0.00,151.24,0,-78.00,-12.00,0.00,0.00,61.00,0.00,0,265
408.02,1551967064,3531.33,51.47813801,7.44499544,165.13,8.95,0.00,151.19,0,-78.00,-9.00,0.00,0.00,57.00,0.00,0,265
409.02,1551967065,3540.28,51.47806274,7.44506117,164.98,8.49,0.00,151.16,0,-78.00,-9.00,0.00,0.00,57.00,0.00,0,265
410.03,1551967066,3548.84,51.47798846,7.44512624,165.07,8.57,0.00,151.44,0,-79.00,-10.00,0.00,0.00,58.00,0.00,0,265
411.02,1551967067,3557.33,51.47791219,7.44519167,165.09,9.13,0.00,151.57,0,-79.00,-10.00,0.00,0.00,58.00,0.00,0,265
412.02,1551967068,3566.46,51.47784823,7.44524486,164.74,9.10,0.00,151.51,0,-79.00,-10.00,0.00,0.00,58.00,0.00,0,265
413.03,1551967069,3575.57,51.47777896,7.44530322,164.44,9.65,0.00,151.48,0,-81.00,-12.00,0.00,0.00,58.00,0.00,0,265
414.03,1551967070,3585.23,51.47769994,7.44537112,164.43,9.66,0.00,151.46,0,-81.00,-12.00,0.00,0.00,58.00,0.00,0,265
415.03,1551967071,3594.89,51.47762825,7.44543268,164.35,10.05,0.00,151.72,0,-79.00,-12.00,0.00,0.00,62.00,0.00,0,265
416.02,1551967072,3604.94,51.47755192,7.44550043,164.31,10.78,0.00,151.70,0,-79.00,-12.00,0.00,0.00,62.00,0.00,0,265
499.03,1551967155,4136.59,51.47354978,7.44988389,168.37,7.48,0.00,131.15,0,-87.00,-13.00,0.00,0.00,52.00,0.00,0,376
500.02,1551967156,4144.06,51.47351064,7.44996979,168.57,7.31,0.00,130.38,0,-87.00,-13.00,0.00,0.00,52.00,0.00,0,376
501.03,1551967157,4151.38,51.47347282,7.45004949,168.66,6.97,0.00,129.66,0,-80.00,-10.00,0.00,0.00,56.00,0.00,0,376
501.03,1551967157,4151.39,51.47347282,7.45004949,168.66,6.97,0.00,129.66,0,-76.00,-13.00,0.00,0.00,63.00,0.00,0,377
502.03,1551967158,4158.34,51.47343909,7.45012665,168.72,5.98,0.00,129.05,0,-80.00,-10.00,0.00,0.00,56.00,0.00,0,376
502.03,1551967158,4158.34,51.47343909,7.45012665,168.72,5.98,0.00,129.05,0,-76.00,-13.00,0.00,0.00,63.00,0.00,0,377
503.03,1551967159,4164.33,51.47340829,7.45019367,168.79,5.48,0.00,128.17,0,-72.00,-9.00,0.00,0.00,63.00,0.00,0,376
503.03,1551967159,4164.33,51.47340829,7.45019367,168.79,5.48,0.00,128.17,0,-66.00,-12.00,0.00,0.00,63.00,0.00,0,377
504.03,1551967160,4169.82,51.47338358,7.45025349,168.79,5.20,0.00,127.33,0,-72.00,-9.00,0.00,0.00,63.00,0.00,0,376
504.03,1551967160,4169.82,51.47338358,7.45025349,168.79,5.20,0.00,127.33,0,-66.00,-12.00,0.00,0.00,63.00,0.00,0,377
505.02,1551967161,4175.00,51.47335996,7.45031290,168.73,5.07,0.00,126.28,0,-69.00,-12.00,0.00,0.00,63.00,0.00,0,375
506.02,1551967162,4180.07,51.47333398,7.45037712,168.71,4.80,0.00,125.37,0,-69.00,-12.00,0.00,0.00,63.00,0.00,0,375
507.03,1551967163,4184.88,51.47331300,7.45043268,168.67,4.66,0.00,124.92,0,-84.00,-13.00,0.00,0.00,57.00,0.00,0,375
507.03,1551967163,4184.88,51.47331300,7.45043268,168.67,4.66,0.00,124.92,0,-70.00,-15.00,0.00,0.00,63.00,0.00,0,375
508.02,1551967164,4189.53,51.47328903,7.45049468,168.78,5.19,0.00,124.53,0,-84.00,-13.00,0.00,0.00,57.00,0.00,0,375
508.03,1551967164,4189.53,51.47328903,7.45049468,168.78,5.19,0.00,124.53,0,-70.00,-15.00,0.00,0.00,63.00,0.00,0,375
509.02,1551967165,4194.72,51.47325995,7.45056770,168.96,6.41,0.00,124.12,0,-75.00,-13.00,0.00,0.00,63.00,0.00,0,375
510.03,1551967166,4201.14,51.47322329,7.45065849,169.23,7.71,0.00,123.78,0,-75.00,-13.00,0.00,0.00,63.00,0.00,0,375
511.03,1551967167,4208.86,51.47317865,7.45076289,169.50,9.34,0.00,123.45,0,-76.00,-17.00,0.00,0.00,63.00,0.00,0,375
512.02,1551967168,4218.19,51.47313198,7.45088275,169.73,10.09,0.00,122.65,0,-76.00,-17.00,0.00,0.00,63.00,0.00,0,375
620.03,1551967276,5181.47,51.46979215,7.46374842,160.73,13.40,0.00,112.26,0,-97.00,-16.00,0.00,0.00,46.00,0.00,0,111
621.02,1551967277,5194.85,51.46974697,7.46394644,160.78,14.19,0.00,111.19,0,-97.00,-16.00,0.00,0.00,46.00,0.00,0,111
622.03,1551967278,5209.18,51.46970172,7.46416129,160.68,14.97,0.00,109.61,0,-99.00,-18.00,0.00,0.00,45.00,0.00,0,143
622.03,1551967278,5209.19,51.46970172,7.46416129,160.68,14.97,0.00,109.61,0,-99.00,-17.00,0.00,0.00,45.00,0.00,0,111
623.03,1551967279,5224.04,51.46965783,7.46438249,160.39,15.62,0.00,108.59,0,-99.00,-18.00,0.00,0.00,45.00,0.00,0,143
623.03,1551967279,5224.04,51.46965783,7.46438249,160.39,15.62,0.00,108.59,0,-99.00,-17.00,0.00,0.00,45.00,0.00,0,111
624.03,1551967280,5239.65,51.46961314,7.46460621,160.00,16.39,0.00,107.78,0,-99.00,-18.00,0.00,0.00,45.00,0.00,0,143
624.03,1551967280,5239.67,51.46961314,7.46460621,160.00,16.39,0.00,107.78,0,-99.00,-17.00,0.00,0.00,45.00,0.00,0,111
625.03,1551967281,5256.05,51.46957168,7.46482889,159.66,16.52,0.00,107.16,0,-98.00,-12.00,0.00,0.00,41.00,0.00,0,111
625.03,1551967281,5256.05,51.46957168,7.46482889,159.66,16.52,0.00,107.16,0,-98.00,-13.00,0.00,0.00,40.00,0.00,0,143
626.03,1551967282,5272.57,51.46953493,7.46505082,159.47,15.92,0.00,105.76,0,-98.00,-12.00,0.00,0.00,41.00,0.00,0,111
626.03,1551967282,5272.58,51.46953493,7.46505082,159.47,15.92,0.00,105.76,0,-98.00,-13.00,0.00,0.00,40.00,0.00,0,143
627.03,1551967283,5288.51,51.46950201,7.46527416,159.41,15.53,0.00,103.99,0,-96.00,-9.00,0.00,0.00,39.00,0.00,0,111
627.03,1551967283,5288.52,51.46950201,7.46527416,159.41,15.53,0.00,103.99,0,-98.00,-11.00,0.00,0.00,40.00,0.00,0,143
628.03,1551967284,5304.02,51.46947598,7.46548971,159.69,15.12,0.00,102.00,0,-96.00,-9.00,0.00,0.00,39.00,0.00,0,111
628.03,1551967284,5304.02,51.46947598,7.46548971,159.69,15.12,0.00,102.00,0,-98.00,-11.00,0.00,0.00,40.00,0.00,0,143
629.02,1551967285,5319.12,51.46945331,7.46570464,160.04,14.99,0.00,100.38,0,-96.00,-9.00,0.00,0.00,39.00,0.00,0,111
629.02,1551967285,5319.12,51.46945331,7.46570464,160.04,14.99,0.00,100.38,0,-101.00,-18.00,0.00,0.00,43.00,0.00,0,143
630.03,1551967286,5334.13,51.46943439,7.46592048,160.34,15.36,0.00,98.67,0,-96.00,-9.00,0.00,0.00,39.00,0.00,0,111
630.03,1551967286,5334.14,51.46943439,7.46592048,160.34,15.36,0.00,98.67,0,-101.00,-18.00,0.00,0.00,43.00,0.00,0,143
631.02,1551967287,5349.47,51.46942004,7.46614232,160.83,15.65,0.00,97.09,0,-101.00,-11.00,0.00,0.00,36.00,0.00,0,111
632.02,1551967288,5365.13,51.46940994,7.46636631,160.98,15.75,0.00,95.50,0,-101.00,-11.00,0.00,0.00,36.00,0.00,0,111
633.03,1551967289,5380.89,51.46940430,7.46659095,161.11,15.80,0.00,93.63,0,-100.00,-10.00,0.00,0.00,36.00,0.00,0,111
633.03,1551967289,5380.91,51.46940430,7.46659095,161.11,15.80,0.00,93.63,0,-104.00,-15.00,0.00,0.00,36.00,0.00,0,289
634.03,1551967290,5396.69,51.46940783,7.46678683,160.46,16.08,0.00,91.82,0,-100.00,-10.00,0.00,0.00,36.00,0.00,0,111
634.03,1551967290,5396.70,51.46940783,7.46678683,160.46,16.08,0.00,91.82,0,-104.00,-15.00,0.00,0.00,36.00,0.00,0,289
635.03,1551967291,5412.78,51.46941471,7.46702059,160.10,15.66,0.00,90.02,0,-101.00,-11.00,0.00,0.00,36.00,0.00,0,111
635.03,1551967291,5412.78,51.46941471,7.46702059,160.10,15.66,0.00,90.02,0,-105.00,-14.00,0.00,0.00,36.00,0.00,0,143
635.03,1551967291,5412.80,51.46941471,7.46702059,160.10,15.66,0.00,90.02,0,-106.00,-16.00,0.00,0.00,36.00,0.00,0,289
636.03,1551967292,5428.44,51.46942588,7.46724169,159.81,15.29,0.00,88.54,0,-101.00,-11.00,0.00,0.00,36.00,0.00,0,111
636.03,1551967292,5428.46,51.46942588,7.46724169,159.81,15.29,0.00,88.54,0,-105.00,-14.00,0.00,0.00,36.00,0.00,0,143
636.03,1551967292,5428.46,51.46942588,7.46724169,159.81,15.29,0.00,88.54,0,-106.00,-16.00,0.00,0.00,36.00,0.00,0,289
637.02,1551967293,5443.70,51.46944036,7.46745442,159.45,15.06,0.00,87.17,0,-100.00,-11.00,0.00,0.00,38.00,0.00,0,111
638.02,1551967294,5458.76,51.46945439,7.46765501,159.15,14.73,0.00,85.92,0,-100.00,-11.00,0.00,0.00,38.00,0.00,0,111
639.03,1551967295,5473.50,51.46947111,7.46788149,158.93,14.84,0.00,84.82,0,-99.00,-14.00,0.00,0.00,41.00,0.00,0,143
640.02,1551967296,5488.32,51.46948684,7.46810564,158.71,14.59,0.00,83.87,0,-99.00,-14.00,0.00,0.00,41.00,0.00,0,143
641.03,1551967297,5502.93,51.46950463,7.46831153,158.38,14.45,0.00,82.92,0,-101.00,-19.00,0.00,0.00,44.00,0.00,0,111
642.03,1551967298,5517.38,51.46952361,7.46852450,157.76,14.74,0.00,82.09,0,-101.00,-19.00,0.00,0.00,44.00,0.00,0,111
654.03,1551967310,5701.43,51.46978224,7.47116140,155.49,16.21,0.00,86.03,0,-101.00,-11.00,0.00,0.00,35.00,0.00,0,111
655.03,1551967311,5717.60,51.46978882,7.47137926,155.71,16.25,0.00,86.81,0,-101.00,-11.00,0.00,0.00,35.00,0.00,0,111
656.02,1551967312,5733.79,51.46979364,7.47160498,155.89,16.04,0.00,88.12,0,-102.00,-12.00,0.00,0.00,36.00,0.00,0,111
657.03,1551967313,5749.90,51.46979405,7.47185160,156.60,16.79,0.00,89.47,0,-102.00,-12.00,0.00,0.00,36.00,0.00,0,111
660.03,1551967316,5800.10,51.46976933,7.47262515,158.12,16.54,0.00,95.11,0,-103.00,-15.00,0.00,0.00,39.00,0.00,0,289
661.03,1551967317,5816.64,51.46974979,7.47287207,158.92,16.52,0.00,96.82,0,-103.00,-15.00,0.00,0.00,39.00,0.00,0,289
662.02,1551967318,5833.12,51.46973059,7.47309376,160.30,16.25,0.00,97.80,0,-101.00,-14.00,0.00,0.00,40.00,0.00,0,289
663.03,1551967319,5849.40,51.46970849,7.47332031,161.71,15.68,0.00,98.11,0,-101.00,-14.00,0.00,0.00,40.00,0.00,0,289
664.03,1551967320,5865.10,51.46968456,7.47354195,163.02,15.21,0.00,98.64,0,-100.00,-14.00,0.00,0.00,39.00,0.00,0,289
664.03,1551967320,5865.11,51.46968456,7.47354195,163.02,15.21,0.00,98.64,0,-103.00,-17.00,0.00,0.00,40.00,0.00,0,111
664.03,1551967320,5865.13,51.46968456,7.47354195,163.02,15.21,0.00,98.64,0,-104.00,-17.00,0.00,0.00,40.00,0.00,0,112
664.03,1551967320,5865.13,51.46968456,7.47354195,163.02,15.21,0.00,98.64,0,-101.00,-18.00,0.00,0.00,47.00,0.00,0,447
665.03,1551967321,5880.31,51.46966199,7.47376302,164.48,14.83,0.00,98.70,0,-100.00,-14.00,0.00,0.00,39.00,0.00,0,289
665.03,1551967321,5880.32,51.46966199,7.47376302,164.48,14.83,0.00,98.70,0,-103.00,-17.00,0.00,0.00,40.00,0.00,0,111
665.03,1551967321,5880.34,51.46966199,7.47376302,164.48,14.83,0.00,98.70,0,-104.00,-17.00,0.00,0.00,40.00,0.00,0,112
665.03,1551967321,5880.34,51.46966199,7.47376302,164.48,14.83,0.00,98.70,0,-101.00,-18.00,0.00,0.00,47.00,0.00,0,447
666.04,1551967322,5895.27,51.46964083,7.47397284,165.57,14.98,0.00,98.30,0,-97.00,-13.00,0.00,0.00,42.00,0.00,0,289
666.04,1551967322,5895.27,51.46964083,7.47397284,165.57,14.98,0.00,98.30,0,-100.00,-15.00,0.00,0.00,42.00,0.00,0,111
666.04,1551967322,5895.29,51.46964083,7.47397284,165.57,14.98,0.00,98.30,0,-100.00,-16.00,0.00,0.00,42.00,0.00,0,112
666.04,1551967322,5895.30,51.46964083,7.47397284,165.57,14.98,0.00,98.30,0,-105.00,-20.00,0.00,0.00,44.00,0.00,0,270
666.04,1551967322,5895.30,51.46964083,7.47397284,165.57,14.98,0.00,98.30,0,-105.00,-20.00,0.00,0.00,45.00,0.00,0,229
667.03,1551967323,5910.13,51.46961994,7.47417920,166.36,14.80,0.00,98.38,0,-97.00,-13.00,0.00,0.00,42.00,0.00,0,289
667.03,1551967323,5910.14,51.46961994,7.47417920,166.36,14.80,0.00,98.38,0,-100.00,-15.00,0.00,0.00,42.00,0.00,0,111
667.03,1551967323,5910.16,51.46961994,7.47417920,166.36,14.80,0.00,98.38,0,-100.00,-16.00,0.00,0.00,42.00,0.00,0,112
667.03,1551967323,5910.16,51.46961994,7.47417920,166.36,14.80,0.00,98.38,0,-105.00,-20.00,0.00,0.00,44.00,0.00,0,270
667.03,1551967323,5910.17,51.46961994,7.47417920,166.36,14.80,0.00,98.38,0,-105.00,-20.00,0.00,0.00,45.00,0.00,0,229
668.03,1551967324,5924.93,51.46959881,7.47438232,166.67,14.70,0.00,98.34,0,-97.00,-13.00,0.00,0.00,42.00,0.00,0,289
668.03,1551967324,5924.94,51.46959881,7.47438232,166.67,14.70,0.00,98.34,0,-100.00,-15.00,0.00,0.00,42.00,0.00,0,111
668.03,1551967324,5924.96,51.46959881,7.47438232,166.67,14.70,0.00,98.34,0,-100.00,-16.00,0.00,0.00,42.00,0.00,0,112
668.03,1551967324,5924.97,51.46959881,7.47438232,166.67,14.70,0.00,98.34,0,-105.00,-20.00,0.00,0.00,44.00,0.00,0,270
668.03,1551967324,5924.97,51.46959881,7.47438232,166.67,14.70,0.00,98.34,0,-105.00,-20.00,0.00,0.00,45.00,0.00,0,229
669.03,1551967325,5939.64,51.46957981,7.47457013,166.69,14.61,0.00,97.32,0,-95.00,-12.00,0.00,0.00,42.00,0.00,0,289
669.03,1551967325,5939.64,51.46957981,7.47457013,166.69,14.61,0.00,97.32,0,-95.00,-12.00,0.00,0.00,43.00,0.00,0,111
669.03,1551967325,5939.66,51.46957981,7.47457013,166.69,14.61,0.00,97.32,0,-96.00,-12.00,0.00,0.00,43.00,0.00,0,112
669.03,1551967325,5939.67,51.46957981,7.47457013,166.69,14.61,0.00,97.32,0,-99.00,-17.00,0.00,0.00,47.00,0.00,0,229
669.03,1551967325,5939.67,51.46957981,7.47457013,166.69,14.61,0.00,97.32,0,-103.00,-20.00,0.00,0.00,47.00,0.00,0,447
670.03,1551967326,5954.24,51.46956596,7.47477473,167.22,15.07,0.00,96.54,0,-95.00,-12.00,0.00,0.00,42.00,0.00,0,289
670.03,1551967326,5954.25,51.46956596,7.47477473,167.22,15.07,0.00,96.54,0,-95.00,-12.00,0.00,0.00,43.00,0.00,0,111
670.03,1551967326,5954.27,51.46956596,7.47477473,167.22,15.07,0.00,96.54,0,-96.00,-12.00,0.00,0.00,43.00,0.00,0,112
670.03,1551967326,5954.27,51.46956596,7.47477473,167.22,15.07,0.00,96.54,0,-99.00,-17.00,0.00,0.00,47.00,0.00,0,229
670.03,1551967326,5954.28,51.46956596,7.47477473,167.22,15.07,0.00,96.54,0,-103.00,-20.00,0.00,0.00,47.00,0.00,0,447
671.03,1551967327,5969.31,51.46955009,7.47500350,167.67,16.15,0.00,96.73,0,-96.00,-12.00,0.00,0.00,41.00,0.00,0,289
671.03,1551967327,5969.32,51.46955009,7.47500350,167.67,16.15,0.00,96.73,0,-101.00,-15.00,0.00,0.00,40.00,0.00,0,112
671.03,1551967327,5969.32,51.46955009,7.47500350,167.67,16.15,0.00,96.73,0,-101.00,-17.00,0.00,0.00,41.00,0.00,0,111
671.03,1551967327,5969.34,51.46955009,7.47500350,167.67,16.15,0.00,96.73,0,-103.00,-16.00,0.00,0.00,41.00,0.00,0,229
672.03,1551967328,5985.44,51.46953236,7.47524496,168.18,16.24,0.00,96.28,0,-96.00,-12.00,0.00,0.00,41.00,0.00,0,289
672.03,1551967328,5985.46,51.46953236,7.47524496,168.18,16.24,0.00,96.28,0,-101.00,-15.00,0.00,0.00,40.00,0.00,0,112
672.03,1551967328,5985.47,51.46953236,7.47524496,168.18,16.24,0.00,96.28,0,-101.00,-17.00,0.00,0.00,41.00,0.00,0,111
672.03,1551967328,5985.47,51.46953236,7.47524496,168.18,16.24,0.00,96.28,0,-103.00,-16.00,0.00,0.00,41.00,0.00,0,229
673.03,1551967329,6001.68,51.46951442,7.47548245,168.84,15.97,0.00,95.58,0,-101.00,-16.00,0.00,0.00,42.00,0.00,0,112
673.03,1551967329,6001.68,51.46951442,7.47548245,168.84,15.97,0.00,95.58,0,-101.00,-17.00,0.00,0.00,42.00,0.00,0,143
673.03,1551967329,6001.69,51.46951442,7.47548245,168.84,15.97,0.00,95.58,0,-102.00,-16.00,0.00,0.00,40.00,0.00,0,376
674.03,1551967330,6017.65,51.46950245,7.47571857,169.55,15.58,0.00,94.45,0,-101.00,-16.00,0.00,0.00,42.00,0.00,0,112
674.03,1551967330,6017.65,51.46950245,7.47571857,169.55,15.58,0.00,94.45,0,-101.00,-17.00,0.00,0.00,42.00,0.00,0,143
674.03,1551967330,6017.66,51.46950245,7.47571857,169.55,15.58,0.00,94.45,0,-102.00,-16.00,0.00,0.00,40.00,0.00,0,376
675.03,1551967331,6033.24,51.46949345,7.47595620,169.98,15.73,0.00,93.34,0,-100.00,-18.00,0.00,0.00,44.00,0.00,0,376
675.03,1551967331,6033.26,51.46949345,7.47595620,169.98,15.73,0.00,93.34,0,-100.00,-18.00,0.00,0.00,44.00,0.00,0,111
675.03,1551967331,6033.28,51.46949345,7.47595620,169.98,15.73,0.00,93.34,0,-101.00,-17.00,0.00,0.00,43.00,0.00,0,143
676.03,1551967332,6048.96,51.46948376,7.47617411,170.08,15.34,0.00,92.42,0,-100.00,-18.00,0.00,0.00,44.00,0.00,0,376
676.03,1551967332,6048.97,51.46948376,7.47617411,170.08,15.34,0.00,92.42,0,-100.00,-18.00,0.00,0.00,44.00,0.00,0,111
676.03,1551967332,6048.99,51.46948376,7.47617411,170.08,15.34,0.00,92.42,0,-101.00,-17.00,0.00,0.00,43.00,0.00,0,143
685.02,1551967341,6168.86,51.46958536,7.47791704,172.24,10.15,0.00,79.10,0,-95.00,-15.00,0.00,0.00,48.00,0.00,0,143
686.03,1551967342,6179.02,51.46960558,7.47805820,172.48,9.36,0.00,78.57,0,-95.00,-15.00,0.00,0.00,48.00,0.00,0,143
690.03,1551967346,6211.62,51.46967572,7.47844529,171.83,5.00,0.00,78.16,0,-94.00,-16.00,0.00,0.00,47.00,0.00,0,143
691.03,1551967347,6216.61,51.46968773,7.47850586,171.76,3.89,0.00,77.19,0,-94.00,-16.00,0.00,0.00,47.00,0.00,0,143
692.02,1551967348,6220.50,51.46969725,7.47855321,171.69,2.79,0.00,75.67,0,-96.00,-15.00,0.00,0.00,45.00,0.00,0,143
693.03,1551967349,6223.29,51.46970588,7.47859886,171.65,2.06,0.00,74.86,0,-96.00,-15.00,0.00,0.00,45.00,0.00,0,143
694.03,1551967350,6225.35,51.46971180,7.47862747,171.63,1.69,0.00,77.26,0,-96.00,-12.00,0.00,0.00,42.00,0.00,0,143
694.03,1551967350,6225.35,51.46971180,7.47862747,171.63,1.69,0.00,77.26,0,-97.00,-13.00,0.00,0.00,42.00,0.00,0,141
695.03,1551967351,6227.04,51.46971990,7.47865079,171.64,1.99,0.00,75.86,0,-96.00,-12.00,0.00,0.00,42.00,0.00,0,143
695.03,1551967351,6227.04,51.46971990,7.47865079,171.64,1.99,0.00,75.86,0,-97.00,-13.00,0.00,0.00,42.00,0.00,0,141
698.03,1551967354,6237.57,51.46975434,7.47884438,172.46,5.37,0.00,77.54,0,-95.00,-13.00,0.00,0.00,44.00,0.00,0,141
698.03,1551967354,6237.58,51.46975434,7.47884438,172.46,5.37,0.00,77.54,0,-96.00,-14.00,0.00,0.00,44.00,0.00,0,143
699.03,1551967355,6242.95,51.46976805,7.47893080,172.75,6.13,0.00,76.32,0,-95.00,-13.00,0.00,0.00,44.00,0.00,0,141
699.03,1551967355,6242.95,51.46976805,7.47893080,172.75,6.13,0.00,76.32,0,-96.00,-14.00,0.00,0.00,44.00,0.00,0,143
711.02,1551967367,6353.90,51.47006581,7.48046735,171.57,12.92,0.00,71.60,0,-92.00,-14.00,0.00,0.00,48.00,0.00,0,141
712.03,1551967368,6366.83,51.47010483,7.48064840,171.52,13.31,0.00,71.59,0,-92.00,-14.00,0.00,0.00,48.00,0.00,0,141
713.02,1551967369,6380.12,51.47014154,7.48081760,171.49,13.15,0.00,71.40,0,-91.00,-9.00,0.00,0.00,44.00,0.00,0,141
713.03,1551967369,6380.14,51.47014154,7.48081760,171.49,13.15,0.00,71.40,0,-94.00,-13.00,0.00,0.00,44.00,0.00,0,143
714.03,1551967370,6393.29,51.47017924,7.48099419,171.25,12.04,0.00,71.92,0,-91.00,-9.00,0.00,0.00,44.00,0.00,0,141
714.03,1551967370,6393.29,51.47017924,7.48099419,171.25,12.04,0.00,71.92,0,-94.00,-13.00,0.00,0.00,44.00,0.00,0,143
729.03,1551967385,6531.21,51.46937795,7.48204090,166.78,12.39,0.00,163.80,0,-91.00,-10.00,0.00,0.00,44.00,0.00,0,141
730.02,1551967386,6543.51,51.46927278,7.48209303,166.63,12.19,0.00,163.20,0,-91.00,-10.00,0.00,0.00,44.00,0.00,0,141
731.02,1551967387,6555.70,51.46915940,7.48214662,166.53,12.43,0.00,164.47,0,-91.00,-10.00,0.00,0.00,44.00,0.00,0,141
732.02,1551967388,6568.13,51.46905027,7.48219237,166.45,12.25,0.00,165.33,0,-93.00,-10.00,0.00,0.00,43.00,0.00,0,141
733.02,1551967389,6580.38,51.46894503,7.48223278,166.64,12.16,0.00,165.23,0,-93.00,-10.00,0.00,0.00,43.00,0.00,0,141
742.03,1551967398,6661.45,51.46825784,7.48250178,163.71,5.89,0.00,165.53,0,-95.00,-18.00,0.00,0.00,48.00,0.00,0,141
743.02,1551967399,6667.33,51.46820291,7.48252341,163.56,5.56,0.00,166.29,0,-95.00,-18.00,0.00,0.00,48.00,0.00,0,141
778.03,1551967434,6871.60,51.46625042,7.48248107,167.85,13.71,0.00,200.83,0,-95.00,-10.00,0.00,0.00,41.00,0.00,0,141
779.03,1551967435,6885.30,51.46613009,7.48239897,167.41,13.68,0.00,201.40,0,-95.00,-10.00,0.00,0.00,41.00,0.00,0,141
780.02,1551967436,6898.97,51.46600778,7.48231859,166.59,14.46,0.00,200.52,0,-98.00,-11.00,0.00,0.00,39.00,0.00,0,141
781.03,1551967437,6913.44,51.46589668,7.48224639,166.62,13.19,0.00,201.02,0,-98.00,-11.00,0.00,0.00,39.00,0.00,0,141
790.03,1551967446,7044.14,51.46479663,7.48146454,165.16,15.16,0.00,200.79,0,-99.00,-12.00,0.00,0.00,38.00,0.00,0,143
790.03,1551967446,7044.16,51.46479663,7.48146454,165.16,15.16,0.00,200.79,0,-100.00,-12.00,0.00,0.00,38.00,0.00,0,141
791.03,1551967447,7059.30,51.46466840,7.48139433,165.78,14.98,0.00,199.86,0,-99.00,-12.00,0.00,0.00,38.00,0.00,0,143
791.03,1551967447,7059.31,51.46466840,7.48139433,165.78,14.98,0.00,199.86,0,-100.00,-12.00,0.00,0.00,38.00,0.00,0,141
792.03,1551967448,7074.38,51.46453736,7.48132783,166.24,15.03,0.00,199.25,0,-98.00,-12.00,0.00,0.00,41.00,0.00,0,141
792.03,1551967448,7074.40,51.46453736,7.48132783,166.24,15.03,0.00,199.25,0,-98.00,-13.00,0.00,0.00,41.00,0.00,0,143
793.03,1551967449,7089.30,51.46440517,7.48126113,166.56,15.33,0.00,198.86,0,-98.00,-12.00,0.00,0.00,41.00,0.00,0,141
793.03,1551967449,7089.32,51.46440517,7.48126113,166.56,15.33,0.00,198.86,0,-98.00,-13.00,0.00,0.00,41.00,0.00,0,143
794.03,1551967450,7104.63,51.46427479,7.48120002,166.86,15.20,0.00,197.92,0,-98.00,-12.00,0.00,0.00,41.00,0.00,0,141
794.03,1551967450,7104.65,51.46427479,7.48120002,166.86,15.20,0.00,197.92,0,-98.00,-13.00,0.00,0.00,41.00,0.00,0,143
795.03,1551967451,7119.83,51.46414385,7.48113415,167.09,15.27,0.00,197.09,0,-97.00,-11.00,0.00,0.00,40.00,0.00,0,141
795.03,1551967451,7119.83,51.46414385,7.48113415,167.09,15.27,0.00,197.09,0,-98.00,-12.00,0.00,0.00,40.00,0.00,0,143
796.03,1551967452,7135.10,51.46401239,7.48107455,167.31,14.88,0.00,196.54,0,-97.00,-11.00,0.00,0.00,40.00,0.00,0,141
796.03,1551967452,7135.11,51.46401239,7.48107455,167.31,14.88,0.00,196.54,0,-98.00,-12.00,0.00,0.00,40.00,0.00,0,143
797.03,1551967453,7149.98,51.46388482,7.48101786,167.44,14.71,0.00,196.20,0,-97.00,-11.00,0.00,0.00,40.00,0.00,0,143
797.03,1551967453,7150.00,51.46388482,7.48101786,167.44,14.71,0.00,196.20,0,-98.00,-12.00,0.00,0.00,40.00,0.00,0,141
798.03,1551967454,7164.69,51.46375800,7.48095854,167.67,14.43,0.00,195.62,0,-97.00,-11.00,0.00,0.00,40.00,0.00,0,143
798.03,1551967454,7164.70,51.46375800,7.48095854,167.67,14.43,0.00,195.62,0,-98.00,-12.00,0.00,0.00,40.00,0.00,0,141
799.03,1551967455,7179.12,51.46363331,7.48090155,168.02,14.14,0.00,195.90,0,-95.00,-11.00,0.00,0.00,41.00,0.00,0,143
799.03,1551967455,7179.14,51.46363331,7.48090155,168.02,14.14,0.00,195.90,0,-99.00,-14.00,0.00,0.00,41.00,0.00,0,141
800.03,1551967456,7193.27,51.46350526,7.48084482,168.66,14.19,0.00,196.54,0,-95.00,-11.00,0.00,0.00,41.00,0.00,0,143
800.03,1551967456,7193.28,51.46350526,7.48084482,168.66,14.19,0.00,196.54,0,-99.00,-14.00,0.00,0.00,41.00,0.00,0,141
801.03,1551967457,7207.46,51.46337839,7.48078610,169.20,14.60,0.00,196.42,0,-90.00,-8.00,0.00,0.00,44.00,0.00,0,143
801.03,1551967457,7207.47,51.46337839,7.48078610,169.20,14.60,0.00,196.42,0,-93.00,-11.00,0.00,0.00,44.00,0.00,0,141
802.02,1551967458,7222.03,51.46325365,7.48072872,169.60,14.46,0.00,196.28,0,-90.00,-8.00,0.00,0.00,44.00,0.00,0,143
802.02,1551967458,7222.04,51.46325365,7.48072872,169.60,14.46,0.00,196.28,0,-93.00,-11.00,0.00,0.00,44.00,0.00,0,141
803.03,1551967459,7236.51,51.46313394,7.48067460,169.95,13.81,0.00,197.04,0,-91.00,-8.00,0.00,0.00,43.00,0.00,0,289
803.03,1551967459,7236.53,51.46313394,7.48067460,169.95,13.81,0.00,197.04,0,-97.00,-14.00,0.00,0.00,43.00,0.00,0,141
804.03,1551967460,7250.32,51.46300888,7.48061711,170.25,13.69,0.00,196.62,0,-91.00,-8.00,0.00,0.00,43.00,0.00,0,289
804.03,1551967460,7250.32,51.46300888,7.48061711,170.25,13.69,0.00,196.62,0,-97.00,-14.00,0.00,0.00,43.00,0.00,0,141
805.02,1551967461,7264.00,51.46288720,7.48056055,170.28,13.51,0.00,197.08,0,-94.00,-8.00,0.00,0.00,41.00,0.00,0,289
806.02,1551967462,7277.51,51.46276879,7.48050545,170.14,13.48,0.00,196.86,0,-94.00,-8.00,0.00,0.00,41.00,0.00,0,289
807.03,1551967463,7291.00,51.46265335,7.48045084,170.14,13.16,0.00,196.13,0,-92.00,-10.00,0.00,0.00,44.00,0.00,0,289
807.03,1551967463,7291.01,51.46265335,7.48045084,170.14,13.16,0.00,196.13,0,-94.00,-12.00,0.00,0.00,43.00,0.00,0,141
808.03,1551967464,7304.22,51.46254893,7.48040397,170.22,12.24,0.00,195.72,0,-92.00,-10.00,0.00,0.00,44.00,0.00,0,289
808.03,1551967464,7304.22,51.46254893,7.48040397,170.22,12.24,0.00,195.72,0,-94.00,-12.00,0.00,0.00,43.00,0.00,0,141
809.02,1551967465,7316.38,51.46245345,7.48036443,170.36,10.87,0.00,194.88,0,-93.00,-13.00,0.00,0.00,46.00,0.00,0,289
810.03,1551967466,7327.28,51.46237265,7.48033234,170.57,8.84,0.00,194.56,0,-93.00,-13.00,0.00,0.00,46.00,0.00,0,289
811.03,1551967467,7336.12,51.46231179,7.48030807,170.73,6.86,0.00,195.22,0,-96.00,-11.00,0.00,0.00,41.00,0.00,0,289
812.03,1551967468,7342.97,51.46225896,7.48028697,170.87,6.03,0.00,195.88,0,-96.00,-11.00,0.00,0.00,41.00,0.00,0,289
815.03,1551967471,7357.58,51.46214416,7.48023863,171.09,2.16,0.00,196.18,0,-97.00,-10.00,0.00,0.00,39.00,0.00,0,289
816.02,1551967472,7359.72,51.46211972,7.48022681,171.10,2.03,0.00,196.80,0,-97.00,-10.00,0.00,0.00,39.00,0.00,0,289
817.02,1551967473,7361.75,51.46207966,7.48020793,171.15,4.70,0.00,196.21,0,-97.00,-10.00,0.00,0.00,39.00,0.00,0,289
818.02,1551967474,7366.45,51.46203233,7.48021904,171.14,6.52,0.00,176.52,0,-97.00,-8.00,0.00,0.00,38.00,0.00,0,289
819.02,1551967475,7372.97,51.46199174,7.48027054,171.08,6.07,0.00,144.05,0,-97.00,-8.00,0.00,0.00,38.00,0.00,0,289
826.03,1551967482,7431.23,51.46199456,7.48116165,174.53,9.39,0.00,90.16,0,-101.00,-11.00,0.00,0.00,39.00,0.00,0,289
827.03,1551967483,7440.62,51.46199613,7.48131244,175.05,10.25,0.00,90.74,0,-101.00,-11.00,0.00,0.00,39.00,0.00,0,289
830.03,1551967486,7472.85,51.46199539,7.48177638,175.97,10.94,0.00,90.98,0,-100.00,-14.00,0.00,0.00,39.00,0.00,0,141
831.02,1551967487,7483.78,51.46199560,7.48194006,176.04,10.61,0.00,91.15,0,-100.00,-14.00,0.00,0.00,39.00,0.00,0,141
832.03,1551967488,7494.40,51.46199587,7.48208286,176.16,10.43,0.00,91.23,0,-98.00,-11.00,0.00,0.00,38.00,0.00,0,289
832.03,1551967488,7494.40,51.46199587,7.48208286,176.16,10.43,0.00,91.23,0,-102.00,-14.00,0.00,0.00,39.00,0.00,0,141
833.03,1551967489,7504.83,51.46199526,7.48222963,176.30,10.34,0.00,90.85,0,-98.00,-11.00,0.00,0.00,38.00,0.00,0,289
833.03,1551967489,7504.83,51.46199526,7.48222963,176.30,10.34,0.00,90.85,0,-102.00,-14.00,0.00,0.00,39.00,0.00,0,141
834.03,1551967490,7515.17,51.46199500,7.48237696,176.51,10.42,0.00,90.86,0,-101.00,-12.00,0.00,0.00,37.00,0.00,0,289
834.03,1551967490,7515.18,51.46199500,7.48237696,176.51,10.42,0.00,90.86,0,-101.00,-14.00,0.00,0.00,39.00,0.00,0,141
835.03,1551967491,7525.60,51.46199455,7.48253553,176.49,10.86,0.00,90.92,0,-101.00,-12.00,0.00,0.00,37.00,0.00,0,289
835.03,1551967491,7525.60,51.46199455,7.48253553,176.49,10.86,0.00,90.92,0,-101.00,-14.00,0.00,0.00,39.00,0.00,0,141
836.03,1551967492,7536.53,51.46199354,7.48269696,176.48,10.74,0.00,90.83,0,-101.00,-11.00,0.00,0.00,36.00,0.00,0,141
836.03,1551967492,7536.54,51.46199354,7.48269696,176.48,10.74,0.00,90.83,0,-102.00,-10.00,0.00,0.00,33.00,0.00,0,289
837.03,1551967493,7547.20,51.46199286,7.48284946,176.52,10.31,0.00,90.59,0,-101.00,-11.00,0.00,0.00,36.00,0.00,0,141
837.03,1551967493,7547.21,51.46199286,7.48284946,176.52,10.31,0.00,90.59,0,-102.00,-10.00,0.00,0.00,33.00,0.00,0,289
838.03,1551967494,7557.51,51.46199293,7.48299246,176.60,9.90,0.00,90.22,0,-101.00,-11.00,0.00,0.00,36.00,0.00,0,141
838.03,1551967494,7557.52,51.46199293,7.48299246,176.60,9.90,0.00,90.22,0,-102.00,-10.00,0.00,0.00,33.00,0.00,0,289
839.02,1551967495,7567.37,51.46199289,7.48312903,176.41,9.35,0.00,90.95,0,-99.00,-10.00,0.00,0.00,37.00,0.00,0,289
839.02,1551967495,7567.37,51.46199289,7.48312903,176.41,9.35,0.00,90.95,0,-103.00,-15.00,0.00,0.00,38.00,0.00,0,141
839.02,1551967495,7567.38,51.46199289,7.48312903,176.41,9.35,0.00,90.95,0,-104.00,-15.00,0.00,0.00,37.00,0.00,0,112
840.03,1551967496,7576.76,51.46199173,7.48325713,175.90,9.00,0.00,91.48,0,-99.00,-10.00,0.00,0.00,37.00,0.00,0,289
840.03,1551967496,7576.77,51.46199173,7.48325713,175.90,9.00,0.00,91.48,0,-103.00,-15.00,0.00,0.00,38.00,0.00,0,141
840.03,1551967496,7576.77,51.46199173,7.48325713,175.90,9.00,0.00,91.48,0,-104.00,-15.00,0.00,0.00,37.00,0.00,0,112
841.03,1551967497,7585.75,51.46198980,7.48337676,175.57,7.50,0.00,91.86,0,-97.00,-13.00,0.00,0.00,41.00,0.00,0,289
841.03,1551967497,7585.76,51.46198980,7.48337676,175.57,7.50,0.00,91.86,0,-99.00,-15.00,0.00,0.00,42.00,0.00,0,141
841.03,1551967497,7585.76,51.46198980,7.48337676,175.57,7.50,0.00,91.86,0,-103.00,-19.00,0.00,0.00,42.00,0.00,0,376
842.02,1551967498,7593.22,51.46198443,7.48348994,174.83,9.81,0.00,94.04,0,-97.00,-13.00,0.00,0.00,41.00,0.00,0,289
842.02,1551967498,7593.23,51.46198443,7.48348994,174.83,9.81,0.00,94.04,0,-99.00,-15.00,0.00,0.00,42.00,0.00,0,141
842.02,1551967498,7593.23,51.46198443,7.48348994,174.83,9.81,0.00,94.04,0,-103.00,-19.00,0.00,0.00,42.00,0.00,0,376
845.03,1551967501,7622.79,51.46192954,7.48386783,174.32,8.72,0.00,97.36,0,-105.00,-17.00,0.00,0.00,39.00,0.00,0,289
845.03,1551967501,7622.79,51.46192954,7.48386783,174.32,8.72,0.00,97.36,0,-106.00,-18.00,0.00,0.00,38.00,0.00,0,143
846.03,1551967502,7631.50,51.46191164,7.48396872,174.26,7.25,0.00,110.69,0,-105.00,-17.00,0.00,0.00,39.00,0.00,0,289
846.03,1551967502,7631.51,51.46191164,7.48396872,174.26,7.25,0.00,110.69,0,-106.00,-18.00,0.00,0.00,38.00,0.00,0,143
847.03,1551967503,7638.75,51.46189301,7.48405330,174.51,7.01,0.00,124.57,0,-96.00,-11.00,0.00,0.00,40.00,0.00,0,289
848.02,1551967504,7645.75,51.46184985,7.48410661,175.03,7.72,0.00,149.85,0,-96.00,-11.00,0.00,0.00,40.00,0.00,0,289
870.03,1551967526,7880.17,51.45969930,7.48440278,189.62,12.95,0.00,188.04,0,-84.00,-15.00,0.00,0.00,57.00,0.00,0,143
871.03,1551967527,7893.12,51.45957552,7.48436598,190.87,13.47,0.00,188.88,0,-84.00,-15.00,0.00,0.00,57.00,0.00,0,143
872.03,1551967528,7906.59,51.45945472,7.48432555,191.97,13.50,0.00,189.60,0,-81.00,-10.00,0.00,0.00,55.00,0.00,0,143
872.03,1551967528,7906.60,51.45945472,7.48432555,191.97,13.50,0.00,189.60,0,-84.00,-13.00,0.00,0.00,55.00,0.00,0,142
873.03,1551967529,7920.10,51.45934129,7.48429000,192.80,13.08,0.00,190.52,0,-81.00,-10.00,0.00,0.00,55.00,0.00,0,143
873.03,1551967529,7920.11,51.45934129,7.48429000,192.80,13.08,0.00,190.52,0,-84.00,-13.00,0.00,0.00,55.00,0.00,0,142
874.03,1551967530,7933.18,51.45922646,7.48424940,193.59,12.51,0.00,191.06,0,-72.00,-7.00,0.00,0.00,62.00,0.00,0,143
874.03,1551967530,7933.18,51.45922646,7.48424940,193.59,12.51,0.00,191.06,0,-76.00,-13.00,0.00,0.00,63.00,0.00,0,142
875.03,1551967531,7945.68,51.45911896,7.48421292,194.64,12.50,0.00,191.70,0,-72.00,-7.00,0.00,0.00,62.00,0.00,0,143
875.03,1551967531,7945.69,51.45911896,7.48421292,194.64,12.50,0.00,191.70,0,-76.00,-13.00,0.00,0.00,63.00,0.00,0,142
881.03,1551967537,8018.86,51.45852191,7.48402088,201.06,8.81,0.00,190.41,0,-76.00,-14.00,0.00,0.00,63.00,0.00,0,142
882.03,1551967538,8027.67,51.45844541,7.48399927,202.44,8.49,0.00,190.92,0,-76.00,-14.00,0.00,0.00,63.00,0.00,0,142
883.03,1551967539,8036.16,51.45838368,7.48397706,203.36,6.76,0.00,192.54,0,-79.00,-12.00,0.00,0.00,58.00,0.00,0,142
884.02,1551967540,8042.91,51.45834589,7.48396198,203.38,3.50,0.00,192.23,0,-79.00,-12.00,0.00,0.00,58.00,0.00,0,142
885.02,1551967541,8046.40,51.45830935,7.48394963,203.43,2.49,0.00,194.53,0,-76.00,-9.00,0.00,0.00,59.00,0.00,0,142
886.02,1551967542,8048.89,51.45828096,7.48391077,203.46,3.31,0.00,225.79,0,-76.00,-9.00,0.00,0.00,59.00,0.00,0,142
887.02,1551967543,8052.20,51.45823735,7.48388165,203.98,4.82,0.00,201.68,0,-79.00,-10.00,0.00,0.00,58.00,0.00,0,142
888.03,1551967544,8057.03,51.45816567,7.48386599,204.45,7.47,0.00,184.81,0,-79.00,-10.00,0.00,0.00,58.00,0.00,0,142
889.02,1551967545,8064.49,51.45807747,7.48385319,204.37,9.45,0.00,186.47,0,-78.00,-9.00,0.00,0.00,57.00,0.00,0,142
890.02,1551967546,8073.94,51.45798261,7.48383009,204.52,10.46,0.00,188.15,0,-78.00,-9.00,0.00,0.00,57.00,0.00,0,142
891.03,1551967547,8084.41,51.45787819,7.48380836,204.42,11.54,0.00,188.92,0,-77.00,-11.00,0.00,0.00,60.00,0.00,0,142
892.02,1551967548,8095.94,51.45776429,7.48377440,204.66,12.54,0.00,189.79,0,-77.00,-11.00,0.00,0.00,60.00,0.00,0,142
893.03,1551967549,8108.49,51.45764806,7.48374196,205.04,13.42,0.00,190.50,0,-80.00,-13.00,0.00,0.00,58.00,0.00,0,142
893.03,1551967549,8108.51,51.45764806,7.48374196,205.04,13.42,0.00,190.50,0,-85.00,-17.00,0.00,0.00,58.00,0.00,0,289
894.03,1551967550,8121.91,51.45753277,7.48370599,205.28,13.46,0.00,191.43,0,-80.00,-13.00,0.00,0.00,58.00,0.00,0,142
894.03,1551967550,8121.93,51.45753277,7.48370599,205.28,13.46,0.00,191.43,0,-85.00,-17.00,0.00,0.00,58.00,0.00,0,289
895.03,1551967551,8135.38,51.45741288,7.48366509,205.42,13.63,0.00,191.90,0,-80.00,-12.00,0.00,0.00,58.00,0.00,0,142
895.03,1551967551,8135.38,51.45741288,7.48366509,205.42,13.63,0.00,191.90,0,-86.00,-18.00,0.00,0.00,57.00,0.00,0,289
896.03,1551967552,8149.01,51.45729392,7.48363057,205.52,13.91,0.00,191.58,0,-80.00,-12.00,0.00,0.00,58.00,0.00,0,142
896.03,1551967552,8149.02,51.45729392,7.48363057,205.52,13.91,0.00,191.58,0,-86.00,-18.00,0.00,0.00,57.00,0.00,0,289
897.03,1551967553,8162.91,51.45717024,7.48358886,205.86,14.04,0.00,191.24,0,-85.00,-9.00,0.00,0.00,50.00,0.00,0,142
897.03,1551967553,8162.91,51.45717024,7.48358886,205.86,14.04,0.00,191.24,0,-86.00,-8.00,0.00,0.00,49.00,0.00,0,289
898.03,1551967554,8176.97,51.45704135,7.48354416,206.24,13.92,0.00,191.06,0,-85.00,-9.00,0.00,0.00,50.00,0.00,0,142
898.03,1551967554,8176.97,51.45704135,7.48354416,206.24,13.92,0.00,191.06,0,-86.00,-8.00,0.00,0.00,49.00,0.00,0,289
899.03,1551967555,8190.97,51.45691508,7.48350437,207.04,13.92,0.00,190.27,0,-82.00,-11.00,0.00,0.00,56.00,0.00,0,289
900.03,1551967556,8204.79,51.45678987,7.48346644,207.84,14.19,0.00,189.95,0,-82.00,-11.00,0.00,0.00,56.00,0.00,0,289
901.03,1551967557,8218.97,51.45666050,7.48342758,208.71,14.53,0.00,189.54,0,-82.00,-11.00,0.00,0.00,56.00,0.00,0,289
902.02,1551967558,8233.44,51.45653002,7.48339742,209.28,14.75,0.00,188.70,0,-85.00,-14.00,0.00,0.00,55.00,0.00,0,289
903.03,1551967559,8248.25,51.45640135,7.48336692,210.12,14.65,0.00,187.94,0,-85.00,-14.00,0.00,0.00,55.00,0.00,0,289
904.03,1551967560,8262.90,51.45627722,7.48334423,211.19,14.62,0.00,187.51,0,-89.00,-12.00,0.00,0.00,51.00,0.00,0,289
905.03,1551967561,8277.52,51.45615842,7.48332559,212.47,14.62,0.00,186.76,0,-89.00,-12.00,0.00,0.00,51.00,0.00,0,289
939.03,1551967595,8769.89,51.45225319,7.48669548,221.72,14.62,0.00,144.24,0,-108.00,-12.00,0.00,0.00,29.00,0.00,0,429
940.02,1551967596,8784.50,51.45214013,7.48683876,222.16,15.27,0.00,145.39,0,-108.00,-12.00,0.00,0.00,29.00,0.00,0,429
941.03,1551967597,8799.92,51.45202723,7.48696821,223.06,14.97,0.00,147.75,0,-112.00,-14.00,0.00,0.00,27.00,0.00,0,429
941.04,1551967597,8799.94,51.45202723,7.48696821,223.06,14.97,0.00,147.75,0,-113.00,-15.00,0.00,0.00,27.00,0.00,0,290
941.04,1551967597,8799.94,51.45202723,7.48696821,223.06,14.97,0.00,147.75,0,-114.00,-17.00,0.00,0.00,28.00,0.00,0,465
942.03,1551967598,8814.78,51.45191038,7.48707893,224.08,14.55,0.00,150.59,0,-112.00,-14.00,0.00,0.00,27.00,0.00,0,429
942.03,1551967598,8814.78,51.45191038,7.48707893,224.08,14.55,0.00,150.59,0,-113.00,-15.00,0.00,0.00,27.00,0.00,0,290
942.03,1551967598,8814.80,51.45191038,7.48707893,224.08,14.55,0.00,150.59,0,-114.00,-17.00,0.00,0.00,28.00,0.00,0,465
943.03,1551967599,8829.32,51.45179567,7.48717593,225.63,14.79,0.00,152.01,0,-112.00,-14.00,0.00,0.00,27.00,0.00,0,429
943.03,1551967599,8829.34,51.45179567,7.48717593,225.63,14.79,0.00,152.01,0,-113.00,-15.00,0.00,0.00,27.00,0.00,0,290
943.03,1551967599,8829.34,51.45179567,7.48717593,225.63,14.79,0.00,152.01,0,-114.00,-17.00,0.00,0.00,28.00,0.00,0,465
944.03,1551967600,8844.11,51.45167733,7.48726348,226.69,14.48,0.00,155.17,0,-111.00,-16.00,0.00,0.00,32.00,0.00,0,429
944.03,1551967600,8844.11,51.45167733,7.48726348,226.69,14.48,0.00,155.17,0,-112.00,-17.00,0.00,0.00,32.00,0.00,0,290
944.03,1551967600,8844.12,51.45167733,7.48726348,226.69,14.48,0.00,155.17,0,-112.00,-18.00,0.00,0.00,32.00,0.00,0,465
945.03,1551967601,8858.59,51.45155751,7.48734268,227.17,13.23,0.00,157.57,0,-111.00,-16.00,0.00,0.00,32.00,0.00,0,429
945.03,1551967601,8858.60,51.45155751,7.48734268,227.17,13.23,0.00,157.57,0,-112.00,-17.00,0.00,0.00,32.00,0.00,0,290
945.03,1551967601,8858.60,51.45155751,7.48734268,227.17,13.23,0.00,157.57,0,-112.00,-18.00,0.00,0.00,32.00,0.00,0,465
946.03,1551967602,8871.82,51.45143849,7.48736875,227.93,12.19,0.00,175.33,0,-107.00,-13.00,0.00,0.00,31.00,0.00,0,429
946.03,1551967602,8871.82,51.45143849,7.48736875,227.93,12.19,0.00,175.33,0,-111.00,-16.00,0.00,0.00,30.00,0.00,0,289
946.03,1551967602,8871.84,51.45143849,7.48736875,227.93,12.19,0.00,175.33,0,-111.00,-16.00,0.00,0.00,31.00,0.00,0,290
947.03,1551967603,8884.02,51.45132240,7.48738953,228.73,12.10,0.00,174.75,0,-107.00,-13.00,0.00,0.00,31.00,0.00,0,429
947.03,1551967603,8884.02,51.45132240,7.48738953,228.73,12.10,0.00,174.75,0,-111.00,-16.00,0.00,0.00,30.00,0.00,0,289
947.03,1551967603,8884.03,51.45132240,7.48738953,228.73,12.10,0.00,174.75,0,-111.00,-16.00,0.00,0.00,31.00,0.00,0,290
948.03,1551967604,8896.12,51.45120512,7.48745003,229.56,13.26,0.00,162.09,0,-110.00,-14.00,0.00,0.00,29.00,0.00,0,429
948.03,1551967604,8896.13,51.45120512,7.48745003,229.56,13.26,0.00,162.09,0,-112.00,-16.00,0.00,0.00,29.00,0.00,0,289
948.03,1551967604,8896.14,51.45120512,7.48745003,229.56,13.26,0.00,162.09,0,-112.00,-16.00,0.00,0.00,29.00,0.00,0,290
949.03,1551967605,8909.37,51.45108462,7.48751017,230.25,13.31,0.00,161.55,0,-110.00,-14.00,0.00,0.00,29.00,0.00,0,429
949.03,1551967605,8909.37,51.45108462,7.48751017,230.25,13.31,0.00,161.55,0,-112.00,-16.00,0.00,0.00,29.00,0.00,0,289
949.03,1551967605,8909.38,51.45108462,7.48751017,230.25,13.31,0.00,161.55,0,-112.00,-16.00,0.00,0.00,29.00,0.00,0,290
