18.03,1551880424,240.11,51.49068089,7.41596298,162.76,13.71,0.00,88.19,0,-85.00,-13.00,0.00,0.00,54.00,0.00,0,319
19.02,1551880425,253.80,51.49067356,7.41615971,161.76,13.29,0.00,91.07,0,-85.00,-13.00,0.00,0.00,54.00,0.00,0,319
39.02,1551880445,318.92,51.49056686,7.41694711,157.38,0.00,0.00,97.32,0,-91.00,-17.00,0.00,0.00,53.00,0.00,0,171
40.03,1551880446,318.93,51.49052953,7.41710528,157.43,5.79,0.00,116.76,0,-91.00,-17.00,0.00,0.00,53.00,0.00,0,171
45.03,1551880451,361.54,51.49008598,7.41734682,155.03,12.99,0.00,166.77,0,-91.00,-14.00,0.00,0.00,48.00,0.00,0,171
46.03,1551880452,374.42,51.48996681,7.41739112,154.23,14.07,0.00,166.26,0,-91.00,-14.00,0.00,0.00,48.00,0.00,0,171
47.03,1551880453,388.51,51.48985590,7.41743673,153.70,14.87,0.00,165.07,0,-91.00,-14.00,0.00,0.00,48.00,0.00,0,171
48.03,1551880454,403.38,51.48973075,7.41749123,153.35,15.15,0.00,165.85,0,-96.00,-19.00,0.00,0.00,48.00,0.00,0,62
48.03,1551880454,403.39,51.48973075,7.41749123,153.35,15.15,0.00,165.85,0,-96.00,-18.00,0.00,0.00,48.00,0.00,0,171
49.03,1551880455,418.54,51.48960268,7.41754075,153.12,15.22,0.00,166.58,0,-96.00,-19.00,0.00,0.00,48.00,0.00,0,62
49.03,1551880455,418.54,51.48960268,7.41754075,153.12,15.22,0.00,166.58,0,-96.00,-18.00,0.00,0.00,48.00,0.00,0,171
54.03,1551880460,496.06,51.48888993,7.41774794,152.50,15.91,0.00,171.93,0,-89.00,-14.00,0.00,0.00,51.00,0.00,0,171
55.03,1551880461,511.95,51.48874062,7.41776616,152.22,15.86,0.00,174.38,0,-89.00,-14.00,0.00,0.00,51.00,0.00,0,171
56.03,1551880462,527.82,51.48860050,7.41777242,152.11,15.85,0.00,177.05,0,-78.00,-17.00,0.00,0.00,63.00,0.00,0,171
57.03,1551880463,543.68,51.48845252,7.41776909,151.86,16.07,0.00,179.06,0,-78.00,-17.00,0.00,0.00,63.00,0.00,0,171
58.03,1551880464,559.75,51.48830687,7.41775776,151.56,16.11,0.00,180.48,0,-86.00,-13.00,0.00,0.00,54.00,0.00,0,171
59.03,1551880465,575.84,51.48816281,7.41774788,151.15,15.98,0.00,181.35,0,-86.00,-13.00,0.00,0.00,54.00,0.00,0,171
60.03,1551880466,591.83,51.48801251,7.41773964,150.83,15.88,0.00,180.37,0,-84.00,-11.00,0.00,0.00,53.00,0.00,0,171
61.03,1551880467,607.71,51.48785927,7.41773708,150.54,16.36,0.00,179.04,0,-84.00,-11.00,0.00,0.00,53.00,0.00,0,171
62.03,1551880468,624.08,51.48772235,7.41774155,150.10,16.37,0.00,177.35,0,-91.00,-12.00,0.00,0.00,47.00,0.00,0,171
62.03,1551880468,624.08,51.48772235,7.41774155,150.10,16.37,0.00,177.35,0,-98.00,-17.00,0.00,0.00,47.00,0.00,0,61
63.03,1551880469,640.42,51.48758964,7.41775954,149.44,16.28,0.00,174.89,0,-91.00,-12.00,0.00,0.00,47.00,0.00,0,171
63.03,1551880469,640.44,51.48758964,7.41775954,149.44,16.28,0.00,174.89,0,-98.00,-17.00,0.00,0.00,47.00,0.00,0,61
64.03,1551880470,656.72,51.48746880,7.41783116,149.12,15.50,0.00,159.30,0,-93.00,-12.00,0.00,0.00,45.00,0.00,0,171
64.03,1551880470,656.73,51.48746880,7.41783116,149.12,15.50,0.00,159.30,0,-99.00,-14.00,0.00,0.00,40.00,0.00,0,61
65.03,1551880471,672.22,51.48734890,7.41791697,148.87,15.52,0.00,156.50,0,-93.00,-12.00,0.00,0.00,45.00,0.00,0,171
65.03,1551880471,672.23,51.48734890,7.41791697,148.87,15.52,0.00,156.50,0,-99.00,-14.00,0.00,0.00,40.00,0.00,0,61
66.04,1551880472,687.88,51.48723496,7.41805141,148.63,15.63,0.00,142.52,0,-93.00,-13.00,0.00,0.00,45.00,0.00,0,171
66.04,1551880472,687.89,51.48723496,7.41805141,148.63,15.63,0.00,142.52,0,-100.00,-19.00,0.00,0.00,45.00,0.00,0,146
66.04,1551880472,687.91,51.48723496,7.41805141,148.63,15.63,0.00,142.52,0,-100.00,-20.00,0.00,0.00,45.00,0.00,0,61
67.03,1551880473,703.39,51.48712567,7.41819828,148.04,15.86,0.00,139.65,0,-93.00,-13.00,0.00,0.00,45.00,0.00,0,171
67.03,1551880473,703.41,51.48712567,7.41819828,148.04,15.86,0.00,139.65,0,-100.00,-19.00,0.00,0.00,45.00,0.00,0,146
67.03,1551880473,703.41,51.48712567,7.41819828,148.04,15.86,0.00,139.65,0,-100.00,-20.00,0.00,0.00,45.00,0.00,0,61
68.03,1551880474,719.25,51.48702531,7.41834898,147.40,15.60,0.00,137.76,0,-93.00,-13.00,0.00,0.00,45.00,0.00,0,171
68.03,1551880474,719.27,51.48702531,7.41834898,147.40,15.60,0.00,137.76,0,-100.00,-19.00,0.00,0.00,45.00,0.00,0,146
68.03,1551880474,719.27,51.48702531,7.41834898,147.40,15.60,0.00,137.76,0,-100.00,-20.00,0.00,0.00,45.00,0.00,0,61
69.03,1551880475,734.82,51.48691921,7.41850223,146.51,14.79,0.00,138.34,0,-96.00,-11.00,0.00,0.00,41.00,0.00,0,171
70.03,1551880476,749.59,51.48682026,7.41862541,145.28,14.08,0.00,142.14,0,-96.00,-11.00,0.00,0.00,41.00,0.00,0,171
71.03,1551880477,763.68,51.48669801,7.41868992,143.54,13.34,0.00,161.96,0,-95.00,-12.00,0.00,0.00,43.00,0.00,0,171
72.03,1551880478,777.02,51.48657122,7.41874187,142.08,13.97,0.00,165.63,0,-95.00,-12.00,0.00,0.00,43.00,0.00,0,171
73.03,1551880479,790.99,51.48645163,7.41873184,141.19,13.51,0.00,184.25,0,-92.00,-14.00,0.00,0.00,48.00,0.00,0,171
74.03,1551880480,804.50,51.48632364,7.41871174,140.23,13.58,0.00,186.23,0,-92.00,-14.00,0.00,0.00,48.00,0.00,0,171
75.03,1551880481,818.10,51.48619978,7.41867547,139.72,13.35,0.00,189.88,0,-91.00,-12.00,0.00,0.00,48.00,0.00,0,171
75.03,1551880481,818.10,51.48619978,7.41867547,139.72,13.35,0.00,189.88,0,-96.00,-17.00,0.00,0.00,49.00,0.00,0,61
76.03,1551880482,831.43,51.48608074,7.41863083,139.77,13.26,0.00,192.09,0,-91.00,-12.00,0.00,0.00,48.00,0.00,0,171
76.03,1551880482,831.45,51.48608074,7.41863083,139.77,13.26,0.00,192.09,0,-96.00,-17.00,0.00,0.00,49.00,0.00,0,61
77.03,1551880483,844.70,51.48596692,7.41858583,139.98,12.70,0.00,191.71,0,-93.00,-13.00,0.00,0.00,48.00,0.00,0,171
77.03,1551880483,844.71,51.48596692,7.41858583,139.98,12.70,0.00,191.71,0,-94.00,-15.00,0.00,0.00,47.00,0.00,0,61
77.03,1551880483,844.73,51.48596692,7.41858583,139.98,12.70,0.00,191.71,0,-97.00,-18.00,0.00,0.00,48.00,0.00,0,146
78.03,1551880484,857.40,51.48586532,7.41855340,140.04,11.47,0.00,189.25,0,-93.00,-13.00,0.00,0.00,48.00,0.00,0,171
78.03,1551880484,857.41,51.48586532,7.41855340,140.04,11.47,0.00,189.25,0,-94.00,-15.00,0.00,0.00,47.00,0.00,0,61
78.03,1551880484,857.42,51.48586532,7.41855340,140.04,11.47,0.00,189.25,0,-97.00,-18.00,0.00,0.00,48.00,0.00,0,146
79.03,1551880485,868.89,51.48575890,7.41856034,140.17,11.96,0.00,176.07,0,-92.00,-11.00,0.00,0.00,43.00,0.00,0,61
79.03,1551880485,868.89,51.48575890,7.41856034,140.17,11.96,0.00,176.07,0,-95.00,-12.00,0.00,0.00,43.00,0.00,0,171
79.03,1551880485,868.90,51.48575890,7.41856034,140.17,11.96,0.00,176.07,0,-95.00,-11.00,0.00,0.00,42.00,0.00,0,146
80.03,1551880486,880.82,51.48565643,7.41857506,140.42,11.95,0.00,174.19,0,-92.00,-11.00,0.00,0.00,43.00,0.00,0,61
80.03,1551880486,880.84,51.48565643,7.41857506,140.42,11.95,0.00,174.19,0,-95.00,-12.00,0.00,0.00,43.00,0.00,0,171
80.03,1551880486,880.84,51.48565643,7.41857506,140.42,11.95,0.00,174.19,0,-95.00,-11.00,0.00,0.00,42.00,0.00,0,146
81.03,1551880487,892.77,51.48555781,7.41860396,140.95,11.98,0.00,171.06,0,-97.00,-12.00,0.00,0.00,40.00,0.00,0,171
81.03,1551880487,892.78,51.48555781,7.41860396,140.95,11.98,0.00,171.06,0,-100.00,-15.00,0.00,0.00,40.00,0.00,0,61
81.03,1551880487,892.78,51.48555781,7.41860396,140.95,11.98,0.00,171.06,0,-101.00,-15.00,0.00,0.00,40.00,0.00,0,146
82.03,1551880488,904.75,51.48546476,7.41866572,141.51,11.97,0.00,157.63,0,-97.00,-12.00,0.00,0.00,40.00,0.00,0,171
82.03,1551880488,904.76,51.48546476,7.41866572,141.51,11.97,0.00,157.63,0,-100.00,-15.00,0.00,0.00,40.00,0.00,0,61
82.03,1551880488,904.76,51.48546476,7.41866572,141.51,11.97,0.00,157.63,0,-101.00,-15.00,0.00,0.00,40.00,0.00,0,146
83.03,1551880489,916.70,51.48536616,7.41873198,141.97,12.15,0.00,156.21,0,-94.00,-14.00,0.00,0.00,46.00,0.00,0,319
84.03,1551880490,928.85,51.48526698,7.41880399,142.73,12.29,0.00,155.18,0,-94.00,-14.00,0.00,0.00,46.00,0.00,0,319
85.03,1551880491,941.15,51.48516560,7.41887831,143.45,11.78,0.00,155.48,0,-93.00,-16.00,0.00,0.00,49.00,0.00,0,319
86.03,1551880492,952.92,51.48507365,7.41893777,144.46,11.37,0.00,158.43,0,-93.00,-16.00,0.00,0.00,49.00,0.00,0,319
87.03,1551880493,964.39,51.48497011,7.41896481,145.22,11.78,0.00,173.25,0,-89.00,-13.00,0.00,0.00,52.00,0.00,0,319
88.03,1551880494,976.08,51.48485542,7.41898499,145.78,12.10,0.00,174.83,0,-89.00,-13.00,0.00,0.00,52.00,0.00,0,319
89.03,1551880495,988.19,51.48473560,7.41898958,146.10,12.91,0.00,177.96,0,-89.00,-13.00,0.00,0.00,52.00,0.00,0,319
90.03,1551880496,1001.11,51.48461435,7.41897864,146.49,13.18,0.00,181.98,0,-91.00,-12.00,0.00,0.00,47.00,0.00,0,319
91.03,1551880497,1014.29,51.48448939,7.41891850,146.81,13.43,0.00,196.75,0,-91.00,-12.00,0.00,0.00,47.00,0.00,0,319
92.03,1551880498,1027.77,51.48437386,7.41885448,146.99,13.69,0.00,198.93,0,-101.00,-14.00,0.00,0.00,39.00,0.00,0,319
93.03,1551880499,1041.39,51.48425798,7.41877194,147.27,14.22,0.00,201.95,0,-101.00,-14.00,0.00,0.00,39.00,0.00,0,319
94.03,1551880500,1055.62,51.48413516,7.41867311,147.12,14.56,0.00,205.05,0,-98.00,-18.00,0.00,0.00,45.00,0.00,0,319
95.03,1551880501,1070.20,51.48401746,7.41856841,146.88,14.63,0.00,207.46,0,-98.00,-18.00,0.00,0.00,45.00,0.00,0,319
96.03,1551880502,1084.80,51.48390869,7.41845778,146.77,14.39,0.00,209.54,0,-99.00,-16.00,0.00,0.00,42.00,0.00,0,319
97.03,1551880503,1099.21,51.48379936,7.41833661,146.84,14.32,0.00,210.79,0,-99.00,-16.00,0.00,0.00,42.00,0.00,0,319
98.03,1551880504,1113.55,51.48369583,7.41822378,146.84,14.26,0.00,211.79,0,-104.00,-14.00,0.00,0.00,36.00,0.00,0,146
98.03,1551880504,1113.56,51.48369583,7.41822378,146.84,14.26,0.00,211.79,0,-106.00,-17.00,0.00,0.00,36.00,0.00,0,319
98.03,1551880504,1113.58,51.48369583,7.41822378,146.84,14.26,0.00,211.79,0,-106.00,-15.00,0.00,0.00,35.00,0.00,0,306
99.03,1551880505,1127.81,51.48359622,7.41810721,146.68,14.37,0.00,212.53,0,-104.00,-14.00,0.00,0.00,36.00,0.00,0,146
99.03,1551880505,1127.82,51.48359622,7.41810721,146.68,14.37,0.00,212.53,0,-106.00,-17.00,0.00,0.00,36.00,0.00,0,319
99.03,1551880505,1127.82,51.48359622,7.41810721,146.68,14.37,0.00,212.53,0,-106.00,-15.00,0.00,0.00,35.00,0.00,0,306
100.03,1551880506,1142.18,51.48348651,7.41798450,146.39,14.55,0.00,212.89,0,-104.00,-15.00,0.00,0.00,37.00,0.00,0,146
100.03,1551880506,1142.20,51.48348651,7.41798450,146.39,14.55,0.00,212.89,0,-105.00,-16.00,0.00,0.00,37.00,0.00,0,339
100.03,1551880506,1142.20,51.48348651,7.41798450,146.39,14.55,0.00,212.89,0,-106.00,-17.00,0.00,0.00,36.00,0.00,0,377
101.03,1551880507,1156.74,51.48337256,7.41786170,146.13,14.67,0.00,212.93,0,-104.00,-15.00,0.00,0.00,37.00,0.00,0,146
101.03,1551880507,1156.74,51.48337256,7.41786170,146.13,14.67,0.00,212.93,0,-105.00,-16.00,0.00,0.00,37.00,0.00,0,339
101.03,1551880507,1156.76,51.48337256,7.41786170,146.13,14.67,0.00,212.93,0,-106.00,-17.00,0.00,0.00,36.00,0.00,0,377
106.03,1551880512,1229.38,51.48282504,7.41735039,145.36,14.53,0.00,205.75,0,-107.00,-17.00,0.00,0.00,36.00,0.00,0,266
106.03,1551880512,1229.40,51.48282504,7.41735039,145.36,14.53,0.00,205.75,0,-108.00,-18.00,0.00,0.00,36.00,0.00,0,61
107.03,1551880513,1243.91,51.48271248,7.41727009,145.92,14.58,0.00,204.28,0,-107.00,-17.00,0.00,0.00,36.00,0.00,0,266
107.03,1551880513,1243.92,51.48271248,7.41727009,145.92,14.58,0.00,204.28,0,-108.00,-18.00,0.00,0.00,36.00,0.00,0,61
111.03,1551880517,1301.36,51.48223226,7.41696701,147.35,13.40,0.00,200.57,0,-104.00,-17.00,0.00,0.00,38.00,0.00,0,266
111.03,1551880517,1301.36,51.48223226,7.41696701,147.35,13.40,0.00,200.57,0,-104.00,-15.00,0.00,0.00,37.00,0.00,0,27
112.03,1551880518,1314.76,51.48211804,7.41690139,147.32,13.71,0.00,200.10,0,-104.00,-17.00,0.00,0.00,38.00,0.00,0,266
112.03,1551880518,1314.77,51.48211804,7.41690139,147.32,13.71,0.00,200.10,0,-104.00,-15.00,0.00,0.00,37.00,0.00,0,27
113.03,1551880519,1328.46,51.48200304,7.41683672,147.52,13.73,0.00,200.38,0,-99.00,-10.00,0.00,0.00,37.00,0.00,0,27
113.03,1551880519,1328.48,51.48200304,7.41683672,147.52,13.73,0.00,200.38,0,-102.00,-12.00,0.00,0.00,38.00,0.00,0,171
114.03,1551880520,1342.19,51.48189639,7.41677965,147.87,12.65,0.00,200.71,0,-99.00,-10.00,0.00,0.00,37.00,0.00,0,27
114.03,1551880520,1342.20,51.48189639,7.41677965,147.87,12.65,0.00,200.71,0,-102.00,-12.00,0.00,0.00,38.00,0.00,0,171
115.03,1551880521,1354.85,51.48179768,7.41671990,148.11,10.51,0.00,201.11,0,-96.00,-10.00,0.00,0.00,39.00,0.00,0,171
115.03,1551880521,1354.86,51.48179768,7.41671990,148.11,10.51,0.00,201.11,0,-100.00,-13.00,0.00,0.00,38.00,0.00,0,27
116.03,1551880522,1365.34,51.48172265,7.41667311,148.25,7.77,0.00,201.66,0,-96.00,-10.00,0.00,0.00,39.00,0.00,0,171
116.03,1551880522,1365.34,51.48172265,7.41667311,148.25,7.77,0.00,201.66,0,-100.00,-13.00,0.00,0.00,38.00,0.00,0,27
117.03,1551880523,1373.13,51.48168286,7.41665428,148.81,4.85,0.00,201.43,0,-94.00,-11.00,0.00,0.00,42.00,0.00,0,171
117.03,1551880523,1373.13,51.48168286,7.41665428,148.81,4.85,0.00,201.43,0,-101.00,-17.00,0.00,0.00,41.00,0.00,0,134
117.03,1551880523,1373.14,51.48168286,7.41665428,148.81,4.85,0.00,201.43,0,-101.00,-14.00,0.00,0.00,39.00,0.00,0,27
118.03,1551880524,1377.97,51.48165825,7.41664332,148.91,2.55,0.00,201.21,0,-94.00,-11.00,0.00,0.00,42.00,0.00,0,171
118.03,1551880524,1377.97,51.48165825,7.41664332,148.91,2.55,0.00,201.21,0,-101.00,-17.00,0.00,0.00,41.00,0.00,0,134
118.03,1551880524,1377.97,51.48165825,7.41664332,148.91,2.55,0.00,201.21,0,-101.00,-14.00,0.00,0.00,39.00,0.00,0,27
119.03,1551880525,1380.52,51.48165252,7.41664723,149.04,0.32,0.00,201.21,0,-95.00,-10.00,0.00,0.00,42.00,0.00,0,134
119.03,1551880525,1380.52,51.48165252,7.41664723,149.04,0.32,0.00,201.21,0,-98.00,-13.00,0.00,0.00,42.00,0.00,0,146
119.03,1551880525,1380.52,51.48165252,7.41664723,149.04,0.32,0.00,201.21,0,-98.00,-12.00,0.00,0.00,40.00,0.00,0,27
120.03,1551880526,1380.84,51.48165252,7.41664723,149.05,0.00,0.00,201.21,0,-95.00,-10.00,0.00,0.00,42.00,0.00,0,134
120.03,1551880526,1380.84,51.48165252,7.41664723,149.05,0.00,0.00,201.21,0,-98.00,-13.00,0.00,0.00,42.00,0.00,0,146
120.03,1551880526,1380.84,51.48165252,7.41664723,149.05,0.00,0.00,201.21,0,-98.00,-12.00,0.00,0.00,40.00,0.00,0,27
121.03,1551880527,1380.84,51.48165252,7.41664723,149.07,0.00,0.00,201.21,0,-98.00,-14.00,0.00,0.00,42.00,0.00,0,134
121.03,1551880527,1380.84,51.48165252,7.41664723,149.07,0.00,0.00,201.21,0,-98.00,-14.00,0.00,0.00,41.00,0.00,0,27
121.03,1551880527,1380.84,51.48165252,7.41664723,149.07,0.00,0.00,201.21,0,-100.00,-15.00,0.00,0.00,42.00,0.00,0,146
122.02,1551880528,1380.84,51.48165252,7.41664723,149.08,0.00,0.00,201.21,0,-98.00,-14.00,0.00,0.00,42.00,0.00,0,134
122.02,1551880528,1380.84,51.48165252,7.41664723,149.08,0.00,0.00,201.21,0,-98.00,-14.00,0.00,0.00,41.00,0.00,0,27
122.02,1551880528,1380.84,51.48165252,7.41664723,149.08,0.00,0.00,201.21,0,-100.00,-15.00,0.00,0.00,42.00,0.00,0,146
123.03,1551880529,1380.84,51.48165252,7.41664723,149.10,0.00,0.00,201.21,0,-96.00,-15.00,0.00,0.00,44.00,0.00,0,27
123.03,1551880529,1380.84,51.48165252,7.41664723,149.10,0.00,0.00,201.21,0,-97.00,-16.00,0.00,0.00,44.00,0.00,0,146
123.03,1551880529,1380.84,51.48165252,7.41664723,149.10,0.00,0.00,201.21,0,-97.00,-16.00,0.00,0.00,44.00,0.00,0,134
124.03,1551880530,1380.84,51.48165252,7.41664723,149.12,0.00,0.00,201.21,0,-96.00,-15.00,0.00,0.00,44.00,0.00,0,27
124.03,1551880530,1380.84,51.48165252,7.41664723,149.12,0.00,0.00,201.21,0,-97.00,-16.00,0.00,0.00,44.00,0.00,0,146
124.03,1551880530,1380.84,51.48165252,7.41664723,149.12,0.00,0.00,201.21,0,-97.00,-16.00,0.00,0.00,44.00,0.00,0,134
125.03,1551880531,1380.84,51.48165252,7.41664723,149.14,0.00,0.00,201.21,0,-96.00,-14.00,0.00,0.00,44.00,0.00,0,27
125.03,1551880531,1380.84,51.48165252,7.41664723,149.14,0.00,0.00,201.21,0,-97.00,-15.00,0.00,0.00,43.00,0.00,0,134
125.03,1551880531,1380.84,51.48165252,7.41664723,149.14,0.00,0.00,201.21,0,-98.00,-15.00,0.00,0.00,44.00,0.00,0,146
126.03,1551880532,1380.84,51.48165252,7.41664723,149.16,0.00,0.00,201.21,0,-96.00,-14.00,0.00,0.00,44.00,0.00,0,27
126.03,1551880532,1380.84,51.48165252,7.41664723,149.16,0.00,0.00,201.21,0,-97.00,-15.00,0.00,0.00,43.00,0.00,0,134
126.03,1551880532,1380.84,51.48165252,7.41664723,149.16,0.00,0.00,201.21,0,-98.00,-15.00,0.00,0.00,44.00,0.00,0,146
127.03,1551880533,1380.84,51.48165252,7.41664723,149.18,0.00,0.00,201.21,0,-97.00,-13.00,0.00,0.00,42.00,0.00,0,134
127.03,1551880533,1380.84,51.48165252,7.41664723,149.18,0.00,0.00,201.21,0,-97.00,-15.00,0.00,0.00,43.00,0.00,0,146
127.03,1551880533,1380.84,51.48165252,7.41664723,149.18,0.00,0.00,201.21,0,-98.00,-14.00,0.00,0.00,41.00,0.00,0,27
128.03,1551880534,1380.84,51.48165252,7.41664723,149.20,0.00,0.00,201.21,0,-97.00,-13.00,0.00,0.00,42.00,0.00,0,134
128.03,1551880534,1380.84,51.48165252,7.41664723,149.20,0.00,0.00,201.21,0,-97.00,-15.00,0.00,0.00,43.00,0.00,0,146
128.03,1551880534,1380.84,51.48165252,7.41664723,149.20,0.00,0.00,201.21,0,-98.00,-14.00,0.00,0.00,41.00,0.00,0,27
129.04,1551880535,1380.84,51.48165252,7.41664723,149.23,0.00,0.00,201.21,0,-98.00,-15.00,0.00,0.00,43.00,0.00,0,27
129.04,1551880535,1380.84,51.48165252,7.41664723,149.23,0.00,0.00,201.21,0,-99.00,-17.00,0.00,0.00,43.00,0.00,0,134
129.04,1551880535,1380.84,51.48165252,7.41664723,149.23,0.00,0.00,201.21,0,-99.00,-17.00,0.00,0.00,44.00,0.00,0,146
130.03,1551880536,1380.84,51.48165252,7.41664723,149.25,0.00,0.00,201.21,0,-98.00,-15.00,0.00,0.00,43.00,0.00,0,27
130.03,1551880536,1380.84,51.48165252,7.41664723,149.25,0.00,0.00,201.21,0,-99.00,-17.00,0.00,0.00,43.00,0.00,0,134
130.03,1551880536,1380.84,51.48165252,7.41664723,149.25,0.00,0.00,201.21,0,-99.00,-17.00,0.00,0.00,44.00,0.00,0,146
131.03,1551880537,1380.84,51.48165252,7.41664723,149.27,0.00,0.00,201.21,0,-98.00,-15.00,0.00,0.00,43.00,0.00,0,27
131.03,1551880537,1380.84,51.48165252,7.41664723,149.27,0.00,0.00,201.21,0,-99.00,-17.00,0.00,0.00,43.00,0.00,0,134
131.03,1551880537,1380.84,51.48165252,7.41664723,149.27,0.00,0.00,201.21,0,-99.00,-17.00,0.00,0.00,44.00,0.00,0,146
132.03,1551880538,1380.84,51.48165252,7.41664723,149.29,0.00,0.00,201.21,0,-97.00,-14.00,0.00,0.00,42.00,0.00,0,146
132.03,1551880538,1380.84,51.48165252,7.41664723,149.29,0.00,0.00,201.21,0,-97.00,-13.00,0.00,0.00,41.00,0.00,0,27
132.03,1551880538,1380.84,51.48165252,7.41664723,149.29,0.00,0.00,201.21,0,-98.00,-14.00,0.00,0.00,42.00,0.00,0,134
133.03,1551880539,1380.84,51.48165252,7.41664723,149.32,0.00,0.00,201.21,0,-97.00,-14.00,0.00,0.00,42.00,0.00,0,146
133.03,1551880539,1380.84,51.48165252,7.41664723,149.32,0.00,0.00,201.21,0,-97.00,-13.00,0.00,0.00,41.00,0.00,0,27
133.03,1551880539,1380.84,51.48165252,7.41664723,149.32,0.00,0.00,201.21,0,-98.00,-14.00,0.00,0.00,42.00,0.00,0,134
134.03,1551880540,1380.84,51.48165252,7.41664723,149.34,0.00,0.00,201.21,0,-95.00,-13.00,0.00,0.00,44.00,0.00,0,27
134.03,1551880540,1380.84,51.48165252,7.41664723,149.34,0.00,0.00,201.21,0,-97.00,-16.00,0.00,0.00,45.00,0.00,0,146
134.03,1551880540,1380.84,51.48165252,7.41664723,149.34,0.00,0.00,201.21,0,-98.00,-15.00,0.00,0.00,44.00,0.00,0,134
135.03,1551880541,1380.84,51.48165252,7.41664723,149.36,0.00,0.00,201.21,0,-95.00,-13.00,0.00,0.00,44.00,0.00,0,27
135.03,1551880541,1380.84,51.48165252,7.41664723,149.36,0.00,0.00,201.21,0,-97.00,-16.00,0.00,0.00,45.00,0.00,0,146
135.03,1551880541,1380.84,51.48165252,7.41664723,149.36,0.00,0.00,201.21,0,-98.00,-15.00,0.00,0.00,44.00,0.00,0,134
136.03,1551880542,1380.84,51.48165252,7.41664723,149.39,0.00,0.00,201.21,0,-98.00,-14.00,0.00,0.00,41.00,0.00,0,146
136.03,1551880542,1380.84,51.48165252,7.41664723,149.39,0.00,0.00,201.21,0,-98.00,-14.00,0.00,0.00,41.00,0.00,0,134
136.03,1551880542,1380.84,51.48165252,7.41664723,149.39,0.00,0.00,201.21,0,-98.00,-14.00,0.00,0.00,41.00,0.00,0,27
137.02,1551880543,1380.84,51.48165252,7.41664723,149.41,0.00,0.00,201.21,0,-98.00,-14.00,0.00,0.00,41.00,0.00,0,146
137.02,1551880543,1380.84,51.48165252,7.41664723,149.41,0.00,0.00,201.21,0,-98.00,-14.00,0.00,0.00,41.00,0.00,0,134
137.02,1551880543,1380.84,51.48165252,7.41664723,149.41,0.00,0.00,201.21,0,-98.00,-14.00,0.00,0.00,41.00,0.00,0,27
138.02,1551880544,1380.84,51.48165252,7.41664723,149.44,0.00,0.00,201.21,0,-97.00,-13.00,0.00,0.00,41.00,0.00,0,146
138.02,1551880544,1380.84,51.48165252,7.41664723,149.44,0.00,0.00,201.21,0,-98.00,-14.00,0.00,0.00,41.00,0.00,0,134
138.02,1551880544,1380.84,51.48165252,7.41664723,149.44,0.00,0.00,201.21,0,-99.00,-14.00,0.00,0.00,41.00,0.00,0,27
139.03,1551880545,1380.84,51.48165252,7.41664723,149.47,0.00,0.00,201.21,0,-97.00,-13.00,0.00,0.00,41.00,0.00,0,146
139.03,1551880545,1380.84,51.48165252,7.41664723,149.47,0.00,0.00,201.21,0,-98.00,-14.00,0.00,0.00,41.00,0.00,0,134
139.03,1551880545,1380.84,51.48165252,7.41664723,149.47,0.00,0.00,201.21,0,-99.00,-14.00,0.00,0.00,41.00,0.00,0,27
140.03,1551880546,1380.84,51.48165252,7.41664723,149.51,0.00,0.00,201.21,0,-96.00,-16.00,0.00,0.00,45.00,0.00,0,27
140.03,1551880546,1380.84,51.48165252,7.41664723,149.51,0.00,0.00,201.21,0,-98.00,-18.00,0.00,0.00,46.00,0.00,0,146
140.03,1551880546,1380.84,51.48165252,7.41664723,149.51,0.00,0.00,201.21,0,-99.00,-20.00,0.00,0.00,46.00,0.00,0,339
141.03,1551880547,1380.84,51.48165252,7.41664723,149.54,0.00,0.00,201.21,0,-96.00,-16.00,0.00,0.00,45.00,0.00,0,27
141.03,1551880547,1380.84,51.48165252,7.41664723,149.54,0.00,0.00,201.21,0,-98.00,-18.00,0.00,0.00,46.00,0.00,0,146
141.03,1551880547,1380.84,51.48165252,7.41664723,149.54,0.00,0.00,201.21,0,-99.00,-20.00,0.00,0.00,46.00,0.00,0,339
142.03,1551880548,1380.84,51.48165252,7.41664723,149.58,0.00,0.00,201.21,0,-97.00,-13.00,0.00,0.00,41.00,0.00,0,27
142.03,1551880548,1380.84,51.48165252,7.41664723,149.58,0.00,0.00,201.21,0,-99.00,-15.00,0.00,0.00,41.00,0.00,0,134
142.03,1551880548,1380.84,51.48165252,7.41664723,149.58,0.00,0.00,201.21,0,-99.00,-15.00,0.00,0.00,41.00,0.00,0,146
143.03,1551880549,1380.84,51.48165252,7.41664723,149.62,0.00,0.00,201.21,0,-97.00,-13.00,0.00,0.00,41.00,0.00,0,27
143.03,1551880549,1380.84,51.48165252,7.41664723,149.62,0.00,0.00,201.21,0,-99.00,-15.00,0.00,0.00,41.00,0.00,0,134
143.03,1551880549,1380.84,51.48165252,7.41664723,149.62,0.00,0.00,201.21,0,-99.00,-15.00,0.00,0.00,41.00,0.00,0,146
144.03,1551880550,1380.84,51.48165252,7.41664723,149.66,0.00,0.00,201.21,0,-96.00,-12.00,0.00,0.00,41.00,0.00,0,27
144.03,1551880550,1380.84,51.48165252,7.41664723,149.66,0.00,0.00,201.21,0,-97.00,-14.00,0.00,0.00,42.00,0.00,0,146
144.03,1551880550,1380.84,51.48165252,7.41664723,149.66,0.00,0.00,201.21,0,-97.00,-14.00,0.00,0.00,42.00,0.00,0,134
145.03,1551880551,1380.84,51.48165252,7.41664723,149.70,0.00,0.00,201.21,0,-96.00,-12.00,0.00,0.00,41.00,0.00,0,27
145.03,1551880551,1380.84,51.48165252,7.41664723,149.70,0.00,0.00,201.21,0,-97.00,-14.00,0.00,0.00,42.00,0.00,0,146
145.03,1551880551,1380.84,51.48165252,7.41664723,149.70,0.00,0.00,201.21,0,-97.00,-14.00,0.00,0.00,42.00,0.00,0,134
146.03,1551880552,1380.84,51.48165252,7.41664723,149.74,0.00,0.00,201.21,0,-97.00,-15.00,0.00,0.00,43.00,0.00,0,134
146.03,1551880552,1380.84,51.48165252,7.41664723,149.74,0.00,0.00,201.21,0,-98.00,-15.00,0.00,0.00,42.00,0.00,0,146
146.03,1551880552,1380.84,51.48165252,7.41664723,149.74,0.00,0.00,201.21,0,-99.00,-15.00,0.00,0.00,41.00,0.00,0,27
147.03,1551880553,1380.84,51.48165257,7.41664728,149.78,0.00,0.00,201.21,0,-97.00,-15.00,0.00,0.00,43.00,0.00,0,134
147.03,1551880553,1380.84,51.48165257,7.41664728,149.78,0.00,0.00,201.21,0,-98.00,-15.00,0.00,0.00,42.00,0.00,0,146
147.03,1551880553,1380.84,51.48165257,7.41664728,149.78,0.00,0.00,201.21,0,-99.00,-15.00,0.00,0.00,41.00,0.00,0,27
148.03,1551880554,1380.84,51.48165429,7.41665312,149.82,0.00,0.00,201.21,0,-96.00,-17.00,0.00,0.00,46.00,0.00,0,146
148.03,1551880554,1380.84,51.48165429,7.41665312,149.82,0.00,0.00,201.21,0,-97.00,-19.00,0.00,0.00,47.00,0.00,0,134
148.03,1551880554,1380.84,51.48165429,7.41665312,149.82,0.00,0.00,201.21,0,-97.00,-17.00,0.00,0.00,46.00,0.00,0,27
149.03,1551880555,1380.84,51.48165561,7.41665789,150.22,0.00,0.00,201.21,0,-96.00,-17.00,0.00,0.00,46.00,0.00,0,146
149.03,1551880555,1380.84,51.48165561,7.41665789,150.22,0.00,0.00,201.21,0,-97.00,-19.00,0.00,0.00,47.00,0.00,0,134
149.03,1551880555,1380.84,51.48165561,7.41665789,150.22,0.00,0.00,201.21,0,-97.00,-17.00,0.00,0.00,46.00,0.00,0,27
150.03,1551880556,1380.84,51.48166144,7.41665738,150.63,0.00,0.00,347.58,0,-94.00,-15.00,0.00,0.00,46.00,0.00,0,27
150.04,1551880556,1380.84,51.48166144,7.41665738,150.63,0.00,0.00,347.58,0,-97.00,-17.00,0.00,0.00,46.00,0.00,0,134
150.04,1551880556,1380.84,51.48166144,7.41665738,150.63,0.00,0.00,347.58,0,-98.00,-19.00,0.00,0.00,47.00,0.00,0,146
151.03,1551880557,1380.84,51.48166346,7.41666251,150.96,0.00,0.00,347.58,0,-94.00,-15.00,0.00,0.00,46.00,0.00,0,27
151.03,1551880557,1380.84,51.48166346,7.41666251,150.96,0.00,0.00,347.58,0,-97.00,-17.00,0.00,0.00,46.00,0.00,0,134
151.03,1551880557,1380.84,51.48166346,7.41666251,150.96,0.00,0.00,347.58,0,-98.00,-19.00,0.00,0.00,47.00,0.00,0,146
152.02,1551880558,1380.84,51.48166612,7.41667080,151.31,0.00,0.00,56.61,0,-94.00,-15.00,0.00,0.00,46.00,0.00,0,27
152.02,1551880558,1380.84,51.48166612,7.41667080,151.31,0.00,0.00,56.61,0,-97.00,-17.00,0.00,0.00,46.00,0.00,0,134
152.02,1551880558,1380.84,51.48166612,7.41667080,151.31,0.00,0.00,56.61,0,-98.00,-19.00,0.00,0.00,47.00,0.00,0,146
153.03,1551880559,1380.84,51.48166664,7.41667539,151.70,0.00,0.00,56.61,0,-95.00,-11.00,0.00,0.00,41.00,0.00,0,27
153.03,1551880559,1380.84,51.48166664,7.41667539,151.70,0.00,0.00,56.61,0,-96.00,-13.00,0.00,0.00,42.00,0.00,0,134
153.03,1551880559,1380.84,51.48166664,7.41667539,151.70,0.00,0.00,56.61,0,-98.00,-14.00,0.00,0.00,41.00,0.00,0,146
154.03,1551880560,1380.84,51.48166674,7.41668289,151.74,0.00,0.00,56.61,0,-95.00,-11.00,0.00,0.00,41.00,0.00,0,27
154.03,1551880560,1380.84,51.48166674,7.41668289,151.74,0.00,0.00,56.61,0,-96.00,-13.00,0.00,0.00,42.00,0.00,0,134
154.03,1551880560,1380.84,51.48166674,7.41668289,151.74,0.00,0.00,56.61,0,-98.00,-14.00,0.00,0.00,41.00,0.00,0,146
155.03,1551880561,1380.84,51.48166659,7.41669576,151.77,0.00,0.00,56.61,0,-95.00,-12.00,0.00,0.00,42.00,0.00,0,134
155.03,1551880561,1380.84,51.48166659,7.41669576,151.77,0.00,0.00,56.61,0,-97.00,-12.00,0.00,0.00,41.00,0.00,0,27
155.03,1551880561,1380.84,51.48166659,7.41669576,151.77,0.00,0.00,56.61,0,-98.00,-14.00,0.00,0.00,41.00,0.00,0,146
156.03,1551880562,1380.84,51.48166693,7.41670324,151.81,0.00,0.00,56.61,0,-95.00,-12.00,0.00,0.00,42.00,0.00,0,134
156.03,1551880562,1380.84,51.48166693,7.41670324,151.81,0.00,0.00,56.61,0,-97.00,-12.00,0.00,0.00,41.00,0.00,0,27
156.03,1551880562,1380.84,51.48166693,7.41670324,151.81,0.00,0.00,56.61,0,-98.00,-14.00,0.00,0.00,41.00,0.00,0,146
157.03,1551880563,1380.84,51.48166830,7.41670233,152.16,0.00,0.00,303.70,0,-96.00,-14.00,0.00,0.00,44.00,0.00,0,27
157.03,1551880563,1380.84,51.48166830,7.41670233,152.16,0.00,0.00,303.70,0,-98.00,-16.00,0.00,0.00,44.00,0.00,0,146
157.03,1551880563,1380.84,51.48166830,7.41670233,152.16,0.00,0.00,303.70,0,-99.00,-17.00,0.00,0.00,43.00,0.00,0,134
158.02,1551880564,1380.84,51.48166885,7.41670316,152.19,0.00,0.00,303.70,0,-96.00,-14.00,0.00,0.00,44.00,0.00,0,27
158.02,1551880564,1380.84,51.48166885,7.41670316,152.19,0.00,0.00,303.70,0,-98.00,-16.00,0.00,0.00,44.00,0.00,0,146
158.02,1551880564,1380.84,51.48166885,7.41670316,152.19,0.00,0.00,303.70,0,-99.00,-17.00,0.00,0.00,43.00,0.00,0,134
159.03,1551880565,1380.84,51.48166594,7.41670356,152.53,0.00,0.00,303.70,0,-97.00,-12.00,0.00,0.00,40.00,0.00,0,27
159.03,1551880565,1380.84,51.48166594,7.41670356,152.53,0.00,0.00,303.70,0,-98.00,-13.00,0.00,0.00,40.00,0.00,0,134
159.03,1551880565,1380.84,51.48166594,7.41670356,152.53,0.00,0.00,303.70,0,-99.00,-14.00,0.00,0.00,41.00,0.00,0,146
160.03,1551880566,1380.84,51.48166143,7.41670372,152.89,0.00,0.00,186.07,0,-97.00,-12.00,0.00,0.00,40.00,0.00,0,27
160.03,1551880566,1380.84,51.48166143,7.41670372,152.89,0.00,0.00,186.07,0,-98.00,-13.00,0.00,0.00,40.00,0.00,0,134
160.03,1551880566,1380.84,51.48166143,7.41670372,152.89,0.00,0.00,186.07,0,-99.00,-14.00,0.00,0.00,41.00,0.00,0,146
161.03,1551880567,1380.84,51.48163668,7.41668835,153.21,0.00,0.00,202.03,0,-93.00,-12.00,0.00,0.00,44.00,0.00,0,134
161.03,1551880567,1380.84,51.48163668,7.41668835,153.21,0.00,0.00,202.03,0,-97.00,-15.00,0.00,0.00,44.00,0.00,0,27
161.03,1551880567,1380.84,51.48163668,7.41668835,153.21,0.00,0.00,202.03,0,-98.00,-16.00,0.00,0.00,44.00,0.00,0,146
162.03,1551880568,1380.84,51.48159505,7.41666657,156.42,2.14,0.00,197.05,0,-93.00,-12.00,0.00,0.00,44.00,0.00,0,134
162.03,1551880568,1380.84,51.48159505,7.41666657,156.42,2.14,0.00,197.05,0,-97.00,-15.00,0.00,0.00,44.00,0.00,0,27
162.03,1551880568,1380.84,51.48159505,7.41666657,156.42,2.14,0.00,197.05,0,-98.00,-16.00,0.00,0.00,44.00,0.00,0,146
163.03,1551880569,1382.98,51.48155400,7.41664977,156.65,2.86,0.00,189.22,0,-93.00,-11.00,0.00,0.00,44.00,0.00,0,27
163.03,1551880569,1382.99,51.48155400,7.41664977,156.65,2.86,0.00,189.22,0,-96.00,-14.00,0.00,0.00,43.00,0.00,0,146
163.03,1551880569,1382.99,51.48155400,7.41664977,156.65,2.86,0.00,189.22,0,-98.00,-16.00,0.00,0.00,44.00,0.00,0,171
163.03,1551880569,1382.99,51.48155400,7.41664977,156.65,2.86,0.00,189.22,0,-91.00,-13.00,0.00,0.00,50.00,0.00,0,51
164.03,1551880570,1385.84,51.48153758,7.41663650,156.87,2.33,0.00,185.15,0,-93.00,-11.00,0.00,0.00,44.00,0.00,0,27
164.03,1551880570,1385.84,51.48153758,7.41663650,156.87,2.33,0.00,185.15,0,-96.00,-14.00,0.00,0.00,43.00,0.00,0,146
164.03,1551880570,1385.85,51.48153758,7.41663650,156.87,2.33,0.00,185.15,0,-98.00,-16.00,0.00,0.00,44.00,0.00,0,171
164.03,1551880570,1385.85,51.48153758,7.41663650,156.87,2.33,0.00,185.15,0,-91.00,-13.00,0.00,0.00,50.00,0.00,0,51
165.03,1551880571,1388.18,51.48153210,7.41663227,156.89,1.33,0.00,185.15,0,-93.00,-12.00,0.00,0.00,44.00,0.00,0,146
165.03,1551880571,1388.18,51.48153210,7.41663227,156.89,1.33,0.00,185.15,0,-89.00,-12.00,0.00,0.00,52.00,0.00,0,137
166.03,1551880572,1389.50,51.48152833,7.41662752,156.91,0.75,0.00,185.15,0,-93.00,-12.00,0.00,0.00,44.00,0.00,0,146
166.03,1551880572,1389.50,51.48152833,7.41662752,156.91,0.75,0.00,185.15,0,-89.00,-12.00,0.00,0.00,52.00,0.00,0,137
167.03,1551880573,1390.25,51.48152572,7.41662234,156.94,0.00,0.00,185.15,0,-93.00,-13.00,0.00,0.00,47.00,0.00,0,146
167.03,1551880573,1390.25,51.48152572,7.41662234,156.94,0.00,0.00,185.15,0,-90.00,-13.00,0.00,0.00,53.00,0.00,0,137
168.03,1551880574,1390.25,51.48152565,7.41661882,157.27,0.00,0.00,185.15,0,-93.00,-13.00,0.00,0.00,47.00,0.00,0,146
168.03,1551880574,1390.25,51.48152565,7.41661882,157.27,0.00,0.00,185.15,0,-90.00,-13.00,0.00,0.00,53.00,0.00,0,137
169.03,1551880575,1390.25,51.48152395,7.41661603,157.61,0.00,0.00,175.23,0,-93.00,-14.00,0.00,0.00,48.00,0.00,0,146
169.03,1551880575,1390.25,51.48152395,7.41661603,157.61,0.00,0.00,175.23,0,-94.00,-15.00,0.00,0.00,48.00,0.00,0,134
169.03,1551880575,1390.25,51.48152395,7.41661603,157.61,0.00,0.00,175.23,0,-87.00,-14.00,0.00,0.00,56.00,0.00,0,137
170.03,1551880576,1390.25,51.48151971,7.41661776,157.89,0.00,0.00,154.04,0,-93.00,-14.00,0.00,0.00,48.00,0.00,0,146
170.03,1551880576,1390.25,51.48151971,7.41661776,157.89,0.00,0.00,154.04,0,-94.00,-15.00,0.00,0.00,48.00,0.00,0,134
170.03,1551880576,1390.25,51.48151971,7.41661776,157.89,0.00,0.00,154.04,0,-87.00,-14.00,0.00,0.00,56.00,0.00,0,137
171.03,1551880577,1390.26,51.48149174,7.41667717,160.00,2.05,0.00,122.33,0,-92.00,-11.00,0.00,0.00,46.00,0.00,0,146
171.03,1551880577,1390.26,51.48149174,7.41667717,160.00,2.05,0.00,122.33,0,-89.00,-13.00,0.00,0.00,53.00,0.00,0,137
172.03,1551880578,1392.29,51.48147395,7.41676824,161.26,3.87,0.00,102.68,0,-92.00,-11.00,0.00,0.00,46.00,0.00,0,146
172.03,1551880578,1392.30,51.48147395,7.41676824,161.26,3.87,0.00,102.68,0,-89.00,-13.00,0.00,0.00,53.00,0.00,0,137
173.03,1551880579,1396.16,51.48146751,7.41690083,161.98,5.54,0.00,90.63,0,-92.00,-11.00,0.00,0.00,46.00,0.00,0,146
173.03,1551880579,1396.17,51.48146751,7.41690083,161.98,5.54,0.00,90.63,0,-89.00,-13.00,0.00,0.00,53.00,0.00,0,137
174.03,1551880580,1401.70,51.48147173,7.41707459,162.44,7.07,0.00,83.76,0,-89.00,-13.00,0.00,0.00,52.00,0.00,0,137
175.03,1551880581,1408.78,51.48149262,7.41725364,162.67,12.45,0.00,78.46,0,-89.00,-13.00,0.00,0.00,52.00,0.00,0,137
176.03,1551880582,1421.24,51.48151605,7.41745527,162.38,14.28,0.00,78.10,0,-96.00,-16.00,0.00,0.00,46.00,0.00,0,171
176.03,1551880582,1421.24,51.48151605,7.41745527,162.38,14.28,0.00,78.10,0,-91.00,-12.00,0.00,0.00,50.00,0.00,0,274
176.03,1551880582,1421.26,51.48151605,7.41745527,162.38,14.28,0.00,78.10,0,-92.00,-14.00,0.00,0.00,51.00,0.00,0,137
177.03,1551880583,1435.52,51.48154117,7.41768311,162.01,14.78,0.00,80.37,0,-96.00,-16.00,0.00,0.00,46.00,0.00,0,171
177.03,1551880583,1435.54,51.48154117,7.41768311,162.01,14.78,0.00,80.37,0,-91.00,-12.00,0.00,0.00,50.00,0.00,0,274
177.03,1551880583,1435.54,51.48154117,7.41768311,162.01,14.78,0.00,80.37,0,-92.00,-14.00,0.00,0.00,51.00,0.00,0,137
178.02,1551880584,1450.22,51.48156344,7.41791196,161.90,15.48,0.00,81.88,0,-93.00,-14.00,0.00,0.00,47.00,0.00,0,171
178.02,1551880584,1450.24,51.48156344,7.41791196,161.90,15.48,0.00,81.88,0,-96.00,-17.00,0.00,0.00,47.00,0.00,0,339
178.02,1551880584,1450.24,51.48156344,7.41791196,161.90,15.48,0.00,81.88,0,-96.00,-17.00,0.00,0.00,48.00,0.00,0,61
178.02,1551880584,1450.24,51.48156344,7.41791196,161.90,15.48,0.00,81.88,0,-84.00,-8.00,0.00,0.00,54.00,0.00,0,137
178.02,1551880584,1450.24,51.48156344,7.41791196,161.90,15.48,0.00,81.88,0,-85.00,-10.00,0.00,0.00,54.00,0.00,0,274
179.03,1551880585,1465.80,51.48158273,7.41813937,162.18,15.60,0.00,83.00,0,-93.00,-14.00,0.00,0.00,47.00,0.00,0,171
179.03,1551880585,1465.81,51.48158273,7.41813937,162.18,15.60,0.00,83.00,0,-96.00,-17.00,0.00,0.00,47.00,0.00,0,339
179.03,1551880585,1465.83,51.48158273,7.41813937,162.18,15.60,0.00,83.00,0,-96.00,-17.00,0.00,0.00,48.00,0.00,0,61
179.03,1551880585,1465.83,51.48158273,7.41813937,162.18,15.60,0.00,83.00,0,-84.00,-8.00,0.00,0.00,54.00,0.00,0,137
179.03,1551880585,1465.85,51.48158273,7.41813937,162.18,15.60,0.00,83.00,0,-85.00,-10.00,0.00,0.00,54.00,0.00,0,274
180.03,1551880586,1481.40,51.48159693,7.41835977,161.95,16.07,0.00,83.57,0,-95.00,-15.00,0.00,0.00,45.00,0.00,0,171
180.03,1551880586,1481.41,51.48159693,7.41835977,161.95,16.07,0.00,83.57,0,-83.00,-9.00,0.00,0.00,56.00,0.00,0,137
180.03,1551880586,1481.43,51.48159693,7.41835977,161.95,16.07,0.00,83.57,0,-86.00,-10.00,0.00,0.00,56.00,0.00,0,274
181.03,1551880587,1497.45,51.48160993,7.41859854,161.55,16.40,0.00,84.07,0,-95.00,-15.00,0.00,0.00,45.00,0.00,0,171
181.03,1551880587,1497.46,51.48160993,7.41859854,161.55,16.40,0.00,84.07,0,-83.00,-9.00,0.00,0.00,56.00,0.00,0,137
181.03,1551880587,1497.48,51.48160993,7.41859854,161.55,16.40,0.00,84.07,0,-86.00,-10.00,0.00,0.00,56.00,0.00,0,274
182.02,1551880588,1513.77,51.48162487,7.41883963,160.88,16.62,0.00,84.41,0,-93.00,-14.00,0.00,0.00,46.00,0.00,0,61
182.02,1551880588,1513.77,51.48162487,7.41883963,160.88,16.62,0.00,84.41,0,-78.00,-6.00,0.00,0.00,57.00,0.00,0,274
183.03,1551880589,1530.47,51.48163913,7.41908919,160.20,16.88,0.00,84.74,0,-93.00,-14.00,0.00,0.00,46.00,0.00,0,61
183.03,1551880589,1530.47,51.48163913,7.41908919,160.20,16.88,0.00,84.74,0,-78.00,-6.00,0.00,0.00,57.00,0.00,0,274
184.03,1551880590,1547.39,51.48165010,7.41933227,159.40,16.93,0.00,84.67,0,-93.00,-14.00,0.00,0.00,46.00,0.00,0,171
184.03,1551880590,1547.39,51.48165010,7.41933227,159.40,16.93,0.00,84.67,0,-93.00,-13.00,0.00,0.00,46.00,0.00,0,339
184.03,1551880590,1547.40,51.48165010,7.41933227,159.40,16.93,0.00,84.67,0,-95.00,-15.00,0.00,0.00,46.00,0.00,0,306
184.03,1551880590,1547.42,51.48165010,7.41933227,159.40,16.93,0.00,84.67,0,-85.00,-11.00,0.00,0.00,54.00,0.00,0,137
184.03,1551880590,1547.42,51.48165010,7.41933227,159.40,16.93,0.00,84.67,0,-87.00,-11.00,0.00,0.00,53.00,0.00,0,274
185.03,1551880591,1564.31,51.48165910,7.41957246,158.70,16.98,0.00,85.30,0,-93.00,-14.00,0.00,0.00,46.00,0.00,0,171
185.03,1551880591,1564.33,51.48165910,7.41957246,158.70,16.98,0.00,85.30,0,-93.00,-13.00,0.00,0.00,46.00,0.00,0,339
185.03,1551880591,1564.33,51.48165910,7.41957246,158.70,16.98,0.00,85.30,0,-95.00,-15.00,0.00,0.00,46.00,0.00,0,306
185.03,1551880591,1564.35,51.48165910,7.41957246,158.70,16.98,0.00,85.30,0,-85.00,-11.00,0.00,0.00,54.00,0.00,0,137
185.03,1551880591,1564.36,51.48165910,7.41957246,158.70,16.98,0.00,85.30,0,-87.00,-11.00,0.00,0.00,53.00,0.00,0,274
186.03,1551880592,1581.26,51.48166088,7.41980925,156.92,17.00,0.00,85.16,0,-95.00,-13.00,0.00,0.00,44.00,0.00,0,339
186.03,1551880592,1581.28,51.48166088,7.41980925,156.92,17.00,0.00,85.16,0,-95.00,-15.00,0.00,0.00,45.00,0.00,0,135
186.03,1551880592,1581.28,51.48166088,7.41980925,156.92,17.00,0.00,85.16,0,-96.00,-16.00,0.00,0.00,45.00,0.00,0,61
186.03,1551880592,1581.30,51.48166088,7.41980925,156.92,17.00,0.00,85.16,0,-82.00,-10.00,0.00,0.00,58.00,0.00,0,136
187.03,1551880593,1598.28,51.48166245,7.42006467,154.99,16.86,0.00,85.16,0,-95.00,-13.00,0.00,0.00,44.00,0.00,0,339
187.03,1551880593,1598.29,51.48166245,7.42006467,154.99,16.86,0.00,85.16,0,-95.00,-15.00,0.00,0.00,45.00,0.00,0,135
187.03,1551880593,1598.29,51.48166245,7.42006467,154.99,16.86,0.00,85.16,0,-96.00,-16.00,0.00,0.00,45.00,0.00,0,61
187.03,1551880593,1598.31,51.48166245,7.42006467,154.99,16.86,0.00,85.16,0,-82.00,-10.00,0.00,0.00,58.00,0.00,0,136
188.03,1551880594,1615.16,51.48166611,7.42030070,153.45,16.75,0.00,85.39,0,-95.00,-13.00,0.00,0.00,44.00,0.00,0,339
188.03,1551880594,1615.16,51.48166611,7.42030070,153.45,16.75,0.00,85.39,0,-95.00,-13.00,0.00,0.00,44.00,0.00,0,61
188.03,1551880594,1615.17,51.48166611,7.42030070,153.45,16.75,0.00,85.39,0,-97.00,-14.00,0.00,0.00,44.00,0.00,0,306
188.03,1551880594,1615.19,51.48166611,7.42030070,153.45,16.75,0.00,85.39,0,-84.00,-10.00,0.00,0.00,55.00,0.00,0,136
189.03,1551880595,1631.87,51.48166968,7.42054244,151.10,17.15,0.00,84.39,0,-95.00,-13.00,0.00,0.00,44.00,0.00,0,339
189.03,1551880595,1631.89,51.48166968,7.42054244,151.10,17.15,0.00,84.39,0,-95.00,-13.00,0.00,0.00,44.00,0.00,0,61
189.03,1551880595,1631.91,51.48166968,7.42054244,151.10,17.15,0.00,84.39,0,-97.00,-14.00,0.00,0.00,44.00,0.00,0,306
189.03,1551880595,1631.91,51.48166968,7.42054244,151.10,17.15,0.00,84.39,0,-84.00,-10.00,0.00,0.00,55.00,0.00,0,136
190.03,1551880596,1649.04,51.48168036,7.42081255,149.05,17.31,0.00,83.61,0,-95.00,-13.00,0.00,0.00,44.00,0.00,0,135
190.03,1551880596,1649.06,51.48168036,7.42081255,149.05,17.31,0.00,83.61,0,-99.00,-16.00,0.00,0.00,43.00,0.00,0,27
190.03,1551880596,1649.07,51.48168036,7.42081255,149.05,17.31,0.00,83.61,0,-99.00,-17.00,0.00,0.00,44.00,0.00,0,339
190.03,1551880596,1649.09,51.48168036,7.42081255,149.05,17.31,0.00,83.61,0,-87.00,-11.00,0.00,0.00,53.00,0.00,0,136
190.03,1551880596,1649.09,51.48168036,7.42081255,149.05,17.31,0.00,83.61,0,-92.00,-15.00,0.00,0.00,52.00,0.00,0,51
190.03,1551880596,1649.11,51.48168036,7.42081255,149.05,17.31,0.00,83.61,0,0.00,0.00,0.00,0.00,63.00,0.00,0,324
191.03,1551880597,1666.37,51.48169602,7.42105057,147.46,17.23,0.00,82.32,0,-95.00,-13.00,0.00,0.00,44.00,0.00,0,135
191.03,1551880597,1666.38,51.48169602,7.42105057,147.46,17.23,0.00,82.32,0,-99.00,-16.00,0.00,0.00,43.00,0.00,0,27
191.03,1551880597,1666.40,51.48169602,7.42105057,147.46,17.23,0.00,82.32,0,-99.00,-17.00,0.00,0.00,44.00,0.00,0,339
191.03,1551880597,1666.40,51.48169602,7.42105057,147.46,17.23,0.00,82.32,0,-87.00,-11.00,0.00,0.00,53.00,0.00,0,136
191.03,1551880597,1666.42,51.48169602,7.42105057,147.46,17.23,0.00,82.32,0,-92.00,-15.00,0.00,0.00,52.00,0.00,0,51
191.03,1551880597,1666.44,51.48169602,7.42105057,147.46,17.23,0.00,82.32,0,0.00,0.00,0.00,0.00,63.00,0.00,0,324
192.04,1551880598,1683.71,51.48171788,7.42128632,146.05,17.28,0.00,80.87,0,-89.00,-10.00,0.00,0.00,50.00,0.00,0,137
193.03,1551880599,1700.82,51.48174600,7.42151685,144.94,17.54,0.00,79.38,0,-89.00,-10.00,0.00,0.00,50.00,0.00,0,137
194.03,1551880600,1718.37,51.48177501,7.42175222,143.95,17.39,0.00,78.38,0,-89.00,-10.00,0.00,0.00,50.00,0.00,0,137
195.03,1551880601,1735.77,51.48181088,7.42200378,143.18,17.42,0.00,77.46,0,-101.00,-14.00,0.00,0.00,39.00,0.00,0,266
195.03,1551880601,1735.79,51.48181088,7.42200378,143.18,17.42,0.00,77.46,0,-102.00,-15.00,0.00,0.00,39.00,0.00,0,27
195.03,1551880601,1735.79,51.48181088,7.42200378,143.18,17.42,0.00,77.46,0,-89.00,-11.00,0.00,0.00,51.00,0.00,0,137
196.03,1551880602,1753.19,51.48184561,7.42224090,142.83,17.60,0.00,77.12,0,-101.00,-14.00,0.00,0.00,39.00,0.00,0,266
196.03,1551880602,1753.21,51.48184561,7.42224090,142.83,17.60,0.00,77.12,0,-102.00,-15.00,0.00,0.00,39.00,0.00,0,27
196.03,1551880602,1753.21,51.48184561,7.42224090,142.83,17.60,0.00,77.12,0,-89.00,-11.00,0.00,0.00,51.00,0.00,0,137
197.03,1551880603,1770.82,51.48188206,7.42248462,142.27,17.70,0.00,77.64,0,-102.00,-12.00,0.00,0.00,37.00,0.00,0,27
197.03,1551880603,1770.83,51.48188206,7.42248462,142.27,17.70,0.00,77.64,0,-102.00,-12.00,0.00,0.00,37.00,0.00,0,266
197.03,1551880603,1770.85,51.48188206,7.42248462,142.27,17.70,0.00,77.64,0,-104.00,-16.00,0.00,0.00,37.00,0.00,0,458
197.03,1551880603,1770.85,51.48188206,7.42248462,142.27,17.70,0.00,77.64,0,-95.00,-15.00,0.00,0.00,48.00,0.00,0,137
198.03,1551880604,1788.46,51.48191914,7.42273380,141.92,18.00,0.00,76.99,0,-102.00,-12.00,0.00,0.00,37.00,0.00,0,27
198.03,1551880604,1788.48,51.48191914,7.42273380,141.92,18.00,0.00,76.99,0,-102.00,-12.00,0.00,0.00,37.00,0.00,0,266
198.03,1551880604,1788.50,51.48191914,7.42273380,141.92,18.00,0.00,76.99,0,-104.00,-16.00,0.00,0.00,37.00,0.00,0,458
198.03,1551880604,1788.50,51.48191914,7.42273380,141.92,18.00,0.00,76.99,0,-95.00,-15.00,0.00,0.00,48.00,0.00,0,137
199.03,1551880605,1806.53,51.48195545,7.42297094,141.92,17.93,0.00,76.80,0,-100.00,-14.00,0.00,0.00,40.00,0.00,0,266
199.03,1551880605,1806.55,51.48195545,7.42297094,141.92,17.93,0.00,76.80,0,-103.00,-18.00,0.00,0.00,40.00,0.00,0,339
199.03,1551880605,1806.57,51.48195545,7.42297094,141.92,17.93,0.00,76.80,0,-105.00,-19.00,0.00,0.00,40.00,0.00,0,458
199.03,1551880605,1806.59,51.48195545,7.42297094,141.92,17.93,0.00,76.80,0,-98.00,-14.00,0.00,0.00,45.00,0.00,0,385
199.03,1551880605,1806.59,51.48195545,7.42297094,141.92,17.93,0.00,76.80,0,-99.00,-15.00,0.00,0.00,45.00,0.00,0,386
200.03,1551880606,1824.44,51.48199187,7.42321982,142.06,17.89,0.00,76.84,0,-100.00,-14.00,0.00,0.00,40.00,0.00,0,266
200.03,1551880606,1824.46,51.48199187,7.42321982,142.06,17.89,0.00,76.84,0,-103.00,-18.00,0.00,0.00,40.00,0.00,0,339
200.03,1551880606,1824.46,51.48199187,7.42321982,142.06,17.89,0.00,76.84,0,-105.00,-19.00,0.00,0.00,40.00,0.00,0,458
200.03,1551880606,1824.48,51.48199187,7.42321982,142.06,17.89,0.00,76.84,0,-98.00,-14.00,0.00,0.00,45.00,0.00,0,385
200.03,1551880606,1824.50,51.48199187,7.42321982,142.06,17.89,0.00,76.84,0,-99.00,-15.00,0.00,0.00,45.00,0.00,0,386
201.03,1551880607,1842.37,51.48202787,7.42346718,142.12,17.65,0.00,76.81,0,-100.00,-16.00,0.00,0.00,42.00,0.00,0,339
201.03,1551880607,1842.39,51.48202787,7.42346718,142.12,17.65,0.00,76.81,0,-100.00,-16.00,0.00,0.00,42.00,0.00,0,266
201.03,1551880607,1842.40,51.48202787,7.42346718,142.12,17.65,0.00,76.81,0,-101.00,-17.00,0.00,0.00,42.00,0.00,0,457
201.03,1551880607,1842.42,51.48202787,7.42346718,142.12,17.65,0.00,76.81,0,-95.00,-14.00,0.00,0.00,47.00,0.00,0,385
201.03,1551880607,1842.42,51.48202787,7.42346718,142.12,17.65,0.00,76.81,0,-96.00,-13.00,0.00,0.00,47.00,0.00,0,386
202.03,1551880608,1860.00,51.48206118,7.42371110,140.98,17.31,0.00,77.17,0,-100.00,-16.00,0.00,0.00,42.00,0.00,0,339
202.03,1551880608,1860.02,51.48206118,7.42371110,140.98,17.31,0.00,77.17,0,-100.00,-16.00,0.00,0.00,42.00,0.00,0,266
202.03,1551880608,1860.03,51.48206118,7.42371110,140.98,17.31,0.00,77.17,0,-101.00,-17.00,0.00,0.00,42.00,0.00,0,457
202.03,1551880608,1860.05,51.48206118,7.42371110,140.98,17.31,0.00,77.17,0,-95.00,-14.00,0.00,0.00,47.00,0.00,0,385
202.03,1551880608,1860.05,51.48206118,7.42371110,140.98,17.31,0.00,77.17,0,-96.00,-13.00,0.00,0.00,47.00,0.00,0,386
203.03,1551880609,1877.25,51.48209234,7.42396204,139.67,16.84,0.00,77.64,0,-103.00,-16.00,0.00,0.00,39.00,0.00,0,266
203.03,1551880609,1877.27,51.48209234,7.42396204,139.67,16.84,0.00,77.64,0,-104.00,-17.00,0.00,0.00,39.00,0.00,0,458
204.03,1551880610,1894.09,51.48212330,7.42420507,138.69,16.36,0.00,77.76,0,-103.00,-16.00,0.00,0.00,39.00,0.00,0,266
204.03,1551880610,1894.11,51.48212330,7.42420507,138.69,16.36,0.00,77.76,0,-104.00,-17.00,0.00,0.00,39.00,0.00,0,458
205.03,1551880611,1910.45,51.48215340,7.42443524,138.06,15.96,0.00,77.20,0,-101.00,-16.00,0.00,0.00,40.00,0.00,0,306
206.03,1551880612,1926.41,51.48218573,7.42465291,137.51,15.31,0.00,77.64,0,-101.00,-16.00,0.00,0.00,40.00,0.00,0,306
207.03,1551880613,1941.70,51.48221780,7.42487197,136.89,15.44,0.00,78.32,0,-97.00,-13.00,0.00,0.00,41.00,0.00,0,306
208.03,1551880614,1957.16,51.48224940,7.42510648,136.19,15.99,0.00,77.86,0,-97.00,-13.00,0.00,0.00,41.00,0.00,0,306
209.03,1551880615,1973.15,51.48227248,7.42532889,135.52,15.85,0.00,78.66,0,-98.00,-19.00,0.00,0.00,47.00,0.00,0,306
210.03,1551880616,1988.98,51.48229867,7.42553255,135.58,15.36,0.00,78.04,0,-98.00,-19.00,0.00,0.00,47.00,0.00,0,306
211.03,1551880617,2004.36,51.48232683,7.42574885,135.83,15.16,0.00,77.55,0,-98.00,-17.00,0.00,0.00,45.00,0.00,0,27
212.03,1551880618,2019.50,51.48235567,7.42596476,135.83,15.11,0.00,77.89,0,-98.00,-17.00,0.00,0.00,45.00,0.00,0,27
213.03,1551880619,2034.73,51.48238215,7.42617895,135.73,15.00,0.00,78.78,0,-97.00,-13.00,0.00,0.00,42.00,0.00,0,306
214.02,1551880620,2049.55,51.48240730,7.42639671,135.65,15.02,0.00,77.80,0,-97.00,-13.00,0.00,0.00,42.00,0.00,0,306
215.03,1551880621,2064.64,51.48243242,7.42661927,135.57,14.91,0.00,78.54,0,-97.00,-13.00,0.00,0.00,42.00,0.00,0,306
216.03,1551880622,2079.57,51.48245939,7.42683705,135.44,14.97,0.00,77.64,0,-97.00,-17.00,0.00,0.00,45.00,0.00,0,146
216.03,1551880622,2079.58,51.48245939,7.42683705,135.44,14.97,0.00,77.64,0,-100.00,-19.00,0.00,0.00,45.00,0.00,0,27
217.03,1551880623,2094.53,51.48248463,7.42704190,135.53,14.55,0.00,78.51,0,-97.00,-17.00,0.00,0.00,45.00,0.00,0,146
217.03,1551880623,2094.55,51.48248463,7.42704190,135.53,14.55,0.00,78.51,0,-100.00,-19.00,0.00,0.00,45.00,0.00,0,27
220.03,1551880626,2138.27,51.48254651,7.42767191,136.07,15.14,0.00,81.17,0,-94.00,-13.00,0.00,0.00,45.00,0.00,0,146
220.03,1551880626,2138.27,51.48254651,7.42767191,136.07,15.14,0.00,81.17,0,-95.00,-13.00,0.00,0.00,45.00,0.00,0,266
221.03,1551880627,2153.39,51.48256087,7.42788453,136.45,15.05,0.00,82.84,0,-94.00,-13.00,0.00,0.00,45.00,0.00,0,146
221.03,1551880627,2153.39,51.48256087,7.42788453,136.45,15.05,0.00,82.84,0,-95.00,-13.00,0.00,0.00,45.00,0.00,0,266
222.03,1551880628,2168.45,51.48256962,7.42808761,136.47,14.83,0.00,84.66,0,-92.00,-13.00,0.00,0.00,48.00,0.00,0,266
222.03,1551880628,2168.47,51.48256962,7.42808761,136.47,14.83,0.00,84.66,0,-94.00,-14.00,0.00,0.00,47.00,0.00,0,146
223.03,1551880629,2183.28,51.48257438,7.42830196,136.43,14.68,0.00,86.80,0,-92.00,-13.00,0.00,0.00,48.00,0.00,0,266
223.03,1551880629,2183.28,51.48257438,7.42830196,136.43,14.68,0.00,86.80,0,-94.00,-14.00,0.00,0.00,47.00,0.00,0,146
224.03,1551880630,2197.97,51.48257318,7.42851972,136.43,14.30,0.00,89.30,0,-86.00,-9.00,0.00,0.00,49.00,0.00,0,266
224.03,1551880630,2197.98,51.48257318,7.42851972,136.43,14.30,0.00,89.30,0,-91.00,-13.00,0.00,0.00,48.00,0.00,0,146
225.03,1551880631,2212.27,51.48256734,7.42872089,136.46,14.63,0.00,91.22,0,-86.00,-9.00,0.00,0.00,49.00,0.00,0,266
225.03,1551880631,2212.28,51.48256734,7.42872089,136.46,14.63,0.00,91.22,0,-91.00,-13.00,0.00,0.00,48.00,0.00,0,146
234.03,1551880640,2342.03,51.48241859,7.43054131,141.70,13.89,0.00,97.42,0,-98.00,-16.00,0.00,0.00,44.00,0.00,0,27
235.03,1551880641,2355.83,51.48239878,7.43074695,141.68,14.09,0.00,96.76,0,-98.00,-16.00,0.00,0.00,44.00,0.00,0,27
236.03,1551880642,2369.91,51.48237791,7.43095179,141.54,13.62,0.00,97.14,0,-98.00,-16.00,0.00,0.00,44.00,0.00,0,27
243.03,1551880649,2462.56,51.48225730,7.43227458,140.93,13.59,0.00,96.00,0,-87.00,-13.00,0.00,0.00,53.00,0.00,0,339
244.03,1551880650,2476.16,51.48224176,7.43247636,140.97,14.29,0.00,96.41,0,-87.00,-13.00,0.00,0.00,53.00,0.00,0,339
291.03,1551880697,3071.24,51.48164935,7.44096119,155.38,3.82,0.00,97.22,0,-77.00,-10.00,0.00,0.00,59.00,0.00,0,264
292.03,1551880698,3075.06,51.48164774,7.44100121,155.41,2.70,0.00,96.67,0,-77.00,-10.00,0.00,0.00,59.00,0.00,0,264
295.03,1551880701,3079.81,51.48164606,7.44104801,155.47,0.00,0.00,97.07,0,-74.00,-12.00,0.00,0.00,63.00,0.00,0,264
296.03,1551880702,3079.81,51.48164606,7.44104801,155.46,0.00,0.00,97.07,0,-74.00,-12.00,0.00,0.00,63.00,0.00,0,264
297.03,1551880703,3079.81,51.48164606,7.44104801,155.45,0.00,0.00,97.07,0,-74.00,-12.00,0.00,0.00,63.00,0.00,0,264
298.03,1551880704,3079.81,51.48164606,7.44104801,155.43,0.00,0.00,97.07,0,-74.00,-12.00,0.00,0.00,63.00,0.00,0,264
299.03,1551880705,3079.81,51.48164606,7.44104801,155.42,0.00,0.00,97.07,0,-73.00,-12.00,0.00,0.00,63.00,0.00,0,264
300.03,1551880706,3079.81,51.48164606,7.44104801,155.41,0.00,0.00,97.07,0,-73.00,-12.00,0.00,0.00,63.00,0.00,0,264
301.03,1551880707,3079.81,51.48164606,7.44104801,155.40,0.00,0.00,97.07,0,-73.00,-12.00,0.00,0.00,63.00,0.00,0,264
302.03,1551880708,3079.81,51.48164606,7.44104801,155.40,0.00,0.00,97.07,0,-73.00,-12.00,0.00,0.00,63.00,0.00,0,264
303.03,1551880709,3079.81,51.48164606,7.44104801,155.39,0.00,0.00,97.07,0,-73.00,-12.00,0.00,0.00,63.00,0.00,0,264
304.03,1551880710,3079.81,51.48164606,7.44104801,155.39,0.00,0.00,97.07,0,-73.00,-13.00,0.00,0.00,63.00,0.00,0,264
305.03,1551880711,3079.81,51.48164606,7.44104801,155.39,0.00,0.00,97.07,0,-73.00,-13.00,0.00,0.00,63.00,0.00,0,264
306.03,1551880712,3079.81,51.48164606,7.44104801,155.38,0.00,0.00,97.07,0,-73.00,-12.00,0.00,0.00,63.00,0.00,0,264
307.03,1551880713,3079.81,51.48164606,7.44104801,155.38,0.00,0.00,97.07,0,-73.00,-12.00,0.00,0.00,63.00,0.00,0,264
308.03,1551880714,3079.81,51.48164606,7.44104801,155.38,0.00,0.00,97.07,0,-74.00,-12.00,0.00,0.00,63.00,0.00,0,264
309.03,1551880715,3079.81,51.48164606,7.44104801,155.37,0.00,0.00,97.07,0,-74.00,-12.00,0.00,0.00,63.00,0.00,0,264
310.03,1551880716,3079.81,51.48164606,7.44104801,155.37,0.00,0.00,97.07,0,-73.00,-12.00,0.00,0.00,63.00,0.00,0,264
311.03,1551880717,3079.81,51.48164606,7.44104801,155.36,0.00,0.00,97.07,0,-73.00,-12.00,0.00,0.00,63.00,0.00,0,264
312.03,1551880718,3079.81,51.48164606,7.44104801,155.32,0.00,0.00,97.07,0,-74.00,-15.00,0.00,0.00,63.00,0.00,0,264
313.03,1551880719,3079.81,51.48164606,7.44104801,155.28,0.00,0.00,95.64,0,-74.00,-15.00,0.00,0.00,63.00,0.00,0,264
314.03,1551880720,3079.81,51.48163438,7.44114836,154.67,0.00,0.00,97.11,0,-75.00,-12.00,0.00,0.00,63.00,0.00,0,264
315.03,1551880721,3079.82,51.48162534,7.44123427,154.11,6.98,0.00,98.91,0,-75.00,-12.00,0.00,0.00,63.00,0.00,0,264
316.03,1551880722,3086.80,51.48160917,7.44134597,153.79,8.17,0.00,102.67,0,-76.00,-12.00,0.00,0.00,63.00,0.00,0,265
317.03,1551880723,3094.97,51.48157230,7.44145833,153.51,9.23,0.00,117.94,0,-76.00,-12.00,0.00,0.00,63.00,0.00,0,265
318.03,1551880724,3104.21,51.48153136,7.44157698,153.20,9.89,0.00,119.55,0,-73.00,-11.00,0.00,0.00,63.00,0.00,0,265
319.03,1551880725,3114.12,51.48148244,7.44170226,153.10,10.26,0.00,122.38,0,-73.00,-11.00,0.00,0.00,63.00,0.00,0,265
323.03,1551880729,3158.47,51.48122619,7.44220216,154.80,12.71,0.00,132.32,0,-78.00,-12.00,0.00,0.00,60.00,0.00,0,266
324.03,1551880730,3171.18,51.48114267,7.44233192,155.50,13.43,0.00,134.17,0,-78.00,-12.00,0.00,0.00,60.00,0.00,0,266
348.03,1551880754,3507.28,51.47849510,7.44465482,158.23,14.58,0.00,151.67,0,-80.00,-12.00,0.00,0.00,61.00,0.00,0,265
349.03,1551880755,3521.84,51.47838101,7.44474666,157.89,14.15,0.00,151.62,0,-80.00,-12.00,0.00,0.00,61.00,0.00,0,265
419.03,1551880825,3977.32,51.47475908,7.44811813,169.22,1.01,0.00,145.90,0,-88.00,-12.00,0.00,0.00,50.00,0.00,0,265
420.03,1551880826,3978.33,51.47475948,7.44812477,169.27,0.60,0.00,145.90,0,-88.00,-12.00,0.00,0.00,50.00,0.00,0,265
428.03,1551880834,3981.33,51.47470199,7.44821615,169.73,2.13,0.00,141.32,0,-88.00,-13.00,0.00,0.00,52.00,0.00,0,265
429.03,1551880835,3983.46,51.47469098,7.44825016,169.86,3.38,0.00,122.99,0,-88.00,-13.00,0.00,0.00,52.00,0.00,0,265
430.03,1551880836,3986.85,51.47466800,7.44828732,169.94,4.04,0.00,138.78,0,-87.00,-12.00,0.00,0.00,52.00,0.00,0,265
431.03,1551880837,3990.89,51.47463028,7.44834127,170.63,5.09,0.00,139.31,0,-87.00,-12.00,0.00,0.00,52.00,0.00,0,265
432.03,1551880838,3995.98,51.47459699,7.44838498,171.28,5.44,0.00,140.01,0,-86.00,-17.00,0.00,0.00,57.00,0.00,0,265
433.03,1551880839,4001.43,51.47456560,7.44842553,171.68,5.13,0.00,140.62,0,-86.00,-17.00,0.00,0.00,57.00,0.00,0,265
436.03,1551880842,4019.47,51.47442266,7.44861063,172.49,8.06,0.00,139.77,0,-85.00,-17.00,0.00,0.00,58.00,0.00,0,265
437.03,1551880843,4027.54,51.47436640,7.44868279,172.58,8.34,0.00,140.42,0,-85.00,-17.00,0.00,0.00,58.00,0.00,0,265
451.03,1551880857,4174.67,51.47341054,7.45016351,167.80,11.39,0.00,128.98,0,-76.00,-10.00,0.00,0.00,60.00,0.00,0,376
451.03,1551880857,4174.68,51.47341054,7.45016351,167.80,11.39,0.00,128.98,0,-74.00,-13.00,0.00,0.00,63.00,0.00,0,377
452.03,1551880858,4186.06,51.47335011,7.45029424,167.79,11.44,0.00,127.64,0,-76.00,-10.00,0.00,0.00,60.00,0.00,0,376
452.03,1551880858,4186.07,51.47335011,7.45029424,167.79,11.44,0.00,127.64,0,-74.00,-13.00,0.00,0.00,63.00,0.00,0,377
455.02,1551880861,4222.06,51.47316084,7.45073956,167.56,13.43,0.00,124.17,0,-75.00,-16.00,0.00,0.00,63.00,0.00,0,375
456.03,1551880862,4235.54,51.47309830,7.45089963,167.03,13.29,0.00,122.83,0,-75.00,-16.00,0.00,0.00,63.00,0.00,0,375
488.03,1551880894,4728.85,51.47160124,7.45754377,161.53,14.13,0.00,117.10,0,-95.00,-11.00,0.00,0.00,44.00,0.00,0,111
489.03,1551880895,4742.87,51.47153932,7.45771921,161.06,13.51,0.00,117.70,0,-95.00,-11.00,0.00,0.00,44.00,0.00,0,111
490.03,1551880896,4756.37,51.47148295,7.45788747,160.69,12.33,0.00,117.17,0,-95.00,-11.00,0.00,0.00,44.00,0.00,0,111
491.03,1551880897,4768.71,51.47143567,7.45803559,160.66,11.23,0.00,116.49,0,-96.00,-11.00,0.00,0.00,42.00,0.00,0,111
491.03,1551880897,4768.72,51.47143567,7.45803559,160.66,11.23,0.00,116.49,0,-99.00,-15.00,0.00,0.00,42.00,0.00,0,306
492.03,1551880898,4779.95,51.47139461,7.45817035,160.63,9.65,0.00,115.98,0,-96.00,-11.00,0.00,0.00,42.00,0.00,0,111
492.03,1551880898,4779.95,51.47139461,7.45817035,160.63,9.65,0.00,115.98,0,-99.00,-15.00,0.00,0.00,42.00,0.00,0,306
493.03,1551880899,4789.59,51.47136133,7.45828032,160.53,7.77,0.00,115.88,0,-95.00,-13.00,0.00,0.00,44.00,0.00,0,306
494.03,1551880900,4797.35,51.47133436,7.45837180,160.29,6.63,0.00,115.12,0,-95.00,-13.00,0.00,0.00,44.00,0.00,0,306
495.03,1551880901,4803.98,51.47131407,7.45844406,159.99,5.24,0.00,114.97,0,-98.00,-12.00,0.00,0.00,40.00,0.00,0,306
496.03,1551880902,4809.22,51.47129603,7.45850942,159.78,4.35,0.00,115.55,0,-98.00,-12.00,0.00,0.00,40.00,0.00,0,306
501.03,1551880907,4822.68,51.47124645,7.45867147,159.71,1.35,0.00,115.21,0,-97.00,-15.00,0.00,0.00,45.00,0.00,0,111
502.03,1551880908,4824.03,51.47123833,7.45869327,159.69,2.90,0.00,116.48,0,-97.00,-15.00,0.00,0.00,45.00,0.00,0,111
522.03,1551880928,4973.11,51.47069775,7.46070618,163.20,8.75,0.00,113.10,0,-90.00,-9.00,0.00,0.00,44.00,0.00,0,111
523.03,1551880929,4981.86,51.47066589,7.46082113,162.69,8.85,0.00,113.72,0,-90.00,-9.00,0.00,0.00,44.00,0.00,0,111
541.03,1551880947,5188.33,51.46985345,7.46355138,158.41,13.63,0.00,114.59,0,-97.00,-11.00,0.00,0.00,41.00,0.00,0,143
542.03,1551880948,5201.94,51.46980283,7.46374364,158.27,13.92,0.00,112.78,0,-97.00,-11.00,0.00,0.00,41.00,0.00,0,143
543.03,1551880949,5215.89,51.46975442,7.46393101,158.12,14.05,0.00,111.99,0,-96.00,-12.00,0.00,0.00,42.00,0.00,0,111
543.03,1551880949,5215.89,51.46975442,7.46393101,158.12,14.05,0.00,111.99,0,-98.00,-13.00,0.00,0.00,41.00,0.00,0,143
544.03,1551880950,5229.94,51.46971207,7.46411702,157.64,14.49,0.00,110.67,0,-96.00,-12.00,0.00,0.00,42.00,0.00,0,111
544.03,1551880950,5229.94,51.46971207,7.46411702,157.64,14.49,0.00,110.67,0,-98.00,-13.00,0.00,0.00,41.00,0.00,0,143
545.03,1551880951,5244.42,51.46966932,7.46432688,157.17,15.19,0.00,108.89,0,-98.00,-11.00,0.00,0.00,39.00,0.00,0,111
545.03,1551880951,5244.43,51.46966932,7.46432688,157.17,15.19,0.00,108.89,0,-101.00,-15.00,0.00,0.00,40.00,0.00,0,143
546.03,1551880952,5259.62,51.46962717,7.46454494,156.95,14.82,0.00,107.68,0,-98.00,-11.00,0.00,0.00,39.00,0.00,0,111
546.03,1551880952,5259.62,51.46962717,7.46454494,156.95,14.82,0.00,107.68,0,-101.00,-15.00,0.00,0.00,40.00,0.00,0,143
547.03,1551880953,5274.44,51.46958782,7.46475889,157.01,14.55,0.00,106.70,0,-95.00,-11.00,0.00,0.00,43.00,0.00,0,111
547.03,1551880953,5274.44,51.46958782,7.46475889,157.01,14.55,0.00,106.70,0,-97.00,-13.00,0.00,0.00,43.00,0.00,0,143
548.03,1551880954,5288.97,51.46955797,7.46494946,156.82,14.35,0.00,105.59,0,-95.00,-11.00,0.00,0.00,43.00,0.00,0,111
548.03,1551880954,5288.98,51.46955797,7.46494946,156.82,14.35,0.00,105.59,0,-97.00,-13.00,0.00,0.00,43.00,0.00,0,143
549.03,1551880955,5303.32,51.46952922,7.46514964,156.78,14.08,0.00,103.85,0,-94.00,-11.00,0.00,0.00,43.00,0.00,0,111
549.03,1551880955,5303.34,51.46952922,7.46514964,156.78,14.08,0.00,103.85,0,-96.00,-12.00,0.00,0.00,42.00,0.00,0,143
550.03,1551880956,5317.41,51.46950618,7.46534488,156.79,14.36,0.00,102.54,0,-94.00,-11.00,0.00,0.00,43.00,0.00,0,111
550.03,1551880956,5317.42,51.46950618,7.46534488,156.79,14.36,0.00,102.54,0,-96.00,-12.00,0.00,0.00,42.00,0.00,0,143
551.03,1551880957,5331.88,51.46948436,7.46554214,156.78,14.67,0.00,101.17,0,-100.00,-10.00,0.00,0.00,36.00,0.00,0,111
551.04,1551880957,5331.89,51.46948436,7.46554214,156.78,14.67,0.00,101.17,0,-104.00,-14.00,0.00,0.00,35.00,0.00,0,143
552.03,1551880958,5346.43,51.46946546,7.46574870,156.60,15.20,0.00,99.50,0,-100.00,-10.00,0.00,0.00,36.00,0.00,0,111
552.03,1551880958,5346.45,51.46946546,7.46574870,156.60,15.20,0.00,99.50,0,-104.00,-14.00,0.00,0.00,35.00,0.00,0,143
553.03,1551880959,5361.63,51.46945003,7.46597947,156.57,15.83,0.00,97.88,0,-100.00,-10.00,0.00,0.00,36.00,0.00,0,111
553.03,1551880959,5361.65,51.46945003,7.46597947,156.57,15.83,0.00,97.88,0,-104.00,-14.00,0.00,0.00,35.00,0.00,0,143
554.03,1551880960,5377.46,51.46943569,7.46622000,156.65,16.57,0.00,96.82,0,-103.00,-13.00,0.00,0.00,36.00,0.00,0,111
554.03,1551880960,5377.48,51.46943569,7.46622000,156.65,16.57,0.00,96.82,0,-105.00,-14.00,0.00,0.00,35.00,0.00,0,143
555.03,1551880961,5394.03,51.46942680,7.46644360,156.63,16.88,0.00,95.15,0,-103.00,-13.00,0.00,0.00,36.00,0.00,0,111
555.03,1551880961,5394.05,51.46942680,7.46644360,156.63,16.88,0.00,95.15,0,-105.00,-14.00,0.00,0.00,35.00,0.00,0,143
556.03,1551880962,5410.91,51.46942115,7.46668217,156.55,16.41,0.00,93.19,0,-102.00,-11.00,0.00,0.00,36.00,0.00,0,111
557.03,1551880963,5427.31,51.46942330,7.46691486,156.56,16.27,0.00,91.28,0,-102.00,-11.00,0.00,0.00,36.00,0.00,0,111
558.03,1551880964,5443.59,51.46943170,7.46716255,156.60,16.53,0.00,89.39,0,-99.00,-13.00,0.00,0.00,40.00,0.00,0,111
558.03,1551880964,5443.60,51.46943170,7.46716255,156.60,16.53,0.00,89.39,0,-102.00,-15.00,0.00,0.00,40.00,0.00,0,143
559.03,1551880965,5460.14,51.46944489,7.46740546,156.64,16.59,0.00,87.76,0,-99.00,-13.00,0.00,0.00,40.00,0.00,0,111
559.03,1551880965,5460.15,51.46944489,7.46740546,156.64,16.59,0.00,87.76,0,-102.00,-15.00,0.00,0.00,40.00,0.00,0,143
560.03,1551880966,5476.69,51.46946032,7.46763902,156.54,16.16,0.00,86.43,0,-98.00,-13.00,0.00,0.00,40.00,0.00,0,143
561.03,1551880967,5492.86,51.46947742,7.46786739,156.64,15.89,0.00,85.25,0,-98.00,-13.00,0.00,0.00,40.00,0.00,0,143
568.03,1551880974,5604.62,51.46963957,7.46947544,158.92,16.26,0.00,81.12,0,-102.00,-18.00,0.00,0.00,42.00,0.00,0,289
569.03,1551880975,5620.88,51.46966799,7.46970861,159.40,15.86,0.00,80.49,0,-102.00,-18.00,0.00,0.00,42.00,0.00,0,289
575.03,1551880981,5719.71,51.46980125,7.47110274,162.69,16.89,0.00,84.67,0,-99.00,-12.00,0.00,0.00,39.00,0.00,0,111
576.03,1551880982,5736.60,51.46981374,7.47134345,162.72,16.06,0.00,86.01,0,-99.00,-12.00,0.00,0.00,39.00,0.00,0,111
577.03,1551880983,5752.67,51.46981944,7.47159536,163.11,15.91,0.00,88.16,0,-100.00,-12.00,0.00,0.00,38.00,0.00,0,111
578.02,1551880984,5768.56,51.46981815,7.47182589,163.55,16.36,0.00,89.94,0,-100.00,-12.00,0.00,0.00,38.00,0.00,0,111
579.03,1551880985,5784.97,51.46981407,7.47207811,164.41,17.04,0.00,91.05,0,-101.00,-14.00,0.00,0.00,39.00,0.00,0,143
579.03,1551880985,5784.99,51.46981407,7.47207811,164.41,17.04,0.00,91.05,0,-104.00,-17.00,0.00,0.00,40.00,0.00,0,111
580.03,1551880986,5801.97,51.46980613,7.47232022,165.05,17.34,0.00,92.60,0,-101.00,-14.00,0.00,0.00,39.00,0.00,0,143
580.03,1551880986,5801.99,51.46980613,7.47232022,165.05,17.34,0.00,92.60,0,-104.00,-17.00,0.00,0.00,40.00,0.00,0,111
581.03,1551880987,5819.31,51.46979537,7.47256472,165.50,17.24,0.00,93.81,0,-105.00,-16.00,0.00,0.00,36.00,0.00,0,143
582.03,1551880988,5836.55,51.46978408,7.47280258,165.87,17.00,0.00,94.48,0,-105.00,-16.00,0.00,0.00,36.00,0.00,0,143
583.03,1551880989,5853.58,51.46976649,7.47305471,166.27,17.07,0.00,95.51,0,-102.00,-13.00,0.00,0.00,37.00,0.00,0,289
583.03,1551880989,5853.60,51.46976649,7.47305471,166.27,17.07,0.00,95.51,0,-101.00,-17.00,0.00,0.00,47.00,0.00,0,447
584.03,1551880990,5870.63,51.46974916,7.47329944,166.58,16.70,0.00,96.41,0,-102.00,-13.00,0.00,0.00,37.00,0.00,0,289
584.03,1551880990,5870.64,51.46974916,7.47329944,166.58,16.70,0.00,96.41,0,-101.00,-17.00,0.00,0.00,47.00,0.00,0,447
585.03,1551880991,5887.34,51.46972768,7.47352795,167.09,16.22,0.00,97.24,0,-97.00,-11.00,0.00,0.00,40.00,0.00,0,289
585.03,1551880991,5887.36,51.46972768,7.47352795,167.09,16.22,0.00,97.24,0,-100.00,-13.00,0.00,0.00,38.00,0.00,0,143
585.03,1551880991,5887.38,51.46972768,7.47352795,167.09,16.22,0.00,97.24,0,-101.00,-17.00,0.00,0.00,44.00,0.00,0,447
585.03,1551880991,5887.38,51.46972768,7.47352795,167.09,16.22,0.00,97.24,0,-101.00,-18.00,0.00,0.00,45.00,0.00,0,229
586.03,1551880992,5903.56,51.46970464,7.47376520,167.43,16.43,0.00,97.62,0,-97.00,-11.00,0.00,0.00,40.00,0.00,0,289
586.03,1551880992,5903.58,51.46970464,7.47376520,167.43,16.43,0.00,97.62,0,-100.00,-13.00,0.00,0.00,38.00,0.00,0,143
586.03,1551880992,5903.60,51.46970464,7.47376520,167.43,16.43,0.00,97.62,0,-101.00,-17.00,0.00,0.00,44.00,0.00,0,447
586.03,1551880992,5903.60,51.46970464,7.47376520,167.43,16.43,0.00,97.62,0,-101.00,-18.00,0.00,0.00,45.00,0.00,0,229
587.03,1551880993,5919.99,51.46967918,7.47400477,168.05,16.90,0.00,98.54,0,-98.00,-12.00,0.00,0.00,40.00,0.00,0,289
587.03,1551880993,5920.01,51.46967918,7.47400477,168.05,16.90,0.00,98.54,0,-102.00,-16.00,0.00,0.00,40.00,0.00,0,112
587.03,1551880993,5920.03,51.46967918,7.47400477,168.05,16.90,0.00,98.54,0,-103.00,-17.00,0.00,0.00,40.00,0.00,0,111
587.03,1551880993,5920.03,51.46967918,7.47400477,168.05,16.90,0.00,98.54,0,-102.00,-18.00,0.00,0.00,45.00,0.00,0,447
588.03,1551880994,5936.86,51.46965395,7.47424924,168.63,16.96,0.00,98.80,0,-98.00,-12.00,0.00,0.00,40.00,0.00,0,289
588.03,1551880994,5936.88,51.46965395,7.47424924,168.63,16.96,0.00,98.80,0,-102.00,-16.00,0.00,0.00,40.00,0.00,0,112
588.03,1551880994,5936.89,51.46965395,7.47424924,168.63,16.96,0.00,98.80,0,-103.00,-17.00,0.00,0.00,40.00,0.00,0,111
588.03,1551880994,5936.89,51.46965395,7.47424924,168.63,16.96,0.00,98.80,0,-102.00,-18.00,0.00,0.00,45.00,0.00,0,447
589.03,1551880995,5953.87,51.46962931,7.47449533,169.31,16.70,0.00,99.11,0,-99.00,-15.00,0.00,0.00,42.00,0.00,0,111
589.03,1551880995,5953.89,51.46962931,7.47449533,169.31,16.70,0.00,99.11,0,-99.00,-15.00,0.00,0.00,42.00,0.00,0,112
589.03,1551880995,5953.89,51.46962931,7.47449533,169.31,16.70,0.00,99.11,0,-102.00,-18.00,0.00,0.00,42.00,0.00,0,289
589.03,1551880995,5953.91,51.46962931,7.47449533,169.31,16.70,0.00,99.11,0,-101.00,-16.00,0.00,0.00,44.00,0.00,0,229
590.03,1551880996,5970.55,51.46960414,7.47473046,169.89,15.66,0.00,98.37,0,-99.00,-15.00,0.00,0.00,42.00,0.00,0,111
590.03,1551880996,5970.57,51.46960414,7.47473046,169.89,15.66,0.00,98.37,0,-99.00,-15.00,0.00,0.00,42.00,0.00,0,112
590.03,1551880996,5970.59,51.46960414,7.47473046,169.89,15.66,0.00,98.37,0,-102.00,-18.00,0.00,0.00,42.00,0.00,0,289
590.03,1551880996,5970.60,51.46960414,7.47473046,169.89,15.66,0.00,98.37,0,-101.00,-16.00,0.00,0.00,44.00,0.00,0,229
591.03,1551880997,5986.18,51.46958547,7.47493844,170.51,15.01,0.00,97.45,0,-98.00,-14.00,0.00,0.00,42.00,0.00,0,289
591.03,1551880997,5986.18,51.46958547,7.47493844,170.51,15.01,0.00,97.45,0,-100.00,-16.00,0.00,0.00,41.00,0.00,0,112
591.03,1551880997,5986.19,51.46958547,7.47493844,170.51,15.01,0.00,97.45,0,-101.00,-17.00,0.00,0.00,41.00,0.00,0,111
591.03,1551880997,5986.21,51.46958547,7.47493844,170.51,15.01,0.00,97.45,0,-102.00,-18.00,0.00,0.00,45.00,0.00,0,229
592.03,1551880998,6001.23,51.46956853,7.47513822,170.71,14.59,0.00,97.01,0,-98.00,-14.00,0.00,0.00,42.00,0.00,0,289
592.03,1551880998,6001.23,51.46956853,7.47513822,170.71,14.59,0.00,97.01,0,-100.00,-16.00,0.00,0.00,41.00,0.00,0,112
592.03,1551880998,6001.25,51.46956853,7.47513822,170.71,14.59,0.00,97.01,0,-101.00,-17.00,0.00,0.00,41.00,0.00,0,111
592.03,1551880998,6001.26,51.46956853,7.47513822,170.71,14.59,0.00,97.01,0,-102.00,-18.00,0.00,0.00,45.00,0.00,0,229
593.03,1551880999,6015.82,51.46955515,7.47535090,171.13,14.58,0.00,95.80,0,-98.00,-14.00,0.00,0.00,42.00,0.00,0,289
593.03,1551880999,6015.83,51.46955515,7.47535090,171.13,14.58,0.00,95.80,0,-100.00,-17.00,0.00,0.00,42.00,0.00,0,143
593.03,1551880999,6015.85,51.46955515,7.47535090,171.13,14.58,0.00,95.80,0,-102.00,-19.00,0.00,0.00,42.00,0.00,0,112
593.03,1551880999,6015.86,51.46955515,7.47535090,171.13,14.58,0.00,95.80,0,-103.00,-17.00,0.00,0.00,43.00,0.00,0,270
593.03,1551880999,6015.86,51.46955515,7.47535090,171.13,14.58,0.00,95.80,0,-104.00,-19.00,0.00,0.00,44.00,0.00,0,229
594.03,1551881000,6030.41,51.46954507,7.47556627,171.60,14.25,0.00,94.52,0,-98.00,-14.00,0.00,0.00,42.00,0.00,0,289
594.03,1551881000,6030.41,51.46954507,7.47556627,171.60,14.25,0.00,94.52,0,-100.00,-17.00,0.00,0.00,42.00,0.00,0,143
594.03,1551881000,6030.42,51.46954507,7.47556627,171.60,14.25,0.00,94.52,0,-102.00,-19.00,0.00,0.00,42.00,0.00,0,112
594.03,1551881000,6030.44,51.46954507,7.47556627,171.60,14.25,0.00,94.52,0,-103.00,-17.00,0.00,0.00,43.00,0.00,0,270
594.03,1551881000,6030.44,51.46954507,7.47556627,171.60,14.25,0.00,94.52,0,-104.00,-19.00,0.00,0.00,44.00,0.00,0,229
595.04,1551881001,6044.74,51.46953502,7.47577724,172.17,14.00,0.00,93.96,0,-99.00,-14.00,0.00,0.00,40.00,0.00,0,143
595.04,1551881001,6044.76,51.46953502,7.47577724,172.17,14.00,0.00,93.96,0,-100.00,-16.00,0.00,0.00,42.00,0.00,0,112
595.04,1551881001,6044.76,51.46953502,7.47577724,172.17,14.00,0.00,93.96,0,-101.00,-18.00,0.00,0.00,42.00,0.00,0,111
596.03,1551881002,6058.63,51.46952748,7.47597227,172.57,13.86,0.00,93.02,0,-99.00,-14.00,0.00,0.00,40.00,0.00,0,143
596.03,1551881002,6058.63,51.46952748,7.47597227,172.57,13.86,0.00,93.02,0,-100.00,-16.00,0.00,0.00,42.00,0.00,0,112
596.03,1551881002,6058.64,51.46952748,7.47597227,172.57,13.86,0.00,93.02,0,-101.00,-18.00,0.00,0.00,42.00,0.00,0,111
597.03,1551881003,6072.47,51.46952316,7.47617214,173.01,13.36,0.00,91.83,0,-99.00,-14.00,0.00,0.00,40.00,0.00,0,143
597.03,1551881003,6072.48,51.46952316,7.47617214,173.01,13.36,0.00,91.83,0,-100.00,-16.00,0.00,0.00,42.00,0.00,0,112
597.03,1551881003,6072.50,51.46952316,7.47617214,173.01,13.36,0.00,91.83,0,-101.00,-18.00,0.00,0.00,42.00,0.00,0,111
598.03,1551881004,6085.82,51.46951894,7.47636199,173.31,12.53,0.00,91.39,0,-98.00,-16.00,0.00,0.00,44.00,0.00,0,143
599.03,1551881005,6098.41,51.46951751,7.47654503,173.46,13.24,0.00,90.70,0,-98.00,-16.00,0.00,0.00,44.00,0.00,0,143
612.03,1551881018,6201.82,51.46962158,7.47800174,174.94,2.16,0.00,79.43,0,-96.00,-15.00,0.00,0.00,45.00,0.00,0,143
613.03,1551881019,6203.98,51.46962859,7.47803170,174.97,1.53,0.00,78.04,0,-96.00,-15.00,0.00,0.00,45.00,0.00,0,143
616.03,1551881022,6207.69,51.46963463,7.47805640,175.04,0.00,0.00,78.71,0,-95.00,-18.00,0.00,0.00,49.00,0.00,0,141
616.03,1551881022,6207.69,51.46963463,7.47805640,175.04,0.00,0.00,78.71,0,-95.00,-18.00,0.00,0.00,48.00,0.00,0,143
617.03,1551881023,6207.69,51.46963463,7.47805640,175.04,0.00,0.00,78.71,0,-95.00,-18.00,0.00,0.00,49.00,0.00,0,141
617.03,1551881023,6207.69,51.46963463,7.47805640,175.04,0.00,0.00,78.71,0,-95.00,-18.00,0.00,0.00,48.00,0.00,0,143
618.03,1551881024,6207.69,51.46963463,7.47805640,175.04,0.00,0.00,78.71,0,-95.00,-18.00,0.00,0.00,49.00,0.00,0,141
618.03,1551881024,6207.69,51.46963463,7.47805640,175.04,0.00,0.00,78.71,0,-95.00,-18.00,0.00,0.00,48.00,0.00,0,143
619.03,1551881025,6207.69,51.46963463,7.47805640,175.04,0.00,0.00,78.71,0,-95.00,-12.00,0.00,0.00,45.00,0.00,0,143
620.03,1551881026,6207.69,51.46963463,7.47805640,175.04,0.00,0.00,78.71,0,-95.00,-12.00,0.00,0.00,45.00,0.00,0,143
621.03,1551881027,6207.69,51.46963463,7.47805640,175.04,0.00,0.00,78.71,0,-94.00,-17.00,0.00,0.00,47.00,0.00,0,141
621.03,1551881027,6207.69,51.46963463,7.47805640,175.04,0.00,0.00,78.71,0,-95.00,-16.00,0.00,0.00,47.00,0.00,0,143
622.02,1551881028,6207.69,51.46963463,7.47805640,175.08,0.00,0.00,72.40,0,-94.00,-17.00,0.00,0.00,47.00,0.00,0,141
622.02,1551881028,6207.69,51.46963463,7.47805640,175.08,0.00,0.00,72.40,0,-95.00,-16.00,0.00,0.00,47.00,0.00,0,143
627.03,1551881033,6222.21,51.46969546,7.47839422,175.46,5.39,0.00,76.86,0,-96.00,-19.00,0.00,0.00,48.00,0.00,0,141
627.03,1551881033,6222.21,51.46969546,7.47839422,175.46,5.39,0.00,76.86,0,-96.00,-19.00,0.00,0.00,48.00,0.00,0,143
628.03,1551881034,6227.61,51.46970970,7.47846223,175.43,6.57,0.00,74.87,0,-96.00,-19.00,0.00,0.00,48.00,0.00,0,141
628.03,1551881034,6227.62,51.46970970,7.47846223,175.43,6.57,0.00,74.87,0,-96.00,-19.00,0.00,0.00,48.00,0.00,0,143
629.03,1551881035,6234.17,51.46972604,7.47855401,175.40,7.67,0.00,74.24,0,-94.00,-10.00,0.00,0.00,42.00,0.00,0,143
630.03,1551881036,6241.85,51.46974437,7.47866108,175.19,8.83,0.00,74.31,0,-94.00,-10.00,0.00,0.00,42.00,0.00,0,143
631.03,1551881037,6250.67,51.46976556,7.47877891,174.88,9.37,0.00,74.64,0,-95.00,-16.00,0.00,0.00,46.00,0.00,0,143
631.03,1551881037,6250.68,51.46976556,7.47877891,174.88,9.37,0.00,74.64,0,-97.00,-18.00,0.00,0.00,46.00,0.00,0,141
632.03,1551881038,6260.04,51.46978856,7.47890439,174.58,9.01,0.00,73.68,0,-95.00,-16.00,0.00,0.00,46.00,0.00,0,143
632.03,1551881038,6260.05,51.46978856,7.47890439,174.58,9.01,0.00,73.68,0,-97.00,-18.00,0.00,0.00,46.00,0.00,0,141
633.03,1551881039,6269.05,51.46981112,7.47902774,174.38,8.70,0.00,73.76,0,-98.00,-13.00,0.00,0.00,41.00,0.00,0,143
633.03,1551881039,6269.06,51.46981112,7.47902774,174.38,8.70,0.00,73.76,0,-100.00,-15.00,0.00,0.00,41.00,0.00,0,141
634.03,1551881040,6277.75,51.46983172,7.47914788,174.10,8.96,0.00,74.73,0,-98.00,-13.00,0.00,0.00,41.00,0.00,0,143
634.03,1551881040,6277.76,51.46983172,7.47914788,174.10,8.96,0.00,74.73,0,-100.00,-15.00,0.00,0.00,41.00,0.00,0,141
644.03,1551881050,6390.87,51.47015377,7.48076401,176.64,12.00,0.00,71.96,0,-90.00,-12.00,0.00,0.00,48.00,0.00,0,141
644.03,1551881050,6390.87,51.47015377,7.48076401,176.64,12.00,0.00,71.96,0,-91.00,-14.00,0.00,0.00,48.00,0.00,0,143
645.03,1551881051,6402.87,51.47018862,7.48092074,177.71,11.05,0.00,71.98,0,-90.00,-12.00,0.00,0.00,48.00,0.00,0,141
645.03,1551881051,6402.87,51.47018862,7.48092074,177.71,11.05,0.00,71.98,0,-91.00,-14.00,0.00,0.00,48.00,0.00,0,143
661.03,1551881067,6581.03,51.46912816,7.48215489,177.95,14.44,0.00,165.25,0,-91.00,-9.00,0.00,0.00,43.00,0.00,0,141
662.03,1551881068,6595.49,51.46900580,7.48220213,177.93,13.99,0.00,166.06,0,-91.00,-9.00,0.00,0.00,43.00,0.00,0,141
663.03,1551881069,6609.47,51.46888705,7.48224434,178.23,13.29,0.00,165.97,0,-94.00,-13.00,0.00,0.00,45.00,0.00,0,141
664.03,1551881070,6622.76,51.46877393,7.48228765,178.48,12.40,0.00,165.87,0,-94.00,-13.00,0.00,0.00,45.00,0.00,0,141
688.03,1551881094,6891.03,51.46637033,7.48259348,178.10,13.70,0.00,195.47,0,-94.00,-14.00,0.00,0.00,46.00,0.00,0,141
689.03,1551881095,6904.72,51.46624888,7.48252956,177.22,13.43,0.00,195.93,0,-94.00,-14.00,0.00,0.00,46.00,0.00,0,141
690.03,1551881096,6918.16,51.46610680,7.48244716,175.92,16.07,0.00,197.98,0,-94.00,-14.00,0.00,0.00,46.00,0.00,0,141
691.03,1551881097,6934.23,51.46597121,7.48237336,175.24,15.13,0.00,197.63,0,-94.00,-14.00,0.00,0.00,46.00,0.00,0,141
692.03,1551881098,6949.36,51.46584191,7.48228272,174.60,15.13,0.00,197.10,0,-105.00,-19.00,0.00,0.00,39.00,0.00,0,141
693.03,1551881099,6964.51,51.46570976,7.48218216,173.74,15.70,0.00,198.30,0,-105.00,-19.00,0.00,0.00,39.00,0.00,0,141
696.03,1551881102,7010.11,51.46534662,7.48188430,172.41,13.42,0.00,201.34,0,-96.00,-16.00,0.00,0.00,47.00,0.00,0,141
696.03,1551881102,7010.12,51.46534662,7.48188430,172.41,13.42,0.00,201.34,0,-97.00,-17.00,0.00,0.00,47.00,0.00,0,143
697.03,1551881103,7023.54,51.46522638,7.48178413,171.86,14.36,0.00,201.84,0,-96.00,-16.00,0.00,0.00,47.00,0.00,0,141
697.03,1551881103,7023.54,51.46522638,7.48178413,171.86,14.36,0.00,201.84,0,-97.00,-17.00,0.00,0.00,47.00,0.00,0,143
698.03,1551881104,7037.89,51.46510365,7.48168809,171.47,14.66,0.00,201.51,0,-97.00,-14.00,0.00,0.00,42.00,0.00,0,141
698.03,1551881104,7037.90,51.46510365,7.48168809,171.47,14.66,0.00,201.51,0,-98.00,-15.00,0.00,0.00,42.00,0.00,0,143
699.03,1551881105,7052.55,51.46496981,7.48160077,172.07,14.14,0.00,200.47,0,-97.00,-14.00,0.00,0.00,42.00,0.00,0,141
699.03,1551881105,7052.57,51.46496981,7.48160077,172.07,14.14,0.00,200.47,0,-98.00,-15.00,0.00,0.00,42.00,0.00,0,143
700.03,1551881106,7066.80,51.46484033,7.48152478,172.32,13.98,0.00,199.99,0,-96.00,-11.00,0.00,0.00,40.00,0.00,0,141
700.04,1551881106,7066.82,51.46484033,7.48152478,172.32,13.98,0.00,199.99,0,-98.00,-12.00,0.00,0.00,40.00,0.00,0,143
701.03,1551881107,7080.67,51.46471352,7.48145205,172.33,13.49,0.00,199.41,0,-96.00,-11.00,0.00,0.00,40.00,0.00,0,141
701.03,1551881107,7080.68,51.46471352,7.48145205,172.33,13.49,0.00,199.41,0,-98.00,-12.00,0.00,0.00,40.00,0.00,0,143
702.03,1551881108,7094.16,51.46459313,7.48138145,172.52,12.84,0.00,198.92,0,-96.00,-11.00,0.00,0.00,40.00,0.00,0,141
702.03,1551881108,7094.17,51.46459313,7.48138145,172.52,12.84,0.00,198.92,0,-98.00,-12.00,0.00,0.00,40.00,0.00,0,143
703.03,1551881109,7106.99,51.46448116,7.48131444,172.78,12.34,0.00,199.08,0,-97.00,-17.00,0.00,0.00,45.00,0.00,0,143
703.03,1551881109,7107.01,51.46448116,7.48131444,172.78,12.34,0.00,199.08,0,-98.00,-17.00,0.00,0.00,45.00,0.00,0,141
704.03,1551881110,7119.35,51.46437678,7.48124917,173.18,12.03,0.00,198.96,0,-97.00,-17.00,0.00,0.00,45.00,0.00,0,143
704.03,1551881110,7119.36,51.46437678,7.48124917,173.18,12.03,0.00,198.96,0,-98.00,-17.00,0.00,0.00,45.00,0.00,0,141
705.03,1551881111,7131.38,51.46427805,7.48118543,173.52,12.18,0.00,198.43,0,-97.00,-11.00,0.00,0.00,40.00,0.00,0,143
705.03,1551881111,7131.38,51.46427805,7.48118543,173.52,12.18,0.00,198.43,0,-97.00,-11.00,0.00,0.00,40.00,0.00,0,141
706.03,1551881112,7143.55,51.46417782,7.48113092,173.90,12.39,0.00,197.42,0,-97.00,-11.00,0.00,0.00,40.00,0.00,0,143
706.03,1551881112,7143.56,51.46417782,7.48113092,173.90,12.39,0.00,197.42,0,-97.00,-11.00,0.00,0.00,40.00,0.00,0,141
707.03,1551881113,7155.93,51.46406970,7.48107824,174.27,13.42,0.00,196.95,0,-95.00,-14.00,0.00,0.00,45.00,0.00,0,143
707.03,1551881113,7155.94,51.46406970,7.48107824,174.27,13.42,0.00,196.95,0,-96.00,-15.00,0.00,0.00,45.00,0.00,0,141
708.03,1551881114,7169.35,51.46395210,7.48102259,174.70,13.94,0.00,196.55,0,-95.00,-14.00,0.00,0.00,45.00,0.00,0,143
708.03,1551881114,7169.37,51.46395210,7.48102259,174.70,13.94,0.00,196.55,0,-96.00,-15.00,0.00,0.00,45.00,0.00,0,141
709.03,1551881115,7183.30,51.46383307,7.48097063,175.01,13.73,0.00,196.15,0,-94.00,-10.00,0.00,0.00,42.00,0.00,0,143
709.03,1551881115,7183.31,51.46383307,7.48097063,175.01,13.73,0.00,196.15,0,-97.00,-13.00,0.00,0.00,42.00,0.00,0,141
710.02,1551881116,7196.97,51.46371441,7.48091739,175.29,13.39,0.00,196.37,0,-94.00,-10.00,0.00,0.00,42.00,0.00,0,143
710.02,1551881116,7196.97,51.46371441,7.48091739,175.29,13.39,0.00,196.37,0,-97.00,-13.00,0.00,0.00,42.00,0.00,0,141
711.03,1551881117,7210.41,51.46359681,7.48086552,175.61,12.78,0.00,196.03,0,-97.00,-13.00,0.00,0.00,42.00,0.00,0,141
711.03,1551881117,7210.42,51.46359681,7.48086552,175.61,12.78,0.00,196.03,0,-98.00,-13.00,0.00,0.00,42.00,0.00,0,143
712.03,1551881118,7223.22,51.46348938,7.48081672,176.27,12.62,0.00,195.87,0,-97.00,-13.00,0.00,0.00,42.00,0.00,0,141
712.03,1551881118,7223.23,51.46348938,7.48081672,176.27,12.62,0.00,195.87,0,-98.00,-13.00,0.00,0.00,42.00,0.00,0,143
713.03,1551881119,7235.82,51.46338853,7.48077156,176.94,12.40,0.00,195.83,0,-90.00,-9.00,0.00,0.00,45.00,0.00,0,143
713.03,1551881119,7235.83,51.46338853,7.48077156,176.94,12.40,0.00,195.83,0,-95.00,-13.00,0.00,0.00,45.00,0.00,0,141
714.03,1551881120,7248.22,51.46328871,7.48072690,177.74,11.83,0.00,195.54,0,-90.00,-9.00,0.00,0.00,45.00,0.00,0,143
714.03,1551881120,7248.23,51.46328871,7.48072690,177.74,11.83,0.00,195.54,0,-95.00,-13.00,0.00,0.00,45.00,0.00,0,141
715.03,1551881121,7260.05,51.46319162,7.48068482,178.35,11.46,0.00,195.42,0,-93.00,-11.00,0.00,0.00,44.00,0.00,0,289
715.03,1551881121,7260.06,51.46319162,7.48068482,178.35,11.46,0.00,195.42,0,-97.00,-16.00,0.00,0.00,44.00,0.00,0,141
716.03,1551881122,7271.50,51.46309883,7.48064104,179.16,10.81,0.00,195.91,0,-93.00,-11.00,0.00,0.00,44.00,0.00,0,289
716.03,1551881122,7271.51,51.46309883,7.48064104,179.16,10.81,0.00,195.91,0,-97.00,-16.00,0.00,0.00,44.00,0.00,0,141
717.03,1551881123,7282.32,51.46301151,7.48059957,179.73,10.31,0.00,196.63,0,-93.00,-11.00,0.00,0.00,45.00,0.00,0,289
717.03,1551881123,7282.33,51.46301151,7.48059957,179.73,10.31,0.00,196.63,0,-99.00,-17.00,0.00,0.00,45.00,0.00,0,112
717.03,1551881123,7282.34,51.46301151,7.48059957,179.73,10.31,0.00,196.63,0,-99.00,-18.00,0.00,0.00,46.00,0.00,0,141
718.03,1551881124,7292.63,51.46292660,7.48055958,180.03,10.08,0.00,196.58,0,-93.00,-11.00,0.00,0.00,45.00,0.00,0,289
718.03,1551881124,7292.64,51.46292660,7.48055958,180.03,10.08,0.00,196.58,0,-99.00,-17.00,0.00,0.00,45.00,0.00,0,112
718.03,1551881124,7292.65,51.46292660,7.48055958,180.03,10.08,0.00,196.58,0,-99.00,-18.00,0.00,0.00,46.00,0.00,0,141
719.03,1551881125,7302.70,51.46284166,7.48052158,180.13,10.10,0.00,196.02,0,-93.00,-10.00,0.00,0.00,43.00,0.00,0,289
720.03,1551881126,7312.80,51.46275236,7.48048181,180.24,10.35,0.00,195.49,0,-93.00,-10.00,0.00,0.00,43.00,0.00,0,289
721.03,1551881127,7323.22,51.46266505,7.48044678,180.56,9.78,0.00,195.25,0,-91.00,-11.00,0.00,0.00,46.00,0.00,0,289
722.03,1551881128,7332.95,51.46258362,7.48041237,180.85,8.85,0.00,195.20,0,-91.00,-11.00,0.00,0.00,46.00,0.00,0,289
723.03,1551881129,7341.78,51.46251438,7.48038550,181.08,7.51,0.00,194.66,0,-91.00,-11.00,0.00,0.00,46.00,0.00,0,289
724.03,1551881130,7349.28,51.46245942,7.48036424,181.40,5.83,0.00,194.82,0,-95.00,-12.00,0.00,0.00,43.00,0.00,0,289
725.03,1551881131,7355.11,51.46241729,7.48034859,181.76,4.40,0.00,195.39,0,-95.00,-12.00,0.00,0.00,43.00,0.00,0,289
730.03,1551881136,7369.96,51.46228248,7.48028988,181.90,2.65,0.00,195.54,0,-96.00,-13.00,0.00,0.00,44.00,0.00,0,289
731.03,1551881137,7372.61,51.46226076,7.48027745,181.92,2.42,0.00,196.06,0,-96.00,-13.00,0.00,0.00,44.00,0.00,0,289
734.03,1551881140,7379.78,51.46220470,7.48024531,182.01,2.29,0.00,197.34,0,-98.00,-10.00,0.00,0.00,39.00,0.00,0,289
735.03,1551881141,7382.08,51.46219017,7.48023965,182.03,1.52,0.00,196.38,0,-98.00,-10.00,0.00,0.00,39.00,0.00,0,289
736.03,1551881142,7383.59,51.46219017,7.48023965,182.03,0.00,0.00,196.38,0,-99.00,-11.00,0.00,0.00,40.00,0.00,0,289
737.03,1551881143,7383.59,51.46218725,7.48023948,182.05,0.31,0.00,196.38,0,-99.00,-11.00,0.00,0.00,40.00,0.00,0,289
738.03,1551881144,7383.90,51.46218725,7.48023948,182.04,0.00,0.00,196.38,0,-97.00,-13.00,0.00,0.00,43.00,0.00,0,289
739.03,1551881145,7383.90,51.46218725,7.48023948,182.04,0.00,0.00,196.38,0,-97.00,-13.00,0.00,0.00,43.00,0.00,0,289
740.03,1551881146,7383.90,51.46218725,7.48023948,182.04,0.00,0.00,196.38,0,-96.00,-13.00,0.00,0.00,43.00,0.00,0,289
741.03,1551881147,7383.90,51.46218725,7.48023948,182.01,0.00,0.00,196.38,0,-96.00,-13.00,0.00,0.00,43.00,0.00,0,289
742.03,1551881148,7383.90,51.46218725,7.48023948,181.96,0.00,0.00,192.70,0,-97.00,-16.00,0.00,0.00,45.00,0.00,0,289
743.03,1551881149,7383.90,51.46218725,7.48023948,181.57,0.00,0.00,193.42,0,-97.00,-16.00,0.00,0.00,45.00,0.00,0,289
744.03,1551881150,7383.91,51.46207259,7.48023101,181.27,6.39,0.00,169.09,0,-97.00,-16.00,0.00,0.00,45.00,0.00,0,289
745.03,1551881151,7390.30,51.46202915,7.48028819,181.05,6.59,0.00,141.63,0,-98.00,-14.00,0.00,0.00,42.00,0.00,0,289
746.03,1551881152,7396.89,51.46201661,7.48037479,180.64,6.53,0.00,106.15,0,-98.00,-14.00,0.00,0.00,42.00,0.00,0,289
751.03,1551881157,7450.28,51.46202288,7.48123415,178.14,15.22,0.00,91.15,0,-101.00,-14.00,0.00,0.00,39.00,0.00,0,289
751.03,1551881157,7450.29,51.46202288,7.48123415,178.14,15.22,0.00,91.15,0,-103.00,-17.00,0.00,0.00,40.00,0.00,0,141
752.03,1551881158,7465.51,51.46202004,7.48144577,177.95,15.26,0.00,91.15,0,-101.00,-14.00,0.00,0.00,39.00,0.00,0,289
752.03,1551881158,7465.52,51.46202004,7.48144577,177.95,15.26,0.00,91.15,0,-103.00,-17.00,0.00,0.00,40.00,0.00,0,141
755.03,1551881161,7510.06,51.46201521,7.48208624,178.45,13.17,0.00,91.79,0,-101.00,-14.00,0.00,0.00,38.00,0.00,0,141
756.03,1551881162,7523.24,51.46201315,7.48224576,178.80,10.76,0.00,91.27,0,-101.00,-14.00,0.00,0.00,38.00,0.00,0,141
757.03,1551881163,7534.01,51.46201138,7.48240288,179.25,9.86,0.00,91.70,0,-100.00,-15.00,0.00,0.00,40.00,0.00,0,141
757.03,1551881163,7534.02,51.46201138,7.48240288,179.25,9.86,0.00,91.70,0,-101.00,-16.00,0.00,0.00,40.00,0.00,0,289
758.03,1551881164,7543.86,51.46200842,7.48253180,179.93,9.08,0.00,91.66,0,-100.00,-15.00,0.00,0.00,40.00,0.00,0,141
758.03,1551881164,7543.87,51.46200842,7.48253180,179.93,9.08,0.00,91.66,0,-101.00,-16.00,0.00,0.00,40.00,0.00,0,289
759.03,1551881165,7552.94,51.46200831,7.48266535,180.43,9.01,0.00,90.77,0,-99.00,-11.00,0.00,0.00,37.00,0.00,0,141
759.03,1551881165,7552.95,51.46200831,7.48266535,180.43,9.01,0.00,90.77,0,-103.00,-13.00,0.00,0.00,36.00,0.00,0,289
760.03,1551881166,7561.95,51.46200808,7.48279180,180.79,9.00,0.00,90.87,0,-99.00,-11.00,0.00,0.00,37.00,0.00,0,141
760.03,1551881166,7561.95,51.46200808,7.48279180,180.79,9.00,0.00,90.87,0,-103.00,-13.00,0.00,0.00,36.00,0.00,0,289
761.03,1551881167,7570.95,51.46200720,7.48294046,180.90,9.73,0.00,91.31,0,-100.00,-13.00,0.00,0.00,40.00,0.00,0,289
761.03,1551881167,7570.96,51.46200720,7.48294046,180.90,9.73,0.00,91.31,0,-102.00,-15.00,0.00,0.00,39.00,0.00,0,141
761.03,1551881167,7570.97,51.46200720,7.48294046,180.90,9.73,0.00,91.31,0,-104.00,-18.00,0.00,0.00,40.00,0.00,0,112
762.03,1551881168,7580.69,51.46200640,7.48308110,181.20,9.89,0.00,90.57,0,-100.00,-13.00,0.00,0.00,40.00,0.00,0,289
762.03,1551881168,7580.70,51.46200640,7.48308110,181.20,9.89,0.00,90.57,0,-102.00,-15.00,0.00,0.00,39.00,0.00,0,141
762.03,1551881168,7580.71,51.46200640,7.48308110,181.20,9.89,0.00,90.57,0,-104.00,-18.00,0.00,0.00,40.00,0.00,0,112
763.04,1551881169,7590.65,51.46200319,7.48321256,181.55,9.04,0.00,91.14,0,-98.00,-15.00,0.00,0.00,44.00,0.00,0,289
763.04,1551881169,7590.65,51.46200319,7.48321256,181.55,9.04,0.00,91.14,0,-98.00,-16.00,0.00,0.00,44.00,0.00,0,141
763.04,1551881169,7590.66,51.46200319,7.48321256,181.55,9.04,0.00,91.14,0,-101.00,-19.00,0.00,0.00,44.00,0.00,0,376
764.03,1551881170,7599.62,51.46199732,7.48334556,181.83,8.17,0.00,92.52,0,-98.00,-15.00,0.00,0.00,44.00,0.00,0,289
764.03,1551881170,7599.62,51.46199732,7.48334556,181.83,8.17,0.00,92.52,0,-98.00,-16.00,0.00,0.00,44.00,0.00,0,141
764.03,1551881170,7599.62,51.46199732,7.48334556,181.83,8.17,0.00,92.52,0,-101.00,-19.00,0.00,0.00,44.00,0.00,0,376
765.03,1551881171,7607.79,51.46199856,7.48345401,181.75,7.45,0.00,88.57,0,-98.00,-15.00,0.00,0.00,44.00,0.00,0,289
765.03,1551881171,7607.79,51.46199856,7.48345401,181.75,7.45,0.00,88.57,0,-98.00,-16.00,0.00,0.00,44.00,0.00,0,141
765.03,1551881171,7607.79,51.46199856,7.48345401,181.75,7.45,0.00,88.57,0,-101.00,-19.00,0.00,0.00,44.00,0.00,0,376
766.03,1551881172,7615.22,51.46199075,7.48350611,181.75,4.14,0.00,103.46,0,-99.00,-9.00,0.00,0.00,36.00,0.00,0,141
766.03,1551881172,7615.23,51.46199075,7.48350611,181.75,4.14,0.00,103.46,0,-106.00,-12.00,0.00,0.00,32.00,0.00,0,289
767.03,1551881173,7619.36,51.46198958,7.48352591,181.84,4.14,0.00,94.68,0,-99.00,-9.00,0.00,0.00,36.00,0.00,0,141
767.03,1551881173,7619.37,51.46198958,7.48352591,181.84,4.14,0.00,94.68,0,-106.00,-12.00,0.00,0.00,32.00,0.00,0,289
772.03,1551881178,7651.45,51.46195324,7.48407753,184.83,7.88,0.00,125.87,0,-96.00,-11.00,0.00,0.00,42.00,0.00,0,289
773.03,1551881179,7659.31,51.46189609,7.48416248,184.92,8.18,0.00,143.73,0,-96.00,-11.00,0.00,0.00,42.00,0.00,0,289
795.03,1551881201,7902.82,51.45972675,7.48442285,200.23,12.04,0.00,187.95,0,-81.00,-10.00,0.00,0.00,54.00,0.00,0,143
796.03,1551881202,7914.87,51.45961631,7.48439379,201.00,12.22,0.00,188.88,0,-81.00,-10.00,0.00,0.00,54.00,0.00,0,143
797.03,1551881203,7927.09,51.45950184,7.48435739,201.84,12.20,0.00,189.91,0,-79.00,-10.00,0.00,0.00,56.00,0.00,0,143
797.03,1551881203,7927.10,51.45950184,7.48435739,201.84,12.20,0.00,189.91,0,-81.00,-12.00,0.00,0.00,56.00,0.00,0,142
798.03,1551881204,7939.29,51.45939268,7.48432037,202.60,12.36,0.00,190.58,0,-79.00,-10.00,0.00,0.00,56.00,0.00,0,143
798.03,1551881204,7939.30,51.45939268,7.48432037,202.60,12.36,0.00,190.58,0,-81.00,-12.00,0.00,0.00,56.00,0.00,0,142
799.03,1551881205,7951.64,51.45927980,7.48427791,203.32,12.65,0.00,191.27,0,-72.00,-11.00,0.00,0.00,63.00,0.00,0,143
800.03,1551881206,7964.30,51.45915361,7.48423043,203.78,12.92,0.00,190.74,0,-72.00,-11.00,0.00,0.00,63.00,0.00,0,143
808.03,1551881214,8063.60,51.45826051,7.48388650,203.73,13.55,0.00,192.04,0,-78.00,-10.00,0.00,0.00,58.00,0.00,0,142
809.03,1551881215,8077.15,51.45814796,7.48384722,203.77,12.63,0.00,191.81,0,-78.00,-10.00,0.00,0.00,58.00,0.00,0,142
810.03,1551881216,8089.78,51.45803665,7.48381093,203.86,13.17,0.00,191.77,0,-75.00,-8.00,0.00,0.00,58.00,0.00,0,142
811.03,1551881217,8102.95,51.45791022,7.48376392,204.07,13.98,0.00,192.25,0,-75.00,-8.00,0.00,0.00,58.00,0.00,0,142
812.03,1551881218,8116.95,51.45778753,7.48371922,204.40,13.40,0.00,191.90,0,-79.00,-9.00,0.00,0.00,56.00,0.00,0,142
813.03,1551881219,8130.33,51.45767151,7.48367820,205.13,13.35,0.00,191.61,0,-79.00,-9.00,0.00,0.00,56.00,0.00,0,142
814.03,1551881220,8143.69,51.45754667,7.48363773,205.62,14.43,0.00,191.23,0,-80.00,-10.00,0.00,0.00,56.00,0.00,0,142
815.03,1551881221,8158.12,51.45742710,7.48359907,206.07,12.98,0.00,190.37,0,-80.00,-10.00,0.00,0.00,56.00,0.00,0,142
816.03,1551881222,8171.11,51.45731154,7.48356555,206.67,12.34,0.00,189.59,0,-84.00,-10.00,0.00,0.00,51.00,0.00,0,142
816.03,1551881222,8171.13,51.45731154,7.48356555,206.67,12.34,0.00,189.59,0,-88.00,-12.00,0.00,0.00,50.00,0.00,0,289
817.03,1551881223,8183.44,51.45719152,7.48352751,207.46,13.39,0.00,190.05,0,-84.00,-10.00,0.00,0.00,51.00,0.00,0,142
817.03,1551881223,8183.46,51.45719152,7.48352751,207.46,13.39,0.00,190.05,0,-88.00,-12.00,0.00,0.00,50.00,0.00,0,289
818.03,1551881224,8196.83,51.45706869,7.48349147,207.95,13.86,0.00,190.45,0,-88.00,-8.00,0.00,0.00,47.00,0.00,0,289
818.03,1551881224,8196.85,51.45706869,7.48349147,207.95,13.86,0.00,190.45,0,-92.00,-14.00,0.00,0.00,48.00,0.00,0,143
819.03,1551881225,8210.69,51.45694161,7.48345282,208.70,13.09,0.00,190.64,0,-88.00,-8.00,0.00,0.00,47.00,0.00,0,289
819.03,1551881225,8210.70,51.45694161,7.48345282,208.70,13.09,0.00,190.64,0,-92.00,-14.00,0.00,0.00,48.00,0.00,0,143
820.03,1551881226,8223.78,51.45682309,7.48341633,209.44,13.10,0.00,190.61,0,-87.00,-8.00,0.00,0.00,47.00,0.00,0,289
820.03,1551881226,8223.79,51.45682309,7.48341633,209.44,13.10,0.00,190.61,0,-92.00,-14.00,0.00,0.00,47.00,0.00,0,143
821.03,1551881227,8236.89,51.45670077,7.48338006,209.95,13.48,0.00,189.93,0,-87.00,-8.00,0.00,0.00,47.00,0.00,0,289
821.03,1551881227,8236.89,51.45670077,7.48338006,209.95,13.48,0.00,189.93,0,-92.00,-14.00,0.00,0.00,47.00,0.00,0,143
822.03,1551881228,8250.34,51.45656973,7.48334428,210.34,13.78,0.00,189.48,0,-90.00,-9.00,0.00,0.00,44.00,0.00,0,289
823.03,1551881229,8264.12,51.45644049,7.48330914,211.21,14.56,0.00,188.51,0,-90.00,-9.00,0.00,0.00,44.00,0.00,0,289
824.02,1551881230,8278.67,51.45631249,7.48328492,212.00,14.86,0.00,188.06,0,-93.00,-15.00,0.00,0.00,49.00,0.00,0,289
825.03,1551881231,8293.55,51.45618368,7.48326526,212.69,15.47,0.00,187.03,0,-93.00,-15.00,0.00,0.00,49.00,0.00,0,289
858.03,1551881264,8796.36,51.45241558,7.48662863,237.97,14.42,0.00,141.12,0,-105.00,-9.00,0.00,0.00,30.00,0.00,0,429
859.03,1551881265,8810.78,51.45231034,7.48676214,238.47,14.82,0.00,143.01,0,-105.00,-9.00,0.00,0.00,30.00,0.00,0,429
860.03,1551881266,8825.60,51.45220139,7.48688944,238.90,14.94,0.00,145.41,0,-107.00,-11.00,0.00,0.00,29.00,0.00,0,429
860.03,1551881266,8825.62,51.45220139,7.48688944,238.90,14.94,0.00,145.41,0,-111.00,-15.00,0.00,0.00,29.00,0.00,0,465
861.03,1551881267,8840.56,51.45208402,7.48700987,239.32,15.62,0.00,147.11,0,-107.00,-11.00,0.00,0.00,29.00,0.00,0,429
861.03,1551881267,8840.56,51.45208402,7.48700987,239.32,15.62,0.00,147.11,0,-111.00,-15.00,0.00,0.00,29.00,0.00,0,465
862.03,1551881268,8856.18,51.45196076,7.48712432,239.63,15.21,0.00,149.18,0,-110.00,-13.00,0.00,0.00,29.00,0.00,0,429
862.03,1551881268,8856.19,51.45196076,7.48712432,239.63,15.21,0.00,149.18,0,-112.00,-16.00,0.00,0.00,29.00,0.00,0,465
862.03,1551881268,8856.19,51.45196076,7.48712432,239.63,15.21,0.00,149.18,0,-112.00,-15.00,0.00,0.00,29.00,0.00,0,290
863.03,1551881269,8871.38,51.45184773,7.48721930,240.07,14.64,0.00,151.41,0,-110.00,-13.00,0.00,0.00,29.00,0.00,0,429
863.03,1551881269,8871.40,51.45184773,7.48721930,240.07,14.64,0.00,151.41,0,-112.00,-16.00,0.00,0.00,29.00,0.00,0,465
863.03,1551881269,8871.40,51.45184773,7.48721930,240.07,14.64,0.00,151.41,0,-112.00,-15.00,0.00,0.00,29.00,0.00,0,290
864.03,1551881270,8886.02,51.45173174,7.48730589,240.78,14.07,0.00,152.99,0,-112.00,-16.00,0.00,0.00,29.00,0.00,0,429
864.03,1551881270,8886.04,51.45173174,7.48730589,240.78,14.07,0.00,152.99,0,-113.00,-16.00,0.00,0.00,29.00,0.00,0,465
864.03,1551881270,8886.05,51.45173174,7.48730589,240.78,14.07,0.00,152.99,0,-114.00,-18.00,0.00,0.00,29.00,0.00,0,289
865.03,1551881271,8900.09,51.45160907,7.48738988,241.33,14.34,0.00,155.16,0,-112.00,-16.00,0.00,0.00,29.00,0.00,0,429
865.03,1551881271,8900.11,51.45160907,7.48738988,241.33,14.34,0.00,155.16,0,-113.00,-16.00,0.00,0.00,29.00,0.00,0,465
865.03,1551881271,8900.12,51.45160907,7.48738988,241.33,14.34,0.00,155.16,0,-114.00,-18.00,0.00,0.00,29.00,0.00,0,289
866.03,1551881272,8914.47,51.45147537,7.48747882,241.34,14.49,0.00,156.78,0,-106.00,-14.00,0.00,0.00,33.00,0.00,0,429
866.03,1551881272,8914.48,51.45147537,7.48747882,241.34,14.49,0.00,156.78,0,-109.00,-17.00,0.00,0.00,33.00,0.00,0,290
866.03,1551881272,8914.49,51.45147537,7.48747882,241.34,14.49,0.00,156.78,0,-111.00,-19.00,0.00,0.00,34.00,0.00,0,289
867.03,1551881273,8928.92,51.45135157,7.48755827,241.74,14.75,0.00,157.16,0,-106.00,-14.00,0.00,0.00,33.00,0.00,0,429
867.03,1551881273,8928.94,51.45135157,7.48755827,241.74,14.75,0.00,157.16,0,-109.00,-17.00,0.00,0.00,33.00,0.00,0,290
867.03,1551881273,8928.94,51.45135157,7.48755827,241.74,14.75,0.00,157.16,0,-111.00,-19.00,0.00,0.00,34.00,0.00,0,289
868.04,1551881274,8943.80,51.45123704,7.48763049,242.14,14.30,0.00,157.51,0,-109.00,-16.00,0.00,0.00,33.00,0.00,0,429
868.04,1551881274,8943.80,51.45123704,7.48763049,242.14,14.30,0.00,157.51,0,-110.00,-18.00,0.00,0.00,33.00,0.00,0,290
868.04,1551881274,8943.81,51.45123704,7.48763049,242.14,14.30,0.00,157.51,0,-111.00,-19.00,0.00,0.00,33.00,0.00,0,289
869.03,1551881275,8957.98,51.45112013,7.48770233,242.84,14.09,0.00,158.31,0,-109.00,-16.00,0.00,0.00,33.00,0.00,0,429
869.03,1551881275,8957.99,51.45112013,7.48770233,242.84,14.09,0.00,158.31,0,-110.00,-18.00,0.00,0.00,33.00,0.00,0,290
869.03,1551881275,8957.99,51.45112013,7.48770233,242.84,14.09,0.00,158.31,0,-111.00,-19.00,0.00,0.00,33.00,0.00,0,289
870.03,1551881276,8972.07,51.45100711,7.48777051,243.36,14.05,0.00,159.07,0,-109.00,-16.00,0.00,0.00,33.00,0.00,0,429
870.03,1551881276,8972.08,51.45100711,7.48777051,243.36,14.05,0.00,159.07,0,-110.00,-18.00,0.00,0.00,33.00,0.00,0,290
870.03,1551881276,8972.10,51.45100711,7.48777051,243.36,14.05,0.00,159.07,0,-111.00,-19.00,0.00,0.00,33.00,0.00,0,289
