11.97,1551966674,160.76,51.49065099,7.41510830,158.07,13.51,-0.63,80.42,1,-86.00,-6.00,27.00,12.00,47.00,7.00,26385408,95,0,0.550002,5.69213,44
22.83,1551966684,243.69,51.49067315,7.41626158,160.83,2.99,0.24,98.00,1,-84.00,-7.00,21.00,15.00,54.00,4.00,29391105,167,1,0.550002,6.56719,51
33.72,1551966695,299.16,51.49053184,7.41712747,162.14,6.12,1.88,105.97,1,-84.00,-6.00,23.00,14.00,53.00,4.00,29391105,167,2,0.550002,7.35789,58
43.53,1551966705,402.19,51.48952335,7.41758054,153.52,14.10,0.30,167.12,1,-83.00,-5.00,22.00,15.00,52.00,4.00,29391105,167,3,0.500002,9.80396,51
54.81,1551966716,573.70,51.49154320,7.42046370,150.06,16.16,0.09,180.69,1,-92.00,-7.00,7.00,12.00,47.00,4.00,29391105,167,4,0.550002,6.17113,50
64.66,1551966726,728.54,51.48675329,7.41864341,141.55,13.76,-0.96,154.66,1,-97.00,-8.00,13.00,12.00,42.00,10.00,28365056,222,5,0.500002,7.31264,60
74.68,1551966736,855.14,51.48567449,7.41857738,143.30,11.88,-0.62,175.76,1,-93.00,-6.00,10.00,8.00,45.00,10.00,28365056,222,6,0.500002,7.33948,57
84.71,1551966746,970.98,51.48467900,7.41899227,145.89,12.56,0.88,182.00,1,-103.00,-10.00,7.00,7.00,37.00,11.00,29391105,167,7,0.500002,6.72271,66
94.67,1551966756,1115.12,51.48833100,7.42425180,150.21,14.94,-0.26,212.62,1,-94.00,-10.00,6.00,12.00,48.00,9.00,28365056,222,8,0.500002,6.98083,43
104.63,1551966766,1266.32,51.48226494,7.41701177,149.12,13.14,-3.05,200.98,1,-104.00,-11.00,2.00,7.00,38.00,9.00,28365056,222,9,0.500002,8.73366,42
114.59,1551966776,1333.95,51.48331230,7.41488530,150.12,2.53,-0.47,201.58,1,-91.00,-10.00,14.00,12.00,50.00,9.00,28365056,222,10,0.500002,7.88958,42
124.77,1551966786,1354.70,51.48163830,7.41669083,150.81,0.00,0.00,200.91,1,-90.00,-11.00,7.00,11.00,51.00,9.00,28365056,222,11,0.500002,6.19197,53
135.06,1551966797,1354.70,51.48158370,7.41611270,150.83,0.00,0.00,200.91,1,-89.00,-10.00,6.00,8.00,52.00,9.00,28365056,222,12,0.500002,4.2373,43
145.77,1551966807,1354.70,51.48164447,7.41669082,151.29,0.00,0.00,22.72,1,-89.00,-9.00,1.00,10.00,51.00,5.00,28365057,224,13,0.550002,7.0064,51
155.66,1551966817,1354.70,51.48162809,7.41667308,151.44,0.00,0.00,173.67,1,-89.00,-9.00,0.00,12.00,52.00,5.00,28365057,224,14,0.500002,7.13015,67
165.68,1551966827,1354.70,51.48162105,7.41665474,151.62,0.00,0.00,209.79,1,-88.00,-9.00,2.00,7.00,52.00,5.00,28365057,224,15,0.500002,7.16849,56
176.67,1551966838,1355.53,51.48156281,7.41663182,151.49,1.98,1.03,198.21,1,-87.00,-8.00,7.00,10.00,52.00,5.00,28365057,224,16,0.550002,8.1633,54
186.80,1551966848,1365.92,51.48144286,7.41675837,153.30,4.55,1.97,119.65,1,-86.00,-9.00,10.00,9.00,54.00,5.00,28365057,224,17,0.500002,5.81398,45
197.72,1551966859,1496.32,51.48153012,7.41883919,154.21,15.40,-0.10,85.88,1,-90.00,-10.00,4.00,8.00,51.00,5.00,28365057,224,18,0.550002,7.18957,68
208.75,1551966870,1673.86,51.48171969,7.42143292,144.75,16.93,0.13,80.28,1,-93.00,-12.00,1.00,6.00,50.00,12.00,29563904,224,19,0.550002,6.97309,54
219.75,1551966881,1854.16,51.48207251,7.42394419,137.73,14.34,-0.68,78.30,1,-101.00,-10.00,2.00,6.00,41.00,10.00,28365056,222,20,0.550002,6.98415,48
229.82,1551966891,2001.06,51.48236300,7.42598687,133.95,13.35,-1.42,79.31,1,-98.00,-12.00,4.00,6.00,45.00,16.00,28368386,213,21,0.500002,5.88238,50
239.85,1551966901,2142.95,51.48257152,7.42806550,137.32,15.19,0.52,86.56,1,-96.00,-8.00,6.00,8.00,43.00,16.00,28368386,213,22,0.500002,5.94356,51
249.88,1551966911,2289.82,51.48242848,7.43014958,141.98,11.31,-1.71,96.81,1,-97.00,-6.00,4.00,6.00,41.00,15.00,29563904,96,23,0.500002,5.28404,46
260.55,1551966922,2334.19,51.48236483,7.43068961,142.15,0.00,0.00,100.91,1,-93.00,-7.00,4.00,10.00,44.00,6.00,28367106,86,24,0.550002,9.62805,52
270.56,1551966932,2334.19,51.48236483,7.43068961,142.20,0.00,0.00,100.91,1,-94.00,-8.00,5.00,12.00,43.00,6.00,28367106,86,25,0.500002,8.65804,51
280.59,1551966942,2338.97,51.48234968,7.43086043,142.72,2.96,-0.41,100.91,1,-93.00,-6.00,8.00,8.00,45.00,6.00,28367106,86,26,0.500002,8.43885,41
290.86,1551966952,2355.12,51.48233005,7.43106887,143.12,0.00,0.00,96.70,1,-93.00,-7.00,8.00,13.00,42.00,6.00,28367106,86,27,0.500002,5.65773,42
300.83,1551966962,2372.46,51.48227947,7.43154046,140.02,8.76,1.92,98.19,1,-90.00,-5.00,15.00,6.00,47.00,6.00,28367106,86,28,0.500002,5.64974,54
311.67,1551966973,2493.72,51.48214921,7.43334308,140.52,12.21,0.07,96.89,1,-89.00,-7.00,6.00,10.00,48.00,10.00,28368386,213,29,0.550002,7.78764,41
322.66,1551966984,2620.92,51.48200303,7.43515340,144.25,11.00,0.90,97.14,1,-94.00,-9.00,9.00,7.00,47.00,4.00,28367106,86,30,0.550002,7.77388,48
332.60,1551966994,2726.94,51.48190651,7.43674671,152.54,11.36,0.68,95.94,1,-89.00,-9.00,6.00,8.00,51.00,4.00,28367105,85,31,0.500002,8.54704,64
342.62,1551967004,2829.78,51.48180377,7.43812268,147.51,5.65,-3.38,97.54,1,-84.00,-6.00,22.00,10.00,53.00,4.00,28367105,85,32,0.500002,7.76702,40
353.57,1551967015,2855.18,51.48177604,7.43861265,152.16,5.19,-0.01,97.16,1,-91.00,-7.00,7.00,7.00,46.00,4.00,28367105,85,33,0.550002,9.36174,44
363.56,1551967025,2949.50,51.48170243,7.44006099,152.42,12.93,0.80,95.07,1,-90.00,-9.00,14.00,10.00,49.00,9.00,28368386,213,34,0.500002,8.79124,42
373.61,1551967035,3081.28,51.48138029,7.44190900,155.47,14.09,1.14,123.49,1,-100.00,-9.00,19.00,9.00,40.00,9.00,28368386,213,35,0.500002,7.57579,40
384.13,1551967046,3221.79,51.48050662,7.44319380,153.45,10.87,0.55,165.34,1,-90.00,-5.00,14.00,11.00,48.00,7.00,28367105,85,36,0.500002,4.59244,42
393.85,1551967055,3354.17,51.47934178,7.44396744,154.16,14.96,0.13,151.68,1,-99.00,-8.00,2.00,6.00,40.00,7.00,28368386,213,37,0.500002,5.27011,41
404.64,1551967066,3492.56,51.47827120,7.44489274,158.08,9.70,-1.25,151.36,1,-107.00,-13.00,-3.00,5.00,36.00,7.00,28368386,213,38,0.550002,7.77388,41
415.66,1551967077,3595.57,51.47743565,7.44561068,160.06,11.40,1.53,151.48,1,-103.00,-9.00,2.00,7.00,38.00,7.00,28368384,215,39,0.550002,7.87123,40
426.65,1551967088,3726.60,51.47638156,7.44651095,157.11,12.36,-0.21,152.65,1,-89.00,-5.00,19.00,13.00,47.00,11.00,29568768,415,40,0.550002,7.82921,42
436.55,1551967098,3796.43,51.47591467,7.44692009,156.55,1.34,-1.70,148.74,1,-87.00,-5.00,10.00,13.00,50.00,11.00,29568768,415,41,0.500002,8.58372,45
447.64,1551967109,3802.15,51.47590425,7.44695727,157.37,0.00,0.00,149.82,1,-89.00,-5.00,8.00,10.00,48.00,11.00,29568768,415,42,0.550002,7.89949,45
457.63,1551967119,3802.15,51.47590425,7.44695727,157.71,0.00,0.00,149.82,1,-89.00,-5.00,21.00,11.00,48.00,11.00,29568768,415,43,0.500002,7.27276,44
467.63,1551967129,3805.08,51.47572580,7.44712113,160.46,6.69,1.06,152.60,1,-86.00,-5.00,16.00,15.00,51.00,11.00,29568768,415,44,0.500002,7.27276,45
477.59,1551967139,3908.96,51.47489424,7.44794276,161.50,13.09,-0.02,144.66,1,-99.00,-9.00,5.00,9.00,42.00,7.00,28368384,215,45,0.500002,7.70716,39
487.60,1551967149,4034.78,51.47402704,7.44907792,164.64,10.71,-1.56,139.30,1,-92.00,-7.00,15.00,2.00,46.00,7.00,28368384,215,46,0.500002,7.85858,48
497.61,1551967159,4114.58,51.47352104,7.44988724,160.39,7.42,-0.44,131.29,1,-80.00,-6.00,21.00,11.00,57.00,7.00,29568768,415,47,0.500002,8.67682,55
508.62,1551967170,4179.72,51.47319212,7.45062347,160.97,7.77,2.79,123.27,1,-78.00,-6.00,20.00,15.00,60.00,7.00,29568768,415,48,0.550002,8.64443,42
518.60,1551967180,4290.13,51.47273648,7.45214098,162.84,13.85,0.98,110.99,1,-81.00,-7.00,24.00,15.00,57.00,7.00,29568768,415,49,0.500002,8.0972,45
528.59,1551967190,4438.61,51.47241602,7.45424194,168.67,14.04,-0.90,105.11,1,-79.00,-5.00,19.00,15.00,57.00,7.00,29568768,415,50,0.500002,8.52882,42
538.58,1551967200,4583.83,51.47201635,7.45621177,168.14,13.71,-0.39,112.71,1,-85.00,-6.00,18.00,10.00,51.00,7.00,29568768,415,51,0.500002,8.96864,51
548.57,1551967210,4711.77,51.47150946,7.45782939,164.42,10.93,-0.79,118.53,1,-91.00,-6.00,13.00,10.00,47.00,7.00,29568768,415,52,0.500002,8.65804,42
558.60,1551967220,4798.53,51.47119506,7.45881123,161.41,2.37,-0.85,114.34,1,-91.00,-7.00,11.00,14.00,47.00,7.00,29568768,415,53,0.500002,7.93654,42
568.76,1551967230,4807.08,51.47116936,7.45886391,160.84,0.00,0.00,114.16,1,-94.00,-8.00,10.00,9.00,45.00,7.00,29568768,415,54,0.500002,6.34923,44
578.84,1551967240,4827.70,51.47099270,7.45932083,153.57,6.89,1.10,117.69,1,-94.00,-8.00,8.00,12.00,47.00,7.00,29568768,415,55,0.500002,5.51726,53
588.89,1551967250,4916.52,51.47069312,7.46049328,156.18,4.89,-1.99,111.43,1,-100.00,-14.00,-3.00,4.00,45.00,7.00,29568768,415,56,0.500002,5.23562,49
599.81,1551967261,4968.55,51.47054372,7.46116567,159.87,4.23,-0.85,113.33,1,-93.00,-8.00,5.00,6.00,47.00,6.00,29568769,416,57,0.550002,6.34008,57
610.66,1551967272,5063.32,51.47013594,7.46251297,161.51,12.17,-0.64,115.30,1,-100.00,-10.00,-3.00,6.00,40.00,13.00,26378498,495,58,0.550002,7.78764,49
620.88,1551967282,5188.65,51.46968333,7.46413876,157.77,15.07,0.89,110.68,1,-100.00,-11.00,3.00,9.00,42.00,13.00,26378498,495,59,0.500002,5.16798,62
630.74,1551967292,5342.31,51.46937394,7.46637020,157.52,15.88,0.72,96.49,1,-98.00,-9.00,2.00,7.00,42.00,15.00,29401601,379,60,0.500002,6.3898,57
640.79,1551967302,5494.98,51.46951426,7.46854976,159.73,14.59,0.32,82.46,1,-101.00,-13.00,-2.00,7.00,42.00,15.00,29401601,379,61,0.500002,5.88238,63
650.89,1551967312,5646.88,51.46976836,7.47069799,159.64,15.59,0.86,83.95,1,-95.00,-8.00,-1.00,8.00,43.00,19.00,31263232,339,62,0.500002,5.16131,41
661.99,1551967324,5825.43,51.46969364,7.47331892,165.13,15.52,-0.40,98.55,1,-98.00,-10.00,6.00,8.00,43.00,19.00,31263232,339,63,0.550002,4.85118,40
672.71,1551967334,5991.28,51.46947288,7.47572356,168.09,15.80,-0.55,96.56,1,-105.00,-17.00,-6.00,3.00,43.00,19.00,31263232,339,64,0.500002,2.53166,56
682.70,1551967344,6136.29,51.46954387,7.47778362,175.47,10.74,-1.76,81.52,1,-101.00,-16.00,-7.00,3.00,47.00,8.00,26378497,496,65,0.550002,7.16615,42
692.75,1551967354,6207.45,51.46970111,7.47864263,177.59,1.84,-0.66,75.52,1,-92.00,-10.00,0.00,5.00,49.00,10.00,29913344,432,66,0.500002,6.19197,51
702.74,1551967364,6260.82,51.46986598,7.47943185,172.10,8.19,-0.50,73.64,1,-87.00,-6.00,10.00,14.00,49.00,8.00,26378497,496,67,0.500002,6.62254,57
713.70,1551967375,6384.61,51.47023305,7.48119224,169.81,9.93,-3.90,72.57,1,-90.00,-9.00,2.00,5.00,50.00,8.00,26378497,496,68,0.550002,7.23687,61
724.75,1551967386,6478.10,51.46971660,7.48192872,172.47,10.32,0.93,164.60,1,-92.00,-9.00,1.00,8.00,49.00,8.00,26378497,496,69,0.550002,6.65661,49
734.72,1551967396,6590.76,51.46866358,7.48237200,173.05,10.01,-1.39,165.62,1,-89.00,-9.00,-2.00,6.00,52.00,8.00,29913344,432,70,0.500002,6.6116,47
745.82,1551967407,6669.00,51.46799450,7.48263599,173.01,5.46,-1.30,167.52,1,-92.00,-9.00,7.00,7.00,49.00,8.00,29913344,432,71,0.550002,6.30375,46
755.67,1551967417,6714.72,51.46757650,7.48272482,170.23,1.47,-0.09,168.61,1,-93.00,-10.00,3.00,6.00,48.00,8.00,29913344,432,72,0.500002,6.98083,44
766.71,1551967428,6723.78,51.46738555,7.48274003,169.32,8.62,4.95,174.54,1,-91.00,-10.00,6.00,9.00,50.00,8.00,29913344,432,73,0.550002,7.17784,47
777.73,1551967439,6858.88,51.46611157,7.48248847,170.99,14.39,2.29,197.79,1,-85.00,-8.00,11.00,8.00,55.00,8.00,29913344,432,74,0.550002,7.18957,42
787.74,1551967449,7005.26,51.46490989,7.48161265,170.99,14.97,-0.68,200.76,1,-80.00,-8.00,14.00,14.00,59.00,8.00,29913344,432,75,0.500002,6.28933,41
798.57,1551967460,7167.27,51.46350390,7.48085426,175.37,14.23,-0.36,196.39,1,-79.00,-6.00,6.00,15.00,59.00,1.00,29913346,433,76,0.550002,9.24373,42
809.62,1551967471,7313.59,51.46233438,7.48032061,175.13,6.86,-4.59,194.85,1,-70.00,-5.00,32.00,11.00,63.00,1.00,29913346,433,77,0.550002,8.64443,50
819.64,1551967481,7364.47,51.46200404,7.48048671,175.19,8.21,3.46,92.19,1,-87.00,-7.00,13.00,11.00,52.00,1.00,29913346,433,78,0.500002,7.40744,41
829.68,1551967491,7461.54,51.46201099,7.48193414,175.89,10.64,-0.52,91.20,1,-86.00,-7.00,12.00,10.00,53.00,1.00,29913346,433,79,0.500002,7.13015,43
840.79,1551967502,7573.18,51.46203161,7.48354846,178.51,11.04,6.65,70.73,1,-76.00,-6.00,18.00,12.00,60.00,2.00,29913345,434,80,0.550002,6.59673,55
850.74,1551967512,7662.06,51.46165208,7.48435140,187.11,6.19,1.61,169.11,1,-80.00,-5.00,23.00,12.00,57.00,2.00,29913345,434,81,0.500002,6.80275,53
860.74,1551967522,7756.30,51.46067766,7.48459945,190.37,13.22,1.61,176.97,1,-86.00,-7.00,7.00,13.00,52.00,2.00,29913345,434,82,0.500002,6.15387,40
870.78,1551967532,7893.72,51.45945557,7.48437101,197.78,13.74,0.35,189.67,1,-98.00,-8.00,2.00,5.00,41.00,2.00,29913345,434,83,0.500002,6.23055,53
880.97,1551967543,8016.75,51.45842857,7.48400450,201.32,8.50,-1.24,192.23,1,-102.00,-11.00,0.00,5.00,41.00,2.00,29913345,434,84,0.500002,4.64578,61
890.77,1551967552,8082.73,51.45776536,7.48378136,211.57,12.70,1.02,192.13,1,-95.00,-11.00,-4.00,6.00,46.00,7.00,28371200,68,85,0.500002,6.17286,57
900.89,1551967562,8220.35,51.45655537,7.48340666,214.77,14.55,0.01,189.53,1,-94.00,-11.00,11.00,11.00,48.00,7.00,28371200,68,86,0.500002,5.16798,56
911.59,1551967573,8376.21,51.45510259,7.48335710,221.80,15.12,0.14,174.70,1,-92.00,-7.00,6.00,10.00,47.00,4.00,28371202,67,87,0.550002,8.88892,50
921.57,1551967583,8528.36,51.45380294,7.48426284,223.81,15.35,1.49,147.09,1,-96.00,-7.00,8.00,6.00,42.00,4.00,28371202,67,88,0.500002,8.14667,44
931.60,1551967593,8676.54,51.45287703,7.48592743,223.99,14.92,-0.23,132.29,1,-82.00,-6.00,21.00,12.00,55.00,4.00,28371202,67,89,0.500002,7.87405,56
942.67,1551967604,8841.80,51.45170675,7.48734817,236.47,14.49,-1.69,153.41,1,-86.00,-6.00,20.00,12.00,51.00,4.00,28371202,67,90,0.550002,7.5214,40
