18.41,1552400472,243.86,51.49070674,7.41574536,161.62,14.02,0.00,84.95,0,-84.00,-13.00,0.00,0.00,55.00,0.00,0,319
19.41,1552400473,257.88,51.49070983,7.41594403,160.34,13.03,0.00,87.13,0,-84.00,-13.00,0.00,0.00,55.00,0.00,0,319
20.41,1552400474,270.90,51.49070351,7.41611313,159.31,11.42,0.00,90.17,0,-86.00,-14.00,0.00,0.00,53.00,0.00,0,319
21.51,1552400475,283.46,51.49069320,7.41625667,158.22,9.72,0.00,93.60,0,-86.00,-14.00,0.00,0.00,53.00,0.00,0,319
22.51,1552400476,293.18,51.49067949,7.41637407,157.30,7.80,0.00,96.49,0,-84.00,-12.00,0.00,0.00,54.00,0.00,0,319
23.51,1552400477,300.98,51.49066747,7.41647090,156.48,5.66,0.00,98.90,0,-84.00,-12.00,0.00,0.00,54.00,0.00,0,319
26.51,1552400480,313.68,51.49063518,7.41666966,156.40,1.86,0.00,105.79,0,-89.00,-15.00,0.00,0.00,52.00,0.00,0,171
27.51,1552400481,315.54,51.49063050,7.41667877,156.46,0.77,0.00,105.79,0,-89.00,-15.00,0.00,0.00,52.00,0.00,0,171
28.51,1552400482,316.31,51.49063050,7.41667877,156.47,0.00,0.00,105.79,0,-90.00,-17.00,0.00,0.00,53.00,0.00,0,171
29.51,1552400483,316.31,51.49063050,7.41667877,156.48,0.00,0.00,105.79,0,-90.00,-17.00,0.00,0.00,53.00,0.00,0,171
30.51,1552400484,316.31,51.49063050,7.41667877,156.57,0.00,0.00,105.79,0,-90.00,-14.00,0.00,0.00,50.00,0.00,0,171
31.51,1552400485,316.31,51.49063050,7.41667877,156.60,0.00,0.00,104.33,0,-90.00,-14.00,0.00,0.00,50.00,0.00,0,171
32.51,1552400486,316.31,51.49060445,7.41682168,157.19,0.00,0.00,104.72,0,-91.00,-16.00,0.00,0.00,52.00,0.00,0,171
33.51,1552400487,316.33,51.49058817,7.41692602,157.26,6.51,0.00,105.10,0,-91.00,-16.00,0.00,0.00,52.00,0.00,0,171
41.51,1552400495,392.96,51.48990700,7.41748917,155.66,16.70,0.00,163.85,0,-95.00,-14.00,0.00,0.00,46.00,0.00,0,62
41.51,1552400495,392.99,51.48990700,7.41748917,155.66,16.70,0.00,163.85,0,-95.00,-15.00,0.00,0.00,47.00,0.00,0,171
42.51,1552400496,409.68,51.48977254,7.41754013,155.15,16.61,0.00,164.92,0,-95.00,-14.00,0.00,0.00,46.00,0.00,0,62
42.51,1552400496,409.69,51.48977254,7.41754013,155.15,16.61,0.00,164.92,0,-95.00,-15.00,0.00,0.00,47.00,0.00,0,171
47.51,1552400501,493.07,51.48902770,7.41775301,152.92,16.19,0.00,170.16,0,-90.00,-16.00,0.00,0.00,52.00,0.00,0,171
48.53,1552400502,509.61,51.48889458,7.41776323,152.65,15.94,0.00,172.38,0,-90.00,-16.00,0.00,0.00,52.00,0.00,0,171
49.51,1552400503,525.20,51.48874839,7.41777189,152.63,16.18,0.00,174.84,0,-80.00,-15.00,0.00,0.00,61.00,0.00,0,171
50.51,1552400504,541.40,51.48859413,7.41777716,152.69,16.58,0.00,177.29,0,-80.00,-15.00,0.00,0.00,61.00,0.00,0,171
51.51,1552400505,557.98,51.48843647,7.41777421,152.83,17.19,0.00,179.14,0,-86.00,-9.00,0.00,0.00,49.00,0.00,0,171
52.51,1552400506,575.18,51.48827929,7.41776341,153.09,17.69,0.00,180.41,0,-86.00,-9.00,0.00,0.00,49.00,0.00,0,171
53.51,1552400507,592.84,51.48811233,7.41774803,153.12,17.80,0.00,180.82,0,-82.00,-11.00,0.00,0.00,55.00,0.00,0,171
54.51,1552400508,610.62,51.48796374,7.41773487,153.02,17.58,0.00,180.20,0,-82.00,-11.00,0.00,0.00,55.00,0.00,0,171
55.51,1552400509,628.26,51.48780657,7.41773020,152.80,17.20,0.00,178.83,0,-92.00,-12.00,0.00,0.00,46.00,0.00,0,171
55.52,1552400509,628.28,51.48780657,7.41773020,152.80,17.20,0.00,178.83,0,-96.00,-17.00,0.00,0.00,46.00,0.00,0,61
56.51,1552400510,645.44,51.48765440,7.41774104,152.65,17.08,0.00,176.67,0,-92.00,-12.00,0.00,0.00,46.00,0.00,0,171
56.51,1552400510,645.44,51.48765440,7.41774104,152.65,17.08,0.00,176.67,0,-96.00,-17.00,0.00,0.00,46.00,0.00,0,61
57.52,1552400511,662.68,51.48750345,7.41777515,152.13,16.51,0.00,172.57,0,-95.00,-13.00,0.00,0.00,43.00,0.00,0,171
57.52,1552400511,662.69,51.48750345,7.41777515,152.13,16.51,0.00,172.57,0,-100.00,-18.00,0.00,0.00,44.00,0.00,0,146
57.52,1552400511,662.69,51.48750345,7.41777515,152.13,16.51,0.00,172.57,0,-100.00,-19.00,0.00,0.00,44.00,0.00,0,61
58.51,1552400512,679.05,51.48737379,7.41787277,151.32,16.30,0.00,155.55,0,-95.00,-13.00,0.00,0.00,43.00,0.00,0,171
58.51,1552400512,679.05,51.48737379,7.41787277,151.32,16.30,0.00,155.55,0,-100.00,-18.00,0.00,0.00,44.00,0.00,0,146
58.52,1552400512,679.07,51.48737379,7.41787277,151.32,16.30,0.00,155.55,0,-100.00,-19.00,0.00,0.00,44.00,0.00,0,61
59.51,1552400513,695.35,51.48724231,7.41798335,150.48,16.07,0.00,152.53,0,-95.00,-13.00,0.00,0.00,43.00,0.00,0,171
59.52,1552400513,695.36,51.48724231,7.41798335,150.48,16.07,0.00,152.53,0,-100.00,-18.00,0.00,0.00,44.00,0.00,0,146
59.52,1552400513,695.38,51.48724231,7.41798335,150.48,16.07,0.00,152.53,0,-100.00,-19.00,0.00,0.00,44.00,0.00,0,61
60.51,1552400514,711.40,51.48713621,7.41814705,149.83,16.08,0.00,136.34,0,-96.00,-11.00,0.00,0.00,41.00,0.00,0,171
60.51,1552400514,711.42,51.48713621,7.41814705,149.83,16.08,0.00,136.34,0,-102.00,-17.00,0.00,0.00,41.00,0.00,0,146
61.51,1552400515,727.49,51.48702722,7.41831624,149.11,16.29,0.00,135.54,0,-96.00,-11.00,0.00,0.00,41.00,0.00,0,171
61.51,1552400515,727.50,51.48702722,7.41831624,149.11,16.29,0.00,135.54,0,-102.00,-17.00,0.00,0.00,41.00,0.00,0,146
62.51,1552400516,743.78,51.48692937,7.41848148,148.25,15.63,0.00,137.07,0,-96.00,-12.00,0.00,0.00,42.00,0.00,0,171
63.51,1552400517,759.41,51.48681528,7.41860624,147.33,15.47,0.00,149.62,0,-96.00,-12.00,0.00,0.00,42.00,0.00,0,171
64.51,1552400518,774.88,51.48670066,7.41870142,146.32,15.27,0.00,153.52,0,-93.00,-14.00,0.00,0.00,47.00,0.00,0,171
64.51,1552400518,774.90,51.48670066,7.41870142,146.32,15.27,0.00,153.52,0,-98.00,-20.00,0.00,0.00,48.00,0.00,0,146
65.51,1552400519,790.12,51.48656850,7.41873451,145.51,14.29,0.00,172.64,0,-93.00,-14.00,0.00,0.00,47.00,0.00,0,171
65.51,1552400519,790.12,51.48656850,7.41873451,145.51,14.29,0.00,172.64,0,-98.00,-20.00,0.00,0.00,48.00,0.00,0,146
66.51,1552400520,804.41,51.48644544,7.41874853,144.86,13.93,0.00,176.19,0,-92.00,-14.00,0.00,0.00,48.00,0.00,0,171
67.51,1552400521,818.37,51.48631748,7.41870576,144.50,13.69,0.00,193.05,0,-92.00,-14.00,0.00,0.00,48.00,0.00,0,171
68.52,1552400522,832.08,51.48620532,7.41865795,144.43,11.88,0.00,193.78,0,-93.00,-12.00,0.00,0.00,46.00,0.00,0,171
68.52,1552400522,832.08,51.48620532,7.41865795,144.43,11.88,0.00,193.78,0,-96.00,-17.00,0.00,0.00,47.00,0.00,0,61
68.52,1552400522,832.09,51.48620532,7.41865795,144.43,11.88,0.00,193.78,0,-97.00,-18.00,0.00,0.00,47.00,0.00,0,146
69.51,1552400523,843.94,51.48610463,7.41860704,144.67,10.62,0.00,194.45,0,-93.00,-12.00,0.00,0.00,46.00,0.00,0,171
69.52,1552400523,843.95,51.48610463,7.41860704,144.67,10.62,0.00,194.45,0,-96.00,-17.00,0.00,0.00,47.00,0.00,0,61
69.52,1552400523,843.97,51.48610463,7.41860704,144.67,10.62,0.00,194.45,0,-97.00,-18.00,0.00,0.00,47.00,0.00,0,146
70.52,1552400524,854.57,51.48600395,7.41856354,145.04,10.45,0.00,193.76,0,-93.00,-12.00,0.00,0.00,45.00,0.00,0,171
70.52,1552400524,854.57,51.48600395,7.41856354,145.04,10.45,0.00,193.76,0,-95.00,-15.00,0.00,0.00,46.00,0.00,0,61
70.52,1552400524,854.59,51.48600395,7.41856354,145.04,10.45,0.00,193.76,0,-96.00,-16.00,0.00,0.00,46.00,0.00,0,146
71.52,1552400525,865.03,51.48593260,7.41854110,145.38,9.86,0.00,191.29,0,-93.00,-12.00,0.00,0.00,45.00,0.00,0,171
71.52,1552400525,865.04,51.48593260,7.41854110,145.38,9.86,0.00,191.29,0,-95.00,-15.00,0.00,0.00,46.00,0.00,0,61
71.52,1552400525,865.04,51.48593260,7.41854110,145.38,9.86,0.00,191.29,0,-96.00,-16.00,0.00,0.00,46.00,0.00,0,146
72.52,1552400526,874.88,51.48584472,7.41852004,145.67,9.79,0.00,188.13,0,-96.00,-12.00,0.00,0.00,42.00,0.00,0,61
72.52,1552400526,874.89,51.48584472,7.41852004,145.67,9.79,0.00,188.13,0,-97.00,-12.00,0.00,0.00,40.00,0.00,0,171
72.52,1552400526,874.90,51.48584472,7.41852004,145.67,9.79,0.00,188.13,0,-99.00,-14.00,0.00,0.00,41.00,0.00,0,146
73.52,1552400527,884.66,51.48575135,7.41851031,145.90,9.50,0.00,184.10,0,-96.00,-12.00,0.00,0.00,42.00,0.00,0,61
73.52,1552400527,884.67,51.48575135,7.41851031,145.90,9.50,0.00,184.10,0,-97.00,-12.00,0.00,0.00,40.00,0.00,0,171
73.52,1552400527,884.68,51.48575135,7.41851031,145.90,9.50,0.00,184.10,0,-99.00,-14.00,0.00,0.00,41.00,0.00,0,146
74.51,1552400528,894.15,51.48566275,7.41853568,145.87,9.19,0.00,169.79,0,-97.00,-11.00,0.00,0.00,40.00,0.00,0,171
74.51,1552400528,894.15,51.48566275,7.41853568,145.87,9.19,0.00,169.79,0,-101.00,-15.00,0.00,0.00,40.00,0.00,0,146
74.52,1552400528,894.16,51.48566275,7.41853568,145.87,9.19,0.00,169.79,0,-103.00,-17.00,0.00,0.00,40.00,0.00,0,61
75.51,1552400529,903.34,51.48558178,7.41856290,145.73,9.05,0.00,168.32,0,-97.00,-11.00,0.00,0.00,40.00,0.00,0,171
75.51,1552400529,903.34,51.48558178,7.41856290,145.73,9.05,0.00,168.32,0,-101.00,-15.00,0.00,0.00,40.00,0.00,0,146
75.52,1552400529,903.35,51.48558178,7.41856290,145.73,9.05,0.00,168.32,0,-103.00,-17.00,0.00,0.00,40.00,0.00,0,61
76.51,1552400530,912.38,51.48550300,7.41859782,145.71,8.52,0.00,166.06,0,-95.00,-10.00,0.00,0.00,42.00,0.00,0,171
76.51,1552400530,912.38,51.48550300,7.41859782,145.71,8.52,0.00,166.06,0,-100.00,-15.00,0.00,0.00,43.00,0.00,0,61
76.51,1552400530,912.39,51.48550300,7.41859782,145.71,8.52,0.00,166.06,0,-101.00,-18.00,0.00,0.00,42.00,0.00,0,146
77.51,1552400531,920.90,51.48542847,7.41863494,145.78,8.40,0.00,164.10,0,-95.00,-10.00,0.00,0.00,42.00,0.00,0,171
77.51,1552400531,920.91,51.48542847,7.41863494,145.78,8.40,0.00,164.10,0,-100.00,-15.00,0.00,0.00,43.00,0.00,0,61
77.51,1552400531,920.91,51.48542847,7.41863494,145.78,8.40,0.00,164.10,0,-101.00,-18.00,0.00,0.00,42.00,0.00,0,146
78.52,1552400532,929.35,51.48535502,7.41867942,145.87,8.32,0.00,162.09,0,-90.00,-14.00,0.00,0.00,51.00,0.00,0,319
79.51,1552400533,937.61,51.48528441,7.41872994,145.98,8.23,0.00,159.41,0,-90.00,-14.00,0.00,0.00,51.00,0.00,0,319
80.51,1552400534,945.84,51.48521115,7.41878585,146.33,8.51,0.00,157.50,0,-90.00,-14.00,0.00,0.00,51.00,0.00,0,319
83.51,1552400537,970.78,51.48501617,7.41893249,146.98,8.53,0.00,160.93,0,-83.00,-12.00,0.00,0.00,56.00,0.00,0,319
84.51,1552400538,979.25,51.48493916,7.41895050,146.92,9.12,0.00,173.47,0,-83.00,-12.00,0.00,0.00,56.00,0.00,0,319
85.51,1552400539,988.43,51.48485728,7.41896389,147.00,9.28,0.00,174.56,0,-88.00,-14.00,0.00,0.00,52.00,0.00,0,319
86.51,1552400540,997.72,51.48477357,7.41897026,147.34,9.27,0.00,177.01,0,-88.00,-14.00,0.00,0.00,52.00,0.00,0,319
87.51,1552400541,1007.00,51.48469070,7.41896815,147.56,9.40,0.00,179.71,0,-98.00,-14.00,0.00,0.00,42.00,0.00,0,319
88.51,1552400542,1016.40,51.48460392,7.41895530,147.87,9.80,0.00,183.06,0,-98.00,-14.00,0.00,0.00,42.00,0.00,0,319
89.51,1552400543,1026.19,51.48452180,7.41891684,147.94,9.83,0.00,195.77,0,-97.00,-15.00,0.00,0.00,43.00,0.00,0,319
90.51,1552400544,1036.02,51.48443525,7.41887112,148.24,9.89,0.00,196.57,0,-97.00,-15.00,0.00,0.00,43.00,0.00,0,319
91.51,1552400545,1045.90,51.48435280,7.41882219,148.61,9.55,0.00,199.41,0,-93.00,-14.00,0.00,0.00,46.00,0.00,0,319
92.51,1552400546,1055.46,51.48426721,7.41875822,149.00,10.64,0.00,202.43,0,-93.00,-14.00,0.00,0.00,46.00,0.00,0,319
93.51,1552400547,1066.11,51.48417074,7.41868007,149.38,11.47,0.00,205.25,0,-99.00,-14.00,0.00,0.00,41.00,0.00,0,319
94.51,1552400548,1077.59,51.48408022,7.41859460,149.50,12.51,0.00,207.57,0,-99.00,-14.00,0.00,0.00,41.00,0.00,0,319
97.51,1552400551,1117.18,51.48376527,7.41826786,148.82,14.04,0.00,212.15,0,-102.00,-12.00,0.00,0.00,36.00,0.00,0,306
97.51,1552400551,1117.19,51.48376527,7.41826786,148.82,14.04,0.00,212.15,0,-105.00,-16.00,0.00,0.00,36.00,0.00,0,339
98.51,1552400552,1131.22,51.48365937,7.41815099,148.36,14.05,0.00,212.74,0,-102.00,-12.00,0.00,0.00,36.00,0.00,0,306
98.51,1552400552,1131.23,51.48365937,7.41815099,148.36,14.05,0.00,212.74,0,-105.00,-16.00,0.00,0.00,36.00,0.00,0,339
99.52,1552400553,1145.37,51.48355195,7.41802860,147.77,14.00,0.00,213.58,0,-103.00,-12.00,0.00,0.00,35.00,0.00,0,146
99.52,1552400553,1145.38,51.48355195,7.41802860,147.77,14.00,0.00,213.58,0,-106.00,-16.00,0.00,0.00,35.00,0.00,0,339
99.52,1552400553,1145.40,51.48355195,7.41802860,147.77,14.00,0.00,213.58,0,-108.00,-15.00,0.00,0.00,34.00,0.00,0,306
100.51,1552400554,1159.29,51.48344986,7.41790845,147.43,14.46,0.00,213.46,0,-103.00,-12.00,0.00,0.00,35.00,0.00,0,146
100.52,1552400554,1159.30,51.48344986,7.41790845,147.43,14.46,0.00,213.46,0,-106.00,-16.00,0.00,0.00,35.00,0.00,0,339
100.52,1552400554,1159.32,51.48344986,7.41790845,147.43,14.46,0.00,213.46,0,-108.00,-15.00,0.00,0.00,34.00,0.00,0,306
101.51,1552400555,1173.75,51.48334381,7.41778610,147.31,15.13,0.00,213.00,0,-103.00,-12.00,0.00,0.00,35.00,0.00,0,146
101.52,1552400555,1173.77,51.48334381,7.41778610,147.31,15.13,0.00,213.00,0,-106.00,-16.00,0.00,0.00,35.00,0.00,0,339
101.52,1552400555,1173.77,51.48334381,7.41778610,147.31,15.13,0.00,213.00,0,-108.00,-15.00,0.00,0.00,34.00,0.00,0,306
102.51,1552400556,1188.85,51.48324359,7.41767754,147.34,15.78,0.00,211.91,0,-106.00,-14.00,0.00,0.00,34.00,0.00,0,171
103.51,1552400557,1204.65,51.48312724,7.41756740,147.24,16.15,0.00,210.20,0,-106.00,-14.00,0.00,0.00,34.00,0.00,0,171
104.51,1552400558,1220.80,51.48299421,7.41745537,147.27,16.71,0.00,208.24,0,-102.00,-9.00,0.00,0.00,33.00,0.00,0,61
104.51,1552400558,1220.81,51.48299421,7.41745537,147.27,16.71,0.00,208.24,0,-107.00,-13.00,0.00,0.00,31.00,0.00,0,266
105.51,1552400559,1237.41,51.48285547,7.41735078,147.52,16.94,0.00,206.19,0,-102.00,-9.00,0.00,0.00,33.00,0.00,0,61
105.51,1552400559,1237.41,51.48285547,7.41735078,147.52,16.94,0.00,206.19,0,-107.00,-13.00,0.00,0.00,31.00,0.00,0,266
106.51,1552400560,1254.45,51.48271088,7.41725010,147.87,16.77,0.00,204.53,0,-100.00,-10.00,0.00,0.00,36.00,0.00,0,61
106.51,1552400560,1254.45,51.48271088,7.41725010,147.87,16.77,0.00,204.53,0,-104.00,-13.00,0.00,0.00,34.00,0.00,0,266
107.51,1552400561,1271.20,51.48256988,7.41715966,148.05,16.46,0.00,203.17,0,-100.00,-10.00,0.00,0.00,36.00,0.00,0,61
107.51,1552400561,1271.22,51.48256988,7.41715966,148.05,16.46,0.00,203.17,0,-104.00,-13.00,0.00,0.00,34.00,0.00,0,266
108.51,1552400562,1287.68,51.48244043,7.41708684,148.55,15.74,0.00,201.98,0,-103.00,-12.00,0.00,0.00,35.00,0.00,0,266
109.51,1552400563,1303.40,51.48231172,7.41701374,149.35,15.09,0.00,201.03,0,-103.00,-12.00,0.00,0.00,35.00,0.00,0,266
110.51,1552400564,1318.52,51.48218524,7.41694821,150.21,14.51,0.00,200.42,0,-101.00,-13.00,0.00,0.00,37.00,0.00,0,27
110.51,1552400564,1318.52,51.48218524,7.41694821,150.21,14.51,0.00,200.42,0,-104.00,-17.00,0.00,0.00,39.00,0.00,0,61
110.52,1552400564,1318.54,51.48218524,7.41694821,150.21,14.51,0.00,200.42,0,-104.00,-15.00,0.00,0.00,37.00,0.00,0,171
111.51,1552400565,1333.03,51.48206792,7.41688761,151.14,14.02,0.00,200.02,0,-101.00,-13.00,0.00,0.00,37.00,0.00,0,27
111.52,1552400565,1333.05,51.48206792,7.41688761,151.14,14.02,0.00,200.02,0,-104.00,-17.00,0.00,0.00,39.00,0.00,0,61
111.52,1552400565,1333.06,51.48206792,7.41688761,151.14,14.02,0.00,200.02,0,-104.00,-15.00,0.00,0.00,37.00,0.00,0,171
112.51,1552400566,1347.05,51.48194833,7.41682383,151.87,13.91,0.00,200.95,0,-94.00,-9.00,0.00,0.00,41.00,0.00,0,171
112.51,1552400566,1347.05,51.48194833,7.41682383,151.87,13.91,0.00,200.95,0,-99.00,-13.00,0.00,0.00,40.00,0.00,0,27
112.52,1552400566,1347.06,51.48194833,7.41682383,151.87,13.91,0.00,200.95,0,-100.00,-14.00,0.00,0.00,40.00,0.00,0,134
113.52,1552400567,1360.98,51.48183452,7.41676145,152.71,13.37,0.00,201.35,0,-94.00,-9.00,0.00,0.00,41.00,0.00,0,171
113.52,1552400567,1360.99,51.48183452,7.41676145,152.71,13.37,0.00,201.35,0,-99.00,-13.00,0.00,0.00,40.00,0.00,0,27
113.52,1552400567,1361.01,51.48183452,7.41676145,152.71,13.37,0.00,201.35,0,-100.00,-14.00,0.00,0.00,40.00,0.00,0,134
114.51,1552400568,1374.28,51.48173199,7.41670369,153.53,11.61,0.00,201.28,0,-98.00,-18.00,0.00,0.00,45.00,0.00,0,27
115.51,1552400569,1385.89,51.48164592,7.41665329,154.17,9.31,0.00,201.68,0,-98.00,-18.00,0.00,0.00,45.00,0.00,0,27
116.51,1552400570,1395.20,51.48157326,7.41661339,154.84,7.16,0.00,200.52,0,-94.00,-13.00,0.00,0.00,45.00,0.00,0,134
116.51,1552400570,1395.21,51.48157326,7.41661339,154.84,7.16,0.00,200.52,0,-94.00,-12.00,0.00,0.00,43.00,0.00,0,27
116.51,1552400570,1395.21,51.48157326,7.41661339,154.84,7.16,0.00,200.52,0,-96.00,-13.00,0.00,0.00,44.00,0.00,0,146
117.51,1552400571,1402.36,51.48150178,7.41659778,155.21,6.64,0.00,187.19,0,-94.00,-13.00,0.00,0.00,45.00,0.00,0,134
117.51,1552400571,1402.37,51.48150178,7.41659778,155.21,6.64,0.00,187.19,0,-94.00,-12.00,0.00,0.00,43.00,0.00,0,27
117.51,1552400571,1402.37,51.48150178,7.41659778,155.21,6.64,0.00,187.19,0,-96.00,-13.00,0.00,0.00,44.00,0.00,0,146
118.51,1552400572,1409.00,51.48143943,7.41665834,155.51,7.72,0.00,146.64,0,-91.00,-11.00,0.00,0.00,48.00,0.00,0,146
118.51,1552400572,1409.00,51.48143943,7.41665834,155.51,7.72,0.00,146.64,0,-90.00,-13.00,0.00,0.00,52.00,0.00,0,137
119.51,1552400573,1416.72,51.48140083,7.41676643,155.76,7.61,0.00,113.15,0,-91.00,-11.00,0.00,0.00,48.00,0.00,0,146
119.51,1552400573,1416.72,51.48140083,7.41676643,155.76,7.61,0.00,113.15,0,-90.00,-13.00,0.00,0.00,52.00,0.00,0,137
123.51,1552400577,1455.48,51.48140046,7.41736759,155.77,13.04,0.00,86.22,0,-90.00,-13.00,0.00,0.00,52.00,0.00,0,137
123.51,1552400577,1455.50,51.48140046,7.41736759,155.77,13.04,0.00,86.22,0,-90.00,-14.00,0.00,0.00,53.00,0.00,0,274
124.51,1552400578,1468.53,51.48141555,7.41757736,155.43,13.85,0.00,85.24,0,-90.00,-13.00,0.00,0.00,52.00,0.00,0,137
124.51,1552400578,1468.54,51.48141555,7.41757736,155.43,13.85,0.00,85.24,0,-90.00,-14.00,0.00,0.00,53.00,0.00,0,274
125.51,1552400579,1482.33,51.48143428,7.41781495,154.93,15.83,0.00,84.34,0,-92.00,-15.00,0.00,0.00,49.00,0.00,0,171
125.51,1552400579,1482.34,51.48143428,7.41781495,154.93,15.83,0.00,84.34,0,-93.00,-16.00,0.00,0.00,49.00,0.00,0,61
125.51,1552400579,1482.34,51.48143428,7.41781495,154.93,15.83,0.00,84.34,0,-95.00,-17.00,0.00,0.00,48.00,0.00,0,306
125.51,1552400579,1482.34,51.48143428,7.41781495,154.93,15.83,0.00,84.34,0,-86.00,-12.00,0.00,0.00,56.00,0.00,0,137
125.51,1552400579,1482.36,51.48143428,7.41781495,154.93,15.83,0.00,84.34,0,-91.00,-16.00,0.00,0.00,56.00,0.00,0,274
126.52,1552400580,1498.25,51.48145293,7.41805559,154.40,15.80,0.00,84.44,0,-92.00,-15.00,0.00,0.00,49.00,0.00,0,171
126.52,1552400580,1498.27,51.48145293,7.41805559,154.40,15.80,0.00,84.44,0,-93.00,-16.00,0.00,0.00,49.00,0.00,0,61
126.52,1552400580,1498.29,51.48145293,7.41805559,154.40,15.80,0.00,84.44,0,-95.00,-17.00,0.00,0.00,48.00,0.00,0,306
126.52,1552400580,1498.30,51.48145293,7.41805559,154.40,15.80,0.00,84.44,0,-86.00,-12.00,0.00,0.00,56.00,0.00,0,137
126.52,1552400580,1498.30,51.48145293,7.41805559,154.40,15.80,0.00,84.44,0,-91.00,-16.00,0.00,0.00,56.00,0.00,0,274
127.51,1552400581,1514.04,51.48147048,7.41830091,154.03,16.23,0.00,84.27,0,-89.00,-12.00,0.00,0.00,53.00,0.00,0,274
127.51,1552400581,1514.04,51.48147048,7.41830091,154.03,16.23,0.00,84.27,0,-91.00,-14.00,0.00,0.00,52.00,0.00,0,386
128.51,1552400582,1530.27,51.48149058,7.41853631,153.86,16.43,0.00,83.31,0,-89.00,-12.00,0.00,0.00,53.00,0.00,0,274
128.51,1552400582,1530.27,51.48149058,7.41853631,153.86,16.43,0.00,83.31,0,-91.00,-14.00,0.00,0.00,52.00,0.00,0,386
129.52,1552400583,1546.72,51.48151005,7.41877626,153.67,16.85,0.00,83.67,0,-90.00,-15.00,0.00,0.00,50.00,0.00,0,61
129.52,1552400583,1546.74,51.48151005,7.41877626,153.67,16.85,0.00,83.67,0,-92.00,-16.00,0.00,0.00,50.00,0.00,0,458
129.52,1552400583,1546.74,51.48151005,7.41877626,153.67,16.85,0.00,83.67,0,-87.00,-11.00,0.00,0.00,55.00,0.00,0,274
129.52,1552400583,1546.76,51.48151005,7.41877626,153.67,16.85,0.00,83.67,0,-89.00,-15.00,0.00,0.00,55.00,0.00,0,137
130.52,1552400584,1563.58,51.48152671,7.41901146,153.45,16.83,0.00,84.61,0,-90.00,-15.00,0.00,0.00,50.00,0.00,0,61
130.52,1552400584,1563.59,51.48152671,7.41901146,153.45,16.83,0.00,84.61,0,-92.00,-16.00,0.00,0.00,50.00,0.00,0,458
130.52,1552400584,1563.61,51.48152671,7.41901146,153.45,16.83,0.00,84.61,0,-87.00,-11.00,0.00,0.00,55.00,0.00,0,274
130.52,1552400584,1563.61,51.48152671,7.41901146,153.45,16.83,0.00,84.61,0,-89.00,-15.00,0.00,0.00,55.00,0.00,0,137
131.52,1552400585,1580.40,51.48154430,7.41925693,152.89,17.13,0.00,85.47,0,-89.00,-12.00,0.00,0.00,48.00,0.00,0,134
131.52,1552400585,1580.42,51.48154430,7.41925693,152.89,17.13,0.00,85.47,0,-94.00,-16.00,0.00,0.00,48.00,0.00,0,339
131.52,1552400585,1580.44,51.48154430,7.41925693,152.89,17.13,0.00,85.47,0,-94.00,-16.00,0.00,0.00,47.00,0.00,0,306
131.52,1552400585,1580.44,51.48154430,7.41925693,152.89,17.13,0.00,85.47,0,-80.00,-10.00,0.00,0.00,58.00,0.00,0,137
131.52,1552400585,1580.45,51.48154430,7.41925693,152.89,17.13,0.00,85.47,0,-85.00,-16.00,0.00,0.00,61.00,0.00,0,136
132.52,1552400586,1597.53,51.48156049,7.41952405,152.58,17.27,0.00,85.41,0,-89.00,-12.00,0.00,0.00,48.00,0.00,0,134
132.52,1552400586,1597.55,51.48156049,7.41952405,152.58,17.27,0.00,85.41,0,-94.00,-16.00,0.00,0.00,48.00,0.00,0,339
132.52,1552400586,1597.55,51.48156049,7.41952405,152.58,17.27,0.00,85.41,0,-94.00,-16.00,0.00,0.00,47.00,0.00,0,306
132.52,1552400586,1597.56,51.48156049,7.41952405,152.58,17.27,0.00,85.41,0,-80.00,-10.00,0.00,0.00,58.00,0.00,0,137
132.52,1552400586,1597.58,51.48156049,7.41952405,152.58,17.27,0.00,85.41,0,-85.00,-16.00,0.00,0.00,61.00,0.00,0,136
133.51,1552400587,1614.78,51.48157149,7.41977046,152.10,16.92,0.00,86.01,0,-95.00,-16.00,0.00,0.00,47.00,0.00,0,339
133.52,1552400587,1614.80,51.48157149,7.41977046,152.10,16.92,0.00,86.01,0,-96.00,-16.00,0.00,0.00,46.00,0.00,0,27
133.52,1552400587,1614.82,51.48157149,7.41977046,152.10,16.92,0.00,86.01,0,-97.00,-17.00,0.00,0.00,47.00,0.00,0,306
133.52,1552400587,1614.84,51.48157149,7.41977046,152.10,16.92,0.00,86.01,0,-83.00,-12.00,0.00,0.00,59.00,0.00,0,136
134.51,1552400588,1631.70,51.48158161,7.41999260,151.56,16.24,0.00,85.67,0,-95.00,-16.00,0.00,0.00,47.00,0.00,0,339
134.52,1552400588,1631.72,51.48158161,7.41999260,151.56,16.24,0.00,85.67,0,-96.00,-16.00,0.00,0.00,46.00,0.00,0,27
134.52,1552400588,1631.73,51.48158161,7.41999260,151.56,16.24,0.00,85.67,0,-97.00,-17.00,0.00,0.00,47.00,0.00,0,306
134.52,1552400588,1631.73,51.48158161,7.41999260,151.56,16.24,0.00,85.67,0,-83.00,-12.00,0.00,0.00,59.00,0.00,0,136
135.51,1552400589,1647.94,51.48159431,7.42023519,150.70,16.01,0.00,85.11,0,-95.00,-18.00,0.00,0.00,48.00,0.00,0,306
135.52,1552400589,1647.95,51.48159431,7.42023519,150.70,16.01,0.00,85.11,0,-96.00,-17.00,0.00,0.00,47.00,0.00,0,339
135.52,1552400589,1647.97,51.48159431,7.42023519,150.70,16.01,0.00,85.11,0,-97.00,-18.00,0.00,0.00,47.00,0.00,0,61
135.52,1552400589,1647.97,51.48159431,7.42023519,150.70,16.01,0.00,85.11,0,-85.00,-11.00,0.00,0.00,56.00,0.00,0,136
136.52,1552400590,1663.96,51.48161096,7.42046667,150.27,15.69,0.00,84.36,0,-95.00,-18.00,0.00,0.00,48.00,0.00,0,306
136.52,1552400590,1663.96,51.48161096,7.42046667,150.27,15.69,0.00,84.36,0,-96.00,-17.00,0.00,0.00,47.00,0.00,0,339
136.52,1552400590,1663.98,51.48161096,7.42046667,150.27,15.69,0.00,84.36,0,-97.00,-18.00,0.00,0.00,47.00,0.00,0,61
136.52,1552400590,1663.99,51.48161096,7.42046667,150.27,15.69,0.00,84.36,0,-85.00,-11.00,0.00,0.00,56.00,0.00,0,136
137.51,1552400591,1679.62,51.48162839,7.42069746,149.95,15.45,0.00,83.49,0,-90.00,-9.00,0.00,0.00,44.00,0.00,0,135
137.51,1552400591,1679.62,51.48162839,7.42069746,149.95,15.45,0.00,83.49,0,-97.00,-17.00,0.00,0.00,45.00,0.00,0,171
138.52,1552400592,1695.10,51.48164697,7.42089107,149.04,15.09,0.00,82.83,0,-90.00,-9.00,0.00,0.00,44.00,0.00,0,135
138.52,1552400592,1695.10,51.48164697,7.42089107,149.04,15.09,0.00,82.83,0,-97.00,-17.00,0.00,0.00,45.00,0.00,0,171
139.51,1552400593,1710.07,51.48166403,7.42109877,148.26,15.01,0.00,81.92,0,-96.00,-15.00,0.00,0.00,49.00,0.00,0,51
140.51,1552400594,1725.15,51.48168825,7.42129433,147.60,14.47,0.00,81.00,0,-96.00,-15.00,0.00,0.00,49.00,0.00,0,51
141.52,1552400595,1739.74,51.48171610,7.42150054,147.39,13.99,0.00,80.08,0,-94.00,-16.00,0.00,0.00,52.00,0.00,0,137
141.52,1552400595,1739.75,51.48171610,7.42150054,147.39,13.99,0.00,80.08,0,-94.00,-17.00,0.00,0.00,52.00,0.00,0,386
142.51,1552400596,1753.62,51.48174563,7.42169077,147.20,13.72,0.00,79.13,0,-94.00,-16.00,0.00,0.00,52.00,0.00,0,137
142.51,1552400596,1753.62,51.48174563,7.42169077,147.20,13.72,0.00,79.13,0,-94.00,-17.00,0.00,0.00,52.00,0.00,0,386
143.51,1552400597,1767.35,51.48177275,7.42189718,147.14,13.74,0.00,78.62,0,-94.00,-16.00,0.00,0.00,52.00,0.00,0,137
143.51,1552400597,1767.35,51.48177275,7.42189718,147.14,13.74,0.00,78.62,0,-94.00,-17.00,0.00,0.00,52.00,0.00,0,386
144.51,1552400598,1781.11,51.48179842,7.42208145,146.84,13.72,0.00,77.93,0,-101.00,-14.00,0.00,0.00,38.00,0.00,0,266
144.52,1552400598,1781.12,51.48179842,7.42208145,146.84,13.72,0.00,77.93,0,-102.00,-13.00,0.00,0.00,37.00,0.00,0,27
144.52,1552400598,1781.12,51.48179842,7.42208145,146.84,13.72,0.00,77.93,0,-105.00,-17.00,0.00,0.00,37.00,0.00,0,458
145.51,1552400599,1794.80,51.48182777,7.42226989,146.44,14.08,0.00,78.22,0,-101.00,-14.00,0.00,0.00,38.00,0.00,0,266
145.51,1552400599,1794.81,51.48182777,7.42226989,146.44,14.08,0.00,78.22,0,-102.00,-13.00,0.00,0.00,37.00,0.00,0,27
145.51,1552400599,1794.81,51.48182777,7.42226989,146.44,14.08,0.00,78.22,0,-105.00,-17.00,0.00,0.00,37.00,0.00,0,458
146.52,1552400600,1808.92,51.48185841,7.42246246,145.74,14.04,0.00,77.76,0,-101.00,-13.00,0.00,0.00,38.00,0.00,0,266
146.52,1552400600,1808.93,51.48185841,7.42246246,145.74,14.04,0.00,77.76,0,-106.00,-17.00,0.00,0.00,37.00,0.00,0,171
146.52,1552400600,1808.93,51.48185841,7.42246246,145.74,14.04,0.00,77.76,0,-106.00,-18.00,0.00,0.00,39.00,0.00,0,339
146.52,1552400600,1808.95,51.48185841,7.42246246,145.74,14.04,0.00,77.76,0,-97.00,-15.00,0.00,0.00,48.00,0.00,0,385
146.52,1552400600,1808.96,51.48185841,7.42246246,145.74,14.04,0.00,77.76,0,-97.00,-15.00,0.00,0.00,48.00,0.00,0,386
147.52,1552400601,1822.96,51.48188758,7.42264933,144.64,14.44,0.00,77.29,0,-101.00,-13.00,0.00,0.00,38.00,0.00,0,266
147.52,1552400601,1822.97,51.48188758,7.42264933,144.64,14.44,0.00,77.29,0,-106.00,-17.00,0.00,0.00,37.00,0.00,0,171
147.52,1552400601,1822.97,51.48188758,7.42264933,144.64,14.44,0.00,77.29,0,-106.00,-18.00,0.00,0.00,39.00,0.00,0,339
147.52,1552400601,1822.99,51.48188758,7.42264933,144.64,14.44,0.00,77.29,0,-97.00,-15.00,0.00,0.00,48.00,0.00,0,385
147.52,1552400601,1823.00,51.48188758,7.42264933,144.64,14.44,0.00,77.29,0,-97.00,-15.00,0.00,0.00,48.00,0.00,0,386
148.52,1552400602,1837.39,51.48191826,7.42284812,143.46,14.37,0.00,78.21,0,-98.00,-12.00,0.00,0.00,40.00,0.00,0,266
148.52,1552400602,1837.41,51.48191826,7.42284812,143.46,14.37,0.00,78.21,0,-103.00,-18.00,0.00,0.00,40.00,0.00,0,171
148.52,1552400602,1837.41,51.48191826,7.42284812,143.46,14.37,0.00,78.21,0,-103.00,-18.00,0.00,0.00,40.00,0.00,0,339
148.52,1552400602,1837.42,51.48191826,7.42284812,143.46,14.37,0.00,78.21,0,-96.00,-16.00,0.00,0.00,49.00,0.00,0,385
148.52,1552400602,1837.44,51.48191826,7.42284812,143.46,14.37,0.00,78.21,0,-97.00,-17.00,0.00,0.00,49.00,0.00,0,386
149.52,1552400603,1851.76,51.48195023,7.42305599,142.55,14.38,0.00,78.24,0,-98.00,-12.00,0.00,0.00,40.00,0.00,0,266
149.52,1552400603,1851.77,51.48195023,7.42305599,142.55,14.38,0.00,78.24,0,-103.00,-18.00,0.00,0.00,40.00,0.00,0,171
149.52,1552400603,1851.79,51.48195023,7.42305599,142.55,14.38,0.00,78.24,0,-103.00,-18.00,0.00,0.00,40.00,0.00,0,339
149.52,1552400603,1851.79,51.48195023,7.42305599,142.55,14.38,0.00,78.24,0,-96.00,-16.00,0.00,0.00,49.00,0.00,0,385
149.52,1552400603,1851.80,51.48195023,7.42305599,142.55,14.38,0.00,78.24,0,-97.00,-17.00,0.00,0.00,49.00,0.00,0,386
150.52,1552400604,1866.14,51.48198361,7.42330683,141.56,14.78,0.00,78.94,0,-97.00,-15.00,0.00,0.00,43.00,0.00,0,339
150.52,1552400604,1866.16,51.48198361,7.42330683,141.56,14.78,0.00,78.94,0,-98.00,-15.00,0.00,0.00,43.00,0.00,0,266
150.52,1552400604,1866.17,51.48198361,7.42330683,141.56,14.78,0.00,78.94,0,-101.00,-17.00,0.00,0.00,42.00,0.00,0,458
150.52,1552400604,1866.17,51.48198361,7.42330683,141.56,14.78,0.00,78.94,0,-92.00,-13.00,0.00,0.00,50.00,0.00,0,385
150.52,1552400604,1866.19,51.48198361,7.42330683,141.56,14.78,0.00,78.94,0,-94.00,-14.00,0.00,0.00,50.00,0.00,0,386
151.52,1552400605,1880.94,51.48200973,7.42351229,140.78,14.60,0.00,78.36,0,-97.00,-15.00,0.00,0.00,43.00,0.00,0,339
151.52,1552400605,1880.94,51.48200973,7.42351229,140.78,14.60,0.00,78.36,0,-98.00,-15.00,0.00,0.00,43.00,0.00,0,266
151.52,1552400605,1880.96,51.48200973,7.42351229,140.78,14.60,0.00,78.36,0,-101.00,-17.00,0.00,0.00,42.00,0.00,0,458
151.52,1552400605,1880.97,51.48200973,7.42351229,140.78,14.60,0.00,78.36,0,-92.00,-13.00,0.00,0.00,50.00,0.00,0,385
151.52,1552400605,1880.97,51.48200973,7.42351229,140.78,14.60,0.00,78.36,0,-94.00,-14.00,0.00,0.00,50.00,0.00,0,386
152.51,1552400606,1895.49,51.48203994,7.42372488,139.91,14.67,0.00,77.77,0,-101.00,-16.00,0.00,0.00,41.00,0.00,0,266
153.51,1552400607,1910.16,51.48207042,7.42394590,139.10,14.51,0.00,77.87,0,-101.00,-16.00,0.00,0.00,41.00,0.00,0,266
167.51,1552400621,2097.13,51.48244232,7.42660834,134.83,13.64,0.00,77.42,0,-98.00,-15.00,0.00,0.00,43.00,0.00,0,146
168.51,1552400622,2110.78,51.48246982,7.42680628,134.96,14.13,0.00,78.09,0,-98.00,-15.00,0.00,0.00,43.00,0.00,0,146
171.51,1552400625,2153.54,51.48254319,7.42741980,135.53,14.94,0.00,79.52,0,-92.00,-11.00,0.00,0.00,45.00,0.00,0,266
171.51,1552400625,2153.55,51.48254319,7.42741980,135.53,14.94,0.00,79.52,0,-96.00,-15.00,0.00,0.00,45.00,0.00,0,146
172.51,1552400626,2168.48,51.48257189,7.42766512,135.62,15.32,0.00,79.95,0,-92.00,-11.00,0.00,0.00,45.00,0.00,0,266
172.51,1552400626,2168.50,51.48257189,7.42766512,135.62,15.32,0.00,79.95,0,-96.00,-15.00,0.00,0.00,45.00,0.00,0,146
173.51,1552400627,2183.80,51.48259085,7.42790434,135.80,15.72,0.00,82.61,0,-91.00,-11.00,0.00,0.00,45.00,0.00,0,266
173.51,1552400627,2183.80,51.48259085,7.42790434,135.80,15.72,0.00,82.61,0,-95.00,-13.00,0.00,0.00,44.00,0.00,0,146
174.51,1552400628,2199.52,51.48260043,7.42813106,136.24,15.31,0.00,85.40,0,-91.00,-11.00,0.00,0.00,45.00,0.00,0,266
174.51,1552400628,2199.54,51.48260043,7.42813106,136.24,15.31,0.00,85.40,0,-95.00,-13.00,0.00,0.00,44.00,0.00,0,146
175.51,1552400629,2214.83,51.48260439,7.42837051,136.87,15.38,0.00,88.32,0,-92.00,-13.00,0.00,0.00,48.00,0.00,0,266
175.51,1552400629,2214.85,51.48260439,7.42837051,136.87,15.38,0.00,88.32,0,-94.00,-14.00,0.00,0.00,47.00,0.00,0,146
176.51,1552400630,2230.22,51.48259963,7.42858881,137.16,15.65,0.00,90.41,0,-92.00,-13.00,0.00,0.00,48.00,0.00,0,266
176.51,1552400630,2230.23,51.48259963,7.42858881,137.16,15.65,0.00,90.41,0,-94.00,-14.00,0.00,0.00,47.00,0.00,0,146
177.51,1552400631,2245.86,51.48259004,7.42880188,137.43,15.80,0.00,92.31,0,-91.00,-10.00,0.00,0.00,44.00,0.00,0,266
177.51,1552400631,2245.88,51.48259004,7.42880188,137.43,15.80,0.00,92.31,0,-94.00,-12.00,0.00,0.00,43.00,0.00,0,146
178.51,1552400632,2261.67,51.48257761,7.42902285,137.78,16.19,0.00,93.51,0,-91.00,-10.00,0.00,0.00,44.00,0.00,0,266
178.51,1552400632,2261.68,51.48257761,7.42902285,137.78,16.19,0.00,93.51,0,-94.00,-12.00,0.00,0.00,43.00,0.00,0,146
179.51,1552400633,2277.87,51.48255895,7.42924998,138.11,16.17,0.00,94.56,0,-96.00,-12.00,0.00,0.00,43.00,0.00,0,339
179.51,1552400633,2277.87,51.48255895,7.42924998,138.11,16.17,0.00,94.56,0,-97.00,-14.00,0.00,0.00,42.00,0.00,0,146
179.52,1552400633,2277.88,51.48255895,7.42924998,138.11,16.17,0.00,94.56,0,-98.00,-9.00,0.00,0.00,36.00,0.00,0,27
180.51,1552400634,2294.04,51.48254434,7.42949764,138.66,15.83,0.00,95.17,0,-96.00,-12.00,0.00,0.00,43.00,0.00,0,339
180.52,1552400634,2294.06,51.48254434,7.42949764,138.66,15.83,0.00,95.17,0,-97.00,-14.00,0.00,0.00,42.00,0.00,0,146
180.52,1552400634,2294.07,51.48254434,7.42949764,138.66,15.83,0.00,95.17,0,-98.00,-9.00,0.00,0.00,36.00,0.00,0,27
183.52,1552400637,2339.69,51.48249283,7.43015049,140.53,14.17,0.00,96.63,0,-96.00,-11.00,0.00,0.00,41.00,0.00,0,339
184.51,1552400638,2353.76,51.48247213,7.43035209,141.32,13.63,0.00,97.11,0,-96.00,-11.00,0.00,0.00,41.00,0.00,0,339
185.51,1552400639,2367.33,51.48245411,7.43053573,141.99,12.99,0.00,97.58,0,-96.00,-11.00,0.00,0.00,41.00,0.00,0,339
186.51,1552400640,2380.37,51.48244010,7.43070244,142.70,10.92,0.00,96.96,0,-98.00,-17.00,0.00,0.00,46.00,0.00,0,27
187.51,1552400641,2391.29,51.48242725,7.43084362,143.50,8.57,0.00,97.18,0,-98.00,-17.00,0.00,0.00,46.00,0.00,0,27
188.51,1552400642,2399.87,51.48241821,7.43096065,144.41,7.21,0.00,97.81,0,-97.00,-12.00,0.00,0.00,41.00,0.00,0,146
188.51,1552400642,2399.87,51.48241821,7.43096065,144.41,7.21,0.00,97.81,0,-100.00,-12.00,0.00,0.00,37.00,0.00,0,27
189.51,1552400643,2407.07,51.48241087,7.43104763,145.20,5.83,0.00,97.14,0,-97.00,-12.00,0.00,0.00,41.00,0.00,0,146
189.51,1552400643,2407.08,51.48241087,7.43104763,145.20,5.83,0.00,97.14,0,-100.00,-12.00,0.00,0.00,37.00,0.00,0,27
192.51,1552400646,2419.88,51.48238856,7.43118106,146.13,0.78,0.00,96.23,0,-100.00,-14.00,0.00,0.00,40.00,0.00,0,146
193.51,1552400647,2420.66,51.48238856,7.43118106,146.14,0.00,0.00,96.23,0,-100.00,-14.00,0.00,0.00,40.00,0.00,0,146
194.51,1552400648,2420.66,51.48238856,7.43118106,146.15,0.00,0.00,96.23,0,-101.00,-14.00,0.00,0.00,40.00,0.00,0,146
195.51,1552400649,2420.66,51.48238856,7.43118106,146.15,0.00,0.00,96.23,0,-101.00,-14.00,0.00,0.00,40.00,0.00,0,146
196.51,1552400650,2420.66,51.48238856,7.43118106,146.16,0.00,0.00,96.23,0,-100.00,-14.00,0.00,0.00,39.00,0.00,0,146
197.51,1552400651,2420.66,51.48238856,7.43118106,146.16,0.00,0.00,96.23,0,-100.00,-14.00,0.00,0.00,39.00,0.00,0,146
198.51,1552400652,2420.66,51.48238856,7.43118106,146.15,0.00,0.00,96.23,0,-99.00,-14.00,0.00,0.00,41.00,0.00,0,146
199.51,1552400653,2420.66,51.48238856,7.43118106,146.15,0.00,0.00,96.23,0,-99.00,-14.00,0.00,0.00,41.00,0.00,0,146
200.51,1552400654,2420.66,51.48238856,7.43118106,146.15,0.00,0.00,96.23,0,-100.00,-16.00,0.00,0.00,43.00,0.00,0,146
200.51,1552400654,2420.66,51.48238856,7.43118106,146.15,0.00,0.00,96.23,0,-101.00,-15.00,0.00,0.00,41.00,0.00,0,27
201.51,1552400655,2420.66,51.48238856,7.43118106,146.15,0.00,0.00,96.23,0,-100.00,-16.00,0.00,0.00,43.00,0.00,0,146
201.51,1552400655,2420.66,51.48238856,7.43118106,146.15,0.00,0.00,96.23,0,-101.00,-15.00,0.00,0.00,41.00,0.00,0,27
209.51,1552400663,2420.66,51.48238856,7.43118106,146.12,0.00,0.00,96.23,0,-98.00,-13.00,0.00,0.00,41.00,0.00,0,146
210.51,1552400664,2420.66,51.48238856,7.43118106,146.14,0.00,0.00,96.23,0,-98.00,-13.00,0.00,0.00,41.00,0.00,0,146
211.51,1552400665,2420.66,51.48238856,7.43118106,146.15,0.00,0.00,96.23,0,-100.00,-15.00,0.00,0.00,40.00,0.00,0,146
212.51,1552400666,2420.66,51.48238856,7.43118106,146.17,0.00,0.00,96.23,0,-100.00,-15.00,0.00,0.00,40.00,0.00,0,146
215.51,1552400669,2420.66,51.48238856,7.43118106,146.22,0.00,0.00,96.23,0,-99.00,-16.00,0.00,0.00,42.00,0.00,0,146
216.51,1552400670,2420.66,51.48238856,7.43118106,146.23,0.00,0.00,96.23,0,-99.00,-16.00,0.00,0.00,42.00,0.00,0,146
221.51,1552400675,2420.66,51.48236707,7.43119094,146.28,0.00,0.00,96.23,0,-99.00,-17.00,0.00,0.00,45.00,0.00,0,27
221.51,1552400675,2420.66,51.48236707,7.43119094,146.28,0.00,0.00,96.23,0,-100.00,-16.00,0.00,0.00,43.00,0.00,0,339
221.51,1552400675,2420.66,51.48236707,7.43119094,146.28,0.00,0.00,96.23,0,-100.00,-16.00,0.00,0.00,43.00,0.00,0,146
222.51,1552400676,2420.66,51.48236707,7.43119094,146.28,0.00,0.00,96.23,0,-99.00,-17.00,0.00,0.00,45.00,0.00,0,27
222.51,1552400676,2420.66,51.48236707,7.43119094,146.28,0.00,0.00,96.23,0,-100.00,-16.00,0.00,0.00,43.00,0.00,0,339
222.52,1552400676,2420.66,51.48236707,7.43119094,146.28,0.00,0.00,96.23,0,-100.00,-16.00,0.00,0.00,43.00,0.00,0,146
223.51,1552400677,2420.66,51.48235889,7.43119689,146.29,0.00,0.00,96.23,0,-100.00,-15.00,0.00,0.00,41.00,0.00,0,339
224.51,1552400678,2420.66,51.48235984,7.43119962,146.37,0.00,0.00,25.56,0,-100.00,-15.00,0.00,0.00,41.00,0.00,0,339
227.52,1552400681,2423.02,51.48234767,7.43136794,147.60,4.11,0.00,96.79,0,-96.00,-13.00,0.00,0.00,43.00,0.00,0,146
227.52,1552400681,2423.02,51.48234767,7.43136794,147.60,4.11,0.00,96.79,0,-98.00,-14.00,0.00,0.00,42.00,0.00,0,339
227.52,1552400681,2423.02,51.48234767,7.43136794,147.60,4.11,0.00,96.79,0,-98.00,-14.00,0.00,0.00,42.00,0.00,0,457
228.51,1552400682,2427.11,51.48234050,7.43144712,147.94,5.19,0.00,98.16,0,-96.00,-13.00,0.00,0.00,43.00,0.00,0,146
228.52,1552400682,2427.11,51.48234050,7.43144712,147.94,5.19,0.00,98.16,0,-98.00,-14.00,0.00,0.00,42.00,0.00,0,339
228.52,1552400682,2427.12,51.48234050,7.43144712,147.94,5.19,0.00,98.16,0,-98.00,-14.00,0.00,0.00,42.00,0.00,0,457
229.51,1552400683,2432.29,51.48233156,7.43155352,148.39,5.92,0.00,97.71,0,-96.00,-13.00,0.00,0.00,43.00,0.00,0,146
229.52,1552400683,2432.30,51.48233156,7.43155352,148.39,5.92,0.00,97.71,0,-98.00,-14.00,0.00,0.00,42.00,0.00,0,339
229.52,1552400683,2432.30,51.48233156,7.43155352,148.39,5.92,0.00,97.71,0,-98.00,-14.00,0.00,0.00,42.00,0.00,0,457
230.51,1552400684,2438.22,51.48232381,7.43166371,148.85,6.39,0.00,96.22,0,-92.00,-13.00,0.00,0.00,47.00,0.00,0,339
230.52,1552400684,2438.22,51.48232381,7.43166371,148.85,6.39,0.00,96.22,0,-96.00,-17.00,0.00,0.00,47.00,0.00,0,457
230.52,1552400684,2438.23,51.48232381,7.43166371,148.85,6.39,0.00,96.22,0,-98.00,-17.00,0.00,0.00,46.00,0.00,0,27
231.51,1552400685,2444.61,51.48231626,7.43176825,149.35,7.09,0.00,96.66,0,-92.00,-13.00,0.00,0.00,47.00,0.00,0,339
231.52,1552400685,2444.62,51.48231626,7.43176825,149.35,7.09,0.00,96.66,0,-96.00,-17.00,0.00,0.00,47.00,0.00,0,457
231.52,1552400685,2444.62,51.48231626,7.43176825,149.35,7.09,0.00,96.66,0,-98.00,-17.00,0.00,0.00,46.00,0.00,0,27
232.51,1552400686,2451.66,51.48230779,7.43185484,149.47,6.37,0.00,97.17,0,-93.00,-11.00,0.00,0.00,43.00,0.00,0,339
232.51,1552400686,2451.66,51.48230779,7.43185484,149.47,6.37,0.00,97.17,0,-98.00,-15.00,0.00,0.00,43.00,0.00,0,146
233.51,1552400687,2458.05,51.48229670,7.43194925,149.60,6.97,0.00,97.76,0,-93.00,-11.00,0.00,0.00,43.00,0.00,0,339
233.51,1552400687,2458.06,51.48229670,7.43194925,149.60,6.97,0.00,97.76,0,-98.00,-15.00,0.00,0.00,43.00,0.00,0,146
234.51,1552400688,2465.02,51.48228392,7.43205757,149.56,8.75,0.00,96.86,0,-88.00,-9.00,0.00,0.00,46.00,0.00,0,339
235.51,1552400689,2473.78,51.48227208,7.43218955,149.57,10.05,0.00,97.11,0,-88.00,-9.00,0.00,0.00,46.00,0.00,0,339
236.51,1552400690,2483.79,51.48226219,7.43232364,149.52,9.85,0.00,97.14,0,-87.00,-11.00,0.00,0.00,50.00,0.00,0,146
236.51,1552400690,2483.79,51.48226219,7.43232364,149.52,9.85,0.00,97.14,0,-90.00,-12.00,0.00,0.00,49.00,0.00,0,457
237.51,1552400691,2493.68,51.48225052,7.43247073,149.50,10.25,0.00,96.74,0,-87.00,-11.00,0.00,0.00,50.00,0.00,0,146
237.51,1552400691,2493.69,51.48225052,7.43247073,149.50,10.25,0.00,96.74,0,-90.00,-12.00,0.00,0.00,49.00,0.00,0,457
238.51,1552400692,2503.93,51.48224062,7.43260870,149.23,10.29,0.00,97.02,0,-87.00,-11.00,0.00,0.00,50.00,0.00,0,457
239.51,1552400693,2514.22,51.48223044,7.43275175,148.83,10.43,0.00,97.21,0,-87.00,-11.00,0.00,0.00,50.00,0.00,0,457
299.51,1552400753,3068.89,51.48172162,7.44082519,161.47,9.71,0.00,95.76,0,-80.00,-14.00,0.00,0.00,60.00,0.00,0,264
300.51,1552400754,3078.58,51.48171216,7.44096368,161.73,9.40,0.00,96.47,0,-80.00,-14.00,0.00,0.00,60.00,0.00,0,264
301.51,1552400755,3087.98,51.48169707,7.44110037,161.97,9.64,0.00,98.52,0,-77.00,-12.00,0.00,0.00,60.00,0.00,0,264
302.51,1552400756,3097.64,51.48167304,7.44125258,162.00,10.40,0.00,101.76,0,-77.00,-12.00,0.00,0.00,60.00,0.00,0,264
305.51,1552400759,3129.93,51.48152155,7.44168711,161.03,11.48,0.00,120.54,0,-65.00,-9.00,0.00,0.00,63.00,0.00,0,265
306.51,1552400760,3141.41,51.48145849,7.44183258,160.27,12.54,0.00,122.99,0,-65.00,-9.00,0.00,0.00,63.00,0.00,0,265
307.51,1552400761,3153.96,51.48138702,7.44197572,159.57,13.55,0.00,125.62,0,-79.00,-14.00,0.00,0.00,61.00,0.00,0,266
308.51,1552400762,3167.51,51.48130577,7.44212583,158.87,13.66,0.00,128.92,0,-79.00,-14.00,0.00,0.00,61.00,0.00,0,266
320.51,1552400774,3312.21,51.48021677,7.44324572,158.05,12.49,0.00,156.89,0,-77.00,-9.00,0.00,0.00,57.00,0.00,0,375
321.51,1552400775,3324.70,51.48010451,7.44332093,158.46,14.10,0.00,154.60,0,-77.00,-9.00,0.00,0.00,57.00,0.00,0,375
322.51,1552400776,3338.82,51.47999004,7.44340464,158.99,15.04,0.00,153.62,0,-80.00,-9.00,0.00,0.00,54.00,0.00,0,375
323.51,1552400777,3353.84,51.47986660,7.44349826,159.38,15.37,0.00,153.61,0,-80.00,-9.00,0.00,0.00,54.00,0.00,0,375
324.51,1552400778,3369.23,51.47975573,7.44358906,159.41,14.92,0.00,152.98,0,-82.00,-10.00,0.00,0.00,54.00,0.00,0,375
325.51,1552400779,3384.14,51.47963871,7.44368052,159.44,14.59,0.00,152.42,0,-82.00,-10.00,0.00,0.00,54.00,0.00,0,375
326.51,1552400780,3398.74,51.47951779,7.44378063,159.44,14.57,0.00,151.53,0,-82.00,-12.00,0.00,0.00,56.00,0.00,0,375
327.51,1552400781,3413.29,51.47940824,7.44387196,159.54,14.72,0.00,151.57,0,-82.00,-12.00,0.00,0.00,56.00,0.00,0,375
328.51,1552400782,3428.03,51.47928587,7.44397090,159.75,14.84,0.00,151.68,0,-86.00,-12.00,0.00,0.00,54.00,0.00,0,265
329.51,1552400783,3442.87,51.47917109,7.44407162,159.37,14.75,0.00,151.44,0,-86.00,-12.00,0.00,0.00,54.00,0.00,0,265
330.51,1552400784,3457.60,51.47904705,7.44417285,159.26,14.68,0.00,151.48,0,-81.00,-11.00,0.00,0.00,56.00,0.00,0,265
331.51,1552400785,3472.28,51.47893417,7.44426863,158.95,14.12,0.00,151.43,0,-81.00,-11.00,0.00,0.00,56.00,0.00,0,265
332.52,1552400786,3486.49,51.47883239,7.44435425,158.82,13.65,0.00,151.28,0,-82.00,-9.00,0.00,0.00,55.00,0.00,0,265
333.51,1552400787,3500.05,51.47873525,7.44443394,158.87,12.45,0.00,151.29,0,-82.00,-9.00,0.00,0.00,55.00,0.00,0,265
334.51,1552400788,3512.50,51.47864656,7.44451482,159.47,11.86,0.00,151.44,0,-82.00,-9.00,0.00,0.00,55.00,0.00,0,265
335.51,1552400789,3524.36,51.47854962,7.44459514,160.02,11.37,0.00,151.29,0,-82.00,-11.00,0.00,0.00,55.00,0.00,0,375
336.51,1552400790,3535.72,51.47844727,7.44467595,160.38,11.27,0.00,151.58,0,-82.00,-11.00,0.00,0.00,55.00,0.00,0,375
337.51,1552400791,3546.94,51.47834793,7.44475279,160.55,11.15,0.00,151.38,0,-84.00,-9.00,0.00,0.00,51.00,0.00,0,375
338.51,1552400792,3558.14,51.47825707,7.44483015,160.32,11.04,0.00,150.85,0,-84.00,-9.00,0.00,0.00,51.00,0.00,0,375
437.52,1552400891,4003.18,51.47469008,7.44812276,153.61,3.27,0.00,141.39,0,-87.00,-18.00,0.00,0.00,57.00,0.00,0,265
438.51,1552400892,4006.42,51.47466738,7.44815327,153.65,2.92,0.00,141.27,0,-87.00,-18.00,0.00,0.00,57.00,0.00,0,265
439.51,1552400893,4009.35,51.47464870,7.44817912,153.71,2.60,0.00,140.85,0,-87.00,-18.00,0.00,0.00,57.00,0.00,0,265
440.51,1552400894,4011.95,51.47463116,7.44820136,153.79,2.31,0.00,141.86,0,-86.00,-15.00,0.00,0.00,56.00,0.00,0,265
441.51,1552400895,4014.25,51.47461308,7.44822263,153.91,1.79,0.00,142.69,0,-86.00,-15.00,0.00,0.00,56.00,0.00,0,265
442.51,1552400896,4016.04,51.47460671,7.44823487,154.04,0.75,0.00,142.69,0,-86.00,-17.00,0.00,0.00,57.00,0.00,0,265
443.51,1552400897,4016.78,51.47460671,7.44823487,154.06,0.00,0.00,142.69,0,-86.00,-17.00,0.00,0.00,57.00,0.00,0,265
444.51,1552400898,4016.78,51.47460671,7.44823487,154.08,0.00,0.00,142.69,0,-86.00,-18.00,0.00,0.00,58.00,0.00,0,265
445.51,1552400899,4016.78,51.47460671,7.44823487,154.10,0.00,0.00,142.69,0,-86.00,-18.00,0.00,0.00,58.00,0.00,0,265
446.51,1552400900,4016.78,51.47460671,7.44823487,154.13,0.00,0.00,142.69,0,-87.00,-13.00,0.00,0.00,52.00,0.00,0,265
447.51,1552400901,4016.78,51.47460671,7.44823487,154.15,0.00,0.00,142.69,0,-87.00,-13.00,0.00,0.00,52.00,0.00,0,265
461.51,1552400915,4016.78,51.47460671,7.44823487,154.47,0.00,0.00,142.69,0,-85.00,-17.00,0.00,0.00,58.00,0.00,0,265
462.51,1552400916,4016.78,51.47460671,7.44823487,154.50,0.00,0.00,142.69,0,-85.00,-17.00,0.00,0.00,58.00,0.00,0,265
463.51,1552400917,4016.78,51.47460671,7.44823487,154.52,0.00,0.00,142.69,0,-86.00,-15.00,0.00,0.00,57.00,0.00,0,265
464.51,1552400918,4016.78,51.47460671,7.44823487,154.55,0.00,0.00,142.69,0,-86.00,-15.00,0.00,0.00,57.00,0.00,0,265
465.51,1552400919,4016.78,51.47460671,7.44823487,154.58,0.00,0.00,142.69,0,-85.00,-13.00,0.00,0.00,56.00,0.00,0,265
466.51,1552400920,4016.78,51.47460671,7.44823487,154.61,0.00,0.00,142.69,0,-85.00,-13.00,0.00,0.00,56.00,0.00,0,265
467.51,1552400921,4016.78,51.47460671,7.44823487,154.64,0.00,0.00,142.69,0,-86.00,-11.00,0.00,0.00,53.00,0.00,0,265
468.51,1552400922,4016.78,51.47460671,7.44823487,154.66,0.00,0.00,142.69,0,-86.00,-11.00,0.00,0.00,53.00,0.00,0,265
469.51,1552400923,4016.78,51.47460671,7.44823487,154.69,0.00,0.00,142.69,0,-86.00,-11.00,0.00,0.00,52.00,0.00,0,265
470.51,1552400924,4016.78,51.47460671,7.44823487,154.72,0.00,0.00,142.69,0,-86.00,-11.00,0.00,0.00,52.00,0.00,0,265
471.51,1552400925,4016.78,51.47460671,7.44823487,154.75,0.00,0.00,142.69,0,-87.00,-13.00,0.00,0.00,54.00,0.00,0,265
472.51,1552400926,4016.78,51.47460671,7.44823487,154.78,0.00,0.00,142.69,0,-87.00,-13.00,0.00,0.00,54.00,0.00,0,265
473.51,1552400927,4016.78,51.47460671,7.44823487,154.81,0.00,0.00,142.69,0,-87.00,-12.00,0.00,0.00,52.00,0.00,0,265
474.51,1552400928,4016.78,51.47460671,7.44823487,154.84,0.00,0.00,142.69,0,-87.00,-12.00,0.00,0.00,52.00,0.00,0,265
479.51,1552400933,4016.78,51.47460671,7.44823487,155.01,0.00,0.00,142.69,0,-85.00,-17.00,0.00,0.00,57.00,0.00,0,265
480.51,1552400934,4016.78,51.47460671,7.44823487,155.04,0.00,0.00,142.69,0,-85.00,-17.00,0.00,0.00,57.00,0.00,0,265
481.52,1552400935,4016.78,51.47460671,7.44823487,155.07,0.00,0.00,142.69,0,-86.00,-14.00,0.00,0.00,55.00,0.00,0,265
482.51,1552400936,4016.78,51.47460671,7.44823487,155.10,0.00,0.00,142.69,0,-86.00,-14.00,0.00,0.00,55.00,0.00,0,265
483.51,1552400937,4016.78,51.47460671,7.44823487,155.14,0.00,0.00,142.69,0,-86.00,-14.00,0.00,0.00,55.00,0.00,0,265
484.51,1552400938,4016.78,51.47460671,7.44823487,155.17,0.00,0.00,142.69,0,-86.00,-16.00,0.00,0.00,55.00,0.00,0,265
485.51,1552400939,4016.78,51.47460671,7.44823487,155.20,0.00,0.00,142.69,0,-86.00,-16.00,0.00,0.00,55.00,0.00,0,265
486.51,1552400940,4016.78,51.47460671,7.44823487,155.22,0.00,0.00,142.69,0,-87.00,-11.00,0.00,0.00,51.00,0.00,0,265
487.51,1552400941,4016.78,51.47460671,7.44823487,155.25,0.00,0.00,142.69,0,-87.00,-11.00,0.00,0.00,51.00,0.00,0,265
511.51,1552400965,4167.86,51.47354400,7.44984171,164.88,9.91,0.00,130.84,0,-82.00,-12.00,0.00,0.00,57.00,0.00,0,376
512.51,1552400966,4177.75,51.47349087,7.44994339,164.93,10.81,0.00,130.14,0,-82.00,-12.00,0.00,0.00,57.00,0.00,0,376
513.51,1552400967,4188.57,51.47343062,7.45005902,164.91,11.77,0.00,129.15,0,-73.00,-8.00,0.00,0.00,61.00,0.00,0,376
513.51,1552400967,4188.58,51.47343062,7.45005902,164.91,11.77,0.00,129.15,0,-64.00,-13.00,0.00,0.00,63.00,0.00,0,377
514.51,1552400968,4200.33,51.47336040,7.45020754,165.01,12.26,0.00,127.92,0,-73.00,-8.00,0.00,0.00,61.00,0.00,0,376
514.51,1552400968,4200.35,51.47336040,7.45020754,165.01,12.26,0.00,127.92,0,-64.00,-13.00,0.00,0.00,63.00,0.00,0,377
515.51,1552400969,4212.62,51.47329516,7.45035802,165.41,12.38,0.00,126.72,0,-68.00,-14.00,0.00,0.00,63.00,0.00,0,375
516.51,1552400970,4224.97,51.47323019,7.45050949,165.78,13.19,0.00,125.11,0,-68.00,-14.00,0.00,0.00,63.00,0.00,0,375
551.51,1552401005,4742.03,51.47161336,7.45747843,154.36,14.97,0.00,116.17,0,-93.00,-12.00,0.00,0.00,47.00,0.00,0,111
552.51,1552401006,4756.98,51.47155406,7.45765351,154.65,14.76,0.00,116.78,0,-93.00,-12.00,0.00,0.00,47.00,0.00,0,111
553.51,1552401007,4771.76,51.47149289,7.45783824,154.83,14.36,0.00,117.76,0,-94.00,-14.00,0.00,0.00,49.00,0.00,0,111
554.51,1552401008,4786.12,51.47143334,7.45801994,154.89,13.89,0.00,116.80,0,-94.00,-14.00,0.00,0.00,49.00,0.00,0,111
559.51,1552401013,4840.24,51.47122300,7.45871622,154.19,3.87,0.00,116.12,0,-98.00,-15.00,0.00,0.00,44.00,0.00,0,111
560.51,1552401014,4844.11,51.47121146,7.45874876,154.13,1.91,0.00,115.95,0,-98.00,-15.00,0.00,0.00,44.00,0.00,0,111
561.51,1552401015,4846.02,51.47120563,7.45876271,154.05,1.60,0.00,115.77,0,-97.00,-19.00,0.00,0.00,48.00,0.00,0,111
562.51,1552401016,4847.62,51.47119917,7.45878151,154.00,1.67,0.00,114.43,0,-97.00,-19.00,0.00,0.00,48.00,0.00,0,111
576.51,1552401030,4897.68,51.47093402,7.45964186,152.70,9.81,0.00,114.91,0,-90.00,-19.00,0.00,0.00,55.00,0.00,0,143
577.51,1552401031,4907.49,51.47088995,7.45978607,152.81,10.40,0.00,114.29,0,-90.00,-19.00,0.00,0.00,55.00,0.00,0,143
601.51,1552401055,5214.00,51.46975867,7.46385317,155.14,14.58,0.00,112.01,0,-95.00,-11.00,0.00,0.00,41.00,0.00,0,111
601.51,1552401055,5214.02,51.46975867,7.46385317,155.14,14.58,0.00,112.01,0,-99.00,-16.00,0.00,0.00,43.00,0.00,0,143
602.51,1552401056,5228.58,51.46971348,7.46405771,154.56,14.73,0.00,110.98,0,-95.00,-11.00,0.00,0.00,41.00,0.00,0,111
602.51,1552401056,5228.60,51.46971348,7.46405771,154.56,14.73,0.00,110.98,0,-99.00,-16.00,0.00,0.00,43.00,0.00,0,143
603.51,1552401057,5243.31,51.46967224,7.46425381,154.12,14.47,0.00,109.72,0,-95.00,-15.00,0.00,0.00,45.00,0.00,0,143
603.51,1552401057,5243.33,51.46967224,7.46425381,154.12,14.47,0.00,109.72,0,-98.00,-17.00,0.00,0.00,45.00,0.00,0,111
604.51,1552401058,5257.79,51.46963073,7.46445194,153.68,14.30,0.00,108.90,0,-95.00,-15.00,0.00,0.00,45.00,0.00,0,143
604.51,1552401058,5257.80,51.46963073,7.46445194,153.68,14.30,0.00,108.90,0,-98.00,-17.00,0.00,0.00,45.00,0.00,0,111
605.51,1552401059,5272.09,51.46959000,7.46466137,153.33,13.98,0.00,107.93,0,-95.00,-13.00,0.00,0.00,45.00,0.00,0,111
605.51,1552401059,5272.10,51.46959000,7.46466137,153.33,13.98,0.00,107.93,0,-96.00,-14.00,0.00,0.00,45.00,0.00,0,143
606.51,1552401060,5286.08,51.46955630,7.46485953,153.07,14.26,0.00,105.59,0,-95.00,-13.00,0.00,0.00,45.00,0.00,0,111
606.51,1552401060,5286.08,51.46955630,7.46485953,153.07,14.26,0.00,105.59,0,-96.00,-14.00,0.00,0.00,45.00,0.00,0,143
609.52,1552401063,5328.72,51.46947890,7.46545542,151.94,14.37,0.00,100.83,0,-96.00,-13.00,0.00,0.00,43.00,0.00,0,111
609.52,1552401063,5328.73,51.46947890,7.46545542,151.94,14.37,0.00,100.83,0,-101.00,-18.00,0.00,0.00,43.00,0.00,0,143
610.51,1552401064,5343.01,51.46946197,7.46566191,152.02,14.76,0.00,99.36,0,-96.00,-13.00,0.00,0.00,43.00,0.00,0,111
610.52,1552401064,5343.02,51.46946197,7.46566191,152.02,14.76,0.00,99.36,0,-101.00,-18.00,0.00,0.00,43.00,0.00,0,143
611.51,1552401065,5357.75,51.46945147,7.46586615,152.39,14.72,0.00,97.77,0,-96.00,-13.00,0.00,0.00,43.00,0.00,0,111
611.51,1552401065,5357.76,51.46945147,7.46586615,152.39,14.72,0.00,97.77,0,-101.00,-18.00,0.00,0.00,43.00,0.00,0,143
612.51,1552401066,5372.47,51.46944102,7.46607521,152.65,14.97,0.00,96.52,0,-103.00,-10.00,0.00,0.00,34.00,0.00,0,111
612.51,1552401066,5372.48,51.46944102,7.46607521,152.65,14.97,0.00,96.52,0,-105.00,-13.00,0.00,0.00,34.00,0.00,0,143
612.52,1552401066,5372.50,51.46944102,7.46607521,152.65,14.97,0.00,96.52,0,-105.00,-13.00,0.00,0.00,34.00,0.00,0,429
613.51,1552401067,5387.45,51.46943642,7.46630198,153.14,15.09,0.00,94.74,0,-103.00,-10.00,0.00,0.00,34.00,0.00,0,111
613.52,1552401067,5387.47,51.46943642,7.46630198,153.14,15.09,0.00,94.74,0,-105.00,-13.00,0.00,0.00,34.00,0.00,0,143
613.52,1552401067,5387.49,51.46943642,7.46630198,153.14,15.09,0.00,94.74,0,-105.00,-13.00,0.00,0.00,34.00,0.00,0,429
614.51,1552401068,5402.53,51.46943192,7.46652476,153.96,15.11,0.00,93.33,0,-102.00,-13.00,0.00,0.00,39.00,0.00,0,111
615.51,1552401069,5417.62,51.46943277,7.46675667,154.96,15.14,0.00,91.54,0,-102.00,-13.00,0.00,0.00,39.00,0.00,0,111
616.51,1552401070,5432.78,51.46944283,7.46697456,155.53,15.42,0.00,90.02,0,-100.00,-17.00,0.00,0.00,44.00,0.00,0,111
616.51,1552401070,5432.80,51.46944283,7.46697456,155.53,15.42,0.00,90.02,0,-101.00,-19.00,0.00,0.00,44.00,0.00,0,143
617.51,1552401071,5448.14,51.46945424,7.46719991,155.92,16.10,0.00,88.45,0,-100.00,-17.00,0.00,0.00,44.00,0.00,0,111
617.51,1552401071,5448.14,51.46945424,7.46719991,155.92,16.10,0.00,88.45,0,-101.00,-19.00,0.00,0.00,44.00,0.00,0,143
618.51,1552401072,5464.31,51.46946955,7.46744100,156.05,16.54,0.00,87.08,0,-98.00,-12.00,0.00,0.00,40.00,0.00,0,143
618.51,1552401072,5464.33,51.46946955,7.46744100,156.05,16.54,0.00,87.08,0,-100.00,-14.00,0.00,0.00,40.00,0.00,0,111
619.51,1552401073,5480.85,51.46948881,7.46766872,155.91,16.00,0.00,85.75,0,-98.00,-12.00,0.00,0.00,40.00,0.00,0,143
619.51,1552401073,5480.86,51.46948881,7.46766872,155.91,16.00,0.00,85.75,0,-100.00,-14.00,0.00,0.00,40.00,0.00,0,111
624.51,1552401078,5562.90,51.46959721,7.46886065,156.83,17.73,0.00,81.27,0,-100.00,-10.00,0.00,0.00,35.00,0.00,0,111
625.51,1552401079,5580.56,51.46962333,7.46911931,156.71,18.27,0.00,80.89,0,-100.00,-10.00,0.00,0.00,35.00,0.00,0,111
626.51,1552401080,5598.92,51.46965501,7.46937484,156.40,18.06,0.00,80.50,0,-100.00,-13.00,0.00,0.00,41.00,0.00,0,289
626.51,1552401080,5598.94,51.46965501,7.46937484,156.40,18.06,0.00,80.50,0,-101.00,-15.00,0.00,0.00,40.00,0.00,0,143
627.51,1552401081,5617.00,51.46968520,7.46962961,156.30,17.62,0.00,79.67,0,-100.00,-13.00,0.00,0.00,41.00,0.00,0,289
627.51,1552401081,5617.00,51.46968520,7.46962961,156.30,17.62,0.00,79.67,0,-101.00,-15.00,0.00,0.00,40.00,0.00,0,143
628.51,1552401082,5634.60,51.46971560,7.46988239,156.33,17.92,0.00,80.09,0,-101.00,-13.00,0.00,0.00,38.00,0.00,0,143
629.51,1552401083,5652.50,51.46974412,7.47013440,156.66,17.33,0.00,80.70,0,-101.00,-13.00,0.00,0.00,38.00,0.00,0,143
633.51,1552401087,5719.80,51.46984076,7.47112831,158.98,17.85,0.00,83.34,0,-99.00,-12.00,0.00,0.00,40.00,0.00,0,111
634.51,1552401088,5737.63,51.46985351,7.47138630,159.35,18.49,0.00,84.86,0,-99.00,-12.00,0.00,0.00,40.00,0.00,0,111
639.51,1552401093,5831.66,51.46983902,7.47272428,161.81,17.99,0.00,93.74,0,-98.00,-12.00,0.00,0.00,40.00,0.00,0,289
639.51,1552401093,5831.68,51.46983902,7.47272428,161.81,17.99,0.00,93.74,0,-102.00,-20.00,0.00,0.00,47.00,0.00,0,447
640.51,1552401094,5849.68,51.46982135,7.47299594,162.25,18.32,0.00,95.28,0,-98.00,-12.00,0.00,0.00,40.00,0.00,0,289
640.51,1552401094,5849.68,51.46982135,7.47299594,162.25,18.32,0.00,95.28,0,-102.00,-20.00,0.00,0.00,47.00,0.00,0,447
641.52,1552401095,5868.02,51.46980536,7.47325311,162.43,18.54,0.00,96.03,0,-97.00,-15.00,0.00,0.00,44.00,0.00,0,289
641.52,1552401095,5868.02,51.46980536,7.47325311,162.43,18.54,0.00,96.03,0,-101.00,-18.00,0.00,0.00,43.00,0.00,0,143
641.52,1552401095,5868.04,51.46980536,7.47325311,162.43,18.54,0.00,96.03,0,-101.00,-19.00,0.00,0.00,44.00,0.00,0,112
642.51,1552401096,5886.55,51.46978411,7.47351751,162.39,19.10,0.00,96.76,0,-97.00,-15.00,0.00,0.00,44.00,0.00,0,289
642.52,1552401096,5886.57,51.46978411,7.47351751,162.39,19.10,0.00,96.76,0,-101.00,-18.00,0.00,0.00,43.00,0.00,0,143
642.52,1552401096,5886.59,51.46978411,7.47351751,162.39,19.10,0.00,96.76,0,-101.00,-19.00,0.00,0.00,44.00,0.00,0,112
643.51,1552401097,5905.65,51.46976431,7.47377474,162.27,18.84,0.00,97.20,0,-99.00,-13.00,0.00,0.00,40.00,0.00,0,289
643.51,1552401097,5905.65,51.46976431,7.47377474,162.27,18.84,0.00,97.20,0,-101.00,-15.00,0.00,0.00,40.00,0.00,0,111
643.52,1552401097,5905.66,51.46976431,7.47377474,162.27,18.84,0.00,97.20,0,-101.00,-16.00,0.00,0.00,41.00,0.00,0,112
644.51,1552401098,5924.48,51.46974338,7.47404329,162.28,19.20,0.00,97.74,0,-99.00,-13.00,0.00,0.00,40.00,0.00,0,289
644.52,1552401098,5924.50,51.46974338,7.47404329,162.28,19.20,0.00,97.74,0,-101.00,-15.00,0.00,0.00,40.00,0.00,0,111
644.52,1552401098,5924.52,51.46974338,7.47404329,162.28,19.20,0.00,97.74,0,-101.00,-16.00,0.00,0.00,41.00,0.00,0,112
645.52,1552401099,5943.70,51.46971959,7.47430353,162.13,18.97,0.00,98.17,0,-94.00,-14.00,0.00,0.00,46.00,0.00,0,289
645.52,1552401099,5943.72,51.46971959,7.47430353,162.13,18.97,0.00,98.17,0,-96.00,-17.00,0.00,0.00,46.00,0.00,0,111
645.52,1552401099,5943.74,51.46971959,7.47430353,162.13,18.97,0.00,98.17,0,-97.00,-16.00,0.00,0.00,45.00,0.00,0,112
645.52,1552401099,5943.74,51.46971959,7.47430353,162.13,18.97,0.00,98.17,0,-103.00,-20.00,0.00,0.00,47.00,0.00,0,270
646.51,1552401100,5962.65,51.46969401,7.47457888,161.27,18.97,0.00,97.84,0,-94.00,-14.00,0.00,0.00,46.00,0.00,0,289
646.52,1552401100,5962.67,51.46969401,7.47457888,161.27,18.97,0.00,97.84,0,-96.00,-17.00,0.00,0.00,46.00,0.00,0,111
646.52,1552401100,5962.67,51.46969401,7.47457888,161.27,18.97,0.00,97.84,0,-97.00,-16.00,0.00,0.00,45.00,0.00,0,112
646.52,1552401100,5962.69,51.46969401,7.47457888,161.27,18.97,0.00,97.84,0,-103.00,-20.00,0.00,0.00,47.00,0.00,0,270
647.51,1552401101,5981.62,51.46966725,7.47486706,161.52,18.91,0.00,97.27,0,-97.00,-15.00,0.00,0.00,43.00,0.00,0,289
647.52,1552401101,5981.64,51.46966725,7.47486706,161.52,18.91,0.00,97.27,0,-99.00,-17.00,0.00,0.00,43.00,0.00,0,112
647.52,1552401101,5981.64,51.46966725,7.47486706,161.52,18.91,0.00,97.27,0,-100.00,-18.00,0.00,0.00,43.00,0.00,0,111
647.52,1552401101,5981.66,51.46966725,7.47486706,161.52,18.91,0.00,97.27,0,-102.00,-20.00,0.00,0.00,47.00,0.00,0,340
648.51,1552401102,6000.53,51.46964734,7.47513698,162.18,18.45,0.00,96.37,0,-97.00,-15.00,0.00,0.00,43.00,0.00,0,289
648.52,1552401102,6000.55,51.46964734,7.47513698,162.18,18.45,0.00,96.37,0,-99.00,-17.00,0.00,0.00,43.00,0.00,0,112
648.52,1552401102,6000.55,51.46964734,7.47513698,162.18,18.45,0.00,96.37,0,-100.00,-18.00,0.00,0.00,43.00,0.00,0,111
648.52,1552401102,6000.57,51.46964734,7.47513698,162.18,18.45,0.00,96.37,0,-102.00,-20.00,0.00,0.00,47.00,0.00,0,340
649.52,1552401103,6019.00,51.46962560,7.47539930,163.36,17.84,0.00,95.48,0,-95.00,-14.00,0.00,0.00,44.00,0.00,0,289
649.52,1552401103,6019.02,51.46962560,7.47539930,163.36,17.84,0.00,95.48,0,-100.00,-19.00,0.00,0.00,45.00,0.00,0,112
649.52,1552401103,6019.03,51.46962560,7.47539930,163.36,17.84,0.00,95.48,0,-100.00,-19.00,0.00,0.00,45.00,0.00,0,143
649.52,1552401103,6019.03,51.46962560,7.47539930,163.36,17.84,0.00,95.48,0,-104.00,-19.00,0.00,0.00,45.00,0.00,0,270
649.52,1552401103,6019.05,51.46962560,7.47539930,163.36,17.84,0.00,95.48,0,0.00,0.00,0.00,0.00,63.00,0.00,0,277
650.51,1552401104,6036.82,51.46960512,7.47566494,164.95,18.03,0.00,95.06,0,-95.00,-14.00,0.00,0.00,44.00,0.00,0,289
650.52,1552401104,6036.83,51.46960512,7.47566494,164.95,18.03,0.00,95.06,0,-100.00,-19.00,0.00,0.00,45.00,0.00,0,112
650.52,1552401104,6036.85,51.46960512,7.47566494,164.95,18.03,0.00,95.06,0,-100.00,-19.00,0.00,0.00,45.00,0.00,0,143
650.52,1552401104,6036.87,51.46960512,7.47566494,164.95,18.03,0.00,95.06,0,-104.00,-19.00,0.00,0.00,45.00,0.00,0,270
650.52,1552401104,6036.87,51.46960512,7.47566494,164.95,18.03,0.00,95.06,0,0.00,0.00,0.00,0.00,63.00,0.00,0,277
651.52,1552401105,6054.97,51.46958661,7.47594156,166.37,17.55,0.00,94.05,0,-100.00,-16.00,0.00,0.00,41.00,0.00,0,112
651.52,1552401105,6054.98,51.46958661,7.47594156,166.37,17.55,0.00,94.05,0,-100.00,-15.00,0.00,0.00,40.00,0.00,0,143
652.51,1552401106,6072.38,51.46956888,7.47619343,167.47,16.78,0.00,93.65,0,-100.00,-16.00,0.00,0.00,41.00,0.00,0,112
652.51,1552401106,6072.39,51.46956888,7.47619343,167.47,16.78,0.00,93.65,0,-100.00,-15.00,0.00,0.00,40.00,0.00,0,143
653.51,1552401107,6089.15,51.46955880,7.47643120,168.33,16.18,0.00,92.62,0,-100.00,-16.00,0.00,0.00,41.00,0.00,0,112
653.51,1552401107,6089.17,51.46955880,7.47643120,168.33,16.18,0.00,92.62,0,-100.00,-15.00,0.00,0.00,40.00,0.00,0,143
660.51,1552401114,6192.04,51.46962432,7.47793860,174.29,12.80,0.00,80.90,0,-94.00,-19.00,0.00,0.00,51.00,0.00,0,143
661.51,1552401115,6204.83,51.46964722,7.47812197,174.60,13.42,0.00,79.60,0,-94.00,-19.00,0.00,0.00,51.00,0.00,0,143
662.52,1552401116,6218.28,51.46967465,7.47831187,174.70,13.85,0.00,78.31,0,-94.00,-18.00,0.00,0.00,49.00,0.00,0,143
663.51,1552401117,6232.10,51.46970405,7.47851141,174.67,14.69,0.00,77.46,0,-94.00,-18.00,0.00,0.00,49.00,0.00,0,143
664.51,1552401118,6246.80,51.46973757,7.47869983,174.40,15.07,0.00,76.79,0,-95.00,-17.00,0.00,0.00,48.00,0.00,0,143
664.51,1552401118,6246.81,51.46973757,7.47869983,174.40,15.07,0.00,76.79,0,-96.00,-18.00,0.00,0.00,48.00,0.00,0,141
665.51,1552401119,6261.88,51.46977190,7.47888937,174.04,14.43,0.00,75.95,0,-95.00,-17.00,0.00,0.00,48.00,0.00,0,143
665.51,1552401119,6261.88,51.46977190,7.47888937,174.04,14.43,0.00,75.95,0,-96.00,-18.00,0.00,0.00,48.00,0.00,0,141
666.51,1552401120,6276.29,51.46980656,7.47908013,173.53,14.06,0.00,75.40,0,-98.00,-19.00,0.00,0.00,47.00,0.00,0,141
667.51,1552401121,6290.33,51.46984369,7.47928575,173.02,14.19,0.00,74.89,0,-98.00,-19.00,0.00,0.00,47.00,0.00,0,141
675.51,1552401129,6408.52,51.47018299,7.48089324,172.16,14.26,0.00,72.43,0,-89.00,-14.00,0.00,0.00,51.00,0.00,0,141
675.51,1552401129,6408.54,51.47018299,7.48089324,172.16,14.26,0.00,72.43,0,-91.00,-16.00,0.00,0.00,51.00,0.00,0,143
676.51,1552401130,6422.78,51.47021740,7.48106358,172.41,12.11,0.00,72.90,0,-89.00,-14.00,0.00,0.00,51.00,0.00,0,141
676.51,1552401130,6422.79,51.47021740,7.48106358,172.41,12.11,0.00,72.90,0,-91.00,-16.00,0.00,0.00,51.00,0.00,0,143
689.51,1552401143,6564.98,51.46931450,7.48205585,172.43,16.41,0.00,165.11,0,-92.00,-17.00,0.00,0.00,51.00,0.00,0,141
690.51,1552401144,6581.39,51.46915983,7.48211776,171.67,16.50,0.00,166.15,0,-92.00,-17.00,0.00,0.00,51.00,0.00,0,141
714.52,1552401168,6916.80,51.46618684,7.48255111,171.64,14.59,0.00,194.65,0,-96.00,-16.00,0.00,0.00,45.00,0.00,0,141
715.51,1552401169,6931.28,51.46605423,7.48247522,171.35,14.37,0.00,197.79,0,-96.00,-16.00,0.00,0.00,45.00,0.00,0,141
716.51,1552401170,6945.67,51.46590385,7.48232898,170.89,17.66,0.00,211.71,0,-96.00,-16.00,0.00,0.00,45.00,0.00,0,141
723.51,1552401177,7057.84,51.46502822,7.48160876,168.42,14.99,0.00,203.06,0,-98.00,-15.00,0.00,0.00,43.00,0.00,0,141
723.52,1552401177,7057.86,51.46502822,7.48160876,168.42,14.99,0.00,203.06,0,-98.00,-16.00,0.00,0.00,43.00,0.00,0,143
724.51,1552401178,7072.83,51.46490628,7.48152810,168.46,15.87,0.00,201.79,0,-98.00,-15.00,0.00,0.00,43.00,0.00,0,141
724.51,1552401178,7072.83,51.46490628,7.48152810,168.46,15.87,0.00,201.79,0,-98.00,-16.00,0.00,0.00,43.00,0.00,0,143
725.51,1552401179,7088.70,51.46478298,7.48144919,168.60,15.14,0.00,200.83,0,-98.00,-11.00,0.00,0.00,39.00,0.00,0,143
725.51,1552401179,7088.70,51.46478298,7.48144919,168.60,15.14,0.00,200.83,0,-101.00,-14.00,0.00,0.00,39.00,0.00,0,141
726.51,1552401180,7103.82,51.46466276,7.48138662,168.59,14.78,0.00,200.08,0,-98.00,-11.00,0.00,0.00,39.00,0.00,0,143
726.51,1552401180,7103.83,51.46466276,7.48138662,168.59,14.78,0.00,200.08,0,-101.00,-14.00,0.00,0.00,39.00,0.00,0,141
727.52,1552401181,7118.66,51.46454670,7.48132815,168.68,14.07,0.00,199.57,0,-98.00,-11.00,0.00,0.00,38.00,0.00,0,143
727.52,1552401181,7118.66,51.46454670,7.48132815,168.68,14.07,0.00,199.57,0,-101.00,-13.00,0.00,0.00,38.00,0.00,0,141
728.51,1552401182,7132.69,51.46443141,7.48126843,168.75,13.92,0.00,199.06,0,-98.00,-11.00,0.00,0.00,38.00,0.00,0,143
728.52,1552401182,7132.70,51.46443141,7.48126843,168.75,13.92,0.00,199.06,0,-101.00,-13.00,0.00,0.00,38.00,0.00,0,141
729.51,1552401183,7146.59,51.46431243,7.48120493,169.03,14.16,0.00,198.35,0,-96.00,-15.00,0.00,0.00,45.00,0.00,0,143
729.51,1552401183,7146.61,51.46431243,7.48120493,169.03,14.16,0.00,198.35,0,-97.00,-16.00,0.00,0.00,45.00,0.00,0,141
730.51,1552401184,7160.77,51.46420843,7.48116161,169.56,14.18,0.00,198.03,0,-96.00,-15.00,0.00,0.00,45.00,0.00,0,143
730.51,1552401184,7160.77,51.46420843,7.48116161,169.56,14.18,0.00,198.03,0,-97.00,-16.00,0.00,0.00,45.00,0.00,0,141
731.51,1552401185,7174.93,51.46409469,7.48111528,170.16,13.91,0.00,197.69,0,-96.00,-11.00,0.00,0.00,41.00,0.00,0,143
731.51,1552401185,7174.95,51.46409469,7.48111528,170.16,13.91,0.00,197.69,0,-98.00,-12.00,0.00,0.00,40.00,0.00,0,141
732.51,1552401186,7188.85,51.46397439,7.48106919,171.06,13.33,0.00,196.71,0,-96.00,-11.00,0.00,0.00,41.00,0.00,0,143
732.52,1552401186,7188.86,51.46397439,7.48106919,171.06,13.33,0.00,196.71,0,-98.00,-12.00,0.00,0.00,40.00,0.00,0,141
733.51,1552401187,7202.17,51.46385606,7.48102075,172.08,13.03,0.00,197.02,0,-94.00,-10.00,0.00,0.00,41.00,0.00,0,143
733.51,1552401187,7202.17,51.46385606,7.48102075,172.08,13.03,0.00,197.02,0,-97.00,-12.00,0.00,0.00,41.00,0.00,0,141
734.51,1552401188,7215.19,51.46374187,7.48096836,173.19,12.88,0.00,196.69,0,-94.00,-10.00,0.00,0.00,41.00,0.00,0,143
734.51,1552401188,7215.21,51.46374187,7.48096836,173.19,12.88,0.00,196.69,0,-97.00,-12.00,0.00,0.00,41.00,0.00,0,141
735.52,1552401189,7228.18,51.46362352,7.48091879,174.28,12.71,0.00,195.70,0,-94.00,-11.00,0.00,0.00,43.00,0.00,0,143
735.52,1552401189,7228.19,51.46362352,7.48091879,174.28,12.71,0.00,195.70,0,-97.00,-13.00,0.00,0.00,43.00,0.00,0,141
736.51,1552401190,7240.80,51.46351055,7.48087016,175.27,13.10,0.00,196.46,0,-94.00,-11.00,0.00,0.00,43.00,0.00,0,143
736.51,1552401190,7240.80,51.46351055,7.48087016,175.27,13.10,0.00,196.46,0,-97.00,-13.00,0.00,0.00,43.00,0.00,0,141
737.51,1552401191,7253.89,51.46339399,7.48081805,176.28,12.77,0.00,195.58,0,-94.00,-11.00,0.00,0.00,43.00,0.00,0,143
737.51,1552401191,7253.90,51.46339399,7.48081805,176.28,12.77,0.00,195.58,0,-97.00,-13.00,0.00,0.00,43.00,0.00,0,141
738.51,1552401192,7266.66,51.46327870,7.48076656,177.26,12.93,0.00,196.01,0,-93.00,-10.00,0.00,0.00,43.00,0.00,0,289
738.51,1552401192,7266.66,51.46327870,7.48076656,177.26,12.93,0.00,196.01,0,-93.00,-13.00,0.00,0.00,46.00,0.00,0,141
739.51,1552401193,7279.59,51.46315904,7.48070844,178.08,13.49,0.00,196.89,0,-93.00,-10.00,0.00,0.00,43.00,0.00,0,289
739.51,1552401193,7279.59,51.46315904,7.48070844,178.08,13.49,0.00,196.89,0,-93.00,-13.00,0.00,0.00,46.00,0.00,0,141
740.51,1552401194,7293.08,51.46303726,7.48064985,178.56,14.35,0.00,196.15,0,-91.00,-6.00,0.00,0.00,41.00,0.00,0,289
741.51,1552401195,7307.43,51.46291743,7.48059382,179.18,13.96,0.00,196.90,0,-91.00,-6.00,0.00,0.00,41.00,0.00,0,289
742.51,1552401196,7321.38,51.46280499,7.48054050,180.00,12.55,0.00,196.51,0,-90.00,-9.00,0.00,0.00,44.00,0.00,0,289
743.51,1552401197,7333.93,51.46269917,7.48049460,180.55,11.65,0.00,196.07,0,-90.00,-9.00,0.00,0.00,44.00,0.00,0,289
744.51,1552401198,7345.58,51.46260866,7.48045270,181.25,10.07,0.00,196.40,0,-93.00,-11.00,0.00,0.00,45.00,0.00,0,289
745.51,1552401199,7355.64,51.46252319,7.48041799,181.31,8.75,0.00,196.57,0,-93.00,-11.00,0.00,0.00,45.00,0.00,0,289
746.51,1552401200,7364.39,51.46245744,7.48039317,181.30,7.37,0.00,195.92,0,-93.00,-9.00,0.00,0.00,43.00,0.00,0,289
747.51,1552401201,7371.75,51.46239507,7.48036413,181.47,5.85,0.00,195.86,0,-93.00,-9.00,0.00,0.00,43.00,0.00,0,289
748.51,1552401202,7377.60,51.46235218,7.48034123,181.56,4.22,0.00,195.15,0,-95.00,-15.00,0.00,0.00,46.00,0.00,0,289
749.51,1552401203,7381.82,51.46232934,7.48032680,181.53,2.82,0.00,195.31,0,-95.00,-15.00,0.00,0.00,46.00,0.00,0,289
750.51,1552401204,7384.63,51.46232358,7.48032186,181.48,1.51,0.00,197.56,0,-95.00,-12.00,0.00,0.00,43.00,0.00,0,289
751.51,1552401205,7386.14,51.46232358,7.48032186,181.48,0.00,0.00,197.56,0,-95.00,-12.00,0.00,0.00,43.00,0.00,0,289
754.51,1552401208,7386.14,51.46232358,7.48032186,181.46,0.00,0.00,197.56,0,-98.00,-11.00,0.00,0.00,41.00,0.00,0,289
755.51,1552401209,7386.14,51.46232358,7.48032186,181.47,0.00,0.00,197.56,0,-98.00,-11.00,0.00,0.00,41.00,0.00,0,289
756.51,1552401210,7386.14,51.46232358,7.48032186,181.47,0.00,0.00,197.56,0,-97.00,-17.00,0.00,0.00,45.00,0.00,0,289
757.51,1552401211,7386.14,51.46232358,7.48032186,181.49,0.00,0.00,197.56,0,-97.00,-17.00,0.00,0.00,45.00,0.00,0,289
758.52,1552401212,7386.14,51.46232358,7.48032186,181.51,0.00,0.00,197.56,0,-98.00,-15.00,0.00,0.00,44.00,0.00,0,289
759.51,1552401213,7386.14,51.46232358,7.48032186,181.53,0.00,0.00,197.56,0,-98.00,-15.00,0.00,0.00,44.00,0.00,0,289
760.51,1552401214,7386.14,51.46232358,7.48032186,181.55,0.00,0.00,197.56,0,-98.00,-15.00,0.00,0.00,44.00,0.00,0,289
761.51,1552401215,7386.14,51.46232358,7.48032186,181.57,0.00,0.00,197.56,0,-98.00,-9.00,0.00,0.00,37.00,0.00,0,289
762.51,1552401216,7386.14,51.46232358,7.48032186,181.60,0.00,0.00,197.56,0,-98.00,-9.00,0.00,0.00,37.00,0.00,0,289
763.51,1552401217,7386.14,51.46232358,7.48032186,181.62,0.00,0.00,197.56,0,-97.00,-8.00,0.00,0.00,37.00,0.00,0,289
763.51,1552401217,7386.14,51.46232358,7.48032186,181.62,0.00,0.00,197.56,0,-101.00,-15.00,0.00,0.00,40.00,0.00,0,141
764.51,1552401218,7386.14,51.46232358,7.48032186,181.65,0.00,0.00,197.56,0,-97.00,-8.00,0.00,0.00,37.00,0.00,0,289
764.51,1552401218,7386.14,51.46232358,7.48032186,181.65,0.00,0.00,197.56,0,-101.00,-15.00,0.00,0.00,40.00,0.00,0,141
765.51,1552401219,7386.14,51.46232358,7.48032186,181.68,0.00,0.00,197.56,0,-99.00,-14.00,0.00,0.00,43.00,0.00,0,289
766.51,1552401220,7386.14,51.46232358,7.48032186,181.70,0.00,0.00,197.56,0,-99.00,-14.00,0.00,0.00,43.00,0.00,0,289
767.51,1552401221,7386.14,51.46232358,7.48032186,181.73,0.00,0.00,197.56,0,-96.00,-12.00,0.00,0.00,45.00,0.00,0,289
768.51,1552401222,7386.14,51.46232358,7.48032186,181.75,0.00,0.00,197.56,0,-96.00,-12.00,0.00,0.00,45.00,0.00,0,289
769.51,1552401223,7386.14,51.46232358,7.48032186,181.77,0.00,0.00,197.56,0,-96.00,-14.00,0.00,0.00,44.00,0.00,0,289
770.51,1552401224,7386.14,51.46232358,7.48032186,181.79,0.00,0.00,197.56,0,-96.00,-14.00,0.00,0.00,44.00,0.00,0,289
771.51,1552401225,7386.14,51.46232358,7.48032186,181.81,0.00,0.00,197.56,0,-97.00,-9.00,0.00,0.00,38.00,0.00,0,289
772.51,1552401226,7386.14,51.46232358,7.48032186,181.83,0.00,0.00,197.56,0,-97.00,-9.00,0.00,0.00,38.00,0.00,0,289
773.51,1552401227,7386.14,51.46232358,7.48032186,182.02,0.00,0.00,197.56,0,-97.00,-13.00,0.00,0.00,43.00,0.00,0,289
774.51,1552401228,7386.14,51.46232358,7.48032186,182.16,0.00,0.00,197.56,0,-97.00,-13.00,0.00,0.00,43.00,0.00,0,289
775.51,1552401229,7386.14,51.46232358,7.48032186,182.26,0.00,0.00,197.56,0,-97.00,-11.00,0.00,0.00,42.00,0.00,0,289
776.51,1552401230,7386.14,51.46232358,7.48032186,182.31,0.00,0.00,194.57,0,-97.00,-11.00,0.00,0.00,42.00,0.00,0,289
777.51,1552401231,7386.14,51.46232358,7.48032186,182.38,0.00,0.00,193.86,0,-98.00,-13.00,0.00,0.00,41.00,0.00,0,289
778.51,1552401232,7386.15,51.46225419,7.48029152,182.46,2.27,0.00,193.43,0,-98.00,-13.00,0.00,0.00,41.00,0.00,0,289
779.52,1552401233,7388.43,51.46222549,7.48028546,182.52,1.37,0.00,194.09,0,-98.00,-18.00,0.00,0.00,46.00,0.00,0,289
780.51,1552401234,7389.78,51.46220273,7.48028137,182.57,1.05,0.00,194.09,0,-98.00,-18.00,0.00,0.00,46.00,0.00,0,289
781.51,1552401235,7390.84,51.46219838,7.48028739,182.62,0.75,0.00,194.09,0,-98.00,-18.00,0.00,0.00,46.00,0.00,0,289
782.51,1552401236,7391.58,51.46219838,7.48028739,182.65,0.00,0.00,194.09,0,-99.00,-13.00,0.00,0.00,40.00,0.00,0,289
783.51,1552401237,7391.58,51.46219838,7.48028739,182.66,0.00,0.00,194.09,0,-99.00,-13.00,0.00,0.00,40.00,0.00,0,289
788.51,1552401242,7391.58,51.46219838,7.48028739,182.68,0.00,0.00,194.09,0,-94.00,-12.00,0.00,0.00,44.00,0.00,0,289
789.51,1552401243,7391.58,51.46219838,7.48028739,182.69,0.00,0.00,194.09,0,-94.00,-12.00,0.00,0.00,44.00,0.00,0,289
790.51,1552401244,7391.58,51.46219838,7.48028739,182.71,0.00,0.00,194.09,0,-99.00,-18.00,0.00,0.00,45.00,0.00,0,289
791.51,1552401245,7391.58,51.46219838,7.48028739,182.73,0.00,0.00,194.09,0,-99.00,-18.00,0.00,0.00,45.00,0.00,0,289
792.51,1552401246,7391.58,51.46219838,7.48028739,182.75,0.00,0.00,194.09,0,-96.00,-16.00,0.00,0.00,46.00,0.00,0,289
793.51,1552401247,7391.58,51.46219838,7.48028739,182.78,0.00,0.00,194.09,0,-96.00,-16.00,0.00,0.00,46.00,0.00,0,289
794.51,1552401248,7391.58,51.46219838,7.48028739,182.80,0.00,0.00,194.09,0,-97.00,-11.00,0.00,0.00,40.00,0.00,0,289
795.51,1552401249,7391.58,51.46219838,7.48028739,182.83,0.00,0.00,194.09,0,-97.00,-11.00,0.00,0.00,40.00,0.00,0,289
796.51,1552401250,7391.58,51.46219838,7.48028739,182.86,0.00,0.00,194.09,0,-98.00,-8.00,0.00,0.00,36.00,0.00,0,289
797.51,1552401251,7391.58,51.46219838,7.48028739,182.89,0.00,0.00,194.09,0,-98.00,-8.00,0.00,0.00,36.00,0.00,0,289
803.51,1552401257,7391.58,51.46219838,7.48028739,183.10,0.00,0.00,194.09,0,-100.00,-10.00,0.00,0.00,37.00,0.00,0,289
804.51,1552401258,7391.58,51.46219838,7.48028739,183.13,0.00,0.00,194.09,0,-100.00,-10.00,0.00,0.00,37.00,0.00,0,289
807.51,1552401261,7391.58,51.46219838,7.48028739,183.55,0.00,0.00,194.09,0,-98.00,-13.00,0.00,0.00,41.00,0.00,0,289
808.51,1552401262,7391.58,51.46219838,7.48028739,183.83,0.00,0.00,192.19,0,-98.00,-13.00,0.00,0.00,41.00,0.00,0,289
809.51,1552401263,7391.58,51.46212992,7.48027523,184.08,0.00,0.00,191.27,0,-99.00,-11.00,0.00,0.00,38.00,0.00,0,289
810.51,1552401264,7391.59,51.46209419,7.48026324,185.83,4.25,0.00,189.02,0,-99.00,-11.00,0.00,0.00,38.00,0.00,0,289
811.51,1552401265,7395.85,51.46204594,7.48029013,186.83,5.23,0.00,155.38,0,-96.00,-8.00,0.00,0.00,39.00,0.00,0,289
812.51,1552401266,7401.09,51.46203329,7.48034738,187.03,6.59,0.00,116.13,0,-96.00,-8.00,0.00,0.00,39.00,0.00,0,289
817.51,1552401271,7441.24,51.46202825,7.48091258,184.56,9.75,0.00,90.38,0,-102.00,-11.00,0.00,0.00,35.00,0.00,0,289
818.51,1552401272,7450.98,51.46202873,7.48105075,184.38,10.51,0.00,89.49,0,-102.00,-11.00,0.00,0.00,35.00,0.00,0,289
819.51,1552401273,7461.49,51.46202884,7.48121485,184.33,11.61,0.00,90.23,0,-101.00,-17.00,0.00,0.00,43.00,0.00,0,289
819.51,1552401273,7461.50,51.46202884,7.48121485,184.33,11.61,0.00,90.23,0,-101.00,-15.00,0.00,0.00,41.00,0.00,0,141
820.51,1552401274,7473.11,51.46202539,7.48138855,184.61,12.77,0.00,90.32,0,-101.00,-17.00,0.00,0.00,43.00,0.00,0,289
820.51,1552401274,7473.12,51.46202539,7.48138855,184.61,12.77,0.00,90.32,0,-101.00,-15.00,0.00,0.00,41.00,0.00,0,141
821.52,1552401275,7485.96,51.46202245,7.48157752,184.99,13.69,0.00,90.89,0,-101.00,-13.00,0.00,0.00,38.00,0.00,0,141
822.51,1552401276,7499.57,51.46201942,7.48176923,185.24,13.79,0.00,91.14,0,-101.00,-13.00,0.00,0.00,38.00,0.00,0,141
823.51,1552401277,7513.34,51.46201410,7.48196706,185.48,13.48,0.00,91.89,0,-101.00,-13.00,0.00,0.00,38.00,0.00,0,141
824.51,1552401278,7526.82,51.46201029,7.48215466,185.65,13.02,0.00,91.60,0,-99.00,-14.00,0.00,0.00,41.00,0.00,0,141
825.51,1552401279,7539.85,51.46200622,7.48234563,185.95,12.84,0.00,91.07,0,-99.00,-14.00,0.00,0.00,41.00,0.00,0,141
826.51,1552401280,7552.69,51.46200501,7.48254685,186.19,12.76,0.00,90.75,0,-101.00,-13.00,0.00,0.00,38.00,0.00,0,141
826.51,1552401280,7552.70,51.46200501,7.48254685,186.19,12.76,0.00,90.75,0,-101.00,-10.00,0.00,0.00,34.00,0.00,0,289
827.52,1552401281,7565.48,51.46200327,7.48273088,186.73,12.93,0.00,90.50,0,-101.00,-13.00,0.00,0.00,38.00,0.00,0,141
827.52,1552401281,7565.48,51.46200327,7.48273088,186.73,12.93,0.00,90.50,0,-101.00,-10.00,0.00,0.00,34.00,0.00,0,289
828.51,1552401282,7578.36,51.46200174,7.48292006,187.48,12.75,0.00,90.62,0,-100.00,-10.00,0.00,0.00,36.00,0.00,0,289
828.51,1552401282,7578.36,51.46200174,7.48292006,187.48,12.75,0.00,90.62,0,-103.00,-14.00,0.00,0.00,37.00,0.00,0,141
828.51,1552401282,7578.36,51.46200174,7.48292006,187.48,12.75,0.00,90.62,0,-106.00,-16.00,0.00,0.00,35.00,0.00,0,112
829.51,1552401283,7591.15,51.46200038,7.48310522,188.26,12.45,0.00,90.52,0,-100.00,-10.00,0.00,0.00,36.00,0.00,0,289
829.52,1552401283,7591.16,51.46200038,7.48310522,188.26,12.45,0.00,90.52,0,-103.00,-14.00,0.00,0.00,37.00,0.00,0,141
829.52,1552401283,7591.16,51.46200038,7.48310522,188.26,12.45,0.00,90.52,0,-106.00,-16.00,0.00,0.00,35.00,0.00,0,112
830.51,1552401284,7603.60,51.46199946,7.48329048,188.63,12.31,0.00,89.83,0,-99.00,-13.00,0.00,0.00,40.00,0.00,0,289
830.52,1552401284,7603.61,51.46199946,7.48329048,188.63,12.31,0.00,89.83,0,-99.00,-13.00,0.00,0.00,40.00,0.00,0,141
830.52,1552401284,7603.61,51.46199946,7.48329048,188.63,12.31,0.00,89.83,0,-102.00,-17.00,0.00,0.00,42.00,0.00,0,376
831.51,1552401285,7615.91,51.46200441,7.48347376,188.54,12.60,0.00,88.79,0,-99.00,-13.00,0.00,0.00,40.00,0.00,0,289
831.52,1552401285,7615.92,51.46200441,7.48347376,188.54,12.60,0.00,88.79,0,-99.00,-13.00,0.00,0.00,40.00,0.00,0,141
831.52,1552401285,7615.94,51.46200441,7.48347376,188.54,12.60,0.00,88.79,0,-102.00,-17.00,0.00,0.00,42.00,0.00,0,376
853.51,1552401307,7904.60,51.45978413,7.48447282,185.81,15.32,0.00,187.22,0,-81.00,-11.00,0.00,0.00,56.00,0.00,0,143
854.51,1552401308,7919.93,51.45964942,7.48443597,187.36,14.79,0.00,188.30,0,-81.00,-11.00,0.00,0.00,56.00,0.00,0,143
855.51,1552401309,7934.73,51.45951572,7.48439409,189.16,14.56,0.00,189.08,0,-81.00,-11.00,0.00,0.00,57.00,0.00,0,143
855.52,1552401309,7934.75,51.45951572,7.48439409,189.16,14.56,0.00,189.08,0,-84.00,-14.00,0.00,0.00,57.00,0.00,0,142
856.51,1552401310,7949.28,51.45938617,7.48434448,190.88,14.87,0.00,189.68,0,-81.00,-11.00,0.00,0.00,57.00,0.00,0,143
856.51,1552401310,7949.30,51.45938617,7.48434448,190.88,14.87,0.00,189.68,0,-84.00,-14.00,0.00,0.00,57.00,0.00,0,142
857.51,1552401311,7964.14,51.45925122,7.48429752,192.59,14.58,0.00,190.34,0,-74.00,-9.00,0.00,0.00,61.00,0.00,0,141
858.51,1552401312,7978.72,51.45913051,7.48425021,193.91,14.31,0.00,190.78,0,-74.00,-9.00,0.00,0.00,61.00,0.00,0,141
859.51,1552401313,7993.04,51.45899954,7.48420225,195.18,14.54,0.00,191.13,0,-74.00,-14.00,0.00,0.00,63.00,0.00,0,141
860.51,1552401314,8007.57,51.45887246,7.48415738,195.97,14.91,0.00,191.77,0,-74.00,-14.00,0.00,0.00,63.00,0.00,0,141
865.52,1552401319,8084.90,51.45820719,7.48390359,199.68,15.39,0.00,190.74,0,-76.00,-9.00,0.00,0.00,59.00,0.00,0,142
866.51,1552401320,8100.14,51.45806742,7.48385621,200.89,15.51,0.00,190.85,0,-76.00,-9.00,0.00,0.00,59.00,0.00,0,142
867.51,1552401321,8115.64,51.45792903,7.48381012,202.22,15.33,0.00,191.31,0,-76.00,-9.00,0.00,0.00,59.00,0.00,0,142
868.51,1552401322,8130.97,51.45779248,7.48376367,203.57,14.97,0.00,191.59,0,-77.00,-9.00,0.00,0.00,58.00,0.00,0,142
869.51,1552401323,8145.96,51.45765464,7.48371491,204.87,15.14,0.00,190.98,0,-77.00,-9.00,0.00,0.00,58.00,0.00,0,142
870.52,1552401324,8161.13,51.45751683,7.48366617,205.89,15.55,0.00,191.42,0,-79.00,-9.00,0.00,0.00,55.00,0.00,0,142
870.52,1552401324,8161.14,51.45751683,7.48366617,205.89,15.55,0.00,191.42,0,-86.00,-10.00,0.00,0.00,51.00,0.00,0,289
871.51,1552401325,8176.65,51.45737549,7.48362069,206.79,15.99,0.00,190.68,0,-79.00,-9.00,0.00,0.00,55.00,0.00,0,142
871.51,1552401325,8176.66,51.45737549,7.48362069,206.79,15.99,0.00,190.68,0,-86.00,-10.00,0.00,0.00,51.00,0.00,0,289
874.51,1552401328,8226.16,51.45693852,7.48347934,209.20,16.79,0.00,190.83,0,-84.00,-10.00,0.00,0.00,53.00,0.00,0,142
875.51,1552401329,8242.95,51.45679182,7.48343858,209.93,16.13,0.00,190.50,0,-84.00,-10.00,0.00,0.00,53.00,0.00,0,142
876.51,1552401330,8259.10,51.45664099,7.48339256,210.84,15.47,0.00,190.07,0,-88.00,-11.00,0.00,0.00,52.00,0.00,0,142
877.51,1552401331,8274.57,51.45649615,7.48335566,211.89,14.66,0.00,189.23,0,-88.00,-11.00,0.00,0.00,52.00,0.00,0,142
878.51,1552401332,8289.23,51.45636382,7.48332026,212.66,14.35,0.00,188.57,0,-88.00,-9.00,0.00,0.00,46.00,0.00,0,142
879.51,1552401333,8303.58,51.45623188,7.48329659,213.37,14.68,0.00,187.14,0,-88.00,-9.00,0.00,0.00,46.00,0.00,0,142
880.51,1552401334,8318.24,51.45610090,7.48327384,213.96,14.91,0.00,186.32,0,-92.00,-8.00,0.00,0.00,41.00,0.00,0,289
881.51,1552401335,8333.17,51.45596503,7.48325898,214.66,15.33,0.00,185.10,0,-92.00,-8.00,0.00,0.00,41.00,0.00,0,289
912.51,1552401366,8798.75,51.45244316,7.48655751,235.62,14.96,0.00,140.14,0,-106.00,-11.00,0.00,0.00,31.00,0.00,0,429
913.51,1552401367,8813.70,51.45233819,7.48669644,236.53,15.01,0.00,142.53,0,-106.00,-11.00,0.00,0.00,31.00,0.00,0,429
914.51,1552401368,8828.72,51.45223418,7.48682783,237.42,14.52,0.00,144.51,0,-107.00,-11.00,0.00,0.00,29.00,0.00,0,429
915.51,1552401369,8843.23,51.45212634,7.48695308,238.33,14.95,0.00,146.74,0,-107.00,-11.00,0.00,0.00,29.00,0.00,0,429
916.51,1552401370,8858.21,51.45200856,7.48707361,239.40,15.03,0.00,149.32,0,-110.00,-15.00,0.00,0.00,31.00,0.00,0,429
916.52,1552401370,8858.23,51.45200856,7.48707361,239.40,15.03,0.00,149.32,0,-111.00,-17.00,0.00,0.00,32.00,0.00,0,290
916.52,1552401370,8858.24,51.45200856,7.48707361,239.40,15.03,0.00,149.32,0,-112.00,-18.00,0.00,0.00,31.00,0.00,0,289
917.51,1552401371,8873.24,51.45188489,7.48718505,240.18,15.50,0.00,151.33,0,-110.00,-15.00,0.00,0.00,31.00,0.00,0,429
917.52,1552401371,8873.26,51.45188489,7.48718505,240.18,15.50,0.00,151.33,0,-111.00,-17.00,0.00,0.00,32.00,0.00,0,290
917.52,1552401371,8873.26,51.45188489,7.48718505,240.18,15.50,0.00,151.33,0,-112.00,-18.00,0.00,0.00,31.00,0.00,0,289
918.51,1552401372,8888.66,51.45176600,7.48728189,240.66,14.93,0.00,153.81,0,-108.00,-15.00,0.00,0.00,33.00,0.00,0,429
918.51,1552401372,8888.67,51.45176600,7.48728189,240.66,14.93,0.00,153.81,0,-109.00,-15.00,0.00,0.00,32.00,0.00,0,290
918.51,1552401372,8888.67,51.45176600,7.48728189,240.66,14.93,0.00,153.81,0,-110.00,-17.00,0.00,0.00,32.00,0.00,0,289
919.51,1552401373,8903.66,51.45164658,7.48737181,240.74,13.57,0.00,154.82,0,-108.00,-15.00,0.00,0.00,33.00,0.00,0,429
919.52,1552401373,8903.67,51.45164658,7.48737181,240.74,13.57,0.00,154.82,0,-109.00,-15.00,0.00,0.00,32.00,0.00,0,290
919.52,1552401373,8903.69,51.45164658,7.48737181,240.74,13.57,0.00,154.82,0,-110.00,-17.00,0.00,0.00,32.00,0.00,0,289
920.51,1552401374,8917.23,51.45153567,7.48745602,240.93,12.59,0.00,155.69,0,-105.00,-12.00,0.00,0.00,32.00,0.00,0,429
920.52,1552401374,8917.24,51.45153567,7.48745602,240.93,12.59,0.00,155.69,0,-108.00,-15.00,0.00,0.00,32.00,0.00,0,290
920.52,1552401374,8917.24,51.45153567,7.48745602,240.93,12.59,0.00,155.69,0,-110.00,-18.00,0.00,0.00,32.00,0.00,0,289
921.51,1552401375,8929.82,51.45141590,7.48753341,241.06,12.80,0.00,157.31,0,-105.00,-12.00,0.00,0.00,32.00,0.00,0,429
921.52,1552401375,8929.84,51.45141590,7.48753341,241.06,12.80,0.00,157.31,0,-108.00,-15.00,0.00,0.00,32.00,0.00,0,290
921.52,1552401375,8929.85,51.45141590,7.48753341,241.06,12.80,0.00,157.31,0,-110.00,-18.00,0.00,0.00,32.00,0.00,0,289
922.51,1552401376,8942.63,51.45129416,7.48760820,241.19,13.88,0.00,157.78,0,-109.00,-16.00,0.00,0.00,33.00,0.00,0,429
922.52,1552401376,8942.64,51.45129416,7.48760820,241.19,13.88,0.00,157.78,0,-111.00,-18.00,0.00,0.00,33.00,0.00,0,290
922.52,1552401376,8942.66,51.45129416,7.48760820,241.19,13.88,0.00,157.78,0,-111.00,-19.00,0.00,0.00,33.00,0.00,0,289
