66.20,1545283607,788.48,51.44398421,7.49125646,274.22,12.52,0.66,214.44,1,-91.00,-6.00,26.00,11.00,47.00,6.00,27771907,272,66,3.35001,9.4199,66.2
76.20,1545283617,946.42,51.44282758,7.48986571,270.12,17.66,-0.23,216.48,1,-81.00,-5.00,31.00,13.00,55.00,6.00,27771907,272,76,0.500002,16.0663,10
86.20,1545283627,1110.16,51.44170035,7.48841124,275.88,15.66,-0.11,224.59,1,-61.00,-6.00,29.00,15.00,63.00,6.00,27771907,272,86,0.500002,7.98448,10
102.20,1545283643,1370.16,51.44028693,7.48537968,280.65,16.72,-0.09,233.35,1,-78.00,-6.00,29.00,15.00,59.00,1.00,27771908,270,102,0.800003,12.2867,16
113.20,1545283654,1550.72,51.43933030,7.48329850,285.39,15.86,-0.25,236.28,1,-71.00,-5.00,29.00,15.00,63.00,1.00,27771908,270,113,0.550002,5.77599,11
123.20,1545283664,1711.28,51.43858434,7.48116813,291.08,16.57,-0.15,240.55,1,-92.00,-8.00,27.00,13.00,45.00,1.00,27771908,270,123,0.500002,7.7486,10
154.20,1545283695,2135.41,51.43762338,7.47637903,289.75,10.92,1.16,45.16,1,-81.00,-5.00,38.00,14.00,57.00,1.00,27771908,270,154,1.55001,8.86696,31
164.31,1545283705,2287.69,51.43847557,7.47824748,291.09,20.03,1.02,56.40,1,-79.00,-5.00,32.00,15.00,59.00,1.00,27771908,270,164,0.500002,11.7861,10.11
175.30,1545283716,2520.73,51.43965667,7.48109728,288.24,21.62,0.32,53.47,1,-88.00,-5.00,27.00,12.00,48.00,1.00,27771908,270,175,0.550002,8.7629,10.99
195.30,1545283736,2978.63,51.44295233,7.48501242,278.61,23.07,-0.03,24.48,1,-83.00,-6.00,21.00,15.00,54.00,1.00,27771909,271,195,1,14.4058,20
205.30,1545283746,3177.09,51.44454687,7.48611736,269.90,14.31,-0.56,37.86,1,-72.00,-4.00,32.00,15.00,63.00,1.00,27771909,271,205,0.500002,9.52454,10
215.30,1545283756,3309.89,51.44425769,7.48759433,268.06,12.95,-0.10,170.34,1,-69.00,-5.00,28.00,12.00,63.00,1.00,27771909,271,215,0.500002,3.06546,10
228.30,1545283769,3509.23,51.44369241,7.48504344,264.55,18.96,0.57,267.98,1,-91.00,-6.00,26.00,15.00,46.00,1.00,27771909,271,228,0.650002,5.90698,13
239.40,1545283780,3775.80,51.44360646,7.48086286,263.53,25.35,0.06,265.49,1,-87.00,-5.00,23.00,12.00,48.00,1.00,27771909,271,239,0.550002,2.14774,11.1
249.40,1545283790,4038.34,51.44331081,7.47707441,260.30,28.31,-0.11,261.93,1,-88.00,-6.00,29.00,10.00,49.00,1.00,27771909,271,249,0.500002,8.54366,10
283.40,1545283824,5090.64,51.44164179,7.46220289,238.25,31.75,0.24,264.79,1,-101.00,-5.00,24.00,12.00,35.00,27.00,31281409,195,283,1.70001,7.30805,34
311.40,1545283852,5946.70,51.44183850,7.44995678,228.23,26.05,-0.18,277.82,1,-80.00,-6.00,31.00,13.00,57.00,16.00,33527552,376,311,1.40001,18.3076,28
322.40,1545283863,6241.70,51.44232005,7.44576172,224.79,27.78,0.26,282.93,1,-74.00,-6.00,34.00,14.00,61.00,16.00,33527552,376,322,0.550002,10.2785,11
332.40,1545283873,6530.13,51.44298255,7.44173918,222.82,29.83,0.48,286.43,1,-68.00,-6.00,30.00,15.00,63.00,16.00,33527552,376,332,0.500002,4.22724,10
342.40,1545283883,6835.46,51.44387407,7.43755047,216.13,32.17,0.16,290.74,1,-76.00,-5.00,28.00,12.00,58.00,16.00,33527552,376,342,0.500002,4.30872,10
362.40,1545283903,7480.77,51.44672588,7.42951149,194.45,32.62,0.44,311.07,1,-74.00,-8.00,21.00,12.00,60.00,1.00,33527554,375,362,1,7.4138,20
376.40,1545283917,7934.02,51.44991635,7.42549273,176.94,33.27,0.18,330.53,1,-96.00,-7.00,10.00,7.00,41.00,1.00,33527554,375,376,0.700003,2.77042,14
454.40,1545283995,10460.38,51.46799815,7.40533007,155.28,32.03,-0.53,311.72,1,-79.00,-7.00,13.00,8.00,58.00,4.00,27770885,33,454,3.90001,16.029,78
472.40,1545284013,11005.60,51.47144978,7.39982492,162.15,26.63,-0.67,317.55,1,-85.00,-5.00,25.00,12.00,53.00,19.00,27771140,49,472,0.900003,13.9494,18
495.40,1545284036,11585.99,51.47553775,7.39463593,172.23,25.17,0.29,329.38,1,-83.00,-6.00,20.00,12.00,54.00,19.00,27771140,49,495,1.15,3.54629,23
514.40,1545284055,11993.61,51.47885919,7.39362995,175.07,17.02,-1.13,33.51,1,-85.00,-6.00,24.00,15.00,51.00,4.00,27771139,48,514,0.950004,7.55296,19
549.40,1545284090,12518.53,51.48196508,7.39785190,184.00,12.95,-1.50,53.93,1,-81.00,-5.00,25.00,15.00,53.00,6.00,27771139,48,549,1.75001,17.2878,35
574.40,1545284115,12586.44,51.48236164,7.39852092,185.03,0.00,0.00,45.04,1,-81.00,-7.00,21.00,12.00,55.00,6.00,27771139,48,574,1.25,8.35661,25
592.41,1545284133,12650.74,51.48294123,7.39922193,186.38,12.46,0.84,32.44,1,-85.00,-8.00,14.00,9.00,52.00,6.00,27771139,48,592,0.900003,3.15697,18.01
639.40,1545284180,13290.87,51.48770260,7.40164905,181.01,14.51,-0.00,357.37,1,-82.00,-5.00,21.00,15.00,54.00,3.00,26385409,93,639,2.35001,17.9127,46.99
655.40,1545284196,13453.89,51.48910993,7.40173619,177.80,2.00,-0.73,0.17,1,-82.00,-7.00,26.00,15.00,56.00,2.00,26385410,94,655,0.800003,1.98031,16
666.40,1545284207,13461.02,51.48927652,7.40173513,175.30,5.75,0.61,359.77,1,-67.00,-4.00,31.00,14.00,63.00,2.00,26385410,94,666,0.550002,6.65984,11
677.40,1545284218,13567.89,51.48940572,7.40329181,176.39,14.51,-0.22,90.96,1,-72.00,-5.00,29.00,15.00,63.00,2.00,26385410,94,677,0.550002,5.81491,11
689.40,1545284230,13733.13,51.48941192,7.40566628,179.22,13.34,-0.09,84.93,1,-72.00,-6.00,28.00,12.00,63.00,2.00,26385408,95,689,0.600002,3.93748,12
706.40,1545284247,13972.48,51.48989199,7.40906603,179.50,14.77,-0.20,77.63,1,-77.00,-5.00,26.00,15.00,55.00,2.00,26385408,95,706,0.850003,6.36906,17
