0.09,1551849795,0.08,51.44960342,7.48841497,248.32,12.00,0.00,173.99,0,-100.00,-9.00,0.00,0.00,40.00,0.00,0,67
0.09,1551849795,0.08,51.44960342,7.48841497,248.32,12.00,0.00,173.99,0,-97.00,-8.00,0.00,0.00,40.00,0.00,0,157
1.09,1551849796,12.09,51.44950911,7.48842378,248.71,12.34,0.00,175.44,0,-100.00,-9.00,0.00,0.00,40.00,0.00,0,67
1.09,1551849796,12.09,51.44950911,7.48842378,248.71,12.34,0.00,175.44,0,-97.00,-8.00,0.00,0.00,40.00,0.00,0,157
2.09,1551849797,24.42,51.44939321,7.48843110,249.41,12.65,0.00,176.45,0,-102.00,-10.00,0.00,0.00,39.00,0.00,0,67
2.09,1551849797,24.43,51.44939321,7.48843110,249.41,12.65,0.00,176.45,0,-99.00,-8.00,0.00,0.00,38.00,0.00,0,157
3.09,1551849798,37.07,51.44928288,7.48843497,250.40,12.77,0.00,177.64,0,-102.00,-10.00,0.00,0.00,39.00,0.00,0,67
3.09,1551849798,37.08,51.44928288,7.48843497,250.40,12.77,0.00,177.64,0,-99.00,-8.00,0.00,0.00,38.00,0.00,0,157
4.09,1551849799,49.83,51.44915322,7.48843618,251.35,12.66,0.00,180.08,0,-102.00,-10.00,0.00,0.00,39.00,0.00,0,67
4.09,1551849799,49.84,51.44915322,7.48843618,251.35,12.66,0.00,180.08,0,-100.00,-9.00,0.00,0.00,37.00,0.00,0,157
5.09,1551849800,62.50,51.44902592,7.48842546,252.17,12.74,0.00,181.66,0,-102.00,-10.00,0.00,0.00,39.00,0.00,0,67
5.09,1551849800,62.50,51.44902592,7.48842546,252.17,12.74,0.00,181.66,0,-100.00,-9.00,0.00,0.00,37.00,0.00,0,157
6.09,1551849801,75.24,51.44890656,7.48840524,252.77,12.86,0.00,184.83,0,-105.00,-12.00,0.00,0.00,38.00,0.00,0,67
6.09,1551849801,75.26,51.44890656,7.48840524,252.77,12.86,0.00,184.83,0,-100.00,-9.00,0.00,0.00,38.00,0.00,0,157
7.09,1551849802,88.10,51.44878922,7.48837470,253.14,13.17,0.00,187.74,0,-105.00,-12.00,0.00,0.00,38.00,0.00,0,67
7.09,1551849802,88.10,51.44878922,7.48837470,253.14,13.17,0.00,187.74,0,-100.00,-9.00,0.00,0.00,38.00,0.00,0,157
8.09,1551849803,101.28,51.44867320,7.48833088,253.49,13.33,0.00,189.97,0,-107.00,-12.00,0.00,0.00,37.00,0.00,0,67
8.09,1551849803,101.30,51.44867320,7.48833088,253.49,13.33,0.00,189.97,0,-109.00,-13.00,0.00,0.00,35.00,0.00,0,125
8.09,1551849803,101.31,51.44867320,7.48833088,253.49,13.33,0.00,189.97,0,-102.00,-9.00,0.00,0.00,36.00,0.00,0,157
8.09,1551849803,101.31,51.44867320,7.48833088,253.49,13.33,0.00,189.97,0,-107.00,-12.00,0.00,0.00,33.00,0.00,0,318
9.09,1551849804,114.62,51.44855525,7.48828320,253.58,12.86,0.00,191.71,0,-107.00,-12.00,0.00,0.00,37.00,0.00,0,67
9.09,1551849804,114.63,51.44855525,7.48828320,253.58,12.86,0.00,191.71,0,-109.00,-13.00,0.00,0.00,35.00,0.00,0,125
9.09,1551849804,114.63,51.44855525,7.48828320,253.58,12.86,0.00,191.71,0,-102.00,-9.00,0.00,0.00,36.00,0.00,0,157
9.09,1551849804,114.64,51.44855525,7.48828320,253.58,12.86,0.00,191.71,0,-107.00,-12.00,0.00,0.00,33.00,0.00,0,318
10.21,1551849805,128.98,51.44844002,7.48823449,253.73,13.23,0.00,192.50,0,-106.00,-10.00,0.00,0.00,35.00,0.00,0,125
10.21,1551849805,128.99,51.44844002,7.48823449,253.73,13.23,0.00,192.50,0,-107.00,-11.00,0.00,0.00,35.00,0.00,0,195
10.21,1551849805,129.00,51.44844002,7.48823449,253.73,13.23,0.00,192.50,0,-109.00,-13.00,0.00,0.00,35.00,0.00,0,67
10.21,1551849805,129.00,51.44844002,7.48823449,253.73,13.23,0.00,192.50,0,-105.00,-10.00,0.00,0.00,34.00,0.00,0,157
10.21,1551849805,129.02,51.44844002,7.48823449,253.73,13.23,0.00,192.50,0,-108.00,-12.00,0.00,0.00,33.00,0.00,0,318
11.10,1551849806,140.72,51.44832558,7.48818293,254.02,13.28,0.00,193.25,0,-106.00,-10.00,0.00,0.00,35.00,0.00,0,125
11.10,1551849806,140.72,51.44832558,7.48818293,254.02,13.28,0.00,193.25,0,-107.00,-11.00,0.00,0.00,35.00,0.00,0,195
11.10,1551849806,140.73,51.44832558,7.48818293,254.02,13.28,0.00,193.25,0,-109.00,-13.00,0.00,0.00,35.00,0.00,0,67
11.10,1551849806,140.74,51.44832558,7.48818293,254.02,13.28,0.00,193.25,0,-105.00,-10.00,0.00,0.00,34.00,0.00,0,157
11.10,1551849806,140.74,51.44832558,7.48818293,254.02,13.28,0.00,193.25,0,-108.00,-12.00,0.00,0.00,33.00,0.00,0,318
12.10,1551849807,153.99,51.44819930,7.48812960,254.26,13.38,0.00,193.82,0,-106.00,-10.00,0.00,0.00,35.00,0.00,0,125
12.10,1551849807,153.99,51.44819930,7.48812960,254.26,13.38,0.00,193.82,0,-109.00,-12.00,0.00,0.00,34.00,0.00,0,67
12.10,1551849807,154.01,51.44819930,7.48812960,254.26,13.38,0.00,193.82,0,-110.00,-12.00,0.00,0.00,34.00,0.00,0,341
12.10,1551849807,154.02,51.44819930,7.48812960,254.26,13.38,0.00,193.82,0,-108.00,-11.00,0.00,0.00,31.00,0.00,0,157
12.10,1551849807,154.02,51.44819930,7.48812960,254.26,13.38,0.00,193.82,0,-109.00,-11.00,0.00,0.00,30.00,0.00,0,318
13.09,1551849808,167.36,51.44806712,7.48807360,254.38,13.76,0.00,193.81,0,-106.00,-10.00,0.00,0.00,35.00,0.00,0,125
13.10,1551849808,167.38,51.44806712,7.48807360,254.38,13.76,0.00,193.81,0,-109.00,-12.00,0.00,0.00,34.00,0.00,0,67
13.10,1551849808,167.39,51.44806712,7.48807360,254.38,13.76,0.00,193.81,0,-110.00,-12.00,0.00,0.00,34.00,0.00,0,341
13.10,1551849808,167.39,51.44806712,7.48807360,254.38,13.76,0.00,193.81,0,-108.00,-11.00,0.00,0.00,31.00,0.00,0,157
13.10,1551849808,167.40,51.44806712,7.48807360,254.38,13.76,0.00,193.81,0,-109.00,-11.00,0.00,0.00,30.00,0.00,0,318
14.10,1551849809,181.21,51.44794076,7.48801495,254.12,14.26,0.00,193.28,0,-110.00,-11.00,0.00,0.00,33.00,0.00,0,66
14.10,1551849809,181.22,51.44794076,7.48801495,254.12,14.26,0.00,193.28,0,-112.00,-13.00,0.00,0.00,33.00,0.00,0,67
14.10,1551849809,181.24,51.44794076,7.48801495,254.12,14.26,0.00,193.28,0,-112.00,-15.00,0.00,0.00,35.00,0.00,0,124
15.09,1551849810,195.36,51.44781613,7.48796093,254.01,13.83,0.00,192.85,0,-110.00,-11.00,0.00,0.00,33.00,0.00,0,66
15.09,1551849810,195.38,51.44781613,7.48796093,254.01,13.83,0.00,192.85,0,-112.00,-13.00,0.00,0.00,33.00,0.00,0,67
15.09,1551849810,195.38,51.44781613,7.48796093,254.01,13.83,0.00,192.85,0,-112.00,-15.00,0.00,0.00,35.00,0.00,0,124
16.09,1551849811,209.18,51.44770771,7.48792005,253.83,12.58,0.00,191.62,0,-110.00,-11.00,0.00,0.00,33.00,0.00,0,66
16.09,1551849811,209.18,51.44770771,7.48792005,253.83,12.58,0.00,191.62,0,-112.00,-13.00,0.00,0.00,33.00,0.00,0,67
16.09,1551849811,209.20,51.44770771,7.48792005,253.83,12.58,0.00,191.62,0,-112.00,-15.00,0.00,0.00,35.00,0.00,0,124
17.09,1551849812,221.73,51.44759115,7.48788918,254.29,13.50,0.00,189.54,0,-108.00,-12.00,0.00,0.00,35.00,0.00,0,195
17.09,1551849812,221.73,51.44759115,7.48788918,254.29,13.50,0.00,189.54,0,-109.00,-13.00,0.00,0.00,36.00,0.00,0,124
17.09,1551849812,221.73,51.44759115,7.48788918,254.29,13.50,0.00,189.54,0,-110.00,-12.00,0.00,0.00,33.00,0.00,0,341
18.09,1551849813,235.27,51.44746981,7.48786475,255.20,14.01,0.00,188.00,0,-108.00,-12.00,0.00,0.00,35.00,0.00,0,195
18.09,1551849813,235.28,51.44746981,7.48786475,255.20,14.01,0.00,188.00,0,-109.00,-13.00,0.00,0.00,36.00,0.00,0,124
18.10,1551849813,235.30,51.44746981,7.48786475,255.20,14.01,0.00,188.00,0,-110.00,-12.00,0.00,0.00,33.00,0.00,0,341
19.09,1551849814,249.28,51.44735174,7.48784835,256.00,13.77,0.00,185.38,0,-109.00,-12.00,0.00,0.00,35.00,0.00,0,124
19.09,1551849814,249.28,51.44735174,7.48784835,256.00,13.77,0.00,185.38,0,-110.00,-12.00,0.00,0.00,34.00,0.00,0,195
19.09,1551849814,249.29,51.44735174,7.48784835,256.00,13.77,0.00,185.38,0,-111.00,-12.00,0.00,0.00,33.00,0.00,0,341
20.09,1551849815,263.07,51.44723345,7.48784624,256.59,14.33,0.00,182.25,0,-109.00,-12.00,0.00,0.00,35.00,0.00,0,124
20.09,1551849815,263.07,51.44723345,7.48784624,256.59,14.33,0.00,182.25,0,-110.00,-12.00,0.00,0.00,34.00,0.00,0,195
20.10,1551849815,263.08,51.44723345,7.48784624,256.59,14.33,0.00,182.25,0,-111.00,-12.00,0.00,0.00,33.00,0.00,0,341
21.09,1551849816,277.37,51.44711244,7.48788323,257.51,14.12,0.00,169.53,0,-107.00,-13.00,0.00,0.00,37.00,0.00,0,124
22.09,1551849817,291.49,51.44696832,7.48792842,258.14,14.25,0.00,168.95,0,-107.00,-13.00,0.00,0.00,37.00,0.00,0,124
23.09,1551849818,305.75,51.44683656,7.48797864,259.14,14.25,0.00,167.68,0,-110.00,-12.00,0.00,0.00,34.00,0.00,0,195
23.09,1551849818,305.75,51.44683656,7.48797864,259.14,14.25,0.00,167.68,0,-110.00,-14.00,0.00,0.00,35.00,0.00,0,124
24.09,1551849819,320.00,51.44670214,7.48803513,260.64,14.16,0.00,165.81,0,-110.00,-12.00,0.00,0.00,34.00,0.00,0,195
24.09,1551849819,320.01,51.44670214,7.48803513,260.64,14.16,0.00,165.81,0,-110.00,-14.00,0.00,0.00,35.00,0.00,0,124
25.09,1551849820,334.13,51.44658324,7.48810009,262.21,14.40,0.00,163.82,0,-106.00,-11.00,0.00,0.00,37.00,0.00,0,124
26.09,1551849821,348.55,51.44645752,7.48818402,263.79,14.63,0.00,160.51,0,-106.00,-11.00,0.00,0.00,37.00,0.00,0,124
27.09,1551849822,363.19,51.44632007,7.48828705,265.09,14.60,0.00,157.43,0,-105.00,-12.00,0.00,0.00,39.00,0.00,0,124
27.09,1551849822,363.20,51.44632007,7.48828705,265.09,14.60,0.00,157.43,0,-107.00,-12.00,0.00,0.00,36.00,0.00,0,66
27.10,1551849822,363.22,51.44632007,7.48828705,265.09,14.60,0.00,157.43,0,-108.00,-13.00,0.00,0.00,37.00,0.00,0,67
28.09,1551849823,377.79,51.44620051,7.48840099,265.96,14.97,0.00,154.18,0,-105.00,-12.00,0.00,0.00,39.00,0.00,0,124
28.09,1551849823,377.80,51.44620051,7.48840099,265.96,14.97,0.00,154.18,0,-107.00,-12.00,0.00,0.00,36.00,0.00,0,66
28.09,1551849823,377.80,51.44620051,7.48840099,265.96,14.97,0.00,154.18,0,-108.00,-13.00,0.00,0.00,37.00,0.00,0,67
29.09,1551849824,392.75,51.44607497,7.48853450,266.82,15.01,0.00,150.66,0,-103.00,-10.00,0.00,0.00,39.00,0.00,0,124
29.09,1551849824,392.77,51.44607497,7.48853450,266.82,15.01,0.00,150.66,0,-103.00,-10.00,0.00,0.00,39.00,0.00,0,66
29.10,1551849824,392.78,51.44607497,7.48853450,266.82,15.01,0.00,150.66,0,-104.00,-10.00,0.00,0.00,38.00,0.00,0,67
30.09,1551849825,407.76,51.44596110,7.48867525,267.19,14.69,0.00,147.16,0,-103.00,-10.00,0.00,0.00,39.00,0.00,0,124
30.09,1551849825,407.78,51.44596110,7.48867525,267.19,14.69,0.00,147.16,0,-103.00,-10.00,0.00,0.00,39.00,0.00,0,66
30.09,1551849825,407.78,51.44596110,7.48867525,267.19,14.69,0.00,147.16,0,-104.00,-10.00,0.00,0.00,38.00,0.00,0,67
31.09,1551849826,422.45,51.44585055,7.48882236,267.43,14.25,0.00,144.15,0,-103.00,-14.00,0.00,0.00,42.00,0.00,0,124
31.09,1551849826,422.46,51.44585055,7.48882236,267.43,14.25,0.00,144.15,0,-105.00,-13.00,0.00,0.00,40.00,0.00,0,66
31.10,1551849826,422.48,51.44585055,7.48882236,267.43,14.25,0.00,144.15,0,-107.00,-15.00,0.00,0.00,41.00,0.00,0,67
32.09,1551849827,436.70,51.44574888,7.48897677,267.53,14.33,0.00,140.83,0,-103.00,-14.00,0.00,0.00,42.00,0.00,0,124
32.09,1551849827,436.72,51.44574888,7.48897677,267.53,14.33,0.00,140.83,0,-105.00,-13.00,0.00,0.00,40.00,0.00,0,66
32.10,1551849827,436.73,51.44574888,7.48897677,267.53,14.33,0.00,140.83,0,-107.00,-15.00,0.00,0.00,41.00,0.00,0,67
33.09,1551849828,451.03,51.44565380,7.48914038,267.59,14.47,0.00,137.59,0,-105.00,-8.00,0.00,0.00,35.00,0.00,0,66
33.09,1551849828,451.04,51.44565380,7.48914038,267.59,14.47,0.00,137.59,0,-105.00,-10.00,0.00,0.00,36.00,0.00,0,124
33.09,1551849828,451.04,51.44565380,7.48914038,267.59,14.47,0.00,137.59,0,-108.00,-12.00,0.00,0.00,36.00,0.00,0,67
34.09,1551849829,465.49,51.44556572,7.48931249,268.08,14.57,0.00,134.60,0,-105.00,-8.00,0.00,0.00,35.00,0.00,0,66
34.09,1551849829,465.51,51.44556572,7.48931249,268.08,14.57,0.00,134.60,0,-105.00,-10.00,0.00,0.00,36.00,0.00,0,124
34.10,1551849829,465.52,51.44556572,7.48931249,268.08,14.57,0.00,134.60,0,-108.00,-12.00,0.00,0.00,36.00,0.00,0,67
35.09,1551849830,480.06,51.44548739,7.48947789,268.75,14.82,0.00,132.15,0,-103.00,-9.00,0.00,0.00,37.00,0.00,0,66
35.09,1551849830,480.06,51.44548739,7.48947789,268.75,14.82,0.00,132.15,0,-105.00,-10.00,0.00,0.00,37.00,0.00,0,124
35.09,1551849830,480.08,51.44548739,7.48947789,268.75,14.82,0.00,132.15,0,-107.00,-12.00,0.00,0.00,37.00,0.00,0,67
36.09,1551849831,494.89,51.44541043,7.48964727,269.58,14.73,0.00,130.80,0,-103.00,-9.00,0.00,0.00,37.00,0.00,0,66
36.09,1551849831,494.90,51.44541043,7.48964727,269.58,14.73,0.00,130.80,0,-105.00,-10.00,0.00,0.00,37.00,0.00,0,124
36.10,1551849831,494.92,51.44541043,7.48964727,269.58,14.73,0.00,130.80,0,-107.00,-12.00,0.00,0.00,37.00,0.00,0,67
37.09,1551849832,509.62,51.44533170,7.48981980,270.35,14.55,0.00,129.88,0,-103.00,-9.00,0.00,0.00,37.00,0.00,0,66
37.09,1551849832,509.63,51.44533170,7.48981980,270.35,14.55,0.00,129.88,0,-105.00,-10.00,0.00,0.00,37.00,0.00,0,124
37.09,1551849832,509.63,51.44533170,7.48981980,270.35,14.55,0.00,129.88,0,-107.00,-12.00,0.00,0.00,37.00,0.00,0,67
38.09,1551849833,524.18,51.44525981,7.48998603,271.04,14.08,0.00,129.05,0,-106.00,-9.00,0.00,0.00,35.00,0.00,0,124
38.09,1551849833,524.18,51.44525981,7.48998603,271.04,14.08,0.00,129.05,0,-109.00,-13.00,0.00,0.00,36.00,0.00,0,67
38.10,1551849833,524.19,51.44525981,7.48998603,271.04,14.08,0.00,129.05,0,-110.00,-13.00,0.00,0.00,34.00,0.00,0,125
38.10,1551849833,524.21,51.44525981,7.48998603,271.04,14.08,0.00,129.05,0,-104.00,-12.00,0.00,0.00,36.00,0.00,0,157
39.09,1551849834,538.24,51.44519276,7.49014863,271.59,13.28,0.00,128.03,0,-106.00,-9.00,0.00,0.00,35.00,0.00,0,124
39.09,1551849834,538.25,51.44519276,7.49014863,271.59,13.28,0.00,128.03,0,-109.00,-13.00,0.00,0.00,36.00,0.00,0,67
39.10,1551849834,538.27,51.44519276,7.49014863,271.59,13.28,0.00,128.03,0,-110.00,-13.00,0.00,0.00,34.00,0.00,0,125
39.10,1551849834,538.27,51.44519276,7.49014863,271.59,13.28,0.00,128.03,0,-104.00,-12.00,0.00,0.00,36.00,0.00,0,157
40.10,1551849835,551.55,51.44512833,7.49030471,272.31,13.00,0.00,127.61,0,-109.00,-11.00,0.00,0.00,33.00,0.00,0,124
40.10,1551849835,551.56,51.44512833,7.49030471,272.31,13.00,0.00,127.61,0,-110.00,-13.00,0.00,0.00,35.00,0.00,0,125
40.10,1551849835,551.56,51.44512833,7.49030471,272.31,13.00,0.00,127.61,0,-113.00,-15.00,0.00,0.00,34.00,0.00,0,67
40.10,1551849835,551.58,51.44512833,7.49030471,272.31,13.00,0.00,127.61,0,-108.00,-12.00,0.00,0.00,34.00,0.00,0,157
41.09,1551849836,564.53,51.44505913,7.49046449,273.16,13.31,0.00,127.34,0,-109.00,-11.00,0.00,0.00,33.00,0.00,0,124
41.10,1551849836,564.55,51.44505913,7.49046449,273.16,13.31,0.00,127.34,0,-110.00,-13.00,0.00,0.00,35.00,0.00,0,125
41.10,1551849836,564.55,51.44505913,7.49046449,273.16,13.31,0.00,127.34,0,-113.00,-15.00,0.00,0.00,34.00,0.00,0,67
41.10,1551849836,564.56,51.44505913,7.49046449,273.16,13.31,0.00,127.34,0,-108.00,-12.00,0.00,0.00,34.00,0.00,0,157
42.09,1551849837,577.85,51.44499240,7.49062066,273.79,13.11,0.00,127.72,0,-106.00,-10.00,0.00,0.00,35.00,0.00,0,124
42.09,1551849837,577.85,51.44499240,7.49062066,273.79,13.11,0.00,127.72,0,-110.00,-14.00,0.00,0.00,35.00,0.00,0,125
42.10,1551849837,577.86,51.44499240,7.49062066,273.79,13.11,0.00,127.72,0,-112.00,-15.00,0.00,0.00,35.00,0.00,0,67
42.10,1551849837,577.87,51.44499240,7.49062066,273.79,13.11,0.00,127.72,0,-109.00,-13.00,0.00,0.00,32.00,0.00,0,157
43.09,1551849838,590.96,51.44492508,7.49077720,274.68,13.63,0.00,127.19,0,-106.00,-10.00,0.00,0.00,35.00,0.00,0,124
43.09,1551849838,590.96,51.44492508,7.49077720,274.68,13.63,0.00,127.19,0,-110.00,-14.00,0.00,0.00,35.00,0.00,0,125
43.10,1551849838,590.97,51.44492508,7.49077720,274.68,13.63,0.00,127.19,0,-112.00,-15.00,0.00,0.00,35.00,0.00,0,67
43.10,1551849838,590.98,51.44492508,7.49077720,274.68,13.63,0.00,127.19,0,-109.00,-13.00,0.00,0.00,32.00,0.00,0,157
44.09,1551849839,604.57,51.44486325,7.49093838,274.89,13.34,0.00,126.54,0,-106.00,-9.00,0.00,0.00,35.00,0.00,0,124
44.09,1551849839,604.59,51.44486325,7.49093838,274.89,13.34,0.00,126.54,0,-111.00,-13.00,0.00,0.00,35.00,0.00,0,125
44.10,1551849839,604.60,51.44486325,7.49093838,274.89,13.34,0.00,126.54,0,-110.00,-14.00,0.00,0.00,33.00,0.00,0,157
45.09,1551849840,617.81,51.44480305,7.49109554,275.09,12.83,0.00,126.98,0,-106.00,-9.00,0.00,0.00,35.00,0.00,0,124
45.09,1551849840,617.82,51.44480305,7.49109554,275.09,12.83,0.00,126.98,0,-111.00,-13.00,0.00,0.00,35.00,0.00,0,125
45.09,1551849840,617.82,51.44480305,7.49109554,275.09,12.83,0.00,126.98,0,-110.00,-14.00,0.00,0.00,33.00,0.00,0,157
46.09,1551849841,630.72,51.44474853,7.49123061,275.12,10.72,0.00,127.31,0,-108.00,-12.00,0.00,0.00,35.00,0.00,0,124
47.09,1551849842,641.44,51.44469968,7.49134425,275.08,9.05,0.00,127.65,0,-108.00,-12.00,0.00,0.00,35.00,0.00,0,124
52.09,1551849847,666.62,51.44460269,7.49156977,274.35,0.00,0.00,128.02,0,-115.00,-13.00,0.00,0.00,29.00,0.00,0,66
52.09,1551849847,666.62,51.44460269,7.49156977,274.35,0.00,0.00,128.02,0,-116.00,-13.00,0.00,0.00,29.00,0.00,0,25
52.09,1551849847,666.62,51.44460269,7.49156977,274.35,0.00,0.00,128.02,0,-116.00,-14.00,0.00,0.00,29.00,0.00,0,167
53.09,1551849848,666.62,51.44460269,7.49156977,274.36,0.00,0.00,128.02,0,-115.00,-13.00,0.00,0.00,29.00,0.00,0,66
53.09,1551849848,666.62,51.44460269,7.49156977,274.36,0.00,0.00,128.02,0,-116.00,-13.00,0.00,0.00,29.00,0.00,0,25
53.10,1551849848,666.62,51.44460269,7.49156977,274.36,0.00,0.00,128.02,0,-116.00,-14.00,0.00,0.00,29.00,0.00,0,167
54.09,1551849849,666.62,51.44460269,7.49156977,274.36,0.00,0.00,128.02,0,-114.00,-13.00,0.00,0.00,29.00,0.00,0,66
54.09,1551849849,666.62,51.44460269,7.49156977,274.36,0.00,0.00,128.02,0,-116.00,-15.00,0.00,0.00,30.00,0.00,0,25
54.09,1551849849,666.62,51.44460269,7.49156977,274.36,0.00,0.00,128.02,0,-116.00,-15.00,0.00,0.00,31.00,0.00,0,167
55.09,1551849850,666.62,51.44460269,7.49156977,274.36,0.00,0.00,128.02,0,-114.00,-13.00,0.00,0.00,29.00,0.00,0,66
55.09,1551849850,666.62,51.44460269,7.49156977,274.36,0.00,0.00,128.02,0,-116.00,-15.00,0.00,0.00,30.00,0.00,0,25
55.09,1551849850,666.62,51.44460269,7.49156977,274.36,0.00,0.00,128.02,0,-116.00,-15.00,0.00,0.00,31.00,0.00,0,167
56.10,1551849851,666.62,51.44460269,7.49156977,274.36,0.00,0.00,128.02,0,-113.00,-12.00,0.00,0.00,29.00,0.00,0,66
56.10,1551849851,666.62,51.44460269,7.49156977,274.36,0.00,0.00,128.02,0,-115.00,-14.00,0.00,0.00,30.00,0.00,0,167
57.09,1551849852,666.62,51.44460269,7.49156977,274.37,0.00,0.00,128.02,0,-113.00,-12.00,0.00,0.00,29.00,0.00,0,66
57.09,1551849852,666.62,51.44460269,7.49156977,274.37,0.00,0.00,128.02,0,-115.00,-14.00,0.00,0.00,30.00,0.00,0,167
58.09,1551849853,666.62,51.44460269,7.49156977,274.37,0.00,0.00,128.02,0,-113.00,-12.00,0.00,0.00,29.00,0.00,0,66
58.09,1551849853,666.62,51.44460269,7.49156977,274.37,0.00,0.00,128.02,0,-115.00,-14.00,0.00,0.00,30.00,0.00,0,167
59.09,1551849854,666.62,51.44460269,7.49156977,274.38,0.00,0.00,128.02,0,-114.00,-13.00,0.00,0.00,30.00,0.00,0,66
60.09,1551849855,666.62,51.44460269,7.49156977,274.39,0.00,0.00,128.02,0,-114.00,-13.00,0.00,0.00,30.00,0.00,0,66
61.09,1551849856,666.62,51.44460269,7.49156977,274.40,0.00,0.00,128.02,0,-114.00,-13.00,0.00,0.00,32.00,0.00,0,66
62.09,1551849857,666.62,51.44460269,7.49156977,274.41,0.00,0.00,128.02,0,-114.00,-13.00,0.00,0.00,32.00,0.00,0,66
63.09,1551849858,666.62,51.44460269,7.49156977,274.42,0.00,0.00,128.02,0,-114.00,-12.00,0.00,0.00,29.00,0.00,0,66
64.09,1551849859,666.62,51.44460269,7.49156977,274.43,0.00,0.00,128.02,0,-114.00,-12.00,0.00,0.00,29.00,0.00,0,66
65.09,1551849860,666.62,51.44460269,7.49156977,274.44,0.00,0.00,128.02,0,-114.00,-13.00,0.00,0.00,30.00,0.00,0,66
66.09,1551849861,666.62,51.44460269,7.49156977,274.45,0.00,0.00,128.02,0,-114.00,-13.00,0.00,0.00,30.00,0.00,0,66
67.09,1551849862,666.62,51.44460269,7.49156977,274.53,0.00,0.00,125.47,0,-114.00,-12.00,0.00,0.00,30.00,0.00,0,66
68.09,1551849863,666.62,51.44456595,7.49165879,274.64,0.00,0.00,125.02,0,-114.00,-12.00,0.00,0.00,30.00,0.00,0,66
69.09,1551849864,666.63,51.44453456,7.49172681,275.67,4.43,0.00,127.94,0,-112.00,-11.00,0.00,0.00,32.00,0.00,0,66
70.09,1551849865,671.06,51.44450504,7.49174492,276.14,5.37,0.00,162.08,0,-112.00,-11.00,0.00,0.00,32.00,0.00,0,66
109.19,1551849904,1211.55,51.44076942,7.48656423,280.36,15.15,0.00,232.14,0,-88.00,-11.00,0.00,0.00,54.00,0.00,0,123
110.19,1551849905,1226.71,51.44068913,7.48639143,280.64,15.36,0.00,231.03,0,-88.00,-11.00,0.00,0.00,54.00,0.00,0,123
113.19,1551849908,1272.03,51.44045862,7.48588331,280.48,15.27,0.00,232.66,0,-87.00,-13.00,0.00,0.00,58.00,0.00,0,124
114.19,1551849909,1287.30,51.44037361,7.48569910,280.66,15.32,0.00,232.19,0,-87.00,-13.00,0.00,0.00,58.00,0.00,0,124
149.19,1551849944,1846.51,51.43778793,7.47876312,289.24,14.03,0.00,241.68,0,-109.00,-10.00,0.00,0.00,32.00,0.00,0,100
150.19,1551849945,1860.54,51.43772526,7.47857442,288.54,12.92,0.00,241.18,0,-109.00,-10.00,0.00,0.00,32.00,0.00,0,100
151.19,1551849946,1873.47,51.43765503,7.47835838,288.13,14.32,0.00,241.88,0,-108.00,-9.00,0.00,0.00,33.00,0.00,0,100
151.19,1551849946,1873.47,51.43765503,7.47835838,288.13,14.32,0.00,241.88,0,-110.00,-11.00,0.00,0.00,32.00,0.00,0,205
152.19,1551849947,1887.80,51.43759070,7.47815374,286.95,15.09,0.00,241.28,0,-108.00,-9.00,0.00,0.00,33.00,0.00,0,100
152.19,1551849947,1887.80,51.43759070,7.47815374,286.95,15.09,0.00,241.28,0,-110.00,-11.00,0.00,0.00,32.00,0.00,0,205
153.19,1551849948,1902.89,51.43751943,7.47794052,286.46,15.06,0.00,242.05,0,-111.00,-10.00,0.00,0.00,30.00,0.00,0,100
153.19,1551849948,1902.89,51.43751943,7.47794052,286.46,15.06,0.00,242.05,0,-112.00,-10.00,0.00,0.00,30.00,0.00,0,205
154.19,1551849949,1917.93,51.43746116,7.47775306,285.70,14.33,0.00,242.82,0,-111.00,-10.00,0.00,0.00,30.00,0.00,0,100
154.19,1551849949,1917.94,51.43746116,7.47775306,285.70,14.33,0.00,242.82,0,-112.00,-10.00,0.00,0.00,30.00,0.00,0,205
155.19,1551849950,1932.29,51.43739943,7.47755368,285.46,15.27,0.00,242.59,0,-109.00,-9.00,0.00,0.00,31.00,0.00,0,100
155.19,1551849950,1932.29,51.43739943,7.47755368,285.46,15.27,0.00,242.59,0,-114.00,-11.00,0.00,0.00,29.00,0.00,0,205
155.19,1551849950,1932.31,51.43739943,7.47755368,285.46,15.27,0.00,242.59,0,-116.00,-15.00,0.00,0.00,30.00,0.00,0,195
156.19,1551849951,1947.55,51.43733521,7.47734784,285.62,15.69,0.00,242.04,0,-109.00,-9.00,0.00,0.00,31.00,0.00,0,100
156.19,1551849951,1947.56,51.43733521,7.47734784,285.62,15.69,0.00,242.04,0,-114.00,-11.00,0.00,0.00,29.00,0.00,0,205
156.19,1551849951,1947.58,51.43733521,7.47734784,285.62,15.69,0.00,242.04,0,-116.00,-15.00,0.00,0.00,30.00,0.00,0,195
157.19,1551849952,1963.25,51.43727256,7.47714834,285.76,14.97,0.00,242.88,0,-110.00,-10.00,0.00,0.00,31.00,0.00,0,100
157.19,1551849952,1963.25,51.43727256,7.47714834,285.76,14.97,0.00,242.88,0,-113.00,-11.00,0.00,0.00,30.00,0.00,0,205
157.19,1551849952,1963.27,51.43727256,7.47714834,285.76,14.97,0.00,242.88,0,-113.00,-14.00,0.00,0.00,31.00,0.00,0,195
158.19,1551849953,1978.22,51.43721763,7.47694625,285.97,14.45,0.00,244.62,0,-110.00,-10.00,0.00,0.00,31.00,0.00,0,100
158.19,1551849953,1978.23,51.43721763,7.47694625,285.97,14.45,0.00,244.62,0,-113.00,-11.00,0.00,0.00,30.00,0.00,0,205
158.19,1551849953,1978.23,51.43721763,7.47694625,285.97,14.45,0.00,244.62,0,-113.00,-14.00,0.00,0.00,31.00,0.00,0,195
159.19,1551849954,1992.64,51.43716966,7.47675793,286.08,13.47,0.00,245.08,0,-110.00,-9.00,0.00,0.00,30.00,0.00,0,100
160.19,1551849955,2006.12,51.43715807,7.47655084,286.52,11.78,0.00,265.04,0,-110.00,-9.00,0.00,0.00,30.00,0.00,0,100
201.19,1551849996,2864.82,51.44249571,7.48465271,277.38,25.11,0.00,25.61,0,-84.00,-7.00,0.00,0.00,54.00,0.00,0,125
201.19,1551849996,2864.85,51.44249571,7.48465271,277.38,25.11,0.00,25.61,0,-90.00,-13.00,0.00,0.00,54.00,0.00,0,124
202.19,1551849997,2889.93,51.44269276,7.48480626,276.22,25.04,0.00,25.08,0,-84.00,-7.00,0.00,0.00,54.00,0.00,0,125
202.19,1551849997,2889.96,51.44269276,7.48480626,276.22,25.04,0.00,25.08,0,-90.00,-13.00,0.00,0.00,54.00,0.00,0,124
256.19,1551850051,4026.60,51.44328337,7.47663501,259.78,32.65,0.00,261.73,0,-98.00,-11.00,0.00,0.00,45.00,0.00,0,123
257.19,1551850052,4059.22,51.44323947,7.47615766,258.74,33.10,0.00,261.16,0,-98.00,-11.00,0.00,0.00,45.00,0.00,0,123
258.19,1551850053,4092.32,51.44319180,7.47568289,257.40,33.33,0.00,260.61,0,-95.00,-10.00,0.00,0.00,48.00,0.00,0,123
259.19,1551850054,4125.65,51.44314449,7.47520569,255.91,33.45,0.00,260.41,0,-95.00,-10.00,0.00,0.00,48.00,0.00,0,123
260.19,1551850055,4159.10,51.44308807,7.47473459,254.55,33.78,0.00,258.96,0,-97.00,-10.00,0.00,0.00,45.00,0.00,0,123
261.19,1551850056,4192.92,51.44303008,7.47425208,253.23,33.91,0.00,258.99,0,-97.00,-10.00,0.00,0.00,45.00,0.00,0,123
262.19,1551850057,4226.82,51.44297110,7.47377028,252.02,33.86,0.00,258.53,0,-105.00,-7.00,0.00,0.00,34.00,0.00,0,403
262.19,1551850057,4226.85,51.44297110,7.47377028,252.02,33.86,0.00,258.53,0,-108.00,-10.00,0.00,0.00,33.00,0.00,0,195
262.19,1551850057,4226.89,51.44297110,7.47377028,252.02,33.86,0.00,258.53,0,-110.00,-13.00,0.00,0.00,33.00,0.00,0,231
263.19,1551850058,4260.72,51.44290936,7.47328704,251.23,33.88,0.00,258.57,0,-105.00,-7.00,0.00,0.00,34.00,0.00,0,403
263.19,1551850058,4260.72,51.44290936,7.47328704,251.23,33.88,0.00,258.57,0,-108.00,-10.00,0.00,0.00,33.00,0.00,0,195
263.19,1551850058,4260.75,51.44290936,7.47328704,251.23,33.88,0.00,258.57,0,-110.00,-13.00,0.00,0.00,33.00,0.00,0,231
270.20,1551850065,4488.65,51.44249461,7.47007461,246.54,31.91,0.00,256.98,0,-110.00,-9.00,0.00,0.00,30.00,0.00,0,195
270.20,1551850065,4488.68,51.44249461,7.47007461,246.54,31.91,0.00,256.98,0,-114.00,-13.00,0.00,0.00,30.00,0.00,0,249
271.19,1551850066,4520.34,51.44242905,7.46962146,245.58,32.53,0.00,256.19,0,-110.00,-9.00,0.00,0.00,30.00,0.00,0,195
271.19,1551850066,4520.38,51.44242905,7.46962146,245.58,32.53,0.00,256.19,0,-114.00,-13.00,0.00,0.00,30.00,0.00,0,249
272.19,1551850067,4552.84,51.44236141,7.46915808,244.58,32.99,0.00,257.05,0,-110.00,-9.00,0.00,0.00,30.00,0.00,0,195
272.19,1551850067,4552.87,51.44236141,7.46915808,244.58,32.99,0.00,257.05,0,-114.00,-13.00,0.00,0.00,30.00,0.00,0,249
273.19,1551850068,4585.90,51.44229336,7.46868439,243.63,33.57,0.00,257.55,0,-110.00,-9.00,0.00,0.00,30.00,0.00,0,195
273.19,1551850068,4585.93,51.44229336,7.46868439,243.63,33.57,0.00,257.55,0,-115.00,-14.00,0.00,0.00,30.00,0.00,0,249
273.19,1551850068,4585.93,51.44229336,7.46868439,243.63,33.57,0.00,257.55,0,-115.00,-14.00,0.00,0.00,30.00,0.00,0,123
274.19,1551850069,4619.43,51.44222565,7.46819862,242.48,34.03,0.00,257.96,0,-110.00,-9.00,0.00,0.00,30.00,0.00,0,195
274.19,1551850069,4619.46,51.44222565,7.46819862,242.48,34.03,0.00,257.96,0,-115.00,-14.00,0.00,0.00,30.00,0.00,0,249
274.19,1551850069,4619.50,51.44222565,7.46819862,242.48,34.03,0.00,257.96,0,-115.00,-14.00,0.00,0.00,30.00,0.00,0,123
275.19,1551850070,4653.46,51.44216949,7.46771298,240.97,34.55,0.00,258.69,0,-108.00,-8.00,0.00,0.00,32.00,0.00,0,195
275.19,1551850070,4653.46,51.44216949,7.46771298,240.97,34.55,0.00,258.69,0,-111.00,-11.00,0.00,0.00,31.00,0.00,0,249
276.18,1551850071,4687.83,51.44211253,7.46721573,239.32,34.75,0.00,258.96,0,-108.00,-8.00,0.00,0.00,32.00,0.00,0,195
276.19,1551850071,4687.87,51.44211253,7.46721573,239.32,34.75,0.00,258.96,0,-111.00,-11.00,0.00,0.00,31.00,0.00,0,249
291.20,1551850086,5238.49,51.44156772,7.45930425,227.74,37.90,0.00,267.72,0,-108.00,-11.00,0.00,0.00,34.00,0.00,0,231
291.20,1551850086,5238.53,51.44156772,7.45930425,227.74,37.90,0.00,267.72,0,-110.00,-12.00,0.00,0.00,33.00,0.00,0,123
292.19,1551850087,5276.12,51.44155375,7.45875931,227.72,37.92,0.00,268.12,0,-108.00,-11.00,0.00,0.00,34.00,0.00,0,231
292.19,1551850087,5276.12,51.44155375,7.45875931,227.72,37.92,0.00,268.12,0,-110.00,-12.00,0.00,0.00,33.00,0.00,0,123
293.19,1551850088,5314.04,51.44154848,7.45821266,227.64,37.94,0.00,268.98,0,-108.00,-11.00,0.00,0.00,34.00,0.00,0,231
293.19,1551850088,5314.08,51.44154848,7.45821266,227.64,37.94,0.00,268.98,0,-110.00,-12.00,0.00,0.00,33.00,0.00,0,123
294.19,1551850089,5351.95,51.44154532,7.45766581,227.65,38.11,0.00,269.61,0,-105.00,-10.00,0.00,0.00,36.00,0.00,0,231
295.19,1551850090,5390.06,51.44154339,7.45711923,227.62,38.31,0.00,269.67,0,-105.00,-10.00,0.00,0.00,36.00,0.00,0,231
296.19,1551850091,5428.41,51.44155049,7.45657325,227.48,37.86,0.00,270.96,0,-104.00,-9.00,0.00,0.00,36.00,0.00,0,231
296.19,1551850091,5428.41,51.44155049,7.45657325,227.48,37.86,0.00,270.96,0,-107.00,-11.00,0.00,0.00,35.00,0.00,0,123
297.19,1551850092,5466.27,51.44155701,7.45603105,227.40,37.16,0.00,270.77,0,-104.00,-9.00,0.00,0.00,36.00,0.00,0,231
297.19,1551850092,5466.30,51.44155701,7.45603105,227.40,37.16,0.00,270.77,0,-107.00,-11.00,0.00,0.00,35.00,0.00,0,123
298.19,1551850093,5503.39,51.44156275,7.45549652,227.40,36.93,0.00,271.03,0,-103.00,-8.00,0.00,0.00,37.00,0.00,0,123
299.19,1551850094,5540.33,51.44156955,7.45497219,227.24,36.84,0.00,271.83,0,-103.00,-8.00,0.00,0.00,37.00,0.00,0,123
340.19,1551850135,6983.52,51.44458984,7.43488314,209.54,34.83,0.00,294.35,0,-88.00,-5.00,0.00,0.00,47.00,0.00,0,424
341.19,1551850136,7018.31,51.44472526,7.43441829,208.81,34.79,0.00,295.45,0,-88.00,-5.00,0.00,0.00,47.00,0.00,0,424
359.19,1551850154,7628.51,51.44802548,7.42753773,192.38,32.37,0.00,320.11,0,-93.00,-11.00,0.00,0.00,50.00,0.00,0,49
360.19,1551850155,7660.88,51.44825460,7.42724169,191.50,32.22,0.00,321.27,0,-93.00,-11.00,0.00,0.00,50.00,0.00,0,49
361.19,1551850156,7693.11,51.44848728,7.42695279,190.59,32.37,0.00,322.32,0,-92.00,-9.00,0.00,0.00,48.00,0.00,0,49
362.19,1551850157,7725.45,51.44872191,7.42667338,189.67,32.18,0.00,323.49,0,-92.00,-9.00,0.00,0.00,48.00,0.00,0,49
363.19,1551850158,7757.66,51.44896237,7.42640676,188.56,31.93,0.00,325.17,0,-92.00,-7.00,0.00,0.00,47.00,0.00,0,49
364.19,1551850159,7789.58,51.44920603,7.42615151,187.39,31.68,0.00,326.69,0,-92.00,-7.00,0.00,0.00,47.00,0.00,0,49
365.19,1551850160,7821.26,51.44945029,7.42590840,186.34,31.60,0.00,328.13,0,-95.00,-8.00,0.00,0.00,45.00,0.00,0,49
366.19,1551850161,7852.86,51.44969179,7.42568019,185.14,31.43,0.00,329.65,0,-95.00,-8.00,0.00,0.00,45.00,0.00,0,49
367.19,1551850162,7884.26,51.44994430,7.42545833,183.96,31.89,0.00,331.25,0,-102.00,-12.00,0.00,0.00,41.00,0.00,0,49
368.19,1551850163,7916.18,51.45018130,7.42524875,182.12,31.81,0.00,331.69,0,-102.00,-12.00,0.00,0.00,41.00,0.00,0,49
371.19,1551850166,8013.02,51.45095035,7.42466436,176.65,32.40,0.00,336.30,0,-101.00,-12.00,0.00,0.00,43.00,0.00,0,414
371.19,1551850166,8013.06,51.45095035,7.42466436,176.65,32.40,0.00,336.30,0,-101.00,-11.00,0.00,0.00,42.00,0.00,0,49
371.19,1551850166,8013.09,51.45095035,7.42466436,176.65,32.40,0.00,336.30,0,-104.00,-14.00,0.00,0.00,42.00,0.00,0,249
371.19,1551850166,8013.09,51.45095035,7.42466436,176.65,32.40,0.00,336.30,0,-98.00,-9.00,0.00,0.00,39.00,0.00,0,210
371.19,1551850166,8013.12,51.45095035,7.42466436,176.65,32.40,0.00,336.30,0,-102.00,-11.00,0.00,0.00,36.00,0.00,0,424
372.19,1551850167,8045.42,51.45122209,7.42448142,174.93,32.01,0.00,337.35,0,-101.00,-12.00,0.00,0.00,43.00,0.00,0,414
372.19,1551850167,8045.45,51.45122209,7.42448142,174.93,32.01,0.00,337.35,0,-101.00,-11.00,0.00,0.00,42.00,0.00,0,49
372.19,1551850167,8045.48,51.45122209,7.42448142,174.93,32.01,0.00,337.35,0,-104.00,-14.00,0.00,0.00,42.00,0.00,0,249
372.19,1551850167,8045.48,51.45122209,7.42448142,174.93,32.01,0.00,337.35,0,-98.00,-9.00,0.00,0.00,39.00,0.00,0,210
372.19,1551850167,8045.52,51.45122209,7.42448142,174.93,32.01,0.00,337.35,0,-102.00,-11.00,0.00,0.00,36.00,0.00,0,424
373.19,1551850168,8077.46,51.45150101,7.42431034,173.03,32.18,0.00,338.86,0,-101.00,-10.00,0.00,0.00,39.00,0.00,0,249
373.19,1551850168,8077.46,51.45150101,7.42431034,173.03,32.18,0.00,338.86,0,-103.00,-11.00,0.00,0.00,40.00,0.00,0,26
373.19,1551850168,8077.49,51.45150101,7.42431034,173.03,32.18,0.00,338.86,0,-104.00,-11.00,0.00,0.00,39.00,0.00,0,49
373.19,1551850168,8077.52,51.45150101,7.42431034,173.03,32.18,0.00,338.86,0,-102.00,-11.00,0.00,0.00,38.00,0.00,0,104
373.19,1551850168,8077.52,51.45150101,7.42431034,173.03,32.18,0.00,338.86,0,-102.00,-11.00,0.00,0.00,38.00,0.00,0,424
374.19,1551850169,8109.44,51.45177388,7.42415441,171.20,32.38,0.00,340.46,0,-101.00,-10.00,0.00,0.00,39.00,0.00,0,249
374.19,1551850169,8109.44,51.45177388,7.42415441,171.20,32.38,0.00,340.46,0,-103.00,-11.00,0.00,0.00,40.00,0.00,0,26
374.19,1551850169,8109.44,51.45177388,7.42415441,171.20,32.38,0.00,340.46,0,-104.00,-11.00,0.00,0.00,39.00,0.00,0,49
374.19,1551850169,8109.48,51.45177388,7.42415441,171.20,32.38,0.00,340.46,0,-102.00,-11.00,0.00,0.00,38.00,0.00,0,104
374.19,1551850169,8109.48,51.45177388,7.42415441,171.20,32.38,0.00,340.46,0,-102.00,-11.00,0.00,0.00,38.00,0.00,0,424
375.19,1551850170,8142.02,51.45205671,7.42399786,169.51,32.69,0.00,341.09,0,-104.00,-10.00,0.00,0.00,38.00,0.00,0,49
375.19,1551850170,8142.05,51.45205671,7.42399786,169.51,32.69,0.00,341.09,0,-107.00,-10.00,0.00,0.00,35.00,0.00,0,97
375.19,1551850170,8142.05,51.45205671,7.42399786,169.51,32.69,0.00,341.09,0,-107.00,-13.00,0.00,0.00,38.00,0.00,0,233
375.19,1551850170,8142.09,51.45205671,7.42399786,169.51,32.69,0.00,341.09,0,-100.00,-8.00,0.00,0.00,36.00,0.00,0,424
375.19,1551850170,8142.12,51.45205671,7.42399786,169.51,32.69,0.00,341.09,0,-104.00,-11.00,0.00,0.00,36.00,0.00,0,487
376.19,1551850171,8174.71,51.45233755,7.42384493,168.03,32.72,0.00,341.13,0,-104.00,-10.00,0.00,0.00,38.00,0.00,0,49
376.19,1551850171,8174.74,51.45233755,7.42384493,168.03,32.72,0.00,341.13,0,-107.00,-10.00,0.00,0.00,35.00,0.00,0,97
376.19,1551850171,8174.74,51.45233755,7.42384493,168.03,32.72,0.00,341.13,0,-107.00,-13.00,0.00,0.00,38.00,0.00,0,233
376.19,1551850171,8174.78,51.45233755,7.42384493,168.03,32.72,0.00,341.13,0,-100.00,-8.00,0.00,0.00,36.00,0.00,0,424
376.19,1551850171,8174.81,51.45233755,7.42384493,168.03,32.72,0.00,341.13,0,-104.00,-11.00,0.00,0.00,36.00,0.00,0,487
377.20,1551850172,8207.56,51.45262862,7.42370301,166.74,33.22,0.00,342.18,0,-99.00,-7.00,0.00,0.00,40.00,0.00,0,97
378.19,1551850173,8240.52,51.45292516,7.42356660,165.64,33.78,0.00,343.37,0,-99.00,-7.00,0.00,0.00,40.00,0.00,0,97
379.18,1551850174,8274.16,51.45322171,7.42342725,164.81,33.94,0.00,343.84,0,-99.00,-7.00,0.00,0.00,40.00,0.00,0,97
380.18,1551850175,8308.09,51.45351357,7.42329237,164.00,33.82,0.00,344.06,0,-94.00,-7.00,0.00,0.00,44.00,0.00,0,348
380.18,1551850175,8308.09,51.45351357,7.42329237,164.00,33.82,0.00,344.06,0,-86.00,-7.00,0.00,0.00,51.00,0.00,0,287
381.19,1551850176,8342.08,51.45380720,7.42315684,163.35,33.69,0.00,343.94,0,-94.00,-7.00,0.00,0.00,44.00,0.00,0,348
381.19,1551850176,8342.12,51.45380720,7.42315684,163.35,33.69,0.00,343.94,0,-86.00,-7.00,0.00,0.00,51.00,0.00,0,287
382.19,1551850177,8375.81,51.45410138,7.42301723,163.15,33.90,0.00,343.75,0,-100.00,-11.00,0.00,0.00,42.00,0.00,0,375
382.19,1551850177,8375.85,51.45410138,7.42301723,163.15,33.90,0.00,343.75,0,-102.00,-10.00,0.00,0.00,40.00,0.00,0,249
382.19,1551850177,8375.85,51.45410138,7.42301723,163.15,33.90,0.00,343.75,0,-85.00,-8.00,0.00,0.00,52.00,0.00,0,287
383.19,1551850178,8409.71,51.45438422,7.42288764,162.54,34.13,0.00,343.87,0,-100.00,-11.00,0.00,0.00,42.00,0.00,0,375
383.19,1551850178,8409.75,51.45438422,7.42288764,162.54,34.13,0.00,343.87,0,-102.00,-10.00,0.00,0.00,40.00,0.00,0,249
383.19,1551850178,8409.75,51.45438422,7.42288764,162.54,34.13,0.00,343.87,0,-85.00,-8.00,0.00,0.00,52.00,0.00,0,287
386.19,1551850181,8512.65,51.45526468,7.42247321,160.11,34.67,0.00,342.76,0,-95.00,-9.00,0.00,0.00,47.00,0.00,0,249
386.19,1551850181,8512.69,51.45526468,7.42247321,160.11,34.67,0.00,342.76,0,-96.00,-9.00,0.00,0.00,46.00,0.00,0,97
386.19,1551850181,8512.72,51.45526468,7.42247321,160.11,34.67,0.00,342.76,0,-99.00,-14.00,0.00,0.00,46.00,0.00,0,49
386.19,1551850181,8512.72,51.45526468,7.42247321,160.11,34.67,0.00,342.76,0,-94.00,-10.00,0.00,0.00,44.00,0.00,0,210
386.19,1551850181,8512.76,51.45526468,7.42247321,160.11,34.67,0.00,342.76,0,-98.00,-10.00,0.00,0.00,42.00,0.00,0,424
387.19,1551850182,8547.32,51.45556274,7.42232232,159.27,34.85,0.00,342.10,0,-95.00,-9.00,0.00,0.00,47.00,0.00,0,249
387.19,1551850182,8547.36,51.45556274,7.42232232,159.27,34.85,0.00,342.10,0,-96.00,-9.00,0.00,0.00,46.00,0.00,0,97
387.19,1551850182,8547.39,51.45556274,7.42232232,159.27,34.85,0.00,342.10,0,-99.00,-14.00,0.00,0.00,46.00,0.00,0,49
387.19,1551850182,8547.43,51.45556274,7.42232232,159.27,34.85,0.00,342.10,0,-94.00,-10.00,0.00,0.00,44.00,0.00,0,210
387.19,1551850182,8547.43,51.45556274,7.42232232,159.27,34.85,0.00,342.10,0,-98.00,-10.00,0.00,0.00,42.00,0.00,0,424
388.19,1551850183,8582.17,51.45586252,7.42217065,158.42,35.24,0.00,341.35,0,-94.00,-11.00,0.00,0.00,49.00,0.00,0,414
388.19,1551850183,8582.21,51.45586252,7.42217065,158.42,35.24,0.00,341.35,0,-95.00,-12.00,0.00,0.00,48.00,0.00,0,249
388.19,1551850183,8582.21,51.45586252,7.42217065,158.42,35.24,0.00,341.35,0,-93.00,-10.00,0.00,0.00,45.00,0.00,0,210
388.19,1551850183,8582.25,51.45586252,7.42217065,158.42,35.24,0.00,341.35,0,-96.00,-11.00,0.00,0.00,44.00,0.00,0,424
389.19,1551850184,8617.42,51.45615838,7.42200755,157.66,34.83,0.00,340.80,0,-94.00,-11.00,0.00,0.00,49.00,0.00,0,414
389.19,1551850184,8617.45,51.45615838,7.42200755,157.66,34.83,0.00,340.80,0,-95.00,-12.00,0.00,0.00,48.00,0.00,0,249
389.19,1551850184,8617.45,51.45615838,7.42200755,157.66,34.83,0.00,340.80,0,-93.00,-10.00,0.00,0.00,45.00,0.00,0,210
389.19,1551850184,8617.49,51.45615838,7.42200755,157.66,34.83,0.00,340.80,0,-96.00,-11.00,0.00,0.00,44.00,0.00,0,424
390.19,1551850185,8652.28,51.45644550,7.42183986,156.84,34.09,0.00,339.64,0,-97.00,-12.00,0.00,0.00,46.00,0.00,0,49
390.19,1551850185,8652.32,51.45644550,7.42183986,156.84,34.09,0.00,339.64,0,-98.00,-14.00,0.00,0.00,47.00,0.00,0,414
390.19,1551850185,8652.35,51.45644550,7.42183986,156.84,34.09,0.00,339.64,0,-99.00,-14.00,0.00,0.00,47.00,0.00,0,26
390.19,1551850185,8652.35,51.45644550,7.42183986,156.84,34.09,0.00,339.64,0,-97.00,-11.00,0.00,0.00,44.00,0.00,0,424
390.19,1551850185,8652.38,51.45644550,7.42183986,156.84,34.09,0.00,339.64,0,-97.00,-13.00,0.00,0.00,44.00,0.00,0,192
391.19,1551850186,8686.38,51.45672822,7.42166322,156.10,34.14,0.00,338.50,0,-97.00,-12.00,0.00,0.00,46.00,0.00,0,49
391.19,1551850186,8686.41,51.45672822,7.42166322,156.10,34.14,0.00,338.50,0,-98.00,-14.00,0.00,0.00,47.00,0.00,0,414
391.19,1551850186,8686.41,51.45672822,7.42166322,156.10,34.14,0.00,338.50,0,-99.00,-14.00,0.00,0.00,47.00,0.00,0,26
391.19,1551850186,8686.45,51.45672822,7.42166322,156.10,34.14,0.00,338.50,0,-97.00,-11.00,0.00,0.00,44.00,0.00,0,424
391.19,1551850186,8686.48,51.45672822,7.42166322,156.10,34.14,0.00,338.50,0,-97.00,-13.00,0.00,0.00,44.00,0.00,0,192
392.19,1551850187,8720.31,51.45702324,7.42147349,155.55,34.32,0.00,337.29,0,-93.00,-9.00,0.00,0.00,48.00,0.00,0,375
392.19,1551850187,8720.31,51.45702324,7.42147349,155.55,34.32,0.00,337.29,0,-95.00,-12.00,0.00,0.00,49.00,0.00,0,233
392.19,1551850187,8720.31,51.45702324,7.42147349,155.55,34.32,0.00,337.29,0,-96.00,-14.00,0.00,0.00,49.00,0.00,0,414
392.19,1551850187,8720.34,51.45702324,7.42147349,155.55,34.32,0.00,337.29,0,-93.00,-11.00,0.00,0.00,46.00,0.00,0,192
392.19,1551850187,8720.34,51.45702324,7.42147349,155.55,34.32,0.00,337.29,0,-95.00,-11.00,0.00,0.00,46.00,0.00,0,487
393.19,1551850188,8754.83,51.45732143,7.42127679,155.39,34.39,0.00,336.51,0,-93.00,-9.00,0.00,0.00,48.00,0.00,0,375
393.19,1551850188,8754.87,51.45732143,7.42127679,155.39,34.39,0.00,336.51,0,-95.00,-12.00,0.00,0.00,49.00,0.00,0,233
393.19,1551850188,8754.87,51.45732143,7.42127679,155.39,34.39,0.00,336.51,0,-96.00,-14.00,0.00,0.00,49.00,0.00,0,414
393.19,1551850188,8754.90,51.45732143,7.42127679,155.39,34.39,0.00,336.51,0,-93.00,-11.00,0.00,0.00,46.00,0.00,0,192
393.19,1551850188,8754.94,51.45732143,7.42127679,155.39,34.39,0.00,336.51,0,-95.00,-11.00,0.00,0.00,46.00,0.00,0,487
394.19,1551850189,8789.19,51.45760769,7.42106862,155.48,34.44,0.00,335.31,0,-95.00,-12.00,0.00,0.00,48.00,0.00,0,233
394.19,1551850189,8789.22,51.45760769,7.42106862,155.48,34.44,0.00,335.31,0,-92.00,-11.00,0.00,0.00,47.00,0.00,0,192
394.19,1551850189,8789.22,51.45760769,7.42106862,155.48,34.44,0.00,335.31,0,-93.00,-12.00,0.00,0.00,47.00,0.00,0,487
395.19,1551850190,8823.60,51.45788870,7.42086032,155.81,34.60,0.00,334.45,0,-95.00,-12.00,0.00,0.00,48.00,0.00,0,233
395.19,1551850190,8823.63,51.45788870,7.42086032,155.81,34.60,0.00,334.45,0,-92.00,-11.00,0.00,0.00,47.00,0.00,0,192
395.19,1551850190,8823.67,51.45788870,7.42086032,155.81,34.60,0.00,334.45,0,-93.00,-12.00,0.00,0.00,47.00,0.00,0,487
396.19,1551850191,8858.20,51.45816749,7.42063622,156.28,34.60,0.00,333.45,0,-91.00,-11.00,0.00,0.00,52.00,0.00,0,233
396.19,1551850191,8858.23,51.45816749,7.42063622,156.28,34.60,0.00,333.45,0,-92.00,-11.00,0.00,0.00,52.00,0.00,0,375
397.19,1551850192,8892.80,51.45844486,7.42040570,156.68,34.26,0.00,332.39,0,-91.00,-11.00,0.00,0.00,52.00,0.00,0,233
397.19,1551850192,8892.84,51.45844486,7.42040570,156.68,34.26,0.00,332.39,0,-92.00,-11.00,0.00,0.00,52.00,0.00,0,375
398.22,1551850193,8928.16,51.45871687,7.42018151,156.63,34.23,0.00,331.60,0,-86.00,-10.00,0.00,0.00,55.00,0.00,0,233
398.22,1551850193,8928.19,51.45871687,7.42018151,156.63,34.23,0.00,331.60,0,-84.00,-8.00,0.00,0.00,53.00,0.00,0,487
399.19,1551850194,8961.29,51.45898778,7.41994469,156.30,34.31,0.00,330.93,0,-86.00,-10.00,0.00,0.00,55.00,0.00,0,233
399.19,1551850194,8961.29,51.45898778,7.41994469,156.30,34.31,0.00,330.93,0,-84.00,-8.00,0.00,0.00,53.00,0.00,0,487
400.19,1551850195,8995.61,51.45925251,7.41969998,155.75,34.28,0.00,329.81,0,-86.00,-10.00,0.00,0.00,55.00,0.00,0,233
400.19,1551850195,8995.64,51.45925251,7.41969998,155.75,34.28,0.00,329.81,0,-84.00,-8.00,0.00,0.00,53.00,0.00,0,487
401.19,1551850196,9029.89,51.45950920,7.41944881,154.94,34.56,0.00,328.58,0,-90.00,-11.00,0.00,0.00,52.00,0.00,0,233
401.19,1551850196,9029.92,51.45950920,7.41944881,154.94,34.56,0.00,328.58,0,-93.00,-12.00,0.00,0.00,51.00,0.00,0,375
402.19,1551850197,9064.45,51.45977085,7.41918238,154.26,34.66,0.00,327.32,0,-90.00,-11.00,0.00,0.00,52.00,0.00,0,233
402.19,1551850197,9064.49,51.45977085,7.41918238,154.26,34.66,0.00,327.32,0,-93.00,-12.00,0.00,0.00,51.00,0.00,0,375
403.19,1551850198,9099.11,51.46003406,7.41891443,153.52,34.80,0.00,326.61,0,-88.00,-12.00,0.00,0.00,55.00,0.00,0,375
403.19,1551850198,9099.14,51.46003406,7.41891443,153.52,34.80,0.00,326.61,0,-87.00,-10.00,0.00,0.00,53.00,0.00,0,249
403.19,1551850198,9099.14,51.46003406,7.41891443,153.52,34.80,0.00,326.61,0,-89.00,-13.00,0.00,0.00,56.00,0.00,0,233
404.19,1551850199,9133.91,51.46029440,7.41863446,152.88,34.96,0.00,325.86,0,-88.00,-12.00,0.00,0.00,55.00,0.00,0,375
404.19,1551850199,9133.94,51.46029440,7.41863446,152.88,34.96,0.00,325.86,0,-87.00,-10.00,0.00,0.00,53.00,0.00,0,249
404.19,1551850199,9133.94,51.46029440,7.41863446,152.88,34.96,0.00,325.86,0,-89.00,-13.00,0.00,0.00,56.00,0.00,0,233
405.19,1551850200,9168.83,51.46055607,7.41833471,152.64,34.95,0.00,324.43,0,-89.00,-14.00,0.00,0.00,56.00,0.00,0,233
406.19,1551850201,9203.79,51.46080913,7.41804315,152.42,35.11,0.00,324.19,0,-89.00,-14.00,0.00,0.00,56.00,0.00,0,233
407.19,1551850202,9238.89,51.46106006,7.41774085,152.24,35.33,0.00,323.24,0,-89.00,-13.00,0.00,0.00,56.00,0.00,0,375
407.19,1551850202,9238.93,51.46106006,7.41774085,152.24,35.33,0.00,323.24,0,-88.00,-13.00,0.00,0.00,57.00,0.00,0,233
408.19,1551850203,9274.22,51.46130284,7.41743127,151.93,35.07,0.00,321.64,0,-89.00,-13.00,0.00,0.00,56.00,0.00,0,375
408.19,1551850203,9274.26,51.46130284,7.41743127,151.93,35.07,0.00,321.64,0,-88.00,-13.00,0.00,0.00,57.00,0.00,0,233
409.19,1551850204,9309.33,51.46154847,7.41711064,151.67,34.49,0.00,320.34,0,-84.00,-9.00,0.00,0.00,57.00,0.00,0,375
409.19,1551850204,9309.33,51.46154847,7.41711064,151.67,34.49,0.00,320.34,0,-84.00,-12.00,0.00,0.00,59.00,0.00,0,348
410.19,1551850205,9343.81,51.46178310,7.41679902,151.40,34.22,0.00,319.55,0,-84.00,-9.00,0.00,0.00,57.00,0.00,0,375
410.19,1551850205,9343.85,51.46178310,7.41679902,151.40,34.22,0.00,319.55,0,-84.00,-12.00,0.00,0.00,59.00,0.00,0,348
411.19,1551850206,9378.03,51.46202888,7.41646715,150.75,34.32,0.00,319.08,0,-84.00,-9.00,0.00,0.00,57.00,0.00,0,375
411.19,1551850206,9378.07,51.46202888,7.41646715,150.75,34.32,0.00,319.08,0,-85.00,-12.00,0.00,0.00,57.00,0.00,0,348
412.19,1551850207,9412.32,51.46225923,7.41613672,149.91,34.18,0.00,317.47,0,-84.00,-9.00,0.00,0.00,57.00,0.00,0,375
412.19,1551850207,9412.35,51.46225923,7.41613672,149.91,34.18,0.00,317.47,0,-85.00,-12.00,0.00,0.00,57.00,0.00,0,348
422.19,1551850217,9757.33,51.46435684,7.41251899,147.53,35.04,0.00,309.50,0,-83.00,-15.00,0.00,0.00,62.00,0.00,0,194
423.19,1551850218,9792.37,51.46455672,7.41212098,147.53,35.18,0.00,308.81,0,-83.00,-15.00,0.00,0.00,62.00,0.00,0,194
424.19,1551850219,9827.62,51.46476483,7.41172191,147.63,35.25,0.00,308.50,0,-95.00,-11.00,0.00,0.00,47.00,0.00,0,376
424.19,1551850219,9827.66,51.46476483,7.41172191,147.63,35.25,0.00,308.50,0,-98.00,-13.00,0.00,0.00,46.00,0.00,0,348
424.19,1551850219,9827.69,51.46476483,7.41172191,147.63,35.25,0.00,308.50,0,-87.00,-10.00,0.00,0.00,52.00,0.00,0,194
425.19,1551850220,9862.84,51.46495853,7.41133428,147.67,34.80,0.00,308.31,0,-95.00,-11.00,0.00,0.00,47.00,0.00,0,376
425.19,1551850220,9862.87,51.46495853,7.41133428,147.67,34.80,0.00,308.31,0,-98.00,-13.00,0.00,0.00,46.00,0.00,0,348
425.19,1551850220,9862.91,51.46495853,7.41133428,147.67,34.80,0.00,308.31,0,-87.00,-10.00,0.00,0.00,52.00,0.00,0,194
426.19,1551850221,9897.67,51.46516000,7.41094208,147.77,33.99,0.00,308.41,0,-103.00,-11.00,0.00,0.00,40.00,0.00,0,376
426.19,1551850221,9897.70,51.46516000,7.41094208,147.77,33.99,0.00,308.41,0,-105.00,-12.00,0.00,0.00,39.00,0.00,0,99
426.19,1551850221,9897.70,51.46516000,7.41094208,147.77,33.99,0.00,308.41,0,-107.00,-11.00,0.00,0.00,36.00,0.00,0,97
426.19,1551850221,9897.74,51.46516000,7.41094208,147.77,33.99,0.00,308.41,0,-100.00,-9.00,0.00,0.00,37.00,0.00,0,194
427.19,1551850222,9931.66,51.46535582,7.41055790,147.99,33.81,0.00,308.28,0,-103.00,-11.00,0.00,0.00,40.00,0.00,0,376
427.19,1551850222,9931.70,51.46535582,7.41055790,147.99,33.81,0.00,308.28,0,-105.00,-12.00,0.00,0.00,39.00,0.00,0,99
427.19,1551850222,9931.73,51.46535582,7.41055790,147.99,33.81,0.00,308.28,0,-107.00,-11.00,0.00,0.00,36.00,0.00,0,97
427.19,1551850222,9931.73,51.46535582,7.41055790,147.99,33.81,0.00,308.28,0,-100.00,-9.00,0.00,0.00,37.00,0.00,0,194
428.19,1551850223,9965.47,51.46554907,7.41017964,148.14,33.76,0.00,308.06,0,-100.00,-13.00,0.00,0.00,44.00,0.00,0,99
428.19,1551850223,9965.47,51.46554907,7.41017964,148.14,33.76,0.00,308.06,0,-100.00,-9.00,0.00,0.00,40.00,0.00,0,97
428.19,1551850223,9965.51,51.46554907,7.41017964,148.14,33.76,0.00,308.06,0,-106.00,-14.00,0.00,0.00,36.00,0.00,0,487
429.19,1551850224,9999.23,51.46574082,7.40980138,148.26,33.72,0.00,308.01,0,-100.00,-13.00,0.00,0.00,44.00,0.00,0,99
429.19,1551850224,9999.23,51.46574082,7.40980138,148.26,33.72,0.00,308.01,0,-100.00,-9.00,0.00,0.00,40.00,0.00,0,97
429.19,1551850224,9999.27,51.46574082,7.40980138,148.26,33.72,0.00,308.01,0,-106.00,-14.00,0.00,0.00,36.00,0.00,0,487
434.19,1551850229,10166.45,51.46667323,7.40792291,148.86,33.30,0.00,308.74,0,-98.00,-11.00,0.00,0.00,44.00,0.00,0,99
434.19,1551850229,10166.49,51.46667323,7.40792291,148.86,33.30,0.00,308.74,0,-99.00,-12.00,0.00,0.00,44.00,0.00,0,108
435.19,1551850230,10199.75,51.46685925,7.40754684,149.06,33.25,0.00,309.02,0,-98.00,-11.00,0.00,0.00,44.00,0.00,0,99
435.19,1551850230,10199.78,51.46685925,7.40754684,149.06,33.25,0.00,309.02,0,-99.00,-12.00,0.00,0.00,44.00,0.00,0,108
453.19,1551850248,10801.94,51.47051891,7.40115949,154.86,32.74,0.00,315.93,0,-88.00,-13.00,0.00,0.00,57.00,0.00,0,233
454.19,1551850249,10834.68,51.47072645,7.40084419,156.08,32.75,0.00,316.49,0,-88.00,-13.00,0.00,0.00,57.00,0.00,0,233
466.19,1551850261,11218.32,51.47324862,7.39722507,163.22,30.24,0.00,320.71,0,-89.00,-7.00,0.00,0.00,51.00,0.00,0,233
467.19,1551850262,11248.56,51.47345836,7.39694764,163.21,29.45,0.00,320.75,0,-89.00,-7.00,0.00,0.00,51.00,0.00,0,233
468.19,1551850263,11278.02,51.47366359,7.39668462,163.35,29.44,0.00,321.45,0,-87.00,-6.00,0.00,0.00,52.00,0.00,0,233
469.19,1551850264,11307.45,51.47387770,7.39641496,163.83,29.49,0.00,322.14,0,-87.00,-6.00,0.00,0.00,52.00,0.00,0,233
470.19,1551850265,11336.97,51.47408927,7.39615475,164.55,29.22,0.00,322.49,0,-89.00,-8.00,0.00,0.00,51.00,0.00,0,233
470.19,1551850265,11337.00,51.47408927,7.39615475,164.55,29.22,0.00,322.49,0,-93.00,-8.00,0.00,0.00,46.00,0.00,0,249
471.19,1551850266,11366.19,51.47430056,7.39591102,165.13,28.53,0.00,323.85,0,-89.00,-8.00,0.00,0.00,51.00,0.00,0,233
471.19,1551850266,11366.22,51.47430056,7.39591102,165.13,28.53,0.00,323.85,0,-93.00,-8.00,0.00,0.00,46.00,0.00,0,249
472.19,1551850267,11394.69,51.47450214,7.39567681,165.67,27.77,0.00,324.32,0,-89.00,-9.00,0.00,0.00,51.00,0.00,0,233
473.19,1551850268,11422.46,51.47470008,7.39544584,166.38,26.98,0.00,324.67,0,-89.00,-9.00,0.00,0.00,51.00,0.00,0,233
480.19,1551850275,11604.02,51.47607704,7.39410724,170.49,24.80,0.00,330.98,0,-76.00,-12.00,0.00,0.00,63.00,0.00,0,307
481.19,1551850276,11628.81,51.47627985,7.39394123,170.91,24.26,0.00,332.26,0,-76.00,-12.00,0.00,0.00,63.00,0.00,0,307
487.19,1551850282,11767.13,51.47741833,7.39316428,173.48,19.70,0.00,342.53,0,-85.00,-9.00,0.00,0.00,56.00,0.00,0,48
487.19,1551850282,11767.15,51.47741833,7.39316428,173.48,19.70,0.00,342.53,0,-74.00,-10.00,0.00,0.00,63.00,0.00,0,307
488.19,1551850283,11786.83,51.47759041,7.39309359,173.69,18.90,0.00,346.16,0,-85.00,-9.00,0.00,0.00,56.00,0.00,0,48
488.19,1551850283,11786.85,51.47759041,7.39309359,173.69,18.90,0.00,346.16,0,-74.00,-10.00,0.00,0.00,63.00,0.00,0,307
489.19,1551850284,11805.71,51.47775246,7.39303819,173.98,18.08,0.00,348.26,0,-83.00,-8.00,0.00,0.00,56.00,0.00,0,48
489.19,1551850284,11805.73,51.47775246,7.39303819,173.98,18.08,0.00,348.26,0,-73.00,-8.00,0.00,0.00,63.00,0.00,0,307
490.19,1551850285,11823.81,51.47793000,7.39299771,174.72,17.41,0.00,352.13,0,-83.00,-8.00,0.00,0.00,56.00,0.00,0,48
490.19,1551850285,11823.83,51.47793000,7.39299771,174.72,17.41,0.00,352.13,0,-73.00,-8.00,0.00,0.00,63.00,0.00,0,307
491.19,1551850286,11841.19,51.47806950,7.39301956,175.24,15.36,0.00,6.60,0,-69.00,-10.00,0.00,0.00,63.00,0.00,0,308
492.19,1551850287,11856.57,51.47822016,7.39305991,175.34,17.47,0.00,8.61,0,-69.00,-10.00,0.00,0.00,63.00,0.00,0,308
493.19,1551850288,11874.04,51.47837322,7.39312097,175.56,17.99,0.00,12.10,0,-81.00,-12.00,0.00,0.00,61.00,0.00,0,308
494.19,1551850289,11892.03,51.47851795,7.39323338,176.04,17.80,0.00,25.74,0,-81.00,-12.00,0.00,0.00,61.00,0.00,0,308
503.20,1551850298,12026.65,51.47960602,7.39370328,179.30,12.69,0.00,336.79,0,-96.00,-8.00,0.00,0.00,43.00,0.00,0,223
504.19,1551850299,12039.25,51.47970564,7.39363422,179.96,12.38,0.00,336.11,0,-96.00,-8.00,0.00,0.00,43.00,0.00,0,223
505.19,1551850300,12051.62,51.47981416,7.39355224,180.92,11.83,0.00,335.55,0,-96.00,-8.00,0.00,0.00,43.00,0.00,0,223
506.19,1551850301,12063.46,51.47989802,7.39348512,181.42,11.47,0.00,336.39,0,-88.00,-6.00,0.00,0.00,49.00,0.00,0,223
507.19,1551850302,12074.93,51.47998556,7.39342428,181.99,11.09,0.00,339.04,0,-88.00,-6.00,0.00,0.00,49.00,0.00,0,223
508.19,1551850303,12086.03,51.48008418,7.39340833,182.13,10.33,0.00,357.88,0,-87.00,-6.00,0.00,0.00,51.00,0.00,0,223
509.19,1551850304,12096.35,51.48017656,7.39345312,182.52,10.37,0.00,20.84,0,-87.00,-6.00,0.00,0.00,51.00,0.00,0,223
516.19,1551850311,12180.78,51.48064291,7.39443256,185.74,15.04,0.00,58.66,0,-86.00,-7.00,0.00,0.00,53.00,0.00,0,48
517.19,1551850312,12195.84,51.48071512,7.39462419,186.03,15.78,0.00,58.55,0,-86.00,-7.00,0.00,0.00,53.00,0.00,0,48
524.20,1551850319,12304.30,51.48121860,7.39595634,188.20,15.48,0.00,59.96,0,-90.00,-9.00,0.00,0.00,50.00,0.00,0,108
525.19,1551850320,12319.64,51.48129621,7.39615636,188.73,15.65,0.00,60.19,0,-90.00,-9.00,0.00,0.00,50.00,0.00,0,108
526.19,1551850321,12335.29,51.48137217,7.39635397,189.06,15.39,0.00,60.13,0,-90.00,-9.00,0.00,0.00,50.00,0.00,0,108
590.19,1551850385,12585.21,51.48285303,7.39907591,190.76,10.65,0.00,34.98,0,-88.00,-8.00,0.00,0.00,53.00,0.00,0,223
591.19,1551850386,12595.89,51.48295442,7.39918250,190.73,12.41,0.00,34.41,0,-88.00,-8.00,0.00,0.00,53.00,0.00,0,223
592.19,1551850387,12608.30,51.48306297,7.39929278,190.79,14.63,0.00,33.65,0,-91.00,-6.00,0.00,0.00,47.00,0.00,0,223
593.19,1551850388,12622.93,51.48316496,7.39939363,191.32,14.82,0.00,33.07,0,-91.00,-6.00,0.00,0.00,47.00,0.00,0,223
594.19,1551850389,12637.72,51.48326924,7.39950460,191.41,14.89,0.00,33.51,0,-96.00,-8.00,0.00,0.00,44.00,0.00,0,223
595.19,1551850390,12652.64,51.48338115,7.39962012,191.17,15.06,0.00,33.93,0,-96.00,-8.00,0.00,0.00,44.00,0.00,0,223
598.19,1551850393,12698.57,51.48371145,7.39998746,189.72,15.68,0.00,35.39,0,-96.00,-7.00,0.00,0.00,43.00,0.00,0,223
598.19,1551850393,12698.57,51.48371145,7.39998746,189.72,15.68,0.00,35.39,0,-92.00,-8.00,0.00,0.00,45.00,0.00,0,409
599.19,1551850394,12714.25,51.48382962,7.40012674,189.28,16.08,0.00,35.87,0,-96.00,-7.00,0.00,0.00,43.00,0.00,0,223
599.19,1551850394,12714.25,51.48382962,7.40012674,189.28,16.08,0.00,35.87,0,-92.00,-8.00,0.00,0.00,45.00,0.00,0,409
600.19,1551850395,12730.35,51.48394793,7.40026853,188.72,16.01,0.00,36.42,0,-98.00,-7.00,0.00,0.00,41.00,0.00,0,48
601.19,1551850396,12746.32,51.48405999,7.40040926,188.28,15.70,0.00,37.45,0,-98.00,-7.00,0.00,0.00,41.00,0.00,0,48
602.19,1551850397,12762.02,51.48417099,7.40055814,187.78,15.04,0.00,39.20,0,-100.00,-8.00,0.00,0.00,40.00,0.00,0,48
603.19,1551850398,12777.07,51.48428800,7.40071352,187.60,15.23,0.00,40.20,0,-100.00,-8.00,0.00,0.00,40.00,0.00,0,48
606.19,1551850401,12822.95,51.48462215,7.40116554,187.94,15.24,0.00,43.03,0,-104.00,-11.00,0.00,0.00,38.00,0.00,0,167
606.19,1551850401,12822.97,51.48462215,7.40116554,187.94,15.24,0.00,43.03,0,-104.00,-11.00,0.00,0.00,38.00,0.00,0,330
606.19,1551850401,12822.98,51.48462215,7.40116554,187.94,15.24,0.00,43.03,0,-107.00,-14.00,0.00,0.00,39.00,0.00,0,428
606.19,1551850401,12822.98,51.48462215,7.40116554,187.94,15.24,0.00,43.03,0,-102.00,-10.00,0.00,0.00,37.00,0.00,0,291
607.19,1551850402,12838.19,51.48472125,7.40131555,188.32,15.43,0.00,43.20,0,-104.00,-11.00,0.00,0.00,38.00,0.00,0,167
607.19,1551850402,12838.20,51.48472125,7.40131555,188.32,15.43,0.00,43.20,0,-104.00,-11.00,0.00,0.00,38.00,0.00,0,330
607.19,1551850402,12838.22,51.48472125,7.40131555,188.32,15.43,0.00,43.20,0,-107.00,-14.00,0.00,0.00,39.00,0.00,0,428
607.19,1551850402,12838.22,51.48472125,7.40131555,188.32,15.43,0.00,43.20,0,-102.00,-10.00,0.00,0.00,37.00,0.00,0,291
608.20,1551850403,12853.74,51.48482254,7.40146706,188.61,15.51,0.00,42.49,0,-105.00,-11.00,0.00,0.00,36.00,0.00,0,330
608.20,1551850403,12853.74,51.48482254,7.40146706,188.61,15.51,0.00,42.49,0,-105.00,-11.00,0.00,0.00,37.00,0.00,0,167
608.20,1551850403,12853.76,51.48482254,7.40146706,188.61,15.51,0.00,42.49,0,-100.00,-9.00,0.00,0.00,37.00,0.00,0,291
609.19,1551850404,12869.11,51.48492584,7.40161401,188.75,15.26,0.00,41.83,0,-105.00,-11.00,0.00,0.00,36.00,0.00,0,330
609.19,1551850404,12869.13,51.48492584,7.40161401,188.75,15.26,0.00,41.83,0,-105.00,-11.00,0.00,0.00,37.00,0.00,0,167
609.19,1551850404,12869.14,51.48492584,7.40161401,188.75,15.26,0.00,41.83,0,-100.00,-9.00,0.00,0.00,37.00,0.00,0,291
610.19,1551850405,12884.37,51.48503295,7.40176375,188.80,15.66,0.00,41.49,0,-105.00,-11.00,0.00,0.00,36.00,0.00,0,330
610.19,1551850405,12884.39,51.48503295,7.40176375,188.80,15.66,0.00,41.49,0,-105.00,-11.00,0.00,0.00,37.00,0.00,0,167
610.19,1551850405,12884.39,51.48503295,7.40176375,188.80,15.66,0.00,41.49,0,-100.00,-9.00,0.00,0.00,37.00,0.00,0,291
611.19,1551850406,12900.03,51.48513804,7.40191676,188.69,15.84,0.00,42.02,0,-98.00,-7.00,0.00,0.00,40.00,0.00,0,167
611.19,1551850406,12900.03,51.48513804,7.40191676,188.69,15.84,0.00,42.02,0,-98.00,-8.00,0.00,0.00,38.00,0.00,0,291
611.19,1551850406,12900.05,51.48513804,7.40191676,188.69,15.84,0.00,42.02,0,-101.00,-10.00,0.00,0.00,37.00,0.00,0,163
612.19,1551850407,12915.87,51.48524312,7.40207674,188.78,15.19,0.00,43.77,0,-98.00,-7.00,0.00,0.00,40.00,0.00,0,167
612.19,1551850407,12915.88,51.48524312,7.40207674,188.78,15.19,0.00,43.77,0,-98.00,-8.00,0.00,0.00,38.00,0.00,0,291
612.19,1551850407,12915.90,51.48524312,7.40207674,188.78,15.19,0.00,43.77,0,-101.00,-10.00,0.00,0.00,37.00,0.00,0,163
613.19,1551850408,12931.05,51.48533227,7.40222859,188.85,14.28,0.00,45.56,0,-99.00,-8.00,0.00,0.00,41.00,0.00,0,167
613.19,1551850408,12931.06,51.48533227,7.40222859,188.85,14.28,0.00,45.56,0,-96.00,-8.00,0.00,0.00,40.00,0.00,0,291
614.19,1551850409,12945.34,51.48540790,7.40237302,188.61,12.69,0.00,46.90,0,-99.00,-8.00,0.00,0.00,41.00,0.00,0,167
614.19,1551850409,12945.35,51.48540790,7.40237302,188.61,12.69,0.00,46.90,0,-96.00,-8.00,0.00,0.00,40.00,0.00,0,291
615.19,1551850410,12958.03,51.48547629,7.40250354,188.21,10.72,0.00,47.98,0,-96.00,-7.00,0.00,0.00,43.00,0.00,0,167
615.19,1551850410,12958.04,51.48547629,7.40250354,188.21,10.72,0.00,47.98,0,-96.00,-8.00,0.00,0.00,40.00,0.00,0,291
616.19,1551850411,12968.75,51.48553043,7.40261081,187.99,9.08,0.00,48.90,0,-96.00,-7.00,0.00,0.00,43.00,0.00,0,167
616.19,1551850411,12968.75,51.48553043,7.40261081,187.99,9.08,0.00,48.90,0,-96.00,-8.00,0.00,0.00,40.00,0.00,0,291
619.19,1551850414,12993.26,51.48572826,7.40275633,187.71,8.78,0.00,354.36,0,-96.00,-7.00,0.00,0.00,43.00,0.00,0,167
619.19,1551850414,12993.27,51.48572826,7.40275633,187.71,8.78,0.00,354.36,0,-105.00,-13.00,0.00,0.00,40.00,0.00,0,48
619.19,1551850414,12993.28,51.48572826,7.40275633,187.71,8.78,0.00,354.36,0,-106.00,-15.00,0.00,0.00,40.00,0.00,0,330
620.19,1551850415,13002.05,51.48576760,7.40272403,187.04,8.34,0.00,333.88,0,-96.00,-7.00,0.00,0.00,43.00,0.00,0,167
620.19,1551850415,13002.05,51.48576760,7.40272403,187.04,8.34,0.00,333.88,0,-105.00,-13.00,0.00,0.00,40.00,0.00,0,48
620.19,1551850415,13002.06,51.48576760,7.40272403,187.04,8.34,0.00,333.88,0,-106.00,-15.00,0.00,0.00,40.00,0.00,0,330
625.19,1551850420,13052.90,51.48614151,7.40230333,184.89,13.30,0.00,327.30,0,-102.00,-8.00,0.00,0.00,37.00,0.00,0,48
625.19,1551850420,13052.91,51.48614151,7.40230333,184.89,13.30,0.00,327.30,0,-105.00,-11.00,0.00,0.00,39.00,0.00,0,93
625.19,1551850420,13052.93,51.48614151,7.40230333,184.89,13.30,0.00,327.30,0,-106.00,-11.00,0.00,0.00,36.00,0.00,0,330
626.19,1551850421,13066.21,51.48624725,7.40219338,185.19,13.65,0.00,328.76,0,-102.00,-8.00,0.00,0.00,37.00,0.00,0,48
626.19,1551850421,13066.21,51.48624725,7.40219338,185.19,13.65,0.00,328.76,0,-105.00,-11.00,0.00,0.00,39.00,0.00,0,93
626.19,1551850421,13066.23,51.48624725,7.40219338,185.19,13.65,0.00,328.76,0,-106.00,-11.00,0.00,0.00,36.00,0.00,0,330
627.19,1551850422,13079.85,51.48634361,7.40209637,185.40,13.61,0.00,330.23,0,-102.00,-9.00,0.00,0.00,39.00,0.00,0,93
627.19,1551850422,13079.87,51.48634361,7.40209637,185.40,13.61,0.00,330.23,0,-103.00,-10.00,0.00,0.00,38.00,0.00,0,48
627.19,1551850422,13079.88,51.48634361,7.40209637,185.40,13.61,0.00,330.23,0,-105.00,-11.00,0.00,0.00,38.00,0.00,0,330
628.19,1551850423,13093.47,51.48571560,7.39779150,185.77,13.59,0.00,333.58,0,-102.00,-9.00,0.00,0.00,39.00,0.00,0,93
628.19,1551850423,13093.47,51.48571560,7.39779150,185.77,13.59,0.00,333.58,0,-103.00,-10.00,0.00,0.00,38.00,0.00,0,48
628.19,1551850423,13093.49,51.48571560,7.39779150,185.77,13.59,0.00,333.58,0,-105.00,-11.00,0.00,0.00,38.00,0.00,0,330
632.19,1551850427,13146.39,51.48687460,7.40176580,185.65,12.93,0.00,343.29,0,-100.00,-10.00,0.00,0.00,41.00,0.00,0,330
632.19,1551850427,13146.40,51.48687460,7.40176580,185.65,12.93,0.00,343.29,0,-103.00,-11.00,0.00,0.00,40.00,0.00,0,48
632.19,1551850427,13146.41,51.48687460,7.40176580,185.65,12.93,0.00,343.29,0,-105.00,-16.00,0.00,0.00,42.00,0.00,0,15
633.19,1551850428,13159.32,51.48699631,7.40172551,185.74,12.88,0.00,345.49,0,-100.00,-10.00,0.00,0.00,41.00,0.00,0,330
633.19,1551850428,13159.33,51.48699631,7.40172551,185.74,12.88,0.00,345.49,0,-103.00,-11.00,0.00,0.00,40.00,0.00,0,48
633.19,1551850428,13159.33,51.48699631,7.40172551,185.74,12.88,0.00,345.49,0,-105.00,-16.00,0.00,0.00,42.00,0.00,0,15
634.19,1551850429,13172.22,51.48711804,7.40169499,185.96,12.95,0.00,347.69,0,-95.00,-7.00,0.00,0.00,44.00,0.00,0,93
634.19,1551850429,13172.23,51.48711804,7.40169499,185.96,12.95,0.00,347.69,0,-97.00,-9.00,0.00,0.00,44.00,0.00,0,48
634.19,1551850429,13172.23,51.48711804,7.40169499,185.96,12.95,0.00,347.69,0,-100.00,-11.00,0.00,0.00,44.00,0.00,0,428
635.19,1551850430,13185.15,51.48724039,7.40166979,186.16,13.08,0.00,350.14,0,-95.00,-7.00,0.00,0.00,44.00,0.00,0,93
635.19,1551850430,13185.16,51.48724039,7.40166979,186.16,13.08,0.00,350.14,0,-97.00,-9.00,0.00,0.00,44.00,0.00,0,48
635.19,1551850430,13185.16,51.48724039,7.40166979,186.16,13.08,0.00,350.14,0,-100.00,-11.00,0.00,0.00,44.00,0.00,0,428
636.19,1551850431,13198.22,51.48736825,7.40165635,186.35,13.62,0.00,352.86,0,-92.00,-7.00,0.00,0.00,46.00,0.00,0,93
636.19,1551850431,13198.23,51.48736825,7.40165635,186.35,13.62,0.00,352.86,0,-92.00,-8.00,0.00,0.00,48.00,0.00,0,330
637.19,1551850432,13211.84,51.48749533,7.40165303,186.29,13.62,0.00,355.13,0,-92.00,-7.00,0.00,0.00,46.00,0.00,0,93
637.19,1551850432,13211.85,51.48749533,7.40165303,186.29,13.62,0.00,355.13,0,-92.00,-8.00,0.00,0.00,48.00,0.00,0,330
638.19,1551850433,13225.46,51.48762085,7.40165726,186.36,13.24,0.00,357.00,0,-87.00,-6.00,0.00,0.00,50.00,0.00,0,93
638.19,1551850433,13225.47,51.48762085,7.40165726,186.36,13.24,0.00,357.00,0,-98.00,-10.00,0.00,0.00,43.00,0.00,0,330
639.19,1551850434,13238.71,51.48773962,7.40167030,186.01,13.25,0.00,358.26,0,-87.00,-6.00,0.00,0.00,50.00,0.00,0,93
639.19,1551850434,13238.72,51.48773962,7.40167030,186.01,13.25,0.00,358.26,0,-98.00,-10.00,0.00,0.00,43.00,0.00,0,330
648.19,1551850443,13360.25,51.48886352,7.40173133,182.06,12.91,0.00,0.18,0,-86.00,-10.00,0.00,0.00,56.00,0.00,0,94
648.19,1551850443,13360.25,51.48886352,7.40173133,182.06,12.91,0.00,0.18,0,-94.00,-11.00,0.00,0.00,49.00,0.00,0,428
649.19,1551850444,13373.20,51.48898061,7.40173293,181.86,12.77,0.00,0.01,0,-86.00,-10.00,0.00,0.00,56.00,0.00,0,94
649.19,1551850444,13373.20,51.48898061,7.40173293,181.86,12.77,0.00,0.01,0,-94.00,-11.00,0.00,0.00,49.00,0.00,0,428
650.20,1551850445,13386.05,51.48908899,7.40173330,181.58,11.85,0.00,0.17,0,-85.00,-12.00,0.00,0.00,59.00,0.00,0,93
651.19,1551850446,13397.82,51.48918848,7.40173295,181.41,10.48,0.00,1.00,0,-85.00,-12.00,0.00,0.00,59.00,0.00,0,93
652.19,1551850447,13408.30,51.48926798,7.40173489,180.87,8.36,0.00,0.33,0,-85.00,-12.00,0.00,0.00,59.00,0.00,0,93
669.19,1551850464,13592.71,51.48938148,7.40422511,176.24,12.21,0.00,91.56,0,-82.00,-8.00,0.00,0.00,58.00,0.00,0,426
670.19,1551850465,13604.92,51.48937462,7.40440151,176.29,11.97,0.00,90.68,0,-82.00,-8.00,0.00,0.00,58.00,0.00,0,426
671.19,1551850466,13616.95,51.48936865,7.40457349,176.27,12.04,0.00,90.80,0,-76.00,-8.00,0.00,0.00,63.00,0.00,0,95
671.19,1551850466,13616.96,51.48936865,7.40457349,176.27,12.04,0.00,90.80,0,-82.00,-7.00,0.00,0.00,57.00,0.00,0,426
672.19,1551850467,13628.94,51.48936589,7.40474601,176.18,12.28,0.00,90.20,0,-76.00,-8.00,0.00,0.00,63.00,0.00,0,95
672.19,1551850467,13628.95,51.48936589,7.40474601,176.18,12.28,0.00,90.20,0,-82.00,-7.00,0.00,0.00,57.00,0.00,0,426
673.19,1551850468,13641.23,51.48936375,7.40492328,176.13,12.41,0.00,89.58,0,-76.00,-8.00,0.00,0.00,63.00,0.00,0,95
673.19,1551850468,13641.23,51.48936375,7.40492328,176.13,12.41,0.00,89.58,0,-82.00,-7.00,0.00,0.00,57.00,0.00,0,426
