0.03,1551330836,0.00,51.45013676,7.48824636,247.22,7.01,0.00,167.85,1,-105.00,-8.00,4.00,8.00,29.00,13.00,12918809,429
1.02,1551330837,6.93,51.45007241,7.48826877,247.31,7.70,0.70,166.74,1,-105.00,-8.00,4.00,8.00,29.00,13.00,12918809,429
2.01,1551330838,14.62,51.45000307,7.48829400,247.43,8.85,1.14,167.35,1,-108.00,-9.00,5.00,8.00,27.00,13.00,12918809,429
3.01,1551330839,23.46,51.44992201,7.48831767,247.69,9.38,0.53,168.69,1,-108.00,-9.00,5.00,8.00,27.00,13.00,12918809,429
4.02,1551330840,32.86,51.44984108,7.48834415,247.66,10.34,0.96,169.24,1,-105.00,-8.00,7.00,4.00,29.00,13.00,12918809,429
5.02,1551330841,43.22,51.44974263,7.48837264,247.84,11.33,0.98,169.84,1,-105.00,-8.00,7.00,4.00,29.00,13.00,12918809,429
6.01,1551330842,54.52,51.44964199,7.48839482,248.02,11.65,0.32,171.25,1,-103.00,-8.00,7.00,8.00,30.00,13.00,12918809,429
7.01,1551330843,66.15,51.44954578,7.48841010,248.26,11.80,0.16,173.11,1,-103.00,-8.00,7.00,8.00,30.00,13.00,12918809,429
8.01,1551330844,77.95,51.44943411,7.48842187,248.39,12.46,0.66,174.87,1,-102.00,-8.00,7.00,7.00,31.00,13.00,12918809,429
9.01,1551330845,90.43,51.44931602,7.48842431,248.60,12.45,-0.01,176.90,1,-102.00,-8.00,7.00,7.00,31.00,13.00,12918809,429
10.01,1551330846,102.88,51.44919419,7.48842586,248.64,12.37,-0.08,178.38,1,-98.00,-6.00,14.00,9.00,33.00,13.00,12918809,429
11.01,1551330847,115.25,51.44907258,7.48842272,248.27,13.08,0.71,179.68,1,-98.00,-6.00,14.00,9.00,33.00,13.00,12918809,429
12.01,1551330848,128.31,51.44895611,7.48840468,247.91,13.42,0.34,183.19,1,-98.00,-6.00,14.00,15.00,32.00,13.00,12918809,429
13.01,1551330849,141.73,51.44883964,7.48837037,247.52,13.74,0.33,186.89,1,-98.00,-6.00,14.00,15.00,32.00,13.00,12918809,429
14.02,1551330850,155.51,51.44873503,7.48833425,247.49,12.40,-1.34,189.01,1,-98.00,-5.00,14.00,15.00,33.00,13.00,12918809,429
15.01,1551330851,167.88,51.44860649,7.48828220,247.91,13.50,1.10,190.84,1,-98.00,-5.00,14.00,15.00,33.00,13.00,12918809,429
16.01,1551330852,181.33,51.44847488,7.48822486,248.24,13.45,-0.04,192.40,1,-98.00,-6.00,14.00,14.00,33.00,13.00,12918809,429
17.02,1551330853,194.85,51.44834525,7.48816502,248.50,14.10,0.64,193.07,1,-98.00,-6.00,14.00,14.00,33.00,13.00,12918809,429
18.02,1551330854,209.06,51.44820869,7.48810350,248.55,14.84,0.73,193.30,1,-100.00,-6.00,13.00,1.00,31.00,13.00,12918809,429
19.01,1551330855,223.76,51.44807346,7.48804400,248.20,14.89,0.06,193.45,1,-100.00,-6.00,13.00,1.00,31.00,13.00,12918809,429
20.01,1551330856,238.66,51.44793056,7.48798691,247.87,15.38,0.49,192.99,1,-100.00,-6.00,13.00,1.00,31.00,13.00,12918809,429
21.01,1551330857,254.04,51.44779143,7.48793882,247.32,14.69,-0.69,191.70,1,-98.00,-6.00,14.00,1.00,34.00,13.00,12918809,429
22.01,1551330858,268.73,51.44765125,7.48790330,247.28,15.47,0.78,188.79,1,-98.00,-6.00,14.00,1.00,34.00,13.00,12918809,429
23.02,1551330859,284.21,51.44753017,7.48787867,248.00,15.90,0.44,186.21,1,-97.00,-6.00,19.00,9.00,34.00,13.00,12918809,429
24.01,1551330860,300.08,51.44740343,7.48786150,248.91,14.91,-0.99,182.98,1,-97.00,-6.00,19.00,9.00,34.00,13.00,12918809,429
25.01,1551330861,315.01,51.44727362,7.48785887,249.65,14.67,-0.24,180.30,1,-95.00,-6.00,17.00,10.00,37.00,13.00,12918809,429
26.01,1551330862,329.67,51.44714440,7.48787112,249.70,14.91,0.24,177.32,1,-95.00,-6.00,17.00,10.00,37.00,13.00,12918809,429
27.01,1551330863,344.58,51.44702064,7.48789032,248.93,14.08,-0.84,174.83,1,-98.00,-6.00,11.00,11.00,33.00,13.00,12918809,429
28.01,1551330864,358.66,51.44687620,7.48793258,248.38,15.29,1.21,171.60,1,-98.00,-6.00,11.00,11.00,33.00,13.00,12918809,429
29.01,1551330865,373.96,51.44673264,7.48799424,248.16,15.35,0.06,168.44,1,-96.00,-6.00,15.00,4.00,35.00,13.00,12918809,429
30.01,1551330866,389.30,51.44659417,7.48807069,248.09,15.29,-0.06,165.31,1,-96.00,-6.00,15.00,4.00,35.00,13.00,12918809,429
31.01,1551330867,404.59,51.44645859,7.48815973,248.39,15.49,0.20,161.27,1,-94.00,-5.00,21.00,14.00,38.00,13.00,12918809,429
32.01,1551330868,420.08,51.44633296,7.48826238,248.52,15.57,0.08,157.68,1,-94.00,-5.00,21.00,14.00,38.00,13.00,12918809,429
33.01,1551330869,435.66,51.44621575,7.48837368,248.65,15.32,-0.24,153.86,1,-94.00,-5.00,22.00,11.00,36.00,13.00,12918809,429
34.01,1551330870,450.97,51.44609469,7.48850513,249.18,15.45,0.13,150.33,1,-94.00,-5.00,22.00,11.00,36.00,13.00,12918809,429
35.01,1551330871,466.44,51.44597033,7.48865410,250.05,16.02,0.56,146.75,1,-95.00,-5.00,16.00,14.00,36.00,13.00,12918809,429
36.02,1551330872,482.49,51.44585609,7.48881297,251.07,16.38,0.36,143.10,1,-95.00,-5.00,16.00,14.00,36.00,13.00,12918809,429
37.01,1551330873,498.84,51.44574675,7.48898352,252.19,16.04,-0.34,139.62,1,-94.00,-5.00,11.00,11.00,35.00,13.00,12918809,429
38.01,1551330874,514.86,51.44564284,7.48915917,253.98,15.71,-0.33,136.66,1,-94.00,-5.00,11.00,11.00,35.00,13.00,12918809,429
39.02,1551330875,530.70,51.44553505,7.48935498,255.79,16.21,0.49,134.41,1,-97.00,-6.00,15.00,9.00,35.00,13.00,12918809,429
40.01,1551330876,546.79,51.44542220,7.48955457,257.89,16.96,0.76,133.80,1,-97.00,-6.00,15.00,9.00,35.00,13.00,12918809,429
41.02,1551330877,563.77,51.44532240,7.48974960,259.80,16.54,-0.42,132.69,1,-97.00,-6.00,15.00,9.00,35.00,13.00,12918809,429
42.01,1551330878,580.29,51.44522756,7.48994202,261.54,16.51,-0.03,132.07,1,-97.00,-6.00,13.00,10.00,35.00,13.00,12918809,429
43.02,1551330879,596.82,51.44514556,7.49012564,263.00,15.53,-0.98,130.59,1,-97.00,-6.00,13.00,10.00,35.00,13.00,12918809,429
44.01,1551330880,612.33,51.44506771,7.49030059,264.21,14.90,-0.62,129.79,1,-97.00,-6.00,12.00,11.00,34.00,13.00,12918809,429
45.01,1551330881,627.23,51.44498861,7.49048670,265.07,14.54,-0.37,128.97,1,-97.00,-6.00,12.00,11.00,34.00,13.00,12918809,429
46.01,1551330882,641.75,51.44492298,7.49064695,265.86,13.33,-1.21,128.20,1,-99.00,-6.00,10.00,9.00,31.00,13.00,12918809,429
47.01,1551330883,655.10,51.44485782,7.49080019,266.93,13.29,-0.04,128.43,1,-99.00,-6.00,10.00,9.00,31.00,13.00,12918809,429
48.01,1551330884,668.39,51.44480555,7.49094214,267.63,12.34,-0.95,127.11,1,-100.00,-6.00,12.00,14.00,32.00,13.00,12918809,429
49.01,1551330885,680.73,51.44475710,7.49107013,268.35,10.78,-1.56,126.23,1,-100.00,-6.00,12.00,14.00,32.00,13.00,12918809,429
50.01,1551330886,691.50,51.44470588,7.49119847,269.02,9.63,-1.15,126.91,1,-98.00,-6.00,18.00,2.00,37.00,13.00,12918809,429
51.01,1551330887,701.15,51.44466064,7.49130837,269.70,8.39,-1.24,126.11,1,-98.00,-6.00,18.00,2.00,37.00,13.00,12918809,429
52.01,1551330888,709.54,51.44462300,7.49140373,270.32,6.44,-1.95,126.80,1,-102.00,-7.00,14.00,2.00,30.00,13.00,12918809,429
53.01,1551330889,715.98,51.44458897,7.49147640,270.58,4.62,-1.82,129.26,1,-102.00,-7.00,14.00,2.00,30.00,13.00,12918809,429
54.01,1551330890,720.59,51.44456791,7.49152277,270.57,2.48,-2.13,132.23,1,-102.00,-7.00,13.00,2.00,30.00,13.00,12918809,429
55.01,1551330891,723.08,51.44456082,7.49154341,270.58,0.66,-1.82,132.23,1,-102.00,-7.00,13.00,2.00,30.00,13.00,12918809,429
56.01,1551330892,723.73,51.44456082,7.49154341,270.58,0.00,-0.66,132.23,1,-104.00,-7.00,12.00,2.00,28.00,13.00,12918809,429
57.01,1551330893,723.73,51.44456082,7.49154341,270.58,0.00,0.00,132.23,1,-104.00,-7.00,12.00,2.00,28.00,13.00,12918809,429
58.01,1551330894,723.73,51.44456082,7.49154341,270.58,0.00,0.00,132.23,1,-102.00,-6.00,13.00,10.00,30.00,7.00,12918809,429
59.01,1551330895,723.73,51.44456082,7.49154341,270.59,0.00,0.00,132.23,1,-102.00,-6.00,13.00,10.00,30.00,7.00,12918809,429
60.02,1551330896,723.73,51.44456082,7.49154341,270.59,0.00,0.00,132.23,1,-101.00,-7.00,16.00,10.00,31.00,7.00,12918809,429
61.02,1551330897,723.73,51.44456082,7.49154341,270.60,0.00,0.00,132.23,1,-101.00,-7.00,16.00,10.00,31.00,7.00,12918809,429
62.01,1551330898,723.73,51.44456082,7.49154341,270.62,0.00,0.00,132.23,1,-101.00,-7.00,16.00,10.00,31.00,7.00,12918809,429
63.01,1551330899,723.73,51.44456082,7.49154341,270.74,0.00,0.00,132.23,1,-100.00,-7.00,15.00,11.00,32.00,7.00,12918809,429
64.01,1551330900,723.73,51.44456082,7.49154341,270.84,0.00,0.00,119.08,1,-100.00,-7.00,15.00,11.00,32.00,7.00,12918809,429
65.01,1551330901,723.73,51.44456082,7.49154341,271.57,0.00,0.00,122.72,1,-99.00,-6.00,15.00,10.00,33.00,7.00,12918809,429
66.01,1551330902,723.73,51.44448439,7.49171208,272.05,6.01,0.00,151.60,1,-99.00,-6.00,15.00,10.00,33.00,7.00,12918809,429
67.01,1551330903,729.75,51.44441847,7.49171859,272.26,7.74,1.72,178.06,1,-94.00,-6.00,19.00,11.00,38.00,7.00,12918809,429
68.01,1551330904,737.49,51.44436106,7.49167861,272.08,8.61,0.87,201.08,1,-94.00,-6.00,19.00,11.00,38.00,7.00,12918809,429
69.01,1551330905,746.10,51.44430196,7.49160371,271.63,9.46,0.85,217.40,1,-89.00,-5.00,18.00,14.00,42.00,7.00,12918809,429
70.01,1551330906,755.55,51.44422910,7.49151028,270.98,10.78,1.33,217.00,1,-89.00,-5.00,18.00,14.00,42.00,7.00,12918809,429
71.01,1551330907,766.34,51.44414299,7.49140880,270.27,11.93,1.15,216.22,1,-89.00,-6.00,17.00,4.00,43.00,7.00,12918809,429
72.01,1551330908,778.27,51.44405012,7.49130696,269.06,12.55,0.62,215.39,1,-89.00,-6.00,17.00,4.00,43.00,7.00,12918809,429
73.01,1551330909,790.80,51.44394853,7.49119823,267.63,13.26,0.71,215.22,1,-83.00,-6.00,19.00,2.00,49.00,7.00,12918809,429
74.02,1551330910,804.11,51.44383679,7.49107725,265.94,14.56,1.29,214.78,1,-83.00,-6.00,19.00,2.00,49.00,7.00,12918809,429
75.01,1551330911,818.64,51.44372327,7.49094752,264.39,15.42,0.87,215.17,1,-79.00,-5.00,17.00,2.00,50.00,7.00,12918809,429
76.01,1551330912,834.06,51.44360366,7.49080567,263.28,15.89,0.47,215.56,1,-79.00,-5.00,17.00,2.00,50.00,7.00,12918809,429
77.01,1551330913,849.96,51.44348660,7.49065901,262.60,15.87,-0.02,216.34,1,-78.00,-6.00,19.00,2.00,52.00,7.00,12918809,429
78.01,1551330914,865.81,51.44337341,7.49051512,262.13,15.87,0.00,216.56,1,-78.00,-6.00,19.00,2.00,52.00,7.00,12918809,429
79.02,1551330915,881.71,51.44325928,7.49037407,262.06,15.78,-0.09,216.49,1,-82.00,-6.00,10.00,2.00,50.00,7.00,12918809,429
80.01,1551330916,897.48,51.44314740,7.49023658,262.18,15.75,-0.04,216.39,1,-82.00,-6.00,10.00,2.00,50.00,7.00,12918809,429
81.03,1551330917,913.41,51.44303381,7.49009979,262.39,15.74,-0.01,216.30,1,-85.00,-6.00,10.00,2.00,46.00,7.00,12918809,429
82.01,1551330918,928.96,51.44292102,7.48996836,262.69,15.79,0.05,216.34,1,-85.00,-6.00,10.00,2.00,46.00,7.00,12918809,429
83.01,1551330919,944.74,51.44280776,7.48983977,262.90,15.85,0.07,216.26,1,-85.00,-6.00,10.00,2.00,46.00,7.00,12918809,429
84.01,1551330920,960.60,51.44269604,7.48971092,262.79,15.85,-0.01,215.90,1,-86.00,-7.00,12.00,5.00,47.00,4.00,12918809,429
85.01,1551330921,976.43,51.44258090,7.48958127,262.57,15.87,0.02,215.16,1,-86.00,-7.00,12.00,5.00,47.00,4.00,12918809,429
86.02,1551330922,992.33,51.44246370,7.48944557,262.44,15.88,0.01,214.70,1,-81.00,-6.00,23.00,13.00,50.00,4.00,12918809,429
87.01,1551330923,1008.20,51.44234771,7.48931703,262.40,15.86,-0.02,214.88,1,-81.00,-6.00,23.00,13.00,50.00,4.00,12918809,429
88.01,1551330924,1024.06,51.44222823,7.48917788,262.46,15.65,-0.21,215.48,1,-84.00,-7.00,14.00,13.00,50.00,4.00,12918809,429
89.01,1551330925,1039.69,51.44212793,7.48904809,262.54,14.60,-1.05,217.31,1,-84.00,-7.00,14.00,13.00,50.00,4.00,12918809,429
90.01,1551330926,1054.31,51.44202295,7.48890622,263.47,15.23,0.63,218.44,1,-88.00,-8.00,14.00,12.00,46.00,4.00,12918809,429
91.01,1551330927,1069.49,51.44192615,7.48876705,264.79,14.81,-0.42,219.88,1,-88.00,-8.00,14.00,12.00,46.00,4.00,12918809,429
92.01,1551330928,1084.35,51.44183818,7.48862972,266.23,14.56,-0.25,222.64,1,-74.00,-6.00,20.00,14.00,59.00,4.00,12918809,429
93.01,1551330929,1098.88,51.44174630,7.48847352,267.88,14.54,-0.03,225.70,1,-74.00,-6.00,20.00,14.00,59.00,4.00,12918809,429
94.01,1551330930,1113.45,51.44165060,7.48830399,269.13,15.00,0.46,227.02,1,-82.00,-10.00,12.00,14.00,55.00,4.00,12918809,429
95.01,1551330931,1128.43,51.44156355,7.48813927,270.22,14.95,-0.05,228.86,1,-82.00,-10.00,12.00,14.00,55.00,4.00,12918809,429
96.01,1551330932,1143.40,51.44148211,7.48797250,270.87,14.85,-0.10,230.02,1,-79.00,-6.00,19.00,15.00,53.00,2.00,12918810,431
97.01,1551330933,1158.22,51.44139358,7.48779693,271.45,15.02,0.17,230.75,1,-79.00,-6.00,19.00,15.00,53.00,2.00,12918810,431
98.01,1551330934,1173.26,51.44130952,7.48762282,271.83,15.15,0.13,231.57,1,-80.00,-5.00,25.00,14.00,51.00,2.00,12918810,431
99.01,1551330935,1188.42,51.44122750,7.48744784,272.22,15.15,0.00,232.14,1,-80.00,-5.00,25.00,14.00,51.00,2.00,12918810,431
100.01,1551330936,1203.57,51.44114829,7.48727093,272.64,15.12,-0.03,232.67,1,-75.00,-5.00,30.00,15.00,54.00,2.00,12918810,431
101.01,1551330937,1218.68,51.44106923,7.48709222,272.84,15.11,-0.01,233.02,1,-75.00,-5.00,30.00,15.00,54.00,2.00,12918810,431
102.02,1551330938,1233.95,51.44099056,7.48691331,272.88,15.04,-0.07,232.91,1,-75.00,-6.00,38.00,15.00,57.00,2.00,12918810,431
103.01,1551330939,1248.82,51.44091302,7.48674207,273.05,14.93,-0.11,232.79,1,-75.00,-6.00,38.00,15.00,57.00,2.00,12918810,431
104.01,1551330940,1263.75,51.44083282,7.48656364,273.18,14.87,-0.06,231.99,1,-75.00,-6.00,38.00,15.00,57.00,2.00,12918810,431
105.01,1551330941,1278.62,51.44075763,7.48639744,273.33,14.93,0.06,232.36,1,-76.00,-5.00,27.00,15.00,55.00,2.00,12918810,431
106.01,1551330942,1293.56,51.44067987,7.48622715,273.32,15.20,0.27,233.35,1,-76.00,-5.00,27.00,15.00,55.00,2.00,12918810,431
107.01,1551330943,1308.76,51.44059718,7.48604037,273.44,15.02,-0.19,234.06,1,-74.00,-5.00,38.00,15.00,58.00,2.00,12918810,431
108.01,1551330944,1323.76,51.44051542,7.48585668,273.59,15.24,0.22,233.51,1,-74.00,-5.00,38.00,15.00,58.00,2.00,12918810,431
109.01,1551330945,1339.01,51.44043453,7.48568394,273.47,15.25,0.02,233.03,1,-78.00,-6.00,25.00,15.00,55.00,2.00,12918810,431
110.01,1551330946,1354.26,51.44035226,7.48550754,273.60,15.33,0.08,233.93,1,-78.00,-6.00,25.00,15.00,55.00,2.00,12918810,431
111.01,1551330947,1369.60,51.44027172,7.48533125,273.68,15.14,-0.19,233.91,1,-83.00,-8.00,10.00,13.00,52.00,2.00,12918810,431
112.02,1551330948,1384.80,51.44018961,7.48515432,273.49,15.46,0.32,233.54,1,-83.00,-8.00,10.00,13.00,52.00,2.00,12918810,431
113.02,1551330949,1400.21,51.44011036,7.48497619,273.38,15.45,-0.01,233.76,1,-81.00,-8.00,24.00,15.00,53.00,2.00,12918811,430
114.02,1551330950,1415.66,51.44002850,7.48479743,273.39,15.62,0.17,233.18,1,-81.00,-8.00,24.00,15.00,53.00,2.00,12918811,430
115.01,1551330951,1431.26,51.43994474,7.48461981,273.38,15.73,0.12,233.79,1,-77.00,-7.00,29.00,15.00,55.00,2.00,12918811,430
116.02,1551330952,1447.03,51.43985913,7.48443900,273.35,15.72,-0.01,232.87,1,-77.00,-7.00,29.00,15.00,55.00,2.00,12918811,430
117.01,1551330953,1462.72,51.43977163,7.48425653,272.70,15.93,0.21,232.51,1,-76.00,-6.00,18.00,15.00,57.00,2.00,12918811,430
118.01,1551330954,1478.65,51.43968679,7.48408057,272.44,16.11,0.18,233.02,1,-76.00,-6.00,18.00,15.00,57.00,2.00,12918811,430
119.01,1551330955,1494.75,51.43959637,7.48388876,273.00,15.88,-0.23,233.03,1,-78.00,-6.00,26.00,15.00,53.00,2.00,12918811,430
120.01,1551330956,1510.62,51.43951129,7.48369482,273.53,15.96,0.08,234.74,1,-78.00,-6.00,26.00,15.00,53.00,2.00,12918811,430
121.01,1551330957,1526.60,51.43943219,7.48350298,274.03,15.96,-0.01,236.06,1,-79.00,-5.00,29.00,15.00,52.00,2.00,12918811,430
122.01,1551330958,1542.51,51.43935214,7.48330185,274.89,16.07,0.11,236.90,1,-79.00,-5.00,29.00,15.00,52.00,2.00,12918811,430
123.02,1551330959,1558.77,51.43927452,7.48310096,275.51,16.13,0.06,238.29,1,-81.00,-10.00,26.00,14.00,55.00,2.00,12918811,430
124.01,1551330960,1574.75,51.43919765,7.48290349,276.41,15.95,-0.19,239.02,1,-81.00,-10.00,26.00,14.00,55.00,2.00,12918811,430
125.01,1551330961,1590.68,51.43912701,7.48270671,277.09,16.01,0.07,240.07,1,-81.00,-10.00,26.00,14.00,55.00,2.00,12918811,430
126.01,1551330962,1606.71,51.43905128,7.48249664,277.85,16.40,0.38,240.58,1,-85.00,-6.00,28.00,15.00,45.00,2.00,12918811,430
127.01,1551330963,1623.11,51.43898086,7.48228652,278.40,16.70,0.30,241.55,1,-85.00,-6.00,28.00,15.00,45.00,2.00,12918811,430
128.02,1551330964,1639.84,51.43891142,7.48208372,278.73,16.81,0.11,240.93,1,-92.00,-6.00,23.00,12.00,40.00,2.00,12918811,430
129.01,1551330965,1656.60,51.43884049,7.48187705,279.24,16.56,-0.25,241.86,1,-92.00,-6.00,23.00,12.00,40.00,2.00,12918811,430
130.02,1551330966,1673.20,51.43876800,7.48165909,280.20,16.49,-0.07,241.37,1,-95.00,-6.00,16.00,15.00,33.00,2.00,12918811,430
131.01,1551330967,1689.66,51.43869987,7.48145367,280.84,16.17,-0.32,240.90,1,-95.00,-6.00,16.00,15.00,33.00,2.00,12918811,430
132.01,1551330968,1705.84,51.43863269,7.48124714,281.61,16.44,0.27,241.24,1,-99.00,-7.00,12.00,10.00,31.00,2.00,12918811,430
133.01,1551330969,1722.23,51.43856839,7.48104412,282.29,16.49,0.05,241.11,1,-99.00,-7.00,12.00,10.00,31.00,2.00,12918811,430
134.01,1551330970,1738.78,51.43849752,7.48082627,282.89,16.58,0.08,241.36,1,-100.00,-7.00,8.00,13.00,30.00,2.00,12918811,430
135.02,1551330971,1755.37,51.43842724,7.48061451,283.50,16.81,0.23,242.04,1,-100.00,-7.00,8.00,13.00,30.00,2.00,12918811,430
136.01,1551330972,1772.16,51.43835102,7.48038829,284.36,16.75,-0.05,241.56,1,-101.00,-7.00,9.00,11.00,29.00,2.00,12918811,430
137.01,1551330973,1788.90,51.43828438,7.48018006,285.32,16.60,-0.16,241.08,1,-101.00,-7.00,9.00,11.00,29.00,2.00,12918811,430
138.02,1551330974,1805.53,51.43822036,7.47997806,286.24,16.39,-0.21,241.32,1,-105.00,-9.00,0.00,7.00,28.00,2.00,12918811,430
139.01,1551330975,1821.90,51.43815706,7.47978154,286.83,16.37,-0.02,240.92,1,-105.00,-9.00,0.00,7.00,28.00,2.00,12918811,430
140.02,1551330976,1838.31,51.43808896,7.47957976,287.29,16.35,-0.02,241.27,1,-106.00,-8.00,-1.00,2.00,30.00,2.00,12918811,430
141.01,1551330977,1854.63,51.43801904,7.47936988,288.04,16.50,0.15,241.64,1,-106.00,-8.00,-1.00,2.00,30.00,2.00,12918811,430
142.01,1551330978,1871.13,51.43795244,7.47917268,288.32,16.18,-0.32,241.35,1,-109.00,-9.00,0.00,2.00,25.00,2.00,12918811,430
143.01,1551330979,1887.31,51.43788080,7.47896165,289.13,15.95,-0.22,241.76,1,-109.00,-9.00,0.00,2.00,25.00,2.00,12918811,430
144.02,1551330980,1903.43,51.43780928,7.47874688,289.87,15.43,-0.52,242.56,1,-107.00,-10.00,3.00,2.00,25.00,2.00,12918811,430
145.02,1551330981,1918.72,51.43774067,7.47853907,290.12,15.78,0.35,242.56,1,-107.00,-10.00,3.00,2.00,25.00,2.00,12918811,430
146.02,1551330982,1934.50,51.43767401,7.47834201,289.80,15.09,-0.69,242.92,1,-107.00,-10.00,3.00,2.00,25.00,2.00,12918811,430
147.02,1551330983,1949.61,51.43760748,7.47813563,289.54,15.33,0.24,242.60,1,-108.00,-10.00,1.00,2.00,26.00,2.00,12918811,430
148.02,1551330984,1964.91,51.43754249,7.47793870,289.11,15.83,0.50,242.06,1,-108.00,-10.00,1.00,2.00,26.00,2.00,12918811,430
149.02,1551330985,1980.74,51.43747395,7.47773282,289.21,15.43,-0.40,241.71,1,-109.00,-10.00,-2.00,2.00,25.00,2.00,12918811,430
150.02,1551330986,1996.17,51.43740737,7.47751947,289.35,15.46,0.02,242.50,1,-109.00,-10.00,-2.00,2.00,25.00,2.00,12918811,430
151.02,1551330987,2011.63,51.43734704,7.47733269,289.31,14.80,-0.65,242.15,1,-110.00,-10.00,-1.00,2.00,25.00,2.00,12918811,430
152.02,1551330988,2026.43,51.43729056,7.47714009,289.56,13.88,-0.92,243.64,1,-110.00,-10.00,-1.00,2.00,25.00,2.00,12918811,430
153.01,1551330989,2040.26,51.43724057,7.47693537,289.91,14.24,0.36,247.15,1,-111.00,-11.00,4.00,2.00,25.00,2.00,12918811,430
154.02,1551330990,2054.60,51.43719751,7.47673305,289.87,13.41,-0.82,250.51,1,-111.00,-11.00,4.00,2.00,25.00,2.00,12918811,430
155.02,1551330991,2067.97,51.43719609,7.47654384,289.44,11.94,-1.48,270.07,1,-111.00,-10.00,9.00,2.00,25.00,2.00,12918811,430
156.02,1551330992,2079.92,51.43722028,7.47638435,288.95,10.29,-1.64,285.33,1,-111.00,-10.00,9.00,2.00,25.00,2.00,12918811,430
157.01,1551330993,2090.19,51.43727554,7.47627068,288.78,8.80,-1.50,313.13,1,-109.00,-8.00,14.00,2.00,25.00,12.00,12918811,430
158.01,1551330994,2098.99,51.43734838,7.47619065,288.20,8.82,0.02,333.12,1,-109.00,-8.00,14.00,2.00,25.00,12.00,12918811,430
159.01,1551330995,2107.81,51.43743394,7.47616250,287.86,9.51,0.69,355.12,1,-101.00,-6.00,11.00,10.00,31.00,12.00,12918811,430
160.01,1551330996,2117.32,51.43750015,7.47618749,287.62,9.79,0.28,16.51,1,-101.00,-6.00,11.00,10.00,31.00,12.00,12918811,430
161.01,1551330997,2127.10,51.43756862,7.47625594,287.43,10.07,0.29,36.32,1,-84.00,-5.00,28.00,14.00,46.00,12.00,12918811,430
162.01,1551330998,2137.18,51.43762693,7.47637998,286.91,10.89,0.82,56.08,1,-84.00,-5.00,28.00,14.00,46.00,12.00,12918811,430
163.01,1551330999,2148.07,51.43769399,7.47653511,286.17,12.14,1.25,55.20,1,-86.00,-5.00,28.00,14.00,46.00,12.00,12918811,430
164.01,1551331000,2160.21,51.43776200,7.47668899,285.51,13.47,1.33,54.26,1,-86.00,-5.00,28.00,14.00,46.00,12.00,12918811,430
165.02,1551331001,2173.80,51.43783843,7.47686282,284.79,14.77,1.30,53.82,1,-84.00,-5.00,31.00,15.00,48.00,12.00,12918811,430
166.01,1551331002,2188.44,51.43791682,7.47704014,284.15,15.62,0.85,53.84,1,-84.00,-5.00,31.00,15.00,48.00,12.00,12918811,430
167.01,1551331003,2204.06,51.43799854,7.47722726,283.49,15.69,0.07,54.60,1,-84.00,-5.00,31.00,15.00,48.00,12.00,12918811,430
168.01,1551331004,2219.73,51.43808345,7.47741920,283.02,16.87,1.19,55.38,1,-86.00,-6.00,29.00,15.00,47.00,12.00,12918811,430
169.01,1551331005,2236.61,51.43818180,7.47764717,282.52,18.80,1.92,55.78,1,-86.00,-6.00,29.00,15.00,47.00,12.00,12918811,430
170.01,1551331006,2255.42,51.43828122,7.47787695,282.10,19.50,0.70,56.37,1,-86.00,-5.00,27.00,15.00,45.00,12.00,12918811,430
171.01,1551331007,2274.92,51.43838373,7.47811525,282.45,20.16,0.66,55.60,1,-86.00,-5.00,27.00,15.00,45.00,12.00,12918811,430
172.01,1551331008,2295.09,51.43849197,7.47837076,282.73,20.63,0.47,56.46,1,-88.00,-4.00,22.00,2.00,44.00,12.00,12918811,430
173.01,1551331009,2315.72,51.43860436,7.47863633,282.83,21.02,0.39,56.89,1,-88.00,-4.00,22.00,2.00,44.00,12.00,12918811,430
174.01,1551331010,2336.74,51.43871811,7.47891695,283.01,21.96,0.94,57.90,1,-92.00,-6.00,22.00,2.00,40.00,12.00,12918811,430
175.01,1551331011,2358.70,51.43883865,7.47919647,283.53,23.33,1.37,56.33,1,-92.00,-6.00,22.00,2.00,40.00,12.00,12918811,430
176.01,1551331012,2382.00,51.43896043,7.47948385,283.67,24.23,0.91,56.21,1,-93.00,-6.00,22.00,2.00,38.00,12.00,12918811,430
177.01,1551331013,2406.24,51.43908829,7.47976854,283.61,24.84,0.61,54.60,1,-93.00,-6.00,22.00,2.00,38.00,12.00,12918811,430
178.01,1551331014,2431.10,51.43922187,7.48007358,283.22,25.67,0.82,54.94,1,-93.00,-5.00,20.00,2.00,38.00,12.00,12918811,430
179.01,1551331015,2456.77,51.43935287,7.48036776,282.76,25.32,-0.35,54.84,1,-93.00,-5.00,20.00,2.00,38.00,12.00,12918811,430
180.02,1551331016,2482.17,51.43948995,7.48066411,282.08,24.93,-0.38,53.27,1,-91.00,-5.00,22.00,2.00,40.00,12.00,12918811,430
181.01,1551331017,2507.03,51.43963081,7.48094788,281.33,24.15,-0.79,52.05,1,-91.00,-5.00,22.00,2.00,40.00,12.00,12918811,430
182.01,1551331018,2531.15,51.43977612,7.48123740,280.16,24.13,-0.02,51.48,1,-91.00,-5.00,23.00,2.00,40.00,6.00,12918811,430
183.01,1551331019,2555.30,51.43992330,7.48150450,279.26,24.32,0.20,50.02,1,-91.00,-5.00,23.00,2.00,40.00,6.00,12918811,430
184.01,1551331020,2579.60,51.44008101,7.48177758,278.49,24.55,0.23,48.12,1,-88.00,-6.00,24.00,13.00,44.00,6.00,12918811,430
185.01,1551331021,2604.15,51.44024189,7.48203644,277.78,24.94,0.39,45.67,1,-88.00,-6.00,24.00,13.00,44.00,6.00,12918811,430
186.02,1551331022,2629.31,51.44040174,7.48228128,277.21,24.76,-0.17,43.50,1,-87.00,-5.00,25.00,14.00,44.00,6.00,12918811,430
187.01,1551331023,2653.80,51.44055819,7.48251610,276.97,24.65,-0.11,42.06,1,-87.00,-5.00,25.00,14.00,44.00,6.00,12918811,430
188.01,1551331024,2678.50,51.44071082,7.48274982,276.72,24.53,-0.12,41.27,1,-87.00,-5.00,25.00,14.00,44.00,6.00,12918811,430
189.01,1551331025,2703.03,51.44086381,7.48298121,276.17,24.46,-0.07,41.08,1,-84.00,-6.00,23.00,15.00,47.00,6.00,12918811,430
190.01,1551331026,2727.49,51.44102132,7.48319944,275.63,24.48,0.02,40.41,1,-84.00,-6.00,23.00,15.00,47.00,6.00,12918811,430
191.01,1551331027,2752.00,51.44118404,7.48341907,275.29,24.49,0.01,38.93,1,-80.00,-6.00,29.00,15.00,50.00,6.00,12918811,430
192.01,1551331028,2776.46,51.44136054,7.48361954,274.82,24.51,0.02,34.94,1,-80.00,-6.00,29.00,15.00,50.00,6.00,12918811,430
193.01,1551331029,2800.97,51.44153960,7.48381380,274.26,24.64,0.13,33.77,1,-79.00,-6.00,28.00,15.00,53.00,6.00,12918811,430
194.01,1551331030,2825.61,51.44173027,7.48400495,273.95,24.84,0.21,31.83,1,-79.00,-6.00,28.00,15.00,53.00,6.00,12918811,430
195.01,1551331031,2850.48,51.44192102,7.48418705,273.59,24.97,0.13,30.50,1,-78.00,-6.00,28.00,15.00,54.00,6.00,12918811,430
196.01,1551331032,2875.45,51.44211614,7.48435255,273.02,25.18,0.20,27.43,1,-78.00,-6.00,28.00,15.00,54.00,6.00,12918811,430
197.01,1551331033,2900.60,51.44231438,7.48452129,272.39,25.22,0.04,26.86,1,-73.00,-5.00,26.00,15.00,57.00,6.00,12918811,430
198.01,1551331034,2925.85,51.44251064,7.48468057,271.74,24.95,-0.26,26.07,1,-73.00,-5.00,26.00,15.00,57.00,6.00,12918811,430
199.01,1551331035,2950.80,51.44270874,7.48483040,271.26,24.82,-0.14,25.26,1,-82.00,-10.00,5.00,2.00,53.00,6.00,12918811,430
200.01,1551331036,2975.62,51.44291136,7.48497372,270.85,24.63,-0.18,24.53,1,-82.00,-10.00,5.00,2.00,53.00,6.00,12918811,430
201.02,1551331037,3000.28,51.44311073,7.48511611,270.44,24.54,-0.10,23.85,1,-82.00,-8.00,4.00,2.00,52.00,6.00,12918811,430
202.01,1551331038,3024.79,51.44331278,7.48525524,270.05,24.52,-0.02,23.50,1,-82.00,-8.00,4.00,2.00,52.00,6.00,12918811,430
203.02,1551331039,3049.34,51.44351443,7.48539612,269.79,23.79,-0.73,23.08,1,-75.00,-7.00,7.00,2.00,59.00,6.00,12918809,429
204.02,1551331040,3073.13,51.44370520,7.48552368,269.56,22.73,-1.06,22.23,1,-75.00,-7.00,7.00,2.00,59.00,6.00,12918809,429
205.01,1551331041,3095.83,51.44388454,7.48564081,269.23,21.30,-1.42,21.81,1,-75.00,-6.00,30.00,2.00,59.00,6.00,12918809,429
206.02,1551331042,3117.16,51.44405270,7.48574987,268.83,19.74,-1.57,22.08,1,-75.00,-6.00,30.00,2.00,59.00,6.00,12918809,429
207.02,1551331043,3137.01,51.44420700,7.48585038,268.41,18.04,-1.69,22.49,1,-72.00,-6.00,33.00,15.00,61.00,4.00,12918809,429
208.02,1551331044,3154.94,51.44433989,7.48594084,267.75,16.21,-1.84,23.67,1,-72.00,-6.00,33.00,15.00,61.00,4.00,12918809,429
209.01,1551331045,3171.11,51.44446323,7.48603888,267.11,14.56,-1.66,27.24,1,-72.00,-6.00,33.00,15.00,61.00,4.00,12918809,429
210.01,1551331046,3185.67,51.44457009,7.48617738,266.30,14.17,-0.39,42.58,1,-71.00,-5.00,39.00,15.00,61.00,4.00,12918809,429
211.01,1551331047,3199.85,51.44466158,7.48631672,265.25,14.13,-0.04,45.14,1,-71.00,-5.00,39.00,15.00,61.00,4.00,12918809,429
212.01,1551331048,3213.98,51.44471652,7.48649822,264.21,13.76,-0.37,66.75,1,-75.00,-5.00,38.00,15.00,56.00,4.00,12918809,429
213.01,1551331049,3227.74,51.44473464,7.48670053,263.28,13.98,0.22,84.11,1,-75.00,-5.00,38.00,15.00,56.00,4.00,12918809,429
214.01,1551331050,3241.71,51.44471705,7.48689963,262.63,14.09,0.11,98.82,1,-78.00,-5.00,37.00,14.00,54.00,4.00,12918809,429
215.01,1551331051,3255.80,51.44466727,7.48708432,262.06,14.43,0.33,113.58,1,-78.00,-5.00,37.00,14.00,54.00,4.00,12918809,429
216.01,1551331052,3270.23,51.44459390,7.48725706,261.59,13.88,-0.54,126.28,1,-79.00,-6.00,37.00,14.00,52.00,4.00,12918809,429
217.01,1551331053,3284.13,51.44451296,7.48741756,261.36,13.76,-0.12,129.54,1,-79.00,-6.00,37.00,14.00,52.00,4.00,12918809,429
218.01,1551331054,3297.88,51.44441156,7.48754462,261.14,14.68,0.92,130.87,1,-67.00,-5.00,34.00,2.00,63.00,4.00,12918809,429
219.01,1551331055,3312.56,51.44427073,7.48756557,261.01,15.04,0.36,174.91,1,-67.00,-5.00,34.00,2.00,63.00,4.00,12918809,429
220.01,1551331056,3327.59,51.44413212,7.48752586,260.88,14.58,-0.46,192.33,1,-64.00,-5.00,34.00,15.00,63.00,4.00,12918809,429
221.01,1551331057,3342.17,51.44400954,7.48742805,261.21,14.55,-0.02,211.35,1,-64.00,-5.00,34.00,15.00,63.00,4.00,12918809,429
222.01,1551331058,3356.72,51.44391955,7.48728462,261.42,14.29,-0.26,230.04,1,-64.00,-6.00,35.00,14.00,63.00,4.00,12918809,429
223.01,1551331059,3370.97,51.44383927,7.48712476,261.41,14.87,0.58,234.13,1,-64.00,-6.00,35.00,14.00,63.00,4.00,12918809,429
224.01,1551331060,3385.89,51.44381021,7.48692165,261.54,15.33,0.46,257.90,1,-71.00,-5.00,33.00,14.00,62.00,4.00,12918809,429
225.02,1551331061,3401.25,51.44378145,7.48669358,261.53,15.94,0.60,260.62,1,-71.00,-5.00,33.00,14.00,62.00,4.00,12918809,429
226.01,1551331062,3417.16,51.44376413,7.48645253,261.75,16.68,0.75,262.78,1,-76.00,-6.00,30.00,15.00,56.00,4.00,12918809,429
227.01,1551331063,3433.86,51.44375180,7.48620256,261.96,17.69,1.01,264.41,1,-76.00,-6.00,30.00,15.00,56.00,4.00,12918809,429
228.02,1551331064,3451.71,51.44374372,7.48593054,262.06,18.79,1.09,265.44,1,-78.00,-6.00,29.00,2.00,56.00,4.00,12918809,429
229.02,1551331065,3470.35,51.44373598,7.48564339,262.03,19.03,0.25,266.60,1,-78.00,-6.00,29.00,2.00,56.00,4.00,12918809,429
230.01,1551331066,3489.35,51.44372796,7.48534933,260.96,18.80,-0.23,266.09,1,-78.00,-6.00,29.00,2.00,56.00,4.00,12918809,429
231.01,1551331067,3508.15,51.44370762,7.48507442,259.52,19.41,0.61,263.08,1,-80.00,-5.00,18.00,2.00,51.00,4.00,12918809,429
232.01,1551331068,3527.56,51.44368455,7.48476259,258.53,21.47,2.06,264.08,1,-80.00,-5.00,18.00,2.00,51.00,4.00,12918809,429
233.01,1551331069,3549.03,51.44367594,7.48441935,257.95,23.61,2.13,266.32,1,-86.00,-6.00,14.00,2.00,45.00,4.00,12918809,429
234.01,1551331070,3572.66,51.44368758,7.48407159,257.58,24.12,0.52,269.11,1,-86.00,-6.00,14.00,2.00,45.00,4.00,12918809,429
235.01,1551331071,3596.78,51.44369275,7.48372040,257.44,24.64,0.51,268.53,1,-85.00,-6.00,10.00,2.00,46.00,4.00,12918809,429
236.01,1551331072,3621.42,51.44369539,7.48335885,257.44,25.47,0.83,269.14,1,-85.00,-6.00,10.00,2.00,46.00,4.00,12918809,429
237.01,1551331073,3646.88,51.44369314,7.48300516,257.45,25.97,0.50,267.76,1,-81.00,-8.00,12.00,2.00,52.00,4.00,12918809,429
238.02,1551331074,3672.88,51.44369120,7.48261751,257.45,26.53,0.56,267.15,1,-81.00,-8.00,12.00,2.00,52.00,4.00,12918809,429
239.01,1551331075,3699.38,51.44368451,7.48223312,257.41,27.00,0.47,266.74,1,-83.00,-7.00,4.00,6.00,48.00,4.00,12918811,430
240.01,1551331076,3726.36,51.44367605,7.48184067,257.50,27.50,0.50,266.44,1,-83.00,-7.00,4.00,6.00,48.00,4.00,12918811,430
241.01,1551331077,3753.85,51.44366587,7.48144734,257.52,27.98,0.48,266.15,1,-90.00,-7.00,22.00,10.00,42.00,4.00,12918811,430
242.01,1551331078,3781.80,51.44365327,7.48104219,257.59,28.50,0.52,265.86,1,-90.00,-7.00,22.00,10.00,42.00,4.00,12918811,430
243.01,1551331079,3810.27,51.44363288,7.48063013,257.69,29.04,0.54,265.00,1,-90.00,-10.00,15.00,11.00,46.00,4.00,12918811,430
244.01,1551331080,3839.31,51.44360900,7.48021536,257.83,29.62,0.58,264.25,1,-90.00,-10.00,15.00,11.00,46.00,4.00,12918811,430
245.01,1551331081,3868.98,51.44357251,7.47978776,257.99,30.09,0.47,262.80,1,-87.00,-7.00,24.00,14.00,45.00,4.00,12918811,430
246.01,1551331082,3899.10,51.44353468,7.47935396,258.14,30.72,0.63,262.23,1,-87.00,-7.00,24.00,14.00,45.00,4.00,12918811,430
247.01,1551331083,3929.82,51.44349739,7.47890632,258.13,31.15,0.43,262.08,1,-85.00,-6.00,22.00,12.00,46.00,4.00,12918811,430
248.01,1551331084,3960.97,51.44346074,7.47845347,258.01,31.32,0.17,262.58,1,-85.00,-6.00,22.00,12.00,46.00,4.00,12918811,430
249.02,1551331085,3992.54,51.44342418,7.47800572,257.71,30.78,-0.54,262.50,1,-84.00,-5.00,24.00,11.00,47.00,4.00,12918811,430
250.02,1551331086,4023.10,51.44338819,7.47756847,257.26,30.43,-0.34,262.86,1,-84.00,-5.00,24.00,11.00,47.00,4.00,12918811,430
251.01,1551331087,4053.47,51.44335028,7.47713368,256.79,30.58,0.14,262.56,1,-84.00,-5.00,24.00,11.00,47.00,4.00,12918811,430
252.01,1551331088,4084.08,51.44331169,7.47670179,256.29,30.51,-0.07,261.82,1,-86.00,-6.00,19.00,11.00,44.00,4.00,12918811,430
253.01,1551331089,4114.49,51.44327087,7.47625575,255.75,30.52,0.02,261.33,1,-86.00,-6.00,19.00,11.00,44.00,4.00,12918811,430
254.01,1551331090,4145.11,51.44323149,7.47581271,255.13,30.44,-0.08,260.59,1,-79.00,-4.00,18.00,2.00,51.00,4.00,12918811,430
255.01,1551331091,4175.55,51.44318760,7.47539669,254.32,30.25,-0.19,260.00,1,-79.00,-4.00,18.00,2.00,51.00,4.00,12918811,430
256.01,1551331092,4205.77,51.44313601,7.47497867,253.31,30.08,-0.18,258.86,1,-80.00,-6.00,24.00,2.00,49.00,4.00,12918811,430
257.01,1551331093,4235.85,51.44308312,7.47456398,252.32,30.06,-0.01,259.02,1,-80.00,-6.00,24.00,2.00,49.00,4.00,12918811,430
258.01,1551331094,4265.91,51.44303035,7.47414319,251.30,29.83,-0.23,258.04,1,-86.00,-6.00,4.00,2.00,45.00,4.00,12918811,430
259.01,1551331095,4295.74,51.44297461,7.47373759,250.33,29.05,-0.78,257.73,1,-86.00,-6.00,4.00,2.00,45.00,4.00,12918811,430
260.01,1551331096,4324.82,51.44292241,7.47334055,249.30,28.10,-0.95,257.94,1,-97.00,-8.00,5.00,2.00,37.00,4.00,12918811,430
261.01,1551331097,4352.92,51.44287047,7.47294556,248.26,27.84,-0.26,258.72,1,-97.00,-8.00,5.00,2.00,37.00,4.00,12918811,430
262.02,1551331098,4380.79,51.44282567,7.47255736,247.22,27.78,-0.06,258.83,1,-101.00,-8.00,0.00,2.00,32.00,4.00,12918811,430
263.01,1551331099,4408.51,51.44278185,7.47217077,246.20,27.39,-0.39,258.48,1,-101.00,-8.00,0.00,2.00,32.00,4.00,12918811,430
264.01,1551331100,4435.92,51.44273773,7.47178695,245.20,27.14,-0.24,258.13,1,-103.00,-8.00,2.00,2.00,29.00,4.00,12918811,430
265.01,1551331101,4463.06,51.44269150,7.47140365,244.20,27.32,0.17,258.30,1,-103.00,-8.00,2.00,2.00,29.00,4.00,12918811,430
266.01,1551331102,4490.38,51.44263470,7.47101594,243.23,27.86,0.54,256.57,1,-106.00,-8.00,2.00,2.00,27.00,4.00,12918811,430
267.01,1551331103,4518.24,51.44257733,7.47062541,242.40,27.81,-0.04,256.43,1,-106.00,-8.00,2.00,2.00,27.00,4.00,12918811,430
268.01,1551331104,4546.05,51.44251687,7.47023438,241.59,27.81,-0.00,256.39,1,-107.00,-9.00,5.00,2.00,27.00,4.00,12918811,430
269.01,1551331105,4573.86,51.44245744,7.46984234,240.70,28.15,0.34,256.95,1,-107.00,-9.00,5.00,2.00,27.00,4.00,12918811,430
270.02,1551331106,4602.29,51.44239875,7.46945121,239.76,28.25,0.10,257.33,1,-108.00,-8.00,2.00,2.00,26.00,4.00,12918811,430
271.02,1551331107,4630.28,51.44234477,7.46905827,238.79,28.00,-0.25,257.90,1,-108.00,-8.00,2.00,2.00,26.00,4.00,12918811,430
272.02,1551331108,4658.28,51.44229482,7.46866475,237.82,27.93,-0.07,257.95,1,-108.00,-8.00,2.00,2.00,26.00,4.00,12918811,430
273.01,1551331109,4686.18,51.44224620,7.46827200,236.85,28.09,0.15,258.46,1,-109.00,-9.00,0.00,2.00,24.00,4.00,12918811,430
274.02,1551331110,4714.33,51.44219560,7.46787841,235.89,28.13,0.04,258.44,1,-109.00,-9.00,0.00,2.00,24.00,4.00,12918811,430
275.02,1551331111,4742.60,51.44214594,7.46747295,235.10,28.19,0.06,258.81,1,-110.00,-9.00,1.00,2.00,24.00,4.00,12918811,430
276.02,1551331112,4770.65,51.44210239,7.46706708,234.38,28.12,-0.07,259.18,1,-110.00,-9.00,1.00,2.00,24.00,4.00,12918811,430
277.02,1551331113,4798.77,51.44205891,7.46667078,233.72,28.01,-0.11,259.31,1,-111.00,-9.00,-2.00,2.00,24.00,4.00,12918811,430
278.02,1551331114,4826.75,51.44201438,7.46628942,233.08,27.69,-0.32,259.85,1,-111.00,-9.00,-2.00,2.00,24.00,4.00,12918811,430
279.02,1551331115,4854.47,51.44197253,7.46589904,232.36,27.70,0.01,260.24,1,-110.00,-9.00,-4.00,2.00,25.00,4.00,12918811,430
280.02,1551331116,4882.14,51.44192967,7.46551078,231.65,27.86,0.16,260.69,1,-110.00,-9.00,-4.00,2.00,25.00,4.00,12918811,430
281.02,1551331117,4910.03,51.44189087,7.46511747,231.00,27.85,-0.01,261.25,1,-107.00,-8.00,4.00,2.00,27.00,4.00,12897050,118
282.02,1551331118,4937.87,51.44185428,7.46471121,230.41,27.87,0.02,261.56,1,-107.00,-8.00,4.00,2.00,27.00,4.00,12897050,118
283.01,1551331119,4965.68,51.44181875,7.46432529,229.83,27.38,-0.49,261.78,1,-107.00,-9.00,2.00,2.00,28.00,4.00,12897050,118
284.02,1551331120,4993.09,51.44178738,7.46394032,229.28,26.99,-0.38,262.51,1,-107.00,-9.00,2.00,2.00,28.00,4.00,12897050,118
285.02,1551331121,5020.11,51.44175958,7.46355955,228.78,26.60,-0.39,263.04,1,-107.00,-9.00,4.00,2.00,27.00,4.00,12897050,118
286.02,1551331122,5046.71,51.44173071,7.46317875,228.34,26.45,-0.15,263.42,1,-107.00,-9.00,4.00,2.00,27.00,4.00,12897050,118
287.02,1551331123,5073.16,51.44170873,7.46279599,227.93,26.40,-0.05,263.84,1,-108.00,-10.00,5.00,2.00,27.00,4.00,12897050,118
288.02,1551331124,5099.53,51.44168580,7.46240368,227.65,26.55,0.16,264.39,1,-108.00,-10.00,5.00,2.00,27.00,4.00,12897050,118
289.02,1551331125,5126.16,51.44166120,7.46202797,227.37,26.84,0.28,264.80,1,-107.00,-9.00,7.00,2.00,28.00,4.00,12897050,118
290.02,1551331126,5152.92,51.44164248,7.46165623,226.97,26.43,-0.41,265.21,1,-107.00,-9.00,7.00,2.00,28.00,4.00,12897050,118
291.02,1551331127,5179.59,51.44162559,7.46126736,226.65,26.58,0.14,265.75,1,-105.00,-8.00,5.00,2.00,30.00,4.00,12897050,118
292.02,1551331128,5205.98,51.44160977,7.46087042,226.39,26.81,0.24,266.02,1,-105.00,-8.00,5.00,2.00,30.00,4.00,12897050,118
293.01,1551331129,5232.72,51.44159908,7.46047851,226.11,27.06,0.25,266.47,1,-105.00,-8.00,5.00,2.00,30.00,4.00,12897050,118
294.02,1551331130,5259.89,51.44158725,7.46007817,225.92,27.67,0.60,267.03,1,-104.00,-9.00,4.00,2.00,30.00,4.00,12897050,118
295.02,1551331131,5287.50,51.44157887,7.45967086,225.78,28.25,0.59,267.52,1,-104.00,-9.00,4.00,2.00,30.00,4.00,12897050,118
296.02,1551331132,5315.75,51.44157260,7.45925385,225.65,29.04,0.79,268.29,1,-97.00,-7.00,16.00,2.00,37.00,4.00,14301721,72
297.02,1551331133,5344.76,51.44156641,7.45882378,225.67,29.59,0.55,268.35,1,-97.00,-7.00,16.00,2.00,37.00,4.00,14301721,72
298.01,1551331134,5374.29,51.44156686,7.45839272,225.52,30.29,0.70,268.83,1,-92.00,-6.00,19.00,2.00,41.00,4.00,14301721,72
299.01,1551331135,5404.58,51.44156613,7.45795850,225.19,30.97,0.68,269.45,1,-92.00,-6.00,19.00,2.00,41.00,4.00,14301721,72
300.01,1551331136,5435.58,51.44156593,7.45750825,224.93,31.49,0.52,269.81,1,-85.00,-6.00,20.00,2.00,47.00,4.00,14301721,72
301.01,1551331137,5467.07,51.44157294,7.45704506,224.81,32.06,0.57,270.51,1,-85.00,-6.00,20.00,2.00,47.00,4.00,14301721,72
302.01,1551331138,5499.09,51.44157803,7.45657324,224.85,32.55,0.49,270.09,1,-84.00,-6.00,24.00,2.00,47.00,4.00,14301721,72
303.01,1551331139,5531.64,51.44158273,7.45610032,224.81,33.23,0.68,271.07,1,-84.00,-6.00,24.00,2.00,47.00,4.00,14301721,72
304.02,1551331140,5564.94,51.44158877,7.45562959,224.81,33.50,0.27,271.57,1,-82.00,-5.00,23.00,15.00,50.00,13.00,14301721,72
305.02,1551331141,5598.44,51.44159738,7.45514474,224.96,33.95,0.44,271.32,1,-82.00,-5.00,23.00,15.00,50.00,13.00,14301721,72
306.01,1551331142,5632.35,51.44160715,7.45465167,225.26,34.35,0.40,272.44,1,-82.00,-5.00,36.00,14.00,49.00,13.00,14301721,72
307.01,1551331143,5666.70,51.44162610,7.45415768,225.20,34.73,0.38,273.50,1,-82.00,-5.00,36.00,14.00,49.00,13.00,14301721,72
308.01,1551331144,5701.29,51.44164577,7.45364986,224.92,35.08,0.35,274.50,1,-80.00,-6.00,25.00,15.00,53.00,13.00,14301721,72
309.01,1551331145,5736.47,51.44167111,7.45314883,224.59,35.42,0.34,274.71,1,-80.00,-6.00,25.00,15.00,53.00,13.00,14301721,72
310.01,1551331146,5771.89,51.44169792,7.45264301,224.64,35.65,0.23,275.35,1,-80.00,-6.00,25.00,15.00,52.00,13.00,14301721,72
311.01,1551331147,5807.58,51.44172702,7.45212895,224.77,35.58,-0.07,275.70,1,-80.00,-6.00,25.00,15.00,52.00,13.00,14301721,72
312.02,1551331148,5843.44,51.44176266,7.45162646,224.82,35.01,-0.57,276.15,1,-79.00,-5.00,40.00,15.00,53.00,13.00,14301721,72
313.01,1551331149,5878.13,51.44180083,7.45111955,224.77,34.97,-0.03,276.94,1,-79.00,-5.00,40.00,15.00,53.00,13.00,14301721,72
314.01,1551331150,5913.00,51.44184120,7.45062125,224.40,35.06,0.09,277.46,1,-79.00,-5.00,40.00,15.00,53.00,13.00,14301721,72
315.01,1551331151,5948.20,51.44188149,7.45012681,224.05,35.07,0.01,277.92,1,-78.00,-5.00,39.00,15.00,54.00,13.00,14301721,72
316.01,1551331152,5983.24,51.44192456,7.44963204,223.64,34.81,-0.26,278.39,1,-78.00,-5.00,39.00,15.00,54.00,13.00,14301721,72
317.01,1551331153,6018.09,51.44197463,7.44914158,223.34,34.32,-0.50,279.18,1,-80.00,-5.00,39.00,15.00,51.00,13.00,14301721,72
318.01,1551331154,6052.37,51.44202399,7.44865663,223.18,33.77,-0.55,278.96,1,-80.00,-5.00,39.00,15.00,51.00,13.00,14301721,72
319.01,1551331155,6086.10,51.44207224,7.44818032,223.06,33.48,-0.29,279.56,1,-78.00,-6.00,39.00,15.00,52.00,13.00,14301721,72
320.01,1551331156,6119.61,51.44212118,7.44770298,222.88,33.53,0.05,280.12,1,-78.00,-6.00,39.00,15.00,52.00,13.00,14301721,72
321.01,1551331157,6153.14,51.44217795,7.44722681,222.62,33.56,0.03,280.71,1,-76.00,-5.00,38.00,15.00,54.00,13.00,14301721,72
322.01,1551331158,6186.74,51.44223806,7.44676268,222.20,33.71,0.15,281.72,1,-76.00,-5.00,38.00,15.00,54.00,13.00,14301721,72
323.02,1551331159,6220.49,51.44230226,7.44628493,221.76,33.72,0.00,282.01,1,-68.00,-5.00,34.00,15.00,63.00,13.00,14301721,72
324.01,1551331160,6254.14,51.44236762,7.44580833,221.30,33.95,0.24,282.66,1,-68.00,-5.00,34.00,15.00,63.00,13.00,14301721,72
325.01,1551331161,6288.12,51.44244160,7.44532863,220.81,34.27,0.32,283.19,1,-70.00,-6.00,40.00,15.00,62.00,13.00,14301721,72
326.01,1551331162,6322.35,51.44251718,7.44484165,220.36,34.62,0.35,283.41,1,-70.00,-6.00,40.00,15.00,62.00,13.00,14301721,72
327.01,1551331163,6357.01,51.44259751,7.44435915,219.91,35.19,0.56,284.76,1,-66.00,-5.00,29.00,2.00,63.00,13.00,14301721,72
328.01,1551331164,6392.20,51.44268192,7.44385301,219.20,35.51,0.32,285.57,1,-66.00,-5.00,29.00,2.00,63.00,13.00,14301721,72
329.02,1551331165,6427.82,51.44276505,7.44335454,218.58,35.44,-0.07,285.57,1,-69.00,-5.00,26.00,2.00,63.00,13.00,14301721,72
330.01,1551331166,6463.08,51.44284913,7.44287356,218.12,35.10,-0.34,286.11,1,-69.00,-5.00,26.00,2.00,63.00,13.00,14301721,72
331.01,1551331167,6498.25,51.44293458,7.44239045,217.77,35.11,0.00,286.32,1,-77.00,-6.00,23.00,15.00,55.00,1.00,14301721,72
332.01,1551331168,6533.32,51.44301889,7.44191133,217.36,35.17,0.07,286.39,1,-77.00,-6.00,23.00,15.00,55.00,1.00,14301721,72
333.02,1551331169,6568.63,51.44310493,7.44142670,217.12,35.20,0.03,286.76,1,-80.00,-7.00,10.00,12.00,54.00,1.00,14301721,72
334.02,1551331170,6603.84,51.44319714,7.44094975,216.79,35.03,-0.17,287.18,1,-80.00,-7.00,10.00,12.00,54.00,1.00,14301721,72
335.02,1551331171,6639.07,51.44328625,7.44047631,216.73,34.93,-0.10,287.83,1,-69.00,-5.00,3.00,6.00,62.00,1.00,14301723,74
336.01,1551331172,6673.65,51.44337614,7.43999369,216.93,35.07,0.15,287.84,1,-69.00,-5.00,3.00,6.00,62.00,1.00,14301723,74
337.01,1551331173,6708.76,51.44347218,7.43951329,217.15,35.05,-0.03,288.39,1,-69.00,-5.00,3.00,6.00,62.00,1.00,14301723,74
338.01,1551331174,6743.78,51.44357337,7.43902911,217.41,35.15,0.10,289.35,1,-72.00,-5.00,30.00,15.00,58.00,1.00,14301723,74
339.01,1551331175,6778.92,51.44368108,7.43855443,217.67,35.26,0.11,289.65,1,-72.00,-5.00,30.00,15.00,58.00,1.00,14301723,74
340.01,1551331176,6814.21,51.44378900,7.43807319,217.56,35.34,0.08,289.84,1,-66.00,-5.00,30.00,15.00,63.00,1.00,14301723,74
341.01,1551331177,6849.51,51.44390150,7.43759868,217.18,34.94,-0.39,290.84,1,-66.00,-5.00,30.00,15.00,63.00,1.00,14301723,74
342.01,1551331178,6884.46,51.44401494,7.43712425,216.34,34.80,-0.15,291.15,1,-74.00,-5.00,25.00,10.00,56.00,1.00,14301723,74
343.01,1551331179,6919.25,51.44413306,7.43665660,215.27,35.12,0.32,291.97,1,-74.00,-5.00,25.00,10.00,56.00,1.00,14301723,74
344.01,1551331180,6954.37,51.44425022,7.43619987,214.05,34.99,-0.13,292.01,1,-80.00,-5.00,30.00,12.00,51.00,1.00,14301723,74
345.01,1551331181,6989.39,51.44437717,7.43574052,212.82,35.02,0.03,293.78,1,-80.00,-5.00,30.00,12.00,51.00,1.00,14301723,74
346.01,1551331182,7024.41,51.44450561,7.43528075,211.76,35.07,0.05,293.69,1,-82.00,-6.00,22.00,2.00,49.00,1.00,14301723,74
347.01,1551331183,7059.48,51.44463793,7.43481314,210.66,35.12,0.06,294.71,1,-82.00,-6.00,22.00,2.00,49.00,1.00,14301723,74
348.02,1551331184,7094.63,51.44477550,7.43435916,209.60,35.10,-0.02,295.61,1,-81.00,-6.00,26.00,2.00,50.00,1.00,14301723,74
349.01,1551331185,7129.66,51.44491362,7.43389684,208.16,35.02,-0.08,295.70,1,-81.00,-6.00,26.00,2.00,50.00,1.00,14301723,74
350.01,1551331186,7164.69,51.44505632,7.43343976,206.51,35.01,-0.02,296.97,1,-84.00,-6.00,25.00,2.00,48.00,1.00,14301723,74
351.01,1551331187,7199.73,51.44519944,7.43298633,205.01,34.75,-0.26,297.11,1,-84.00,-6.00,25.00,2.00,48.00,1.00,14301723,74
352.01,1551331188,7234.48,51.44535947,7.43255048,203.48,34.92,0.17,299.50,1,-86.00,-5.00,24.00,2.00,44.00,1.00,14301723,74
353.01,1551331189,7269.36,51.44552755,7.43212489,202.05,35.09,0.17,301.64,1,-86.00,-5.00,24.00,2.00,44.00,1.00,14301723,74
354.01,1551331190,7304.49,51.44570627,7.43169634,200.96,35.42,0.33,303.06,1,-86.00,-5.00,25.00,2.00,44.00,1.00,14301723,74
355.01,1551331191,7339.91,51.44589568,7.43126918,200.00,35.68,0.26,304.53,1,-86.00,-5.00,25.00,2.00,44.00,1.00,14301723,74
356.02,1551331192,7375.90,51.44608278,7.43085047,199.08,35.46,-0.22,305.30,1,-85.00,-6.00,19.00,2.00,46.00,1.00,14301723,74
357.01,1551331193,7411.04,51.44628974,7.43044311,198.40,35.61,0.16,308.36,1,-85.00,-6.00,19.00,2.00,46.00,1.00,14301723,74
358.01,1551331194,7446.62,51.44649882,7.43005171,197.58,35.54,-0.07,310.05,1,-85.00,-6.00,19.00,2.00,46.00,1.00,14301723,74
359.02,1551331195,7482.31,51.44671245,7.42965756,196.48,35.58,0.03,310.53,1,-93.00,-5.00,18.00,13.00,35.00,12.00,14301723,74
360.02,1551331196,7517.81,51.44693091,7.42928518,195.10,35.55,-0.03,312.48,1,-93.00,-5.00,18.00,13.00,35.00,12.00,14301723,74
361.01,1551331197,7553.32,51.44715037,7.42892623,193.66,35.51,-0.04,313.80,1,-97.00,-6.00,14.00,10.00,35.00,12.00,14301723,74
362.01,1551331198,7588.83,51.44738168,7.42855044,192.21,35.51,0.00,314.65,1,-97.00,-6.00,14.00,10.00,35.00,12.00,14301723,74
363.02,1551331199,7624.45,51.44760923,7.42820034,190.86,35.47,-0.04,315.62,1,-99.00,-6.00,10.00,11.00,32.00,12.00,14301723,74
364.01,1551331200,7659.67,51.44784072,7.42785627,189.56,35.57,0.10,317.15,1,-99.00,-6.00,10.00,11.00,32.00,12.00,14301723,74
365.01,1551331201,7695.28,51.44807688,7.42750936,188.45,35.99,0.42,318.03,1,-99.00,-11.00,10.00,15.00,30.00,12.00,14301723,74
366.01,1551331202,7731.38,51.44832616,7.42718341,187.36,36.18,0.19,320.50,1,-99.00,-11.00,10.00,15.00,30.00,12.00,14301723,74
367.02,1551331203,7767.63,51.44858629,7.42686811,186.33,36.44,0.26,322.32,1,-106.00,-7.00,8.00,12.00,26.00,12.00,14301723,74
368.02,1551331204,7804.03,51.44885489,7.42656084,185.19,36.67,0.23,324.06,1,-106.00,-7.00,8.00,12.00,26.00,12.00,14301723,74
369.02,1551331205,7840.70,51.44913294,7.42626253,183.97,37.03,0.36,325.82,1,-108.00,-8.00,4.00,8.00,25.00,12.00,14301723,74
370.02,1551331206,7877.73,51.44941504,7.42597860,182.59,37.11,0.08,328.09,1,-108.00,-8.00,4.00,8.00,25.00,12.00,14301723,74
371.02,1551331207,7914.88,51.44970953,7.42570159,180.97,37.07,-0.05,329.91,1,-103.00,-8.00,-7.00,9.00,25.00,12.00,14301723,74
372.04,1551331208,7952.69,51.45000528,7.42542781,179.64,37.30,0.23,330.83,1,-103.00,-8.00,-7.00,9.00,25.00,12.00,14301723,74
373.02,1551331209,7989.32,51.45030819,7.42517368,178.05,37.70,0.40,332.69,1,-95.00,-8.00,-7.00,10.00,38.00,15.00,13806082,70
374.02,1551331210,8027.09,51.45061679,7.42493576,176.33,38.21,0.51,334.43,1,-95.00,-8.00,-7.00,10.00,38.00,15.00,13806082,70
375.02,1551331211,8065.19,51.45093023,7.42470688,174.67,38.64,0.43,335.56,1,-92.00,-9.00,2.00,6.00,43.00,15.00,13806082,70
376.02,1551331212,8103.83,51.45126296,7.42448795,173.25,38.96,0.32,337.54,1,-92.00,-9.00,2.00,6.00,43.00,15.00,13806082,70
377.02,1551331213,8143.06,51.45158708,7.42428962,171.76,39.12,0.16,338.88,1,-82.00,-6.00,0.00,6.00,50.00,38.00,12896771,376
378.02,1551331214,8181.87,51.45191049,7.42410349,170.31,39.04,-0.08,340.18,1,-82.00,-6.00,0.00,6.00,50.00,38.00,12896771,376
379.02,1551331215,8220.91,51.45223918,7.42391818,168.99,39.01,-0.04,341.04,1,-82.00,-6.00,0.00,6.00,50.00,38.00,12896771,376
380.01,1551331216,8259.84,51.45256864,7.42375389,167.80,39.04,0.03,342.47,1,-84.00,-6.00,2.00,6.00,47.00,19.00,12897027,230
381.01,1551331217,8298.84,51.45290215,7.42358578,166.84,39.09,0.05,343.02,1,-84.00,-6.00,2.00,6.00,47.00,19.00,12897027,230
382.01,1551331218,8337.98,51.45323538,7.42341935,165.94,39.00,-0.10,342.93,1,-81.00,-6.00,17.00,12.00,51.00,19.00,12897027,230
383.01,1551331219,8376.97,51.45357344,7.42326546,164.91,38.77,-0.22,343.55,1,-81.00,-6.00,17.00,12.00,51.00,19.00,12897027,230
384.02,1551331220,8415.90,51.45391139,7.42311173,163.71,38.83,0.05,343.56,1,-83.00,-12.00,5.00,8.00,55.00,10.00,13806082,230
385.01,1551331221,8454.58,51.45424847,7.42296285,162.50,38.57,-0.26,343.61,1,-83.00,-12.00,5.00,8.00,55.00,10.00,13806082,230
386.01,1551331222,8493.15,51.45458031,7.42281223,161.51,38.57,-0.00,343.61,1,-71.00,-6.00,25.00,11.00,61.00,10.00,13806082,70
387.02,1551331223,8531.76,51.45491032,7.42265853,160.65,38.68,0.11,343.56,1,-71.00,-6.00,25.00,11.00,61.00,10.00,13806082,70
388.02,1551331224,8570.48,51.45524634,7.42250486,159.70,38.59,-0.09,342.87,1,-73.00,-6.00,28.00,11.00,59.00,10.00,13806082,70
389.02,1551331225,8609.03,51.45557863,7.42233725,158.79,38.36,-0.23,341.68,1,-73.00,-6.00,28.00,11.00,59.00,10.00,13806082,70
390.01,1551331226,8647.35,51.45591105,7.42216833,158.01,38.54,0.18,341.32,1,-72.00,-5.00,27.00,11.00,59.00,10.00,13806082,70
391.01,1551331227,8685.89,51.45624083,7.42198789,157.44,38.82,0.28,340.38,1,-72.00,-5.00,27.00,11.00,59.00,10.00,13806082,70
392.02,1551331228,8724.76,51.45656849,7.42179441,156.71,38.91,0.09,339.23,1,-79.00,-7.00,16.00,11.00,54.00,10.00,13806082,70
393.02,1551331229,8763.67,51.45689567,7.42158979,156.06,39.01,0.10,338.19,1,-79.00,-7.00,16.00,11.00,54.00,10.00,13806082,70
394.01,1551331230,8802.61,51.45722001,7.42137110,155.51,39.19,0.18,336.76,1,-84.00,-9.00,8.00,2.00,52.00,10.00,13806082,70
395.01,1551331231,8841.80,51.45754064,7.42114640,154.97,39.22,0.03,335.59,1,-84.00,-9.00,8.00,2.00,52.00,10.00,13806082,70
396.02,1551331232,8881.29,51.45785352,7.42091638,154.37,38.68,-0.54,334.52,1,-93.00,-11.00,-2.00,2.00,43.00,10.00,13806106,40
397.02,1551331233,8919.81,51.45816697,7.42067185,153.94,38.71,0.04,333.36,1,-93.00,-11.00,-2.00,2.00,43.00,10.00,13806106,40
398.02,1551331234,8958.80,51.45848536,7.42042155,153.29,38.56,-0.16,332.85,1,-88.00,-7.00,5.00,2.00,45.00,10.00,12897051,119
399.02,1551331235,8997.04,51.45879836,7.42015853,152.85,38.57,0.02,331.53,1,-88.00,-7.00,5.00,2.00,45.00,10.00,12897051,119
400.01,1551331236,9035.58,51.45911273,7.41987947,152.53,38.71,0.13,330.42,1,-88.00,-7.00,5.00,2.00,45.00,10.00,12897051,119
401.01,1551331237,9074.28,51.45942311,7.41959252,152.11,38.70,-0.01,329.30,1,-85.00,-7.00,8.00,2.00,46.00,10.00,12897051,119
402.01,1551331238,9112.98,51.45972531,7.41929986,151.41,38.72,0.02,328.13,1,-85.00,-7.00,8.00,2.00,46.00,10.00,12897051,119
403.03,1551331239,9152.36,51.46002382,7.41899638,150.64,38.83,0.10,327.09,1,-85.00,-8.00,5.00,2.00,45.00,10.00,12897051,119
404.01,1551331240,9190.53,51.46031564,7.41867797,149.99,38.71,-0.12,325.70,1,-85.00,-8.00,5.00,2.00,45.00,10.00,12897051,119
405.02,1551331241,9229.28,51.46058676,7.41836619,150.00,38.88,0.16,324.66,1,-85.00,-8.00,7.00,2.00,45.00,10.00,12897051,119
406.02,1551331242,9268.16,51.46085725,7.41803872,150.31,38.82,-0.05,323.52,1,-85.00,-8.00,7.00,2.00,45.00,10.00,12897051,119
407.01,1551331243,9306.94,51.46112150,7.41770688,150.72,38.90,0.08,322.41,1,-86.00,-10.00,5.00,2.00,48.00,10.00,13806105,39
408.01,1551331244,9345.72,51.46139162,7.41736921,151.10,38.88,-0.02,321.42,1,-86.00,-10.00,5.00,2.00,48.00,10.00,13806105,39
409.01,1551331245,9384.72,51.46166195,7.41701516,151.56,39.00,0.12,320.49,1,-82.00,-7.00,15.00,2.00,51.00,7.00,13806105,39
410.01,1551331246,9423.56,51.46192260,7.41665974,151.96,38.48,-0.52,319.46,1,-82.00,-7.00,15.00,2.00,51.00,7.00,13806105,39
411.01,1551331247,9462.15,51.46217860,7.41629982,152.27,38.05,-0.43,318.31,1,-80.00,-6.00,14.00,9.00,52.00,7.00,13806105,39
412.01,1551331248,9500.21,51.46242748,7.41593368,152.51,38.00,-0.06,316.89,1,-80.00,-6.00,14.00,9.00,52.00,7.00,13806105,39
413.01,1551331249,9538.21,51.46267779,7.41555487,152.83,37.94,-0.05,315.76,1,-79.00,-6.00,29.00,1.00,53.00,7.00,13806105,39
414.01,1551331250,9576.19,51.46292733,7.41517575,153.01,37.99,0.04,314.87,1,-79.00,-6.00,29.00,1.00,53.00,7.00,13806105,39
415.02,1551331251,9614.21,51.46316481,7.41478550,153.13,38.00,0.01,313.76,1,-86.00,-7.00,16.00,10.00,43.00,7.00,13806105,39
416.01,1551331252,9652.10,51.46340146,7.41438874,153.32,38.08,0.09,313.44,1,-86.00,-7.00,16.00,10.00,43.00,7.00,13806105,39
417.02,1551331253,9690.33,51.46363504,7.41396909,153.27,38.10,0.02,311.65,1,-88.00,-6.00,13.00,8.00,41.00,7.00,13806105,39
418.01,1551331254,9728.36,51.46387195,7.41354424,152.88,38.26,0.16,310.93,1,-88.00,-6.00,13.00,8.00,41.00,7.00,13806105,39
419.02,1551331255,9766.88,51.46409984,7.41311877,152.28,38.30,0.04,310.33,1,-94.00,-8.00,16.00,6.00,37.00,7.00,13806105,39
420.02,1551331256,9804.95,51.46432219,7.41270417,151.78,38.29,-0.00,309.92,1,-94.00,-8.00,16.00,6.00,37.00,7.00,13806105,39
421.02,1551331257,9843.24,51.46453901,7.41228073,151.46,38.45,0.16,309.01,1,-94.00,-8.00,16.00,6.00,37.00,7.00,13806105,39
422.02,1551331258,9881.69,51.46475644,7.41185503,151.29,38.48,0.03,308.50,1,-92.00,-8.00,-1.00,8.00,37.00,7.00,13806105,39
423.02,1551331259,9920.17,51.46497191,7.41142891,151.32,38.62,0.13,308.42,1,-92.00,-8.00,-1.00,8.00,37.00,7.00,13806105,39
424.02,1551331260,9958.95,51.46518761,7.41099938,151.50,38.54,-0.08,308.62,1,-104.00,-11.00,-2.00,6.00,33.00,7.00,13806105,39
425.02,1551331261,9997.33,51.46540892,7.41056309,151.62,38.69,0.16,309.79,1,-104.00,-11.00,-2.00,6.00,33.00,7.00,13806105,39
426.02,1551331262,10036.10,51.46563199,7.41012777,151.73,38.87,0.18,309.45,1,-105.00,-11.00,-4.00,6.00,32.00,37.00,12896795,377
427.02,1551331263,10074.89,51.46585490,7.40969319,151.87,38.96,0.09,309.29,1,-105.00,-11.00,-4.00,6.00,32.00,37.00,12896795,377
428.02,1551331264,10113.85,51.46607739,7.40925592,151.94,38.92,-0.04,308.94,1,-103.00,-15.00,-6.00,4.00,39.00,37.00,12896795,377
429.02,1551331265,10152.81,51.46629914,7.40881936,151.92,38.75,-0.17,308.70,1,-103.00,-15.00,-6.00,4.00,39.00,37.00,12896795,377
430.02,1551331266,10191.56,51.46651614,7.40838558,151.80,38.68,-0.07,308.82,1,-95.00,-8.00,-1.00,9.00,36.00,37.00,12896795,377
431.02,1551331267,10230.23,51.46673149,7.40795465,151.65,38.53,-0.14,308.70,1,-95.00,-8.00,-1.00,9.00,36.00,37.00,12896795,377
432.02,1551331268,10268.77,51.46694857,7.40752228,151.53,38.43,-0.10,308.81,1,-98.00,-10.00,2.00,8.00,36.00,37.00,12896795,377
433.04,1551331269,10308.01,51.46716559,7.40709430,151.44,37.94,-0.49,309.22,1,-98.00,-10.00,2.00,8.00,36.00,37.00,12896795,377
434.02,1551331270,10345.11,51.46738352,7.40667066,151.30,37.55,-0.40,309.57,1,-88.00,-8.00,7.00,10.00,39.00,37.00,12896795,377
435.02,1551331271,10382.73,51.46760404,7.40625926,151.25,37.20,-0.35,310.25,1,-88.00,-8.00,7.00,10.00,39.00,37.00,12896795,377
436.01,1551331272,10419.81,51.46781826,7.40585743,151.43,36.54,-0.66,310.81,1,-80.00,-5.00,10.00,2.00,46.00,37.00,12896795,377
437.01,1551331273,10456.32,51.46802971,7.40547036,151.69,35.50,-1.04,311.32,1,-80.00,-5.00,10.00,2.00,46.00,37.00,12896795,377
438.02,1551331274,10491.96,51.46823555,7.40509457,152.06,35.01,-0.49,311.75,1,-94.00,-11.00,-6.00,2.00,40.00,40.00,12896795,377
439.02,1551331275,10526.97,51.46844632,7.40471221,152.31,34.86,-0.15,311.75,1,-94.00,-11.00,-6.00,2.00,40.00,40.00,12896795,377
440.03,1551331276,10562.15,51.46865480,7.40434579,152.74,34.93,0.07,312.35,1,-98.00,-8.00,-4.00,6.00,33.00,49.00,14301723,74
441.02,1551331277,10596.73,51.46886355,7.40397220,152.62,34.84,-0.09,312.65,1,-98.00,-8.00,-4.00,6.00,33.00,49.00,14301723,74
442.02,1551331278,10631.54,51.46907474,7.40359912,152.26,34.39,-0.45,312.86,1,-98.00,-8.00,-4.00,6.00,33.00,49.00,14301723,74
443.01,1551331279,10665.90,51.46927941,7.40324079,151.99,33.69,-0.71,313.03,1,-96.00,-7.00,4.00,11.00,34.00,49.00,14301723,74
444.02,1551331280,10699.62,51.46948014,7.40289940,152.71,32.66,-1.03,313.55,1,-96.00,-7.00,4.00,11.00,34.00,49.00,14301723,74
445.02,1551331281,10732.28,51.46966771,7.40257258,154.12,32.15,-0.51,314.25,1,-94.00,-6.00,4.00,13.00,34.00,49.00,14301723,74
446.02,1551331282,10764.42,51.46986459,7.40224807,155.98,31.52,-0.63,314.73,1,-94.00,-6.00,4.00,13.00,34.00,49.00,14301723,74
447.02,1551331283,10795.94,51.47005983,7.40193635,157.86,30.88,-0.63,315.77,1,-97.00,-8.00,1.00,9.00,33.00,49.00,14301723,74
448.01,1551331284,10826.70,51.47024695,7.40163600,159.60,29.97,-0.91,315.57,1,-97.00,-8.00,1.00,9.00,33.00,49.00,14301723,74
449.02,1551331285,10856.82,51.47043269,7.40133823,161.20,29.38,-0.59,315.90,1,-93.00,-6.00,1.00,14.00,32.00,49.00,14301723,74
450.02,1551331286,10886.17,51.47061719,7.40104962,162.49,28.60,-0.78,316.42,1,-93.00,-6.00,1.00,14.00,32.00,49.00,14301723,74
451.01,1551331287,10914.74,51.47080101,7.40076181,163.56,27.96,-0.64,316.62,1,-90.00,-5.00,11.00,11.00,35.00,49.00,14301723,74
452.02,1551331288,10942.73,51.47097943,7.40048030,164.60,27.30,-0.65,316.64,1,-90.00,-5.00,11.00,11.00,35.00,49.00,14301723,74
453.02,1551331289,10970.03,51.47115530,7.40021768,165.52,26.65,-0.65,317.18,1,-91.00,-5.00,11.00,11.00,35.00,49.00,14301723,74
454.02,1551331290,10996.69,51.47132792,7.39996724,166.31,26.05,-0.60,317.35,1,-91.00,-5.00,11.00,11.00,35.00,49.00,14301723,74
455.02,1551331291,11022.73,51.47150107,7.39971123,167.04,25.58,-0.47,317.30,1,-88.00,-4.00,14.00,12.00,36.00,49.00,14301723,74
456.01,1551331292,11048.29,51.47166796,7.39946607,167.63,25.26,-0.33,317.48,1,-88.00,-4.00,14.00,12.00,36.00,49.00,14301723,74
457.01,1551331293,11073.54,51.47183561,7.39922651,168.13,25.09,-0.17,318.28,1,-86.00,-4.00,19.00,15.00,40.00,49.00,14301723,74
458.02,1551331294,11098.70,51.47200054,7.39899421,168.46,25.04,-0.04,318.52,1,-86.00,-4.00,19.00,15.00,40.00,49.00,14301723,74
459.04,1551331295,11124.38,51.47217138,7.39875169,168.88,25.24,0.19,318.62,1,-86.00,-4.00,18.00,14.00,41.00,57.00,14301723,74
460.01,1551331296,11148.91,51.47234595,7.39850812,169.36,25.60,0.37,319.31,1,-86.00,-4.00,18.00,14.00,41.00,57.00,14301723,74
461.03,1551331297,11174.82,51.47251762,7.39827253,169.72,25.57,-0.03,319.42,1,-87.00,-4.00,21.00,15.00,39.00,57.00,14301723,74
462.02,1551331298,11200.11,51.47269331,7.39803012,170.10,25.66,0.09,319.73,1,-87.00,-4.00,21.00,15.00,39.00,57.00,14301723,74
463.02,1551331299,11225.80,51.47286784,7.39778955,170.44,25.74,0.08,319.91,1,-87.00,-4.00,21.00,15.00,39.00,57.00,14301723,74
464.02,1551331300,11251.51,51.47304081,7.39755039,170.78,25.33,-0.41,320.08,1,-87.00,-4.00,21.00,14.00,39.00,57.00,14301723,74
465.02,1551331301,11276.84,51.47321091,7.39731688,171.08,25.16,-0.17,320.05,1,-87.00,-4.00,21.00,14.00,39.00,57.00,14301723,74
466.01,1551331302,11301.97,51.47338286,7.39709205,171.30,25.16,-0.01,320.60,1,-91.00,-4.00,20.00,15.00,35.00,57.00,14301723,74
467.02,1551331303,11327.18,51.47355655,7.39686767,171.45,25.27,0.11,320.26,1,-91.00,-4.00,20.00,15.00,35.00,57.00,14301723,74
468.01,1551331304,11352.40,51.47373670,7.39663165,171.69,25.56,0.29,321.52,1,-93.00,-5.00,16.00,14.00,34.00,57.00,14301723,74
469.01,1551331305,11377.96,51.47391886,7.39640690,171.97,25.28,-0.28,322.40,1,-93.00,-5.00,16.00,14.00,34.00,57.00,14301723,74
470.01,1551331306,11403.23,51.47409956,7.39618038,172.43,25.12,-0.16,322.26,1,-94.00,-5.00,11.00,2.00,33.00,57.00,14301723,74
471.01,1551331307,11428.35,51.47427593,7.39596090,172.87,24.91,-0.21,323.07,1,-94.00,-5.00,11.00,2.00,33.00,57.00,14301723,74
472.01,1551331308,11453.26,51.47445461,7.39575304,173.20,24.94,0.03,323.85,1,-96.00,-5.00,-4.00,2.00,31.00,57.00,14301723,74
473.01,1551331309,11478.20,51.47463917,7.39553588,173.60,25.29,0.35,324.47,1,-96.00,-5.00,-4.00,2.00,31.00,57.00,14301723,74
474.02,1551331310,11503.53,51.47482892,7.39532496,174.02,25.65,0.36,325.54,1,-110.00,-11.00,-1.00,7.00,26.00,61.00,14301723,74
475.02,1551331311,11529.21,51.47502295,7.39512038,174.47,25.61,-0.04,327.01,1,-110.00,-11.00,-1.00,7.00,26.00,61.00,14301723,74
476.02,1551331312,11554.76,51.47522557,7.39492298,174.58,26.05,0.45,329.16,1,-110.00,-10.00,-4.00,6.00,25.00,16.00,12895514,312
477.02,1551331313,11580.84,51.47543410,7.39472644,174.37,26.34,0.29,329.88,1,-110.00,-10.00,-4.00,6.00,25.00,16.00,12895514,312
478.01,1551331314,11607.10,51.47564629,7.39453413,173.61,26.30,-0.04,330.48,1,-101.00,-6.00,13.00,9.00,31.00,12.00,13884187,449
479.01,1551331315,11633.42,51.47584626,7.39435817,173.12,25.18,-1.11,330.21,1,-101.00,-6.00,13.00,9.00,31.00,12.00,13884187,449
480.02,1551331316,11658.63,51.47605391,7.39417187,172.56,24.80,-0.38,331.07,1,-99.00,-6.00,13.00,9.00,33.00,12.00,13884187,449
481.01,1551331317,11683.41,51.47626212,7.39399695,172.28,25.04,0.24,331.77,1,-99.00,-6.00,13.00,9.00,33.00,12.00,13884187,449
482.02,1551331318,11708.67,51.47645870,7.39383575,172.15,24.92,-0.12,332.72,1,-103.00,-8.00,5.00,8.00,30.00,12.00,13884187,449
483.01,1551331319,11733.37,51.47665694,7.39367892,172.14,24.77,-0.15,333.44,1,-103.00,-8.00,5.00,8.00,30.00,12.00,13884187,449
484.02,1551331320,11758.36,51.47685651,7.39353208,172.60,24.58,-0.19,335.41,1,-103.00,-8.00,5.00,8.00,30.00,12.00,13884187,449
485.01,1551331321,11782.67,51.47705331,7.39338800,173.56,24.04,-0.55,336.18,1,-106.00,-8.00,9.00,8.00,28.00,12.00,13884187,449
486.01,1551331322,11806.69,51.47723416,7.39326781,174.70,21.95,-2.10,337.64,1,-106.00,-8.00,9.00,8.00,28.00,12.00,13884187,449
487.02,1551331323,11828.72,51.47740789,7.39316451,175.51,21.41,-0.54,339.17,1,-108.00,-14.00,2.00,7.00,31.00,12.00,13884187,449
488.02,1551331324,11850.13,51.47756412,7.39309589,175.88,18.80,-2.61,345.42,1,-108.00,-14.00,2.00,7.00,31.00,12.00,13884187,449
489.02,1551331325,11868.93,51.47774239,7.39303025,176.07,19.10,0.30,347.37,1,-102.00,-8.00,11.00,7.00,32.00,12.00,13884187,449
490.02,1551331326,11888.03,51.47791608,7.39299154,176.07,19.06,-0.04,351.44,1,-102.00,-8.00,11.00,7.00,32.00,12.00,13884187,449
491.01,1551331327,11907.07,51.47808843,7.39302497,175.67,19.34,0.29,6.40,1,-100.00,-7.00,20.00,8.00,32.00,12.00,13884187,449
492.01,1551331328,11926.39,51.47827308,7.39306915,175.72,19.04,-0.30,8.40,1,-100.00,-7.00,20.00,8.00,32.00,12.00,13884187,449
493.01,1551331329,11945.45,51.47845171,7.39313238,175.69,19.22,0.18,12.22,1,-100.00,-6.00,24.00,9.00,31.00,12.00,13884187,449
494.01,1551331330,11964.67,51.47861365,7.39327260,175.39,19.49,0.27,29.04,1,-100.00,-6.00,24.00,9.00,31.00,12.00,13884187,449
495.01,1551331331,11984.17,51.47875832,7.39341567,175.08,19.18,-0.32,30.44,1,-101.00,-6.00,22.00,11.00,32.00,12.00,13884187,449
496.01,1551331332,12003.33,51.47889265,7.39356003,175.04,17.89,-1.29,31.79,1,-101.00,-6.00,22.00,11.00,32.00,12.00,13884187,449
497.01,1551331333,12021.22,51.47902680,7.39369461,174.93,16.19,-1.70,30.72,1,-95.00,-6.00,23.00,8.00,38.00,12.00,13884187,449
498.01,1551331334,12037.42,51.47915598,7.39376872,174.95,14.91,-1.28,17.48,1,-95.00,-6.00,23.00,8.00,38.00,12.00,13884187,449
499.01,1551331335,12052.31,51.47928299,7.39382809,175.15,13.68,-1.23,16.31,1,-94.00,-6.00,17.00,9.00,38.00,10.00,13884187,449
500.01,1551331336,12065.99,51.47940903,7.39381049,175.65,14.24,0.56,353.21,1,-94.00,-6.00,17.00,9.00,38.00,10.00,13884187,449
501.01,1551331337,12080.24,51.47952878,7.39378146,175.91,14.51,0.28,350.68,1,-88.00,-5.00,19.00,11.00,44.00,10.00,13884187,449
502.01,1551331338,12094.74,51.47963971,7.39370124,176.75,15.19,0.68,334.88,1,-88.00,-5.00,19.00,11.00,44.00,10.00,13884187,449
503.02,1551331339,12110.07,51.47974412,7.39362081,178.04,14.84,-0.35,334.04,1,-84.00,-5.00,19.00,14.00,47.00,10.00,13884187,449
504.01,1551331340,12124.79,51.47985454,7.39353480,179.22,13.62,-1.23,333.68,1,-84.00,-5.00,19.00,14.00,47.00,10.00,13884187,449
505.01,1551331341,12138.40,51.47996994,7.39345080,180.32,12.65,-0.97,335.69,1,-84.00,-5.00,19.00,14.00,47.00,10.00,13884187,449
506.01,1551331342,12151.05,51.48007797,7.39342546,180.90,11.47,-1.18,351.56,1,-86.00,-6.00,18.00,11.00,47.00,10.00,13884187,449
507.01,1551331343,12162.52,51.48017766,7.39344981,181.05,10.84,-0.63,11.63,1,-86.00,-6.00,18.00,11.00,47.00,10.00,13884187,449
508.01,1551331344,12173.37,51.48026608,7.39353275,181.19,11.08,0.24,34.18,1,-91.00,-6.00,16.00,10.00,41.00,10.00,13884187,449
509.01,1551331345,12184.45,51.48033111,7.39365955,181.09,12.09,1.01,53.45,1,-91.00,-6.00,16.00,10.00,41.00,10.00,13884187,449
510.01,1551331346,12196.54,51.48038532,7.39378289,181.17,13.31,1.22,55.00,1,-93.00,-6.00,14.00,13.00,40.00,10.00,13884187,449
511.01,1551331347,12209.85,51.48045445,7.39394092,181.43,14.19,0.88,56.33,1,-93.00,-6.00,14.00,13.00,40.00,10.00,13884187,449
512.01,1551331348,12224.06,51.48052878,7.39411517,181.70,15.11,0.92,57.31,1,-84.00,-5.00,19.00,11.00,46.00,10.00,13884187,449
513.02,1551331349,12239.19,51.48060712,7.39430255,181.91,16.00,0.89,56.39,1,-84.00,-5.00,19.00,11.00,46.00,10.00,13884187,449
514.01,1551331350,12255.16,51.48068647,7.39449452,182.05,16.91,0.91,56.89,1,-80.00,-6.00,19.00,15.00,51.00,10.00,13884187,449
515.01,1551331351,12272.09,51.48077268,7.39470902,182.28,17.30,0.39,57.50,1,-80.00,-6.00,19.00,15.00,51.00,10.00,13884187,449
516.01,1551331352,12289.39,51.48085705,7.39492665,182.49,17.19,-0.11,58.09,1,-85.00,-6.00,18.00,15.00,46.00,10.00,13884187,449
517.02,1551331353,12306.61,51.48093741,7.39514555,182.73,17.09,-0.10,58.61,1,-85.00,-6.00,18.00,15.00,46.00,10.00,13884187,449
518.02,1551331354,12323.68,51.48101418,7.39535283,182.94,16.99,-0.09,59.12,1,-86.00,-7.00,17.00,2.00,50.00,10.00,13884187,449
519.02,1551331355,12340.67,51.48108807,7.39556082,182.98,16.87,-0.13,59.92,1,-86.00,-7.00,17.00,2.00,50.00,10.00,13884187,449
520.01,1551331356,12357.52,51.48116385,7.39577816,182.90,16.85,-0.01,59.84,1,-89.00,-6.00,11.00,2.00,43.00,10.00,13884187,449
521.01,1551331357,12374.36,51.48123654,7.39598915,182.73,16.67,-0.18,60.00,1,-89.00,-6.00,11.00,2.00,43.00,10.00,13884187,449
522.01,1551331358,12391.05,51.48130885,7.39619748,182.54,16.53,-0.15,59.63,1,-90.00,-6.00,14.00,2.00,43.00,10.00,13884187,449
523.01,1551331359,12407.56,51.48137999,7.39640109,182.39,16.39,-0.14,59.61,1,-90.00,-6.00,14.00,2.00,43.00,10.00,13884187,449
524.02,1551331360,12424.08,51.48145209,7.39659958,181.94,16.29,-0.10,58.70,1,-92.00,-6.00,0.00,2.00,40.00,10.00,13884187,449
525.01,1551331361,12440.25,51.48152486,7.39679755,181.44,16.30,0.02,57.98,1,-92.00,-6.00,0.00,2.00,40.00,10.00,13884187,449
526.01,1551331362,12456.54,51.48159898,7.39697899,181.16,16.26,-0.05,57.56,1,-92.00,-6.00,0.00,2.00,40.00,10.00,13884187,449
527.01,1551331363,12472.81,51.48167962,7.39717412,181.05,16.11,-0.14,56.90,1,-96.00,-7.00,7.00,2.00,37.00,10.00,13884187,449
528.02,1551331364,12488.94,51.48176173,7.39737229,180.90,15.71,-0.40,56.54,1,-96.00,-7.00,7.00,2.00,37.00,10.00,13884187,449
529.03,1551331365,12504.84,51.48183882,7.39755841,180.86,15.28,-0.43,55.66,1,-99.00,-9.00,8.00,2.00,35.00,10.00,13884187,449
530.01,1551331366,12519.91,51.48191489,7.39772657,180.71,14.47,-0.82,54.73,1,-99.00,-9.00,8.00,2.00,35.00,10.00,13884187,449
531.03,1551331367,12534.59,51.48198714,7.39787527,180.66,13.13,-1.32,53.28,1,-98.00,-9.00,5.00,7.00,36.00,7.00,13884187,449
532.01,1551331368,12547.49,51.48205602,7.39800888,180.59,11.55,-1.61,51.92,1,-98.00,-9.00,5.00,7.00,36.00,7.00,13884187,449
533.02,1551331369,12559.10,51.48211911,7.39812777,180.41,9.95,-1.59,50.33,1,-92.00,-8.00,8.00,14.00,40.00,7.00,13884187,449
534.01,1551331370,12569.04,51.48217278,7.39822158,180.38,8.23,-1.72,49.05,1,-92.00,-8.00,8.00,14.00,40.00,7.00,13884187,449
535.02,1551331371,12577.28,51.48222024,7.39829126,180.01,6.86,-1.37,47.90,1,-86.00,-8.00,12.00,12.00,45.00,7.00,13884187,449
536.01,1551331372,12584.12,51.48226493,7.39835335,179.81,5.48,-1.38,46.55,1,-86.00,-8.00,12.00,12.00,45.00,7.00,13884187,449
537.02,1551331373,12589.60,51.48230047,7.39840745,179.81,3.67,-1.80,46.90,1,-95.00,-8.00,10.00,14.00,39.00,7.00,13884187,449
538.01,1551331374,12593.27,51.48232614,7.39844735,179.84,2.30,-1.38,43.97,1,-95.00,-8.00,10.00,14.00,39.00,7.00,13884187,449
539.01,1551331375,12595.57,51.48233014,7.39845108,179.93,0.32,-1.98,43.97,1,-93.00,-7.00,9.00,9.00,39.00,7.00,13884187,449
540.01,1551331376,12595.89,51.48233014,7.39845108,179.94,0.00,-0.32,43.97,1,-93.00,-7.00,9.00,9.00,39.00,7.00,13884187,449
541.01,1551331377,12595.89,51.48233014,7.39845108,179.96,0.00,0.00,43.97,1,-93.00,-6.00,7.00,8.00,39.00,7.00,13884187,449
542.02,1551331378,12595.89,51.48233014,7.39845108,179.98,0.00,0.00,43.97,1,-93.00,-6.00,7.00,8.00,39.00,7.00,13884187,449
543.01,1551331379,12595.89,51.48233014,7.39845108,179.99,0.00,0.00,43.97,1,-93.00,-6.00,8.00,8.00,38.00,7.00,13884187,449
544.01,1551331380,12595.89,51.48233014,7.39845108,180.01,0.00,0.00,43.97,1,-93.00,-6.00,8.00,8.00,38.00,7.00,13884187,449
545.02,1551331381,12595.89,51.48233014,7.39845108,180.03,0.00,0.00,43.97,1,-93.00,-6.00,11.00,9.00,38.00,7.00,13884187,449
546.02,1551331382,12595.89,51.48233014,7.39845108,180.06,0.00,0.00,43.97,1,-93.00,-6.00,11.00,9.00,38.00,7.00,13884187,449
547.02,1551331383,12595.89,51.48233014,7.39845108,180.08,0.00,0.00,43.97,1,-93.00,-6.00,11.00,9.00,38.00,7.00,13884187,449
548.01,1551331384,12595.89,51.48233014,7.39845108,180.10,0.00,0.00,43.97,1,-92.00,-6.00,8.00,4.00,39.00,7.00,13884187,449
549.02,1551331385,12595.89,51.48233014,7.39845108,180.12,0.00,0.00,43.97,1,-92.00,-6.00,8.00,4.00,39.00,7.00,13884187,449
550.01,1551331386,12595.89,51.48233014,7.39845108,180.14,0.00,0.00,43.97,1,-93.00,-7.00,5.00,2.00,42.00,7.00,13884187,449
551.02,1551331387,12595.89,51.48233014,7.39845108,180.15,0.00,0.00,43.97,1,-93.00,-7.00,5.00,2.00,42.00,7.00,13884187,449
552.01,1551331388,12595.89,51.48233014,7.39845108,180.17,0.00,0.00,43.97,1,-92.00,-6.00,6.00,2.00,39.00,7.00,13884187,449
553.01,1551331389,12595.89,51.48233014,7.39845108,180.19,0.00,0.00,43.97,1,-92.00,-6.00,6.00,2.00,39.00,7.00,13884187,449
554.01,1551331390,12595.89,51.48233014,7.39845108,180.21,0.00,0.00,43.97,1,-92.00,-7.00,5.00,2.00,40.00,7.00,13884187,449
555.01,1551331391,12595.89,51.48233014,7.39845108,180.22,0.00,0.00,43.97,1,-92.00,-7.00,5.00,2.00,40.00,7.00,13884187,449
556.01,1551331392,12595.89,51.48233014,7.39845108,180.24,0.00,0.00,43.97,1,-93.00,-7.00,7.00,2.00,39.00,7.00,13884187,449
557.02,1551331393,12595.89,51.48233014,7.39845108,180.25,0.00,0.00,43.97,1,-93.00,-7.00,7.00,2.00,39.00,7.00,13884187,449
558.01,1551331394,12595.89,51.48233014,7.39845108,180.27,0.00,0.00,43.97,1,-93.00,-7.00,7.00,2.00,39.00,7.00,13884187,449
559.01,1551331395,12595.89,51.48233014,7.39845108,180.27,0.00,0.00,43.97,1,-93.00,-7.00,7.00,2.00,39.00,7.00,13884187,449
560.01,1551331396,12595.89,51.48233014,7.39845108,180.28,0.00,0.00,43.97,1,-93.00,-6.00,7.00,2.00,39.00,7.00,13884187,449
561.01,1551331397,12595.89,51.48233014,7.39845108,180.29,0.00,0.00,43.97,1,-93.00,-6.00,7.00,2.00,39.00,7.00,13884187,449
562.01,1551331398,12595.89,51.48233014,7.39845108,180.30,0.00,0.00,43.97,1,-93.00,-6.00,6.00,2.00,38.00,7.00,13884187,449
563.01,1551331399,12595.89,51.48233014,7.39845108,180.31,0.00,0.00,43.97,1,-93.00,-6.00,6.00,2.00,38.00,7.00,13884187,449
564.01,1551331400,12595.89,51.48233014,7.39845108,180.33,0.00,0.00,43.97,1,-93.00,-6.00,8.00,2.00,38.00,7.00,13884187,449
565.01,1551331401,12595.89,51.48233014,7.39845108,180.52,0.00,0.00,43.97,1,-93.00,-6.00,8.00,2.00,38.00,7.00,13884187,449
566.02,1551331402,12595.89,51.48233014,7.39845108,180.71,0.00,0.00,39.90,1,-94.00,-8.00,2.00,2.00,39.00,7.00,13884187,449
567.01,1551331403,12595.89,51.48233014,7.39845108,182.03,0.00,0.00,40.65,1,-94.00,-8.00,2.00,2.00,39.00,7.00,13884187,449
568.01,1551331404,12595.89,51.48240473,7.39857339,182.81,5.64,0.00,41.71,1,-94.00,-8.00,2.00,2.00,39.00,7.00,13884187,449
569.01,1551331405,12601.53,51.48245548,7.39864266,182.58,7.33,1.69,40.27,1,-94.00,-8.00,-1.00,2.00,39.00,7.00,13884187,449
570.01,1551331406,12608.85,51.48250745,7.39871116,182.29,8.14,0.82,39.55,1,-94.00,-8.00,-1.00,2.00,39.00,7.00,13884187,449
571.01,1551331407,12617.00,51.48257173,7.39878999,182.25,9.43,1.29,38.78,1,-95.00,-9.00,1.00,2.00,39.00,7.00,13884187,449
572.02,1551331408,12626.43,51.48264579,7.39887726,182.38,10.40,0.97,37.52,1,-95.00,-9.00,1.00,2.00,39.00,7.00,13884187,449
573.01,1551331409,12636.82,51.48272579,7.39897263,182.59,11.03,0.64,36.54,1,-95.00,-11.00,8.00,2.00,42.00,7.00,13884187,449
574.02,1551331410,12647.87,51.48280609,7.39906460,182.59,11.24,0.20,35.74,1,-95.00,-11.00,8.00,2.00,42.00,7.00,13884187,449
575.01,1551331411,12659.08,51.48290065,7.39916770,182.33,12.70,1.46,34.93,1,-93.00,-8.00,9.00,2.00,41.00,7.00,13884186,448
576.01,1551331412,12671.79,51.48300033,7.39927552,182.04,13.60,0.91,34.10,1,-93.00,-8.00,9.00,2.00,41.00,7.00,13884186,448
577.02,1551331413,12685.42,51.48311099,7.39938324,182.28,14.66,1.05,33.27,1,-91.00,-7.00,12.00,2.00,43.00,7.00,13884186,448
578.02,1551331414,12700.07,51.48322742,7.39950037,182.82,14.93,0.27,33.54,1,-91.00,-7.00,12.00,2.00,43.00,7.00,13884186,448
579.02,1551331415,12715.01,51.48334034,7.39961822,183.38,15.26,0.33,33.72,1,-89.00,-7.00,5.00,2.00,44.00,7.00,13884186,448
580.01,1551331416,12730.23,51.48345604,7.39973980,183.80,15.80,0.55,34.23,1,-89.00,-7.00,5.00,2.00,44.00,7.00,13884186,448
581.01,1551331417,12746.04,51.48357438,7.39986540,184.19,16.41,0.61,34.60,1,-90.00,-7.00,10.00,2.00,43.00,7.00,13884186,448
582.02,1551331418,12762.46,51.48370131,7.40000145,184.52,16.65,0.24,35.00,1,-90.00,-7.00,10.00,2.00,43.00,7.00,13884186,448
583.01,1551331419,12779.10,51.48383113,7.40014359,184.61,17.17,0.53,35.90,1,-91.00,-7.00,10.00,2.00,41.00,7.00,13884186,448
584.01,1551331420,12796.27,51.48396162,7.40028770,184.42,16.92,-0.26,36.40,1,-91.00,-7.00,10.00,2.00,41.00,7.00,13884186,448
585.02,1551331421,12813.22,51.48408188,7.40042785,184.07,16.83,-0.08,37.19,1,-94.00,-8.00,7.00,2.00,39.00,7.00,13884186,448
586.01,1551331422,12830.00,51.48420481,7.40057290,183.38,16.58,-0.25,37.55,1,-94.00,-8.00,7.00,2.00,39.00,7.00,13884186,448
587.02,1551331423,12846.76,51.48432395,7.40072089,182.63,16.81,0.23,38.30,1,-94.00,-8.00,10.00,2.00,39.00,7.00,13884186,448
588.01,1551331424,12863.41,51.48444409,7.40087179,182.02,16.81,0.00,39.25,1,-94.00,-8.00,10.00,2.00,39.00,7.00,13884186,448
589.02,1551331425,12880.24,51.48455902,7.40102853,181.52,16.71,-0.11,40.18,1,-94.00,-8.00,10.00,2.00,39.00,7.00,13884186,448
590.02,1551331426,12896.95,51.48467135,7.40118180,180.86,16.64,-0.06,40.99,1,-95.00,-8.00,7.00,2.00,38.00,7.00,13884186,448
591.01,1551331427,12913.57,51.48478341,7.40134035,180.14,16.47,-0.17,41.38,1,-95.00,-8.00,7.00,2.00,38.00,7.00,13884186,448
592.01,1551331428,12930.03,51.48489411,7.40150005,179.18,16.15,-0.33,42.05,1,-92.00,-7.00,10.00,2.00,40.00,7.00,13884186,448
593.01,1551331429,12946.18,51.48499990,7.40165944,178.34,16.09,-0.06,41.96,1,-92.00,-7.00,10.00,2.00,40.00,7.00,13884186,448
594.02,1551331430,12962.30,51.48510520,7.40182111,178.03,16.07,-0.02,42.21,1,-90.00,-7.00,12.00,2.00,43.00,7.00,13884186,448
595.01,1551331431,12978.35,51.48519901,7.40197752,177.97,15.85,-0.22,43.41,1,-90.00,-7.00,12.00,2.00,43.00,7.00,13884186,448
596.01,1551331432,12994.18,51.48529185,7.40213750,178.32,15.52,-0.33,45.07,1,-90.00,-8.00,16.00,2.00,44.00,7.00,13884186,448
597.01,1551331433,13009.71,51.48537908,7.40230135,178.87,14.12,-1.39,46.68,1,-90.00,-8.00,16.00,2.00,44.00,7.00,13884186,448
598.01,1551331434,13023.82,51.48545376,7.40244931,179.36,12.45,-1.67,47.77,1,-88.00,-6.00,12.00,2.00,44.00,5.00,13884186,448
599.01,1551331435,13036.28,51.48552583,7.40259044,179.77,10.76,-1.68,48.40,1,-88.00,-6.00,12.00,2.00,44.00,5.00,13884186,448
600.01,1551331436,13047.04,51.48558438,7.40269688,180.00,8.93,-1.84,46.31,1,-90.00,-6.00,14.00,8.00,42.00,5.00,13884186,448
601.01,1551331437,13055.97,51.48564734,7.40274691,180.29,8.04,-0.89,21.29,1,-90.00,-6.00,14.00,8.00,42.00,5.00,13884186,448
602.01,1551331438,13064.01,51.48571613,7.40274495,180.37,8.66,0.62,358.28,1,-88.00,-6.00,16.00,12.00,43.00,5.00,13884186,448
603.01,1551331439,13072.66,51.48577114,7.40271439,180.21,8.95,0.29,339.92,1,-88.00,-6.00,16.00,12.00,43.00,5.00,13884186,448
604.01,1551331440,13081.60,51.48583418,7.40264393,180.39,9.84,0.90,320.74,1,-90.00,-6.00,11.00,14.00,41.00,5.00,13884186,448
605.01,1551331441,13091.42,51.48590628,7.40255981,180.81,10.82,0.98,320.39,1,-90.00,-6.00,11.00,14.00,41.00,5.00,13884186,448
606.01,1551331442,13102.24,51.48598529,7.40246421,181.24,12.12,1.31,320.90,1,-90.00,-7.00,11.00,11.00,44.00,5.00,13884186,448
607.01,1551331443,13114.35,51.48607881,7.40235041,181.61,12.81,0.68,322.32,1,-90.00,-7.00,11.00,11.00,44.00,5.00,13884186,448
608.02,1551331444,13127.31,51.48617920,7.40223822,181.80,13.16,0.35,325.04,1,-92.00,-6.00,5.00,11.00,36.00,5.00,13884186,448
609.01,1551331445,13140.37,51.48629363,7.40212537,181.91,13.51,0.35,328.03,1,-92.00,-6.00,5.00,11.00,36.00,5.00,13884186,448
610.02,1551331446,13153.89,51.48639947,7.40203789,182.07,13.23,-0.28,330.99,1,-92.00,-6.00,5.00,11.00,36.00,5.00,13884186,448
611.02,1551331447,13167.14,51.48651352,7.40194978,182.02,13.02,-0.21,333.42,1,-94.00,-8.00,0.00,10.00,36.00,5.00,13884186,448
612.02,1551331448,13180.14,51.48662134,7.40187581,181.88,13.06,0.04,335.95,1,-94.00,-8.00,0.00,10.00,36.00,5.00,13884186,448
613.02,1551331449,13193.20,51.48673371,7.40180854,181.76,12.95,-0.11,338.33,1,-96.00,-8.00,2.00,9.00,34.00,5.00,13884186,448
614.02,1551331450,13206.16,51.48684545,7.40175314,181.41,13.35,0.39,340.82,1,-96.00,-8.00,2.00,9.00,34.00,5.00,13884186,448
615.02,1551331451,13219.50,51.48696024,7.40170785,180.72,13.76,0.42,343.24,1,-94.00,-8.00,-1.00,8.00,40.00,16.00,12895513,448
616.02,1551331452,13233.28,51.48707480,7.40166967,180.11,13.81,0.04,345.16,1,-94.00,-8.00,-1.00,8.00,40.00,16.00,12895513,448
617.02,1551331453,13247.08,51.48719916,7.40164066,179.59,13.90,0.09,347.65,1,-87.00,-8.00,3.00,10.00,48.00,16.00,12895513,313
618.01,1551331454,13260.97,51.48730988,7.40163278,179.67,13.95,0.04,350.59,1,-87.00,-8.00,3.00,10.00,48.00,16.00,12895513,313
619.02,1551331455,13274.93,51.48743550,7.40163672,179.74,13.85,-0.10,353.45,1,-89.00,-7.00,8.00,7.00,44.00,16.00,12895513,313
620.02,1551331456,13288.80,51.48756467,7.40164681,179.81,13.95,0.10,355.71,1,-89.00,-7.00,8.00,7.00,44.00,16.00,12895513,313
621.02,1551331457,13302.74,51.48769585,7.40165557,179.76,13.95,0.00,357.46,1,-87.00,-7.00,1.00,9.00,45.00,16.00,12895513,313
622.02,1551331458,13316.67,51.48782553,7.40166223,179.63,13.83,-0.12,358.45,1,-87.00,-7.00,1.00,9.00,45.00,16.00,12895513,313
623.01,1551331459,13330.49,51.48795125,7.40167156,179.22,13.92,0.09,359.01,1,-90.00,-8.00,5.00,11.00,43.00,16.00,12895513,313
624.02,1551331460,13344.45,51.48807310,7.40168061,178.63,13.72,-0.21,359.78,1,-90.00,-8.00,5.00,11.00,43.00,16.00,12895513,313
625.01,1551331461,13358.14,51.48819822,7.40169214,178.01,13.71,-0.01,0.16,1,-84.00,-7.00,11.00,6.00,49.00,3.00,13828123,451
626.01,1551331462,13371.84,51.48832314,7.40169798,177.35,14.11,0.40,0.94,1,-84.00,-7.00,11.00,6.00,49.00,3.00,13828123,451
627.01,1551331463,13385.95,51.48845719,7.40170602,176.49,14.81,0.70,1.07,1,-84.00,-6.00,16.00,13.00,49.00,3.00,13828123,451
628.01,1551331464,13400.75,51.48859268,7.40171568,175.64,15.08,0.26,0.73,1,-84.00,-6.00,16.00,13.00,49.00,3.00,13828123,451
629.02,1551331465,13415.99,51.48872609,7.40172104,174.71,15.19,0.12,0.00,1,-85.00,-6.00,21.00,10.00,46.00,3.00,13828123,451
630.01,1551331466,13431.03,51.48886298,7.40172337,173.88,15.23,0.04,359.88,1,-85.00,-6.00,21.00,10.00,46.00,3.00,13828123,451
631.01,1551331467,13446.25,51.48899141,7.40172347,173.13,13.98,-1.26,360.00,1,-85.00,-6.00,21.00,10.00,46.00,3.00,13828123,451
632.01,1551331468,13460.24,51.48910901,7.40172645,172.55,12.27,-1.70,0.33,1,-84.00,-7.00,13.00,11.00,49.00,3.00,13828123,451
633.02,1551331469,13472.53,51.48921863,7.40172906,172.20,11.05,-1.22,0.29,1,-84.00,-7.00,13.00,11.00,49.00,3.00,13828123,451
634.01,1551331470,13483.56,51.48929766,7.40172981,171.66,8.42,-2.64,0.88,1,-85.00,-9.00,8.00,2.00,52.00,3.00,13828123,451
635.01,1551331471,13491.98,51.48935832,7.40176791,171.18,6.31,-2.10,23.13,1,-85.00,-9.00,8.00,2.00,52.00,3.00,13828123,451
636.02,1551331472,13498.33,51.48939455,7.40184162,171.30,6.94,0.63,57.99,1,-83.00,-10.00,4.00,2.00,52.00,3.00,13828123,451
637.02,1551331473,13505.24,51.48940590,7.40197124,171.25,8.30,1.36,81.71,1,-83.00,-10.00,4.00,2.00,52.00,3.00,13828123,451
638.01,1551331474,13513.54,51.48941027,7.40209270,171.52,9.29,0.98,84.69,1,-85.00,-11.00,7.00,2.00,51.00,3.00,13828123,451
639.01,1551331475,13522.82,51.48941164,7.40222657,172.03,10.34,1.06,87.28,1,-85.00,-11.00,7.00,2.00,51.00,3.00,13828123,451
640.02,1551331476,13533.17,51.48940919,7.40238527,172.69,11.44,1.09,88.71,1,-87.00,-10.00,5.00,8.00,49.00,3.00,13828123,451
641.01,1551331477,13544.59,51.48940760,7.40254756,173.16,12.40,0.97,89.52,1,-87.00,-10.00,5.00,8.00,49.00,3.00,13828123,451
642.01,1551331478,13557.00,51.48940706,7.40273754,173.79,13.03,0.63,90.00,1,-84.00,-10.00,5.00,6.00,51.00,2.00,13828121,450
643.01,1551331479,13570.03,51.48940583,7.40293529,174.49,13.39,0.36,90.93,1,-84.00,-10.00,5.00,6.00,51.00,2.00,13828121,450
644.02,1551331480,13583.44,51.48940475,7.40313786,175.26,13.59,0.20,90.87,1,-84.00,-7.00,12.00,14.00,49.00,2.00,13828121,450
645.01,1551331481,13597.02,51.48940374,7.40333634,176.03,13.69,0.09,90.81,1,-84.00,-7.00,12.00,14.00,49.00,2.00,13828121,450
646.01,1551331482,13610.69,51.48940163,7.40352560,176.49,13.74,0.06,90.63,1,-79.00,-7.00,16.00,12.00,55.00,2.00,13828121,450
647.01,1551331483,13624.44,51.48939990,7.40372560,176.84,13.87,0.13,90.83,1,-79.00,-7.00,16.00,12.00,55.00,2.00,13828121,450
648.01,1551331484,13638.31,51.48939744,7.40392106,177.08,13.97,0.10,90.46,1,-79.00,-7.00,13.00,8.00,54.00,2.00,13828121,450
649.01,1551331485,13652.29,51.48939713,7.40412972,177.37,13.91,-0.06,90.74,1,-79.00,-7.00,13.00,8.00,54.00,2.00,13828121,450
650.02,1551331486,13666.22,51.48939618,7.40433592,177.62,13.99,0.08,90.74,1,-77.00,-7.00,18.00,12.00,55.00,2.00,13828121,450
651.01,1551331487,13680.20,51.48939335,7.40453950,177.95,14.13,0.14,91.11,1,-77.00,-7.00,18.00,12.00,55.00,2.00,13828121,450
652.02,1551331488,13694.35,51.48938974,7.40473659,178.12,14.11,-0.02,90.95,1,-74.00,-6.00,19.00,12.00,57.00,2.00,13828121,450
653.01,1551331489,13708.40,51.48938598,7.40493731,178.17,14.03,-0.09,90.92,1,-74.00,-6.00,19.00,12.00,57.00,2.00,13828121,450
654.01,1551331490,13722.45,51.48938303,7.40513795,178.14,13.84,-0.18,90.48,1,-74.00,-6.00,19.00,12.00,57.00,2.00,13828121,450
655.02,1551331491,13736.33,51.48938700,7.40535434,178.05,13.95,0.11,88.49,1,-72.00,-8.00,10.00,15.00,62.00,2.00,13828121,450
656.01,1551331492,13750.26,51.48939764,7.40554793,178.32,14.01,0.05,86.49,1,-72.00,-8.00,10.00,15.00,62.00,2.00,13828121,450
657.02,1551331493,13764.28,51.48941221,7.40575000,178.42,13.98,-0.03,84.41,1,-71.00,-7.00,13.00,10.00,63.00,2.00,13828121,450
658.01,1551331494,13778.24,51.48943047,7.40594581,178.31,14.03,0.06,82.71,1,-71.00,-7.00,13.00,10.00,63.00,2.00,13828121,450
659.02,1551331495,13792.33,51.48945570,7.40614537,178.18,13.89,-0.14,81.26,1,-77.00,-9.00,7.00,11.00,58.00,2.00,13828121,450
660.02,1551331496,13806.18,51.48948423,7.40634841,177.96,13.90,0.01,80.34,1,-77.00,-9.00,7.00,11.00,58.00,2.00,13828121,450
661.02,1551331497,13820.09,51.48951759,7.40655391,177.92,13.98,0.08,79.70,1,-71.00,-8.00,6.00,14.00,62.00,2.00,13828121,450
662.02,1551331498,13834.09,51.48954466,7.40675043,177.89,13.59,-0.39,78.84,1,-71.00,-8.00,6.00,14.00,62.00,2.00,13828121,450
663.02,1551331499,13847.70,51.48956989,7.40694190,177.75,13.72,0.13,78.79,1,-74.00,-7.00,10.00,12.00,58.00,2.00,13828121,450
664.02,1551331500,13861.38,51.48960170,7.40713660,177.62,13.77,0.05,77.81,1,-74.00,-7.00,10.00,12.00,58.00,2.00,13828121,450
665.01,1551331501,13875.14,51.48962944,7.40732529,177.34,14.34,0.57,77.24,1,-73.00,-7.00,8.00,2.00,62.00,2.00,13828121,450
666.01,1551331502,13889.48,51.48965605,7.40751746,176.91,14.02,-0.32,78.22,1,-73.00,-7.00,8.00,2.00,62.00,2.00,13828121,450
667.01,1551331503,13903.49,51.48968205,7.40771001,176.54,13.81,-0.21,78.53,1,-76.00,-9.00,7.00,2.00,59.00,2.00,13828121,450
668.02,1551331504,13917.33,51.48970428,7.40790086,175.99,13.84,0.03,79.44,1,-76.00,-9.00,7.00,2.00,59.00,2.00,13828121,450
669.01,1551331505,13931.16,51.48972806,7.40810088,175.22,14.22,0.38,79.66,1,-104.00,-19.00,-8.00,2.00,42.00,2.00,12898599,59
670.01,1551331506,13945.38,51.48975127,7.40829712,174.25,14.28,0.06,79.18,1,-104.00,-19.00,-8.00,2.00,42.00,2.00,12898599,59
671.02,1551331507,13959.76,51.48977566,7.40849639,173.19,14.47,0.19,78.98,1,-75.00,-5.00,18.00,2.00,55.00,2.00,13821978,171
672.02,1551331508,13974.24,51.48980414,7.40869970,172.31,14.52,0.04,78.01,1,-75.00,-5.00,18.00,2.00,55.00,2.00,13821978,171
673.02,1551331509,13988.76,51.48983102,7.40890527,171.64,14.53,0.01,78.40,1,-110.00,-18.00,-16.00,2.00,38.00,2.00,12898599,59
674.02,1551331510,14003.19,51.48985642,7.40911317,171.15,14.46,-0.07,78.16,1,-110.00,-18.00,-16.00,2.00,38.00,2.00,12898599,59
675.02,1551331511,14017.64,51.48988308,7.40931266,170.38,14.76,0.30,78.11,1,-110.00,-18.00,-16.00,2.00,38.00,2.00,12898599,59
676.02,1551331512,14032.42,51.48991084,7.40951523,169.55,14.73,-0.03,78.39,1,-115.00,-18.00,-9.00,2.00,32.00,2.00,12898599,59
677.02,1551331513,14047.13,51.48993458,7.40973234,169.14,14.75,0.02,79.22,1,-115.00,-18.00,-9.00,2.00,32.00,2.00,12898599,59
678.02,1551331514,14061.90,51.48995632,7.40994727,168.97,14.42,-0.33,78.78,1,-123.00,-19.00,-13.00,2.00,23.00,2.00,12898599,59
679.02,1551331515,14076.33,51.48997979,7.41015089,168.59,14.53,0.11,78.75,1,-123.00,-19.00,-13.00,2.00,23.00,2.00,12898599,59
680.02,1551331516,14090.85,51.49000377,7.41034748,167.92,14.63,0.09,78.42,1,-129.00,-21.00,-9.00,2.00,19.00,75.00,14299943,209
681.01,1551331517,14105.45,51.49002990,7.41055091,167.29,14.53,-0.09,79.28,1,-129.00,-21.00,-9.00,2.00,19.00,75.00,14299943,209
682.01,1551331518,14119.95,51.49005723,7.41075270,166.56,14.57,0.03,78.82,nan,nan,nan,nan,nan,nan,nan,nan,nan
683.01,1551331519,14134.52,51.49008570,7.41095318,166.13,14.15,-0.42,78.49,nan,nan,nan,nan,nan,nan,nan,nan,nan
