0.10,1551677388,0.00,51.45036408,7.48830227,245.08,0.37,0.00,245.83,0,-99.00,-8.00,0.00,0.00,41.00,0.00,0,67
0.10,1551677388,0.00,51.45036408,7.48830227,245.08,0.37,0.00,245.83,0,-98.00,-8.00,0.00,0.00,39.00,0.00,0,157
1.10,1551677389,0.37,51.45035846,7.48828479,245.24,0.59,0.00,245.83,0,-99.00,-8.00,0.00,0.00,41.00,0.00,0,67
1.10,1551677389,0.37,51.45035846,7.48828479,245.24,0.59,0.00,245.83,0,-98.00,-8.00,0.00,0.00,39.00,0.00,0,157
2.10,1551677390,0.97,51.45035012,7.48827255,245.47,1.71,0.00,244.80,0,-98.00,-8.00,0.00,0.00,42.00,0.00,0,67
2.10,1551677390,0.97,51.45035012,7.48827255,245.47,1.71,0.00,244.80,0,-97.00,-8.00,0.00,0.00,39.00,0.00,0,157
3.10,1551677391,2.68,51.45032080,7.48822765,247.80,4.06,0.00,225.00,0,-98.00,-8.00,0.00,0.00,42.00,0.00,0,67
3.10,1551677391,2.68,51.45032080,7.48822765,247.80,4.06,0.00,225.00,0,-97.00,-8.00,0.00,0.00,39.00,0.00,0,157
4.10,1551677392,6.75,51.45027362,7.48823232,249.12,6.58,0.00,183.45,0,-97.00,-8.00,0.00,0.00,43.00,0.00,0,67
4.10,1551677392,6.75,51.45027362,7.48823232,249.12,6.58,0.00,183.45,0,-96.00,-8.00,0.00,0.00,40.00,0.00,0,157
5.10,1551677393,13.32,51.45020193,7.48825512,249.87,8.14,0.00,166.47,0,-97.00,-8.00,0.00,0.00,43.00,0.00,0,67
5.10,1551677393,13.33,51.45020193,7.48825512,249.87,8.14,0.00,166.47,0,-96.00,-8.00,0.00,0.00,40.00,0.00,0,157
6.10,1551677394,21.47,51.45012733,7.48829131,250.38,8.93,0.00,166.81,0,-97.00,-8.00,0.00,0.00,44.00,0.00,0,67
6.10,1551677394,21.48,51.45012733,7.48829131,250.38,8.93,0.00,166.81,0,-95.00,-8.00,0.00,0.00,41.00,0.00,0,157
7.10,1551677395,30.39,51.45005104,7.48831738,250.84,9.45,0.00,167.45,0,-97.00,-8.00,0.00,0.00,44.00,0.00,0,67
7.10,1551677395,30.39,51.45005104,7.48831738,250.84,9.45,0.00,167.45,0,-95.00,-8.00,0.00,0.00,41.00,0.00,0,157
8.10,1551677396,39.84,51.44995914,7.48835243,250.91,10.49,0.00,168.21,0,-95.00,-9.00,0.00,0.00,46.00,0.00,0,67
8.10,1551677396,39.85,51.44995914,7.48835243,250.91,10.49,0.00,168.21,0,-95.00,-8.00,0.00,0.00,43.00,0.00,0,157
9.10,1551677397,50.33,51.44987632,7.48838441,250.60,11.00,0.00,168.57,0,-95.00,-9.00,0.00,0.00,46.00,0.00,0,67
9.10,1551677397,50.35,51.44987632,7.48838441,250.60,11.00,0.00,168.57,0,-95.00,-8.00,0.00,0.00,43.00,0.00,0,157
10.21,1551677398,62.60,51.44977543,7.48841651,249.96,12.43,0.00,170.22,0,-99.00,-11.00,0.00,0.00,44.00,0.00,0,67
10.22,1551677398,62.61,51.44977543,7.48841651,249.96,12.43,0.00,170.22,0,-98.00,-8.00,0.00,0.00,39.00,0.00,0,157
11.10,1551677399,73.63,51.44966082,7.48844265,249.55,13.44,0.00,171.69,0,-99.00,-11.00,0.00,0.00,44.00,0.00,0,67
11.10,1551677399,73.63,51.44966082,7.48844265,249.55,13.44,0.00,171.69,0,-98.00,-8.00,0.00,0.00,39.00,0.00,0,157
12.10,1551677400,87.08,51.44953893,7.48845431,248.93,13.93,0.00,173.83,0,-100.00,-9.00,0.00,0.00,41.00,0.00,0,67
12.10,1551677400,87.09,51.44953893,7.48845431,248.93,13.93,0.00,173.83,0,-98.00,-9.00,0.00,0.00,40.00,0.00,0,157
13.10,1551677401,101.00,51.44941942,7.48845953,247.96,13.53,0.00,177.13,0,-100.00,-9.00,0.00,0.00,41.00,0.00,0,67
13.10,1551677401,101.02,51.44941942,7.48845953,247.96,13.53,0.00,177.13,0,-98.00,-9.00,0.00,0.00,40.00,0.00,0,157
14.10,1551677402,114.52,51.44928560,7.48845913,246.91,13.91,0.00,179.65,0,-101.00,-10.00,0.00,0.00,40.00,0.00,0,67
14.10,1551677402,114.53,51.44928560,7.48845913,246.91,13.91,0.00,179.65,0,-99.00,-9.00,0.00,0.00,38.00,0.00,0,157
15.10,1551677403,128.43,51.44914802,7.48844778,246.58,14.01,0.00,181.31,0,-101.00,-10.00,0.00,0.00,40.00,0.00,0,67
15.10,1551677403,128.44,51.44914802,7.48844778,246.58,14.01,0.00,181.31,0,-99.00,-9.00,0.00,0.00,38.00,0.00,0,157
16.10,1551677404,142.47,51.44903088,7.48843042,246.56,13.60,0.00,183.21,0,-104.00,-10.00,0.00,0.00,37.00,0.00,0,67
16.10,1551677404,142.48,51.44903088,7.48843042,246.56,13.60,0.00,183.21,0,-108.00,-12.00,0.00,0.00,35.00,0.00,0,271
16.10,1551677404,142.48,51.44903088,7.48843042,246.56,13.60,0.00,183.21,0,-108.00,-12.00,0.00,0.00,35.00,0.00,0,195
16.11,1551677404,142.50,51.44903088,7.48843042,246.56,13.60,0.00,183.21,0,-101.00,-9.00,0.00,0.00,36.00,0.00,0,157
17.10,1551677405,156.07,51.44890404,7.48840754,247.05,14.04,0.00,186.02,0,-104.00,-10.00,0.00,0.00,37.00,0.00,0,67
17.10,1551677405,156.08,51.44890404,7.48840754,247.05,14.04,0.00,186.02,0,-108.00,-12.00,0.00,0.00,35.00,0.00,0,271
17.11,1551677405,156.10,51.44890404,7.48840754,247.05,14.04,0.00,186.02,0,-108.00,-12.00,0.00,0.00,35.00,0.00,0,195
17.11,1551677405,156.10,51.44890404,7.48840754,247.05,14.04,0.00,186.02,0,-101.00,-9.00,0.00,0.00,36.00,0.00,0,157
18.11,1551677406,170.24,51.44878166,7.48836901,247.52,13.90,0.00,189.04,0,-106.00,-11.00,0.00,0.00,37.00,0.00,0,67
18.11,1551677406,170.24,51.44878166,7.48836901,247.52,13.90,0.00,189.04,0,-108.00,-11.00,0.00,0.00,34.00,0.00,0,271
18.11,1551677406,170.25,51.44878166,7.48836901,247.52,13.90,0.00,189.04,0,-110.00,-12.00,0.00,0.00,34.00,0.00,0,195
18.11,1551677406,170.27,51.44878166,7.48836901,247.52,13.90,0.00,189.04,0,-104.00,-9.00,0.00,0.00,35.00,0.00,0,157
18.11,1551677406,170.27,51.44878166,7.48836901,247.52,13.90,0.00,189.04,0,-109.00,-13.00,0.00,0.00,33.00,0.00,0,318
19.10,1551677407,184.03,51.44866712,7.48831983,248.30,13.03,0.00,191.56,0,-106.00,-11.00,0.00,0.00,37.00,0.00,0,67
19.10,1551677407,184.03,51.44866712,7.48831983,248.30,13.03,0.00,191.56,0,-108.00,-11.00,0.00,0.00,34.00,0.00,0,271
19.11,1551677407,184.04,51.44866712,7.48831983,248.30,13.03,0.00,191.56,0,-110.00,-12.00,0.00,0.00,34.00,0.00,0,195
19.11,1551677407,184.06,51.44866712,7.48831983,248.30,13.03,0.00,191.56,0,-104.00,-9.00,0.00,0.00,35.00,0.00,0,157
19.11,1551677407,184.06,51.44866712,7.48831983,248.30,13.03,0.00,191.56,0,-109.00,-13.00,0.00,0.00,33.00,0.00,0,318
20.10,1551677408,197.06,51.44854296,7.48826741,249.04,13.46,0.00,192.40,0,-106.00,-11.00,0.00,0.00,37.00,0.00,0,67
20.10,1551677408,197.06,51.44854296,7.48826741,249.04,13.46,0.00,192.40,0,-108.00,-11.00,0.00,0.00,34.00,0.00,0,271
20.11,1551677408,197.07,51.44854296,7.48826741,249.04,13.46,0.00,192.40,0,-110.00,-12.00,0.00,0.00,34.00,0.00,0,195
20.11,1551677408,197.08,51.44854296,7.48826741,249.04,13.46,0.00,192.40,0,-104.00,-9.00,0.00,0.00,35.00,0.00,0,157
20.11,1551677408,197.08,51.44854296,7.48826741,249.04,13.46,0.00,192.40,0,-109.00,-13.00,0.00,0.00,33.00,0.00,0,318
21.10,1551677409,210.52,51.44841606,7.48821413,249.38,14.11,0.00,192.95,0,-107.00,-10.00,0.00,0.00,34.00,0.00,0,271
21.10,1551677409,210.52,51.44841606,7.48821413,249.38,14.11,0.00,192.95,0,-109.00,-10.00,0.00,0.00,33.00,0.00,0,195
21.11,1551677409,210.54,51.44841606,7.48821413,249.38,14.11,0.00,192.95,0,-111.00,-12.00,0.00,0.00,33.00,0.00,0,67
21.11,1551677409,210.55,51.44841606,7.48821413,249.38,14.11,0.00,192.95,0,-107.00,-11.00,0.00,0.00,33.00,0.00,0,157
21.11,1551677409,210.55,51.44841606,7.48821413,249.38,14.11,0.00,192.95,0,-108.00,-11.00,0.00,0.00,32.00,0.00,0,318
22.10,1551677410,224.56,51.44829556,7.48816058,250.53,13.76,0.00,193.67,0,-107.00,-10.00,0.00,0.00,34.00,0.00,0,271
22.10,1551677410,224.58,51.44829556,7.48816058,250.53,13.76,0.00,193.67,0,-109.00,-10.00,0.00,0.00,33.00,0.00,0,195
22.10,1551677410,224.58,51.44829556,7.48816058,250.53,13.76,0.00,193.67,0,-111.00,-12.00,0.00,0.00,33.00,0.00,0,67
22.10,1551677410,224.59,51.44829556,7.48816058,250.53,13.76,0.00,193.67,0,-107.00,-11.00,0.00,0.00,33.00,0.00,0,157
22.10,1551677410,224.59,51.44829556,7.48816058,250.53,13.76,0.00,193.67,0,-108.00,-11.00,0.00,0.00,32.00,0.00,0,318
25.10,1551677413,266.83,51.44789479,7.48798699,252.26,15.03,0.00,192.22,0,-111.00,-14.00,0.00,0.00,35.00,0.00,0,272
25.10,1551677413,266.85,51.44789479,7.48798699,252.26,15.03,0.00,192.22,0,-111.00,-13.00,0.00,0.00,33.00,0.00,0,66
26.10,1551677414,281.85,51.44776595,7.48794708,252.14,13.84,0.00,191.79,0,-111.00,-14.00,0.00,0.00,35.00,0.00,0,272
26.10,1551677414,281.86,51.44776595,7.48794708,252.14,13.84,0.00,191.79,0,-111.00,-13.00,0.00,0.00,33.00,0.00,0,66
27.10,1551677415,295.71,51.44763091,7.48791556,252.15,15.71,0.00,190.30,0,-108.00,-12.00,0.00,0.00,35.00,0.00,0,195
27.10,1551677415,295.71,51.44763091,7.48791556,252.15,15.71,0.00,190.30,0,-110.00,-15.00,0.00,0.00,36.00,0.00,0,272
27.10,1551677415,295.72,51.44763091,7.48791556,252.15,15.71,0.00,190.30,0,-111.00,-14.00,0.00,0.00,35.00,0.00,0,280
28.10,1551677416,311.42,51.44751224,7.48789476,251.91,13.73,0.00,188.95,0,-108.00,-12.00,0.00,0.00,35.00,0.00,0,195
28.10,1551677416,311.43,51.44751224,7.48789476,251.91,13.73,0.00,188.95,0,-110.00,-15.00,0.00,0.00,36.00,0.00,0,272
28.10,1551677416,311.43,51.44751224,7.48789476,251.91,13.73,0.00,188.95,0,-111.00,-14.00,0.00,0.00,35.00,0.00,0,280
29.10,1551677417,325.13,51.44738449,7.48787397,251.89,14.67,0.00,186.60,0,-107.00,-12.00,0.00,0.00,36.00,0.00,0,272
29.10,1551677417,325.15,51.44738449,7.48787397,251.89,14.67,0.00,186.60,0,-109.00,-12.00,0.00,0.00,35.00,0.00,0,195
30.10,1551677418,339.80,51.44724652,7.48785913,251.66,14.74,0.00,183.22,0,-107.00,-12.00,0.00,0.00,36.00,0.00,0,272
30.10,1551677418,339.82,51.44724652,7.48785913,251.66,14.74,0.00,183.22,0,-109.00,-12.00,0.00,0.00,35.00,0.00,0,195
31.10,1551677419,354.54,51.44710746,7.48789398,251.41,15.49,0.00,170.57,0,-105.00,-13.00,0.00,0.00,39.00,0.00,0,272
32.10,1551677420,370.03,51.44695779,7.48793983,251.98,15.67,0.00,169.30,0,-105.00,-13.00,0.00,0.00,39.00,0.00,0,272
33.10,1551677421,385.70,51.44683254,7.48799976,252.74,15.91,0.00,167.78,0,-107.00,-12.00,0.00,0.00,36.00,0.00,0,272
34.10,1551677422,401.61,51.44669550,7.48807097,253.55,15.57,0.00,165.04,0,-107.00,-12.00,0.00,0.00,36.00,0.00,0,272
35.10,1551677423,417.20,51.44655965,7.48815199,254.74,16.17,0.00,161.91,0,-105.00,-10.00,0.00,0.00,37.00,0.00,0,272
35.10,1551677423,417.21,51.44655965,7.48815199,254.74,16.17,0.00,161.91,0,-108.00,-11.00,0.00,0.00,35.00,0.00,0,66
35.10,1551677423,417.23,51.44655965,7.48815199,254.74,16.17,0.00,161.91,0,-109.00,-13.00,0.00,0.00,34.00,0.00,0,67
36.10,1551677424,433.38,51.44642898,7.48824259,255.82,16.22,0.00,158.86,0,-105.00,-10.00,0.00,0.00,37.00,0.00,0,272
36.10,1551677424,433.38,51.44642898,7.48824259,255.82,16.22,0.00,158.86,0,-108.00,-11.00,0.00,0.00,35.00,0.00,0,66
36.10,1551677424,433.40,51.44642898,7.48824259,255.82,16.22,0.00,158.86,0,-109.00,-13.00,0.00,0.00,34.00,0.00,0,67
37.10,1551677425,449.61,51.44629711,7.48835382,256.65,16.36,0.00,155.58,0,-102.00,-9.00,0.00,0.00,39.00,0.00,0,66
37.10,1551677425,449.62,51.44629711,7.48835382,256.65,16.36,0.00,155.58,0,-103.00,-10.00,0.00,0.00,39.00,0.00,0,272
37.10,1551677425,449.62,51.44629711,7.48835382,256.65,16.36,0.00,155.58,0,-104.00,-10.00,0.00,0.00,38.00,0.00,0,67
38.10,1551677426,465.97,51.44616327,7.48848203,257.57,16.39,0.00,151.95,0,-102.00,-9.00,0.00,0.00,39.00,0.00,0,66
38.10,1551677426,465.98,51.44616327,7.48848203,257.57,16.39,0.00,151.95,0,-103.00,-10.00,0.00,0.00,39.00,0.00,0,272
38.11,1551677426,466.00,51.44616327,7.48848203,257.57,16.39,0.00,151.95,0,-104.00,-10.00,0.00,0.00,38.00,0.00,0,67
39.11,1551677427,482.47,51.44603447,7.48863222,258.29,16.32,0.00,148.06,0,-103.00,-9.00,0.00,0.00,38.00,0.00,0,272
39.11,1551677427,482.48,51.44603447,7.48863222,258.29,16.32,0.00,148.06,0,-104.00,-9.00,0.00,0.00,37.00,0.00,0,66
39.11,1551677427,482.50,51.44603447,7.48863222,258.29,16.32,0.00,148.06,0,-105.00,-11.00,0.00,0.00,38.00,0.00,0,67
40.10,1551677428,498.68,51.44592147,7.48878839,258.87,16.39,0.00,144.28,0,-103.00,-9.00,0.00,0.00,38.00,0.00,0,272
40.10,1551677428,498.69,51.44592147,7.48878839,258.87,16.39,0.00,144.28,0,-104.00,-9.00,0.00,0.00,37.00,0.00,0,66
40.11,1551677428,498.71,51.44592147,7.48878839,258.87,16.39,0.00,144.28,0,-105.00,-11.00,0.00,0.00,38.00,0.00,0,67
41.10,1551677429,515.05,51.44581876,7.48895694,259.68,15.97,0.00,140.47,0,-103.00,-9.00,0.00,0.00,38.00,0.00,0,272
41.10,1551677429,515.07,51.44581876,7.48895694,259.68,15.97,0.00,140.47,0,-104.00,-9.00,0.00,0.00,37.00,0.00,0,66
41.10,1551677429,515.08,51.44581876,7.48895694,259.68,15.97,0.00,140.47,0,-105.00,-11.00,0.00,0.00,38.00,0.00,0,67
42.10,1551677430,531.02,51.44570890,7.48914527,260.63,16.02,0.00,136.83,0,-105.00,-8.00,0.00,0.00,35.00,0.00,0,66
42.10,1551677430,531.04,51.44570890,7.48914527,260.63,16.02,0.00,136.83,0,-106.00,-10.00,0.00,0.00,36.00,0.00,0,272
42.10,1551677430,531.06,51.44570890,7.48914527,260.63,16.02,0.00,136.83,0,-108.00,-11.00,0.00,0.00,35.00,0.00,0,67
43.10,1551677431,547.04,51.44561465,7.48933127,261.89,15.45,0.00,133.87,0,-105.00,-8.00,0.00,0.00,35.00,0.00,0,66
43.10,1551677431,547.06,51.44561465,7.48933127,261.89,15.45,0.00,133.87,0,-106.00,-10.00,0.00,0.00,36.00,0.00,0,272
43.10,1551677431,547.07,51.44561465,7.48933127,261.89,15.45,0.00,133.87,0,-108.00,-11.00,0.00,0.00,35.00,0.00,0,67
44.10,1551677432,562.49,51.44552124,7.48952391,263.36,15.36,0.00,131.96,0,-103.00,-8.00,0.00,0.00,36.00,0.00,0,66
44.10,1551677432,562.51,51.44552124,7.48952391,263.36,15.36,0.00,131.96,0,-107.00,-10.00,0.00,0.00,35.00,0.00,0,272
44.10,1551677432,562.52,51.44552124,7.48952391,263.36,15.36,0.00,131.96,0,-108.00,-13.00,0.00,0.00,36.00,0.00,0,67
45.10,1551677433,577.86,51.44543635,7.48970614,264.75,15.43,0.00,130.25,0,-103.00,-8.00,0.00,0.00,36.00,0.00,0,66
45.10,1551677433,577.87,51.44543635,7.48970614,264.75,15.43,0.00,130.25,0,-107.00,-10.00,0.00,0.00,35.00,0.00,0,272
45.10,1551677433,577.87,51.44543635,7.48970614,264.75,15.43,0.00,130.25,0,-108.00,-13.00,0.00,0.00,36.00,0.00,0,67
46.10,1551677434,593.30,51.44535528,7.48988520,265.90,15.51,0.00,129.30,0,-108.00,-10.00,0.00,0.00,34.00,0.00,0,272
46.10,1551677434,593.32,51.44535528,7.48988520,265.90,15.51,0.00,129.30,0,-109.00,-13.00,0.00,0.00,35.00,0.00,0,67
46.10,1551677434,593.32,51.44535528,7.48988520,265.90,15.51,0.00,129.30,0,-110.00,-12.00,0.00,0.00,33.00,0.00,0,271
46.11,1551677434,593.33,51.44535528,7.48988520,265.90,15.51,0.00,129.30,0,-107.00,-12.00,0.00,0.00,34.00,0.00,0,157
47.10,1551677435,608.81,51.44527442,7.49007299,267.03,15.74,0.00,128.51,0,-108.00,-10.00,0.00,0.00,34.00,0.00,0,272
47.10,1551677435,608.83,51.44527442,7.49007299,267.03,15.74,0.00,128.51,0,-109.00,-13.00,0.00,0.00,35.00,0.00,0,67
47.10,1551677435,608.83,51.44527442,7.49007299,267.03,15.74,0.00,128.51,0,-110.00,-12.00,0.00,0.00,33.00,0.00,0,271
47.11,1551677435,608.84,51.44527442,7.49007299,267.03,15.74,0.00,128.51,0,-107.00,-12.00,0.00,0.00,34.00,0.00,0,157
48.10,1551677436,624.55,51.44518946,7.49027020,268.00,15.33,0.00,127.94,0,-108.00,-11.00,0.00,0.00,36.00,0.00,0,272
48.10,1551677436,624.55,51.44518946,7.49027020,268.00,15.33,0.00,127.94,0,-112.00,-17.00,0.00,0.00,37.00,0.00,0,271
48.10,1551677436,624.56,51.44518946,7.49027020,268.00,15.33,0.00,127.94,0,-112.00,-15.00,0.00,0.00,35.00,0.00,0,67
48.11,1551677436,624.58,51.44518946,7.49027020,268.00,15.33,0.00,127.94,0,-109.00,-14.00,0.00,0.00,33.00,0.00,0,157
49.10,1551677437,639.88,51.44510760,7.49046390,268.77,15.01,0.00,127.39,0,-108.00,-11.00,0.00,0.00,36.00,0.00,0,272
49.10,1551677437,639.90,51.44510760,7.49046390,268.77,15.01,0.00,127.39,0,-112.00,-17.00,0.00,0.00,37.00,0.00,0,271
49.10,1551677437,639.90,51.44510760,7.49046390,268.77,15.01,0.00,127.39,0,-112.00,-15.00,0.00,0.00,35.00,0.00,0,67
49.11,1551677437,639.91,51.44510760,7.49046390,268.77,15.01,0.00,127.39,0,-109.00,-14.00,0.00,0.00,33.00,0.00,0,157
50.10,1551677438,654.86,51.44503946,7.49062854,269.40,14.42,0.00,126.81,0,-106.00,-9.00,0.00,0.00,34.00,0.00,0,272
50.10,1551677438,654.87,51.44503946,7.49062854,269.40,14.42,0.00,126.81,0,-108.00,-12.00,0.00,0.00,33.00,0.00,0,157
51.10,1551677439,669.27,51.44496312,7.49081493,269.91,13.90,0.00,126.16,0,-106.00,-9.00,0.00,0.00,34.00,0.00,0,272
51.10,1551677439,669.29,51.44496312,7.49081493,269.91,13.90,0.00,126.16,0,-108.00,-12.00,0.00,0.00,33.00,0.00,0,157
52.10,1551677440,683.17,51.44489705,7.49097477,270.89,13.32,0.00,126.52,0,-108.00,-10.00,0.00,0.00,33.00,0.00,0,272
52.10,1551677440,683.18,51.44489705,7.49097477,270.89,13.32,0.00,126.52,0,-110.00,-14.00,0.00,0.00,32.00,0.00,0,157
53.10,1551677441,696.48,51.44482799,7.49113666,271.68,12.10,0.00,126.12,0,-108.00,-10.00,0.00,0.00,33.00,0.00,0,272
53.10,1551677441,696.50,51.44482799,7.49113666,271.68,12.10,0.00,126.12,0,-110.00,-14.00,0.00,0.00,32.00,0.00,0,157
54.10,1551677442,708.59,51.44477337,7.49125901,272.16,10.10,0.00,126.86,0,-108.00,-8.00,0.00,0.00,32.00,0.00,0,272
54.10,1551677442,708.59,51.44477337,7.49125901,272.16,10.10,0.00,126.86,0,-114.00,-14.00,0.00,0.00,32.00,0.00,0,271
55.10,1551677443,718.69,51.44472500,7.49136707,272.20,8.93,0.00,127.80,0,-108.00,-8.00,0.00,0.00,32.00,0.00,0,272
55.10,1551677443,718.69,51.44472500,7.49136707,272.20,8.93,0.00,127.80,0,-114.00,-14.00,0.00,0.00,32.00,0.00,0,271
56.10,1551677444,727.61,51.44468670,7.49144840,272.15,6.93,0.00,127.44,0,-115.00,-12.00,0.00,0.00,28.00,0.00,0,66
56.10,1551677444,727.61,51.44468670,7.49144840,272.15,6.93,0.00,127.44,0,-117.00,-13.00,0.00,0.00,28.00,0.00,0,25
57.10,1551677445,734.54,51.44465824,7.49151063,271.91,5.29,0.00,127.07,0,-115.00,-12.00,0.00,0.00,28.00,0.00,0,66
57.10,1551677445,734.54,51.44465824,7.49151063,271.91,5.29,0.00,127.07,0,-117.00,-13.00,0.00,0.00,28.00,0.00,0,25
58.10,1551677446,739.83,51.44463838,7.49156045,271.92,4.07,0.00,127.48,0,-115.00,-12.00,0.00,0.00,29.00,0.00,0,66
58.10,1551677446,739.83,51.44463838,7.49156045,271.92,4.07,0.00,127.48,0,-116.00,-13.00,0.00,0.00,28.00,0.00,0,288
59.10,1551677447,743.90,51.44460992,7.49161612,271.92,1.60,0.00,130.21,0,-115.00,-12.00,0.00,0.00,29.00,0.00,0,66
59.10,1551677447,743.90,51.44460992,7.49161612,271.92,1.60,0.00,130.21,0,-116.00,-13.00,0.00,0.00,28.00,0.00,0,288
60.11,1551677448,745.50,51.44460992,7.49161612,271.92,0.00,0.00,130.21,0,-115.00,-12.00,0.00,0.00,29.00,0.00,0,66
61.10,1551677449,745.50,51.44460992,7.49161612,271.91,0.00,0.00,130.21,0,-115.00,-12.00,0.00,0.00,29.00,0.00,0,66
62.10,1551677450,745.50,51.44460992,7.49161612,271.91,0.00,0.00,130.21,0,-115.00,-12.00,0.00,0.00,29.00,0.00,0,66
63.10,1551677451,745.50,51.44460992,7.49161612,271.91,0.00,0.00,130.21,0,-115.00,-11.00,0.00,0.00,28.00,0.00,0,66
64.10,1551677452,745.50,51.44460992,7.49161612,271.90,0.00,0.00,130.21,0,-115.00,-11.00,0.00,0.00,28.00,0.00,0,66
65.10,1551677453,745.50,51.44460992,7.49161612,271.89,0.00,0.00,130.21,0,-113.00,-11.00,0.00,0.00,30.00,0.00,0,66
66.10,1551677454,745.50,51.44460992,7.49161612,271.89,0.00,0.00,130.21,0,-113.00,-11.00,0.00,0.00,30.00,0.00,0,66
67.10,1551677455,745.50,51.44460992,7.49161612,271.89,0.00,0.00,130.21,0,-114.00,-12.00,0.00,0.00,29.00,0.00,0,66
67.10,1551677455,745.50,51.44460992,7.49161612,271.89,0.00,0.00,130.21,0,-115.00,-14.00,0.00,0.00,31.00,0.00,0,271
68.10,1551677456,745.50,51.44460992,7.49161612,271.89,0.00,0.00,130.21,0,-114.00,-12.00,0.00,0.00,29.00,0.00,0,66
68.10,1551677456,745.50,51.44460992,7.49161612,271.89,0.00,0.00,130.21,0,-115.00,-14.00,0.00,0.00,31.00,0.00,0,271
69.10,1551677457,745.50,51.44460992,7.49161612,271.89,0.00,0.00,130.21,0,-115.00,-13.00,0.00,0.00,29.00,0.00,0,66
70.10,1551677458,745.50,51.44460992,7.49161612,271.89,0.00,0.00,130.21,0,-115.00,-13.00,0.00,0.00,29.00,0.00,0,66
71.10,1551677459,745.50,51.44460992,7.49161612,271.89,0.00,0.00,130.21,0,-114.00,-13.00,0.00,0.00,30.00,0.00,0,66
72.10,1551677460,745.50,51.44460992,7.49161612,271.89,0.00,0.00,130.21,0,-114.00,-13.00,0.00,0.00,30.00,0.00,0,66
73.10,1551677461,745.50,51.44460992,7.49161612,271.89,0.00,0.00,130.21,0,-115.00,-11.00,0.00,0.00,29.00,0.00,0,66
74.10,1551677462,745.50,51.44460992,7.49161612,271.89,0.00,0.00,130.21,0,-115.00,-11.00,0.00,0.00,29.00,0.00,0,66
77.10,1551677465,745.50,51.44460992,7.49161612,271.88,0.00,0.00,130.21,0,-114.00,-12.00,0.00,0.00,29.00,0.00,0,66
78.10,1551677466,745.50,51.44460992,7.49161612,271.88,0.00,0.00,130.21,0,-114.00,-12.00,0.00,0.00,29.00,0.00,0,66
84.10,1551677472,745.50,51.44460992,7.49161612,271.74,0.00,0.00,130.21,0,-115.00,-12.00,0.00,0.00,29.00,0.00,0,66
85.10,1551677473,745.50,51.44460992,7.49161612,271.74,0.00,0.00,114.13,0,-115.00,-12.00,0.00,0.00,29.00,0.00,0,66
123.11,1551677511,1250.39,51.44090652,7.48683268,277.95,16.96,0.00,229.79,0,-86.00,-9.00,0.00,0.00,55.00,0.00,0,270
124.10,1551677512,1267.23,51.44080830,7.48662834,277.98,16.91,0.00,229.50,0,-86.00,-9.00,0.00,0.00,55.00,0.00,0,270
125.10,1551677513,1284.12,51.44071997,7.48644063,277.76,16.85,0.00,229.12,0,-86.00,-9.00,0.00,0.00,55.00,0.00,0,270
128.10,1551677516,1334.37,51.44045838,7.48588576,276.57,16.41,0.00,229.85,0,-85.00,-12.00,0.00,0.00,59.00,0.00,0,272
129.10,1551677517,1350.79,51.44037330,7.48569935,277.01,16.21,0.00,230.46,0,-85.00,-12.00,0.00,0.00,59.00,0.00,0,272
161.10,1551677549,1886.12,51.43786645,7.47899417,283.94,16.09,0.00,241.37,0,-109.00,-11.00,0.00,0.00,33.00,0.00,0,261
162.10,1551677550,1902.19,51.43779044,7.47876166,283.28,14.93,0.00,242.05,0,-109.00,-11.00,0.00,0.00,33.00,0.00,0,261
163.10,1551677551,1917.14,51.43773004,7.47855236,282.87,14.80,0.00,242.91,0,-107.00,-10.00,0.00,0.00,34.00,0.00,0,261
164.10,1551677552,1931.92,51.43766673,7.47834435,282.37,14.74,0.00,243.66,0,-107.00,-10.00,0.00,0.00,34.00,0.00,0,261
165.11,1551677553,1946.83,51.43759811,7.47812195,281.88,16.24,0.00,242.47,0,-107.00,-10.00,0.00,0.00,34.00,0.00,0,261
165.11,1551677553,1946.84,51.43759811,7.47812195,281.88,16.24,0.00,242.47,0,-112.00,-13.00,0.00,0.00,32.00,0.00,0,205
166.10,1551677554,1962.90,51.43753056,7.47790191,282.00,16.60,0.00,243.29,0,-107.00,-10.00,0.00,0.00,34.00,0.00,0,261
166.10,1551677554,1962.92,51.43753056,7.47790191,282.00,16.60,0.00,243.29,0,-112.00,-13.00,0.00,0.00,32.00,0.00,0,205
167.10,1551677555,1979.51,51.43746408,7.47768321,281.32,15.04,0.00,242.65,0,-107.00,-10.00,0.00,0.00,34.00,0.00,0,261
167.10,1551677555,1979.53,51.43746408,7.47768321,281.32,15.04,0.00,242.65,0,-112.00,-13.00,0.00,0.00,32.00,0.00,0,205
168.10,1551677556,1994.56,51.43739381,7.47747259,280.53,15.55,0.00,241.43,0,-109.00,-8.00,0.00,0.00,31.00,0.00,0,261
168.10,1551677556,1994.57,51.43739381,7.47747259,280.53,15.55,0.00,241.43,0,-112.00,-10.00,0.00,0.00,30.00,0.00,0,205
168.10,1551677556,1994.57,51.43739381,7.47747259,280.53,15.55,0.00,241.43,0,-114.00,-13.00,0.00,0.00,31.00,0.00,0,195
169.10,1551677557,2010.13,51.43732262,7.47726094,279.74,15.89,0.00,239.93,0,-109.00,-8.00,0.00,0.00,31.00,0.00,0,261
169.10,1551677557,2010.13,51.43732262,7.47726094,279.74,15.89,0.00,239.93,0,-112.00,-10.00,0.00,0.00,30.00,0.00,0,205
169.10,1551677557,2010.14,51.43732262,7.47726094,279.74,15.89,0.00,239.93,0,-114.00,-13.00,0.00,0.00,31.00,0.00,0,195
170.10,1551677558,2026.02,51.43725232,7.47704955,279.39,15.45,0.00,239.78,0,-109.00,-9.00,0.00,0.00,32.00,0.00,0,261
170.10,1551677558,2026.02,51.43725232,7.47704955,279.39,15.45,0.00,239.78,0,-113.00,-12.00,0.00,0.00,32.00,0.00,0,205
170.10,1551677558,2026.03,51.43725232,7.47704955,279.39,15.45,0.00,239.78,0,-114.00,-15.00,0.00,0.00,32.00,0.00,0,195
171.10,1551677559,2041.45,51.43719933,7.47685507,279.31,13.85,0.00,242.39,0,-109.00,-9.00,0.00,0.00,32.00,0.00,0,261
171.10,1551677559,2041.46,51.43719933,7.47685507,279.31,13.85,0.00,242.39,0,-113.00,-12.00,0.00,0.00,32.00,0.00,0,205
171.10,1551677559,2041.46,51.43719933,7.47685507,279.31,13.85,0.00,242.39,0,-114.00,-15.00,0.00,0.00,32.00,0.00,0,195
212.10,1551677600,2866.27,51.44206751,7.48430989,281.67,24.90,0.00,28.24,0,-90.00,-8.00,0.00,0.00,50.00,0.00,0,271
213.10,1551677601,2891.17,51.44226408,7.48448871,281.29,24.77,0.00,27.32,0,-90.00,-8.00,0.00,0.00,50.00,0.00,0,271
214.10,1551677602,2915.94,51.44246683,7.48465009,281.04,24.81,0.00,26.28,0,-88.00,-11.00,0.00,0.00,55.00,0.00,0,270
215.10,1551677603,2940.75,51.44266765,7.48481252,280.72,24.56,0.00,25.46,0,-88.00,-11.00,0.00,0.00,55.00,0.00,0,270
277.10,1551677665,4261.91,51.44299480,7.47420561,258.06,28.02,0.00,257.89,0,-97.00,-11.00,0.00,0.00,45.00,0.00,0,270
278.10,1551677666,4289.93,51.44294502,7.47381899,257.41,27.59,0.00,258.18,0,-97.00,-11.00,0.00,0.00,45.00,0.00,0,270
279.10,1551677667,4317.58,51.44289339,7.47343327,256.97,28.10,0.00,257.45,0,-101.00,-7.00,0.00,0.00,38.00,0.00,0,155
279.10,1551677667,4317.60,51.44289339,7.47343327,256.97,28.10,0.00,257.45,0,-109.00,-12.00,0.00,0.00,34.00,0.00,0,195
279.11,1551677667,4317.63,51.44289339,7.47343327,256.97,28.10,0.00,257.45,0,-110.00,-14.00,0.00,0.00,36.00,0.00,0,249
280.10,1551677668,4345.65,51.44283864,7.47302919,256.46,28.43,0.00,256.99,0,-101.00,-7.00,0.00,0.00,38.00,0.00,0,155
280.10,1551677668,4345.68,51.44283864,7.47302919,256.46,28.43,0.00,256.99,0,-109.00,-12.00,0.00,0.00,34.00,0.00,0,195
280.10,1551677668,4345.68,51.44283864,7.47302919,256.46,28.43,0.00,256.99,0,-110.00,-14.00,0.00,0.00,36.00,0.00,0,249
289.10,1551677677,4605.53,51.44234816,7.46931940,248.24,30.26,0.00,258.22,0,-113.00,-11.00,0.00,0.00,29.00,0.00,0,195
289.10,1551677677,4605.56,51.44234816,7.46931940,248.24,30.26,0.00,258.22,0,-117.00,-15.00,0.00,0.00,29.00,0.00,0,270
289.10,1551677677,4605.59,51.44234816,7.46931940,248.24,30.26,0.00,258.22,0,-119.00,-17.00,0.00,0.00,30.00,0.00,0,376
290.10,1551677678,4635.80,51.44229401,7.46889742,246.62,30.95,0.00,258.35,0,-113.00,-11.00,0.00,0.00,29.00,0.00,0,195
290.10,1551677678,4635.83,51.44229401,7.46889742,246.62,30.95,0.00,258.35,0,-117.00,-15.00,0.00,0.00,29.00,0.00,0,270
290.10,1551677678,4635.83,51.44229401,7.46889742,246.62,30.95,0.00,258.35,0,-119.00,-17.00,0.00,0.00,30.00,0.00,0,376
291.11,1551677679,4667.06,51.44223821,7.46845273,245.32,31.41,0.00,258.43,0,-109.00,-9.00,0.00,0.00,31.00,0.00,0,195
291.11,1551677679,4667.09,51.44223821,7.46845273,245.32,31.41,0.00,258.43,0,-115.00,-14.00,0.00,0.00,31.00,0.00,0,249
291.11,1551677679,4667.09,51.44223821,7.46845273,245.32,31.41,0.00,258.43,0,-115.00,-15.00,0.00,0.00,31.00,0.00,0,376
292.10,1551677680,4698.16,51.44218247,7.46799959,244.10,32.02,0.00,258.61,0,-109.00,-9.00,0.00,0.00,31.00,0.00,0,195
292.10,1551677680,4698.19,51.44218247,7.46799959,244.10,32.02,0.00,258.61,0,-115.00,-14.00,0.00,0.00,31.00,0.00,0,249
292.10,1551677680,4698.22,51.44218247,7.46799959,244.10,32.02,0.00,258.61,0,-115.00,-15.00,0.00,0.00,31.00,0.00,0,376
293.10,1551677681,4730.18,51.44212889,7.46754033,242.96,32.54,0.00,259.02,0,-109.00,-9.00,0.00,0.00,31.00,0.00,0,195
293.10,1551677681,4730.21,51.44212889,7.46754033,242.96,32.54,0.00,259.02,0,-115.00,-14.00,0.00,0.00,31.00,0.00,0,249
293.10,1551677681,4730.21,51.44212889,7.46754033,242.96,32.54,0.00,259.02,0,-115.00,-15.00,0.00,0.00,31.00,0.00,0,376
294.10,1551677682,4762.72,51.44207232,7.46706943,241.88,32.95,0.00,259.30,0,-108.00,-8.00,0.00,0.00,32.00,0.00,0,195
294.10,1551677682,4762.76,51.44207232,7.46706943,241.88,32.95,0.00,259.30,0,-114.00,-15.00,0.00,0.00,32.00,0.00,0,249
294.10,1551677682,4762.79,51.44207232,7.46706943,241.88,32.95,0.00,259.30,0,-115.00,-15.00,0.00,0.00,32.00,0.00,0,376
295.10,1551677683,4795.67,51.44201499,7.46660325,241.01,33.30,0.00,259.87,0,-108.00,-8.00,0.00,0.00,32.00,0.00,0,195
295.10,1551677683,4795.70,51.44201499,7.46660325,241.01,33.30,0.00,259.87,0,-114.00,-15.00,0.00,0.00,32.00,0.00,0,249
295.10,1551677683,4795.70,51.44201499,7.46660325,241.01,33.30,0.00,259.87,0,-115.00,-15.00,0.00,0.00,32.00,0.00,0,376
304.10,1551677692,5095.09,51.44164222,7.46231105,238.93,34.03,0.00,264.71,0,-109.00,-12.00,0.00,0.00,35.00,0.00,0,376
305.10,1551677693,5129.12,51.44161502,7.46181385,239.18,34.44,0.00,265.36,0,-109.00,-12.00,0.00,0.00,35.00,0.00,0,376
310.10,1551677698,5304.57,51.44152530,7.45925731,238.33,35.37,0.00,268.24,0,-105.00,-9.00,0.00,0.00,35.00,0.00,0,270
310.10,1551677698,5304.57,51.44152530,7.45925731,238.33,35.37,0.00,268.24,0,-107.00,-11.00,0.00,0.00,35.00,0.00,0,376
310.10,1551677698,5304.61,51.44152530,7.45925731,238.33,35.37,0.00,268.24,0,-112.00,-12.00,0.00,0.00,31.00,0.00,0,154
311.10,1551677699,5339.94,51.44151488,7.45874248,237.55,35.09,0.00,268.43,0,-105.00,-9.00,0.00,0.00,35.00,0.00,0,270
311.10,1551677699,5339.98,51.44151488,7.45874248,237.55,35.09,0.00,268.43,0,-107.00,-11.00,0.00,0.00,35.00,0.00,0,376
311.10,1551677699,5339.98,51.44151488,7.45874248,237.55,35.09,0.00,268.43,0,-112.00,-12.00,0.00,0.00,31.00,0.00,0,154
312.11,1551677700,5375.32,51.44150703,7.45823226,237.08,34.99,0.00,268.69,0,-105.00,-10.00,0.00,0.00,36.00,0.00,0,270
312.11,1551677700,5375.35,51.44150703,7.45823226,237.08,34.99,0.00,268.69,0,-106.00,-11.00,0.00,0.00,37.00,0.00,0,376
313.10,1551677701,5409.99,51.44150880,7.45773248,236.87,34.92,0.00,269.55,0,-105.00,-10.00,0.00,0.00,36.00,0.00,0,270
313.10,1551677701,5410.02,51.44150880,7.45773248,236.87,34.92,0.00,269.55,0,-106.00,-11.00,0.00,0.00,37.00,0.00,0,376
314.10,1551677702,5444.91,51.44150930,7.45722389,236.73,35.09,0.00,269.84,0,-105.00,-10.00,0.00,0.00,36.00,0.00,0,270
314.10,1551677702,5444.94,51.44150930,7.45722389,236.73,35.09,0.00,269.84,0,-106.00,-11.00,0.00,0.00,37.00,0.00,0,376
315.10,1551677703,5480.03,51.44150870,7.45671287,236.42,35.22,0.00,269.98,0,-101.00,-8.00,0.00,0.00,38.00,0.00,0,270
315.10,1551677703,5480.06,51.44150870,7.45671287,236.42,35.22,0.00,269.98,0,-104.00,-9.00,0.00,0.00,37.00,0.00,0,376
316.10,1551677704,5515.25,51.44150910,7.45619742,236.23,35.19,0.00,270.54,0,-101.00,-8.00,0.00,0.00,38.00,0.00,0,270
316.10,1551677704,5515.29,51.44150910,7.45619742,236.23,35.19,0.00,270.54,0,-104.00,-9.00,0.00,0.00,37.00,0.00,0,376
317.10,1551677705,5550.44,51.44151495,7.45569241,235.99,34.65,0.00,270.62,0,-98.00,-7.00,0.00,0.00,41.00,0.00,0,376
318.11,1551677706,5585.20,51.44152458,7.45522129,235.86,34.40,0.00,271.51,0,-98.00,-7.00,0.00,0.00,41.00,0.00,0,376
357.10,1551677745,6908.33,51.44409412,7.43669427,211.56,35.38,0.00,291.69,0,-83.00,-14.00,0.00,0.00,59.00,0.00,0,207
358.10,1551677746,6943.75,51.44421082,7.43621356,211.39,35.81,0.00,291.67,0,-83.00,-14.00,0.00,0.00,59.00,0.00,0,207
375.11,1551677763,7545.50,51.44708224,7.42895548,193.52,35.00,0.00,313.57,0,-88.00,-9.00,0.00,0.00,53.00,0.00,0,49
376.10,1551677764,7580.22,51.44730408,7.42860918,192.36,35.17,0.00,315.08,0,-88.00,-9.00,0.00,0.00,53.00,0.00,0,49
377.10,1551677765,7615.42,51.44753242,7.42826867,191.12,35.39,0.00,316.47,0,-88.00,-9.00,0.00,0.00,53.00,0.00,0,49
380.10,1551677768,7720.75,51.44826303,7.42728333,186.64,34.52,0.00,321.18,0,-91.00,-7.00,0.00,0.00,48.00,0.00,0,49
381.10,1551677769,7755.27,51.44850188,7.42699030,184.98,34.42,0.00,322.65,0,-91.00,-7.00,0.00,0.00,48.00,0.00,0,49
384.10,1551677772,7857.06,51.44925474,7.42615759,181.90,33.64,0.00,326.55,0,-92.00,-8.00,0.00,0.00,49.00,0.00,0,49
385.10,1551677773,7890.70,51.44952148,7.42589934,180.89,33.57,0.00,328.15,0,-92.00,-8.00,0.00,0.00,49.00,0.00,0,49
386.10,1551677774,7924.28,51.44977360,7.42564418,179.70,33.34,0.00,328.92,0,-96.00,-9.00,0.00,0.00,45.00,0.00,0,49
387.10,1551677775,7957.62,51.45003136,7.42540996,178.40,33.20,0.00,331.25,0,-96.00,-9.00,0.00,0.00,45.00,0.00,0,49
388.10,1551677776,7990.78,51.45030089,7.42517896,177.40,33.16,0.00,332.81,0,-98.00,-10.00,0.00,0.00,43.00,0.00,0,49
389.10,1551677777,8023.98,51.45057342,7.42495236,176.94,33.27,0.00,333.71,0,-98.00,-10.00,0.00,0.00,43.00,0.00,0,49
390.10,1551677778,8057.28,51.45084886,7.42474698,176.28,33.48,0.00,335.03,0,-103.00,-12.00,0.00,0.00,40.00,0.00,0,49
390.10,1551677778,8057.32,51.45084886,7.42474698,176.28,33.48,0.00,335.03,0,-105.00,-10.00,0.00,0.00,36.00,0.00,0,249
391.10,1551677779,8090.74,51.45112245,7.42456121,175.31,34.17,0.00,337.15,0,-103.00,-12.00,0.00,0.00,40.00,0.00,0,49
391.10,1551677779,8090.77,51.45112245,7.42456121,175.31,34.17,0.00,337.15,0,-105.00,-10.00,0.00,0.00,36.00,0.00,0,249
392.10,1551677780,8124.94,51.45140372,7.42437818,174.02,34.71,0.00,338.41,0,-102.00,-11.00,0.00,0.00,41.00,0.00,0,49
392.10,1551677780,8124.98,51.45140372,7.42437818,174.02,34.71,0.00,338.41,0,-102.00,-12.00,0.00,0.00,41.00,0.00,0,414
392.10,1551677780,8125.01,51.45140372,7.42437818,174.02,34.71,0.00,338.41,0,-103.00,-13.00,0.00,0.00,42.00,0.00,0,370
393.10,1551677781,8159.65,51.45169364,7.42420182,172.47,35.11,0.00,339.49,0,-102.00,-11.00,0.00,0.00,41.00,0.00,0,49
393.10,1551677781,8159.69,51.45169364,7.42420182,172.47,35.11,0.00,339.49,0,-102.00,-12.00,0.00,0.00,41.00,0.00,0,414
393.10,1551677781,8159.72,51.45169364,7.42420182,172.47,35.11,0.00,339.49,0,-103.00,-13.00,0.00,0.00,42.00,0.00,0,370
394.10,1551677782,8194.80,51.45199904,7.42401720,170.94,35.49,0.00,340.31,0,-103.00,-9.00,0.00,0.00,38.00,0.00,0,249
394.10,1551677782,8194.80,51.45199904,7.42401720,170.94,35.49,0.00,340.31,0,-105.00,-12.00,0.00,0.00,39.00,0.00,0,414
394.10,1551677782,8194.84,51.45199904,7.42401720,170.94,35.49,0.00,340.31,0,-107.00,-12.00,0.00,0.00,37.00,0.00,0,97
395.10,1551677783,8230.26,51.45230480,7.42384884,169.49,35.50,0.00,341.01,0,-103.00,-9.00,0.00,0.00,38.00,0.00,0,249
395.10,1551677783,8230.29,51.45230480,7.42384884,169.49,35.50,0.00,341.01,0,-105.00,-12.00,0.00,0.00,39.00,0.00,0,414
395.10,1551677783,8230.33,51.45230480,7.42384884,169.49,35.50,0.00,341.01,0,-107.00,-12.00,0.00,0.00,37.00,0.00,0,97
401.10,1551677789,8441.75,51.45413702,7.42298711,163.25,34.79,0.00,343.77,0,-99.00,-10.00,0.00,0.00,43.00,0.00,0,414
401.10,1551677789,8441.78,51.45413702,7.42298711,163.25,34.79,0.00,343.77,0,-98.00,-10.00,0.00,0.00,44.00,0.00,0,49
401.10,1551677789,8441.82,51.45413702,7.42298711,163.25,34.79,0.00,343.77,0,-101.00,-14.00,0.00,0.00,44.00,0.00,0,35
402.10,1551677790,8476.51,51.45444514,7.42284884,162.20,34.91,0.00,343.63,0,-99.00,-10.00,0.00,0.00,43.00,0.00,0,414
402.10,1551677790,8476.54,51.45444514,7.42284884,162.20,34.91,0.00,343.63,0,-98.00,-10.00,0.00,0.00,44.00,0.00,0,49
402.10,1551677790,8476.58,51.45444514,7.42284884,162.20,34.91,0.00,343.63,0,-101.00,-14.00,0.00,0.00,44.00,0.00,0,35
405.10,1551677793,8582.12,51.45538386,7.42242861,158.91,35.84,0.00,342.78,0,-99.00,-12.00,0.00,0.00,44.00,0.00,0,249
405.10,1551677793,8582.15,51.45538386,7.42242861,158.91,35.84,0.00,342.78,0,-100.00,-14.00,0.00,0.00,46.00,0.00,0,414
405.10,1551677793,8582.19,51.45538386,7.42242861,158.91,35.84,0.00,342.78,0,-101.00,-12.00,0.00,0.00,43.00,0.00,0,97
406.10,1551677794,8617.96,51.45569700,7.42226515,157.91,36.05,0.00,341.76,0,-99.00,-12.00,0.00,0.00,44.00,0.00,0,249
406.10,1551677794,8617.99,51.45569700,7.42226515,157.91,36.05,0.00,341.76,0,-100.00,-14.00,0.00,0.00,46.00,0.00,0,414
406.10,1551677794,8618.03,51.45569700,7.42226515,157.91,36.05,0.00,341.76,0,-101.00,-12.00,0.00,0.00,43.00,0.00,0,97
407.10,1551677795,8654.01,51.45601631,7.42209968,156.88,36.13,0.00,340.88,0,-98.00,-13.00,0.00,0.00,47.00,0.00,0,414
407.10,1551677795,8654.01,51.45601631,7.42209968,156.88,36.13,0.00,340.88,0,-97.00,-11.00,0.00,0.00,45.00,0.00,0,249
407.10,1551677795,8654.05,51.45601631,7.42209968,156.88,36.13,0.00,340.88,0,-99.00,-13.00,0.00,0.00,45.00,0.00,0,26
408.10,1551677796,8690.14,51.45632689,7.42192022,155.97,36.38,0.00,340.27,0,-98.00,-13.00,0.00,0.00,47.00,0.00,0,414
408.10,1551677796,8690.18,51.45632689,7.42192022,155.97,36.38,0.00,340.27,0,-97.00,-11.00,0.00,0.00,45.00,0.00,0,249
408.10,1551677796,8690.18,51.45632689,7.42192022,155.97,36.38,0.00,340.27,0,-99.00,-13.00,0.00,0.00,45.00,0.00,0,26
409.10,1551677797,8726.52,51.45663268,7.42173110,155.40,36.75,0.00,338.90,0,-97.00,-12.00,0.00,0.00,46.00,0.00,0,414
409.10,1551677797,8726.55,51.45663268,7.42173110,155.40,36.75,0.00,338.90,0,-98.00,-14.00,0.00,0.00,48.00,0.00,0,49
409.10,1551677797,8726.55,51.45663268,7.42173110,155.40,36.75,0.00,338.90,0,-98.00,-11.00,0.00,0.00,45.00,0.00,0,249
410.10,1551677798,8763.26,51.45692662,7.42154128,154.62,36.18,0.00,337.58,0,-97.00,-12.00,0.00,0.00,46.00,0.00,0,414
410.10,1551677798,8763.30,51.45692662,7.42154128,154.62,36.18,0.00,337.58,0,-98.00,-14.00,0.00,0.00,48.00,0.00,0,49
410.10,1551677798,8763.33,51.45692662,7.42154128,154.62,36.18,0.00,337.58,0,-98.00,-11.00,0.00,0.00,45.00,0.00,0,249
411.10,1551677799,8799.44,51.45722051,7.42134028,153.67,35.56,0.00,336.51,0,-100.00,-15.00,0.00,0.00,47.00,0.00,0,375
411.10,1551677799,8799.44,51.45722051,7.42134028,153.67,35.56,0.00,336.51,0,-98.00,-14.00,0.00,0.00,47.00,0.00,0,35
411.10,1551677799,8799.47,51.45722051,7.42134028,153.67,35.56,0.00,336.51,0,-99.00,-14.00,0.00,0.00,47.00,0.00,0,414
412.10,1551677800,8834.99,51.45751598,7.42113922,153.12,34.88,0.00,335.69,0,-100.00,-15.00,0.00,0.00,47.00,0.00,0,375
412.10,1551677800,8835.03,51.45751598,7.42113922,153.12,34.88,0.00,335.69,0,-98.00,-14.00,0.00,0.00,47.00,0.00,0,35
412.10,1551677800,8835.03,51.45751598,7.42113922,153.12,34.88,0.00,335.69,0,-99.00,-14.00,0.00,0.00,47.00,0.00,0,414
415.10,1551677803,8935.87,51.45832103,7.42052839,152.69,30.82,0.00,333.04,0,-93.00,-11.00,0.00,0.00,51.00,0.00,0,375
416.10,1551677804,8966.78,51.45856198,7.42032567,152.40,30.19,0.00,332.34,0,-93.00,-11.00,0.00,0.00,51.00,0.00,0,375
417.11,1551677805,8997.07,51.45880754,7.42011883,151.97,30.16,0.00,331.99,0,-90.00,-11.00,0.00,0.00,53.00,0.00,0,375
417.11,1551677805,8997.10,51.45880754,7.42011883,151.97,30.16,0.00,331.99,0,-84.00,-14.00,0.00,0.00,58.00,0.00,0,270
417.11,1551677805,8997.13,51.45880754,7.42011883,151.97,30.16,0.00,331.99,0,-85.00,-13.00,0.00,0.00,58.00,0.00,0,209
418.10,1551677806,9026.86,51.45904101,7.41991160,151.71,29.41,0.00,330.20,0,-90.00,-11.00,0.00,0.00,53.00,0.00,0,375
418.10,1551677806,9026.86,51.45904101,7.41991160,151.71,29.41,0.00,330.20,0,-84.00,-14.00,0.00,0.00,58.00,0.00,0,270
418.10,1551677806,9026.86,51.45904101,7.41991160,151.71,29.41,0.00,330.20,0,-85.00,-13.00,0.00,0.00,58.00,0.00,0,209
419.10,1551677807,9056.30,51.45926968,7.41969919,151.41,29.57,0.00,329.40,0,-90.00,-11.00,0.00,0.00,53.00,0.00,0,375
419.10,1551677807,9056.30,51.45926968,7.41969919,151.41,29.57,0.00,329.40,0,-84.00,-14.00,0.00,0.00,58.00,0.00,0,270
419.10,1551677807,9056.33,51.45926968,7.41969919,151.41,29.57,0.00,329.40,0,-85.00,-13.00,0.00,0.00,58.00,0.00,0,209
420.10,1551677808,9085.90,51.45948335,7.41948246,150.78,29.85,0.00,328.51,0,-85.00,-12.00,0.00,0.00,60.00,0.00,0,375
420.10,1551677808,9085.90,51.45948335,7.41948246,150.78,29.85,0.00,328.51,0,-89.00,-14.00,0.00,0.00,60.00,0.00,0,249
420.10,1551677808,9085.93,51.45948335,7.41948246,150.78,29.85,0.00,328.51,0,-89.00,-16.00,0.00,0.00,59.00,0.00,0,35
420.10,1551677808,9085.93,51.45948335,7.41948246,150.78,29.85,0.00,328.51,0,-84.00,-12.00,0.00,0.00,59.00,0.00,0,209
420.10,1551677808,9085.93,51.45948335,7.41948246,150.78,29.85,0.00,328.51,0,-85.00,-12.00,0.00,0.00,59.00,0.00,0,270
421.10,1551677809,9115.87,51.45971022,7.41925068,149.99,30.86,0.00,327.76,0,-85.00,-12.00,0.00,0.00,60.00,0.00,0,375
421.10,1551677809,9115.90,51.45971022,7.41925068,149.99,30.86,0.00,327.76,0,-89.00,-14.00,0.00,0.00,60.00,0.00,0,249
421.10,1551677809,9115.90,51.45971022,7.41925068,149.99,30.86,0.00,327.76,0,-89.00,-16.00,0.00,0.00,59.00,0.00,0,35
421.10,1551677809,9115.93,51.45971022,7.41925068,149.99,30.86,0.00,327.76,0,-84.00,-12.00,0.00,0.00,59.00,0.00,0,209
421.10,1551677809,9115.97,51.45971022,7.41925068,149.99,30.86,0.00,327.76,0,-85.00,-12.00,0.00,0.00,59.00,0.00,0,270
422.10,1551677810,9146.71,51.45994649,7.41900042,149.41,31.79,0.00,326.95,0,-91.00,-12.00,0.00,0.00,52.00,0.00,0,375
422.10,1551677810,9146.74,51.45994649,7.41900042,149.41,31.79,0.00,326.95,0,-88.00,-11.00,0.00,0.00,52.00,0.00,0,209
422.10,1551677810,9146.74,51.45994649,7.41900042,149.41,31.79,0.00,326.95,0,-92.00,-13.00,0.00,0.00,52.00,0.00,0,270
423.10,1551677811,9178.50,51.46017918,7.41874066,149.19,32.59,0.00,325.84,0,-91.00,-12.00,0.00,0.00,52.00,0.00,0,375
423.10,1551677811,9178.50,51.46017918,7.41874066,149.19,32.59,0.00,325.84,0,-88.00,-11.00,0.00,0.00,52.00,0.00,0,209
423.10,1551677811,9178.54,51.46017918,7.41874066,149.19,32.59,0.00,325.84,0,-92.00,-13.00,0.00,0.00,52.00,0.00,0,270
426.10,1551677814,9278.55,51.46090872,7.41788846,148.66,34.50,0.00,323.20,0,-83.00,-9.00,0.00,0.00,59.00,0.00,0,375
426.11,1551677814,9278.58,51.46090872,7.41788846,148.66,34.50,0.00,323.20,0,-86.00,-12.00,0.00,0.00,58.00,0.00,0,370
426.11,1551677814,9278.62,51.46090872,7.41788846,148.66,34.50,0.00,323.20,0,-84.00,-8.00,0.00,0.00,54.00,0.00,0,209
426.11,1551677814,9278.62,51.46090872,7.41788846,148.66,34.50,0.00,323.20,0,-85.00,-10.00,0.00,0.00,53.00,0.00,0,114
427.10,1551677815,9313.01,51.46115384,7.41759174,148.46,35.06,0.00,322.55,0,-83.00,-9.00,0.00,0.00,59.00,0.00,0,375
427.10,1551677815,9313.05,51.46115384,7.41759174,148.46,35.06,0.00,322.55,0,-86.00,-12.00,0.00,0.00,58.00,0.00,0,370
427.10,1551677815,9313.05,51.46115384,7.41759174,148.46,35.06,0.00,322.55,0,-84.00,-8.00,0.00,0.00,54.00,0.00,0,209
427.11,1551677815,9313.08,51.46115384,7.41759174,148.46,35.06,0.00,322.55,0,-85.00,-10.00,0.00,0.00,53.00,0.00,0,114
428.10,1551677816,9348.00,51.46139978,7.41727282,148.10,35.38,0.00,320.88,0,-85.00,-11.00,0.00,0.00,59.00,0.00,0,375
428.10,1551677816,9348.04,51.46139978,7.41727282,148.10,35.38,0.00,320.88,0,-84.00,-9.00,0.00,0.00,54.00,0.00,0,209
429.10,1551677817,9383.38,51.46164768,7.41695204,147.67,35.63,0.00,320.44,0,-85.00,-11.00,0.00,0.00,59.00,0.00,0,375
429.10,1551677817,9383.42,51.46164768,7.41695204,147.67,35.63,0.00,320.44,0,-84.00,-9.00,0.00,0.00,54.00,0.00,0,209
430.10,1551677818,9419.05,51.46188873,7.41662574,147.49,36.16,0.00,319.52,0,-87.00,-9.00,0.00,0.00,55.00,0.00,0,375
430.10,1551677818,9419.08,51.46188873,7.41662574,147.49,36.16,0.00,319.52,0,-86.00,-11.00,0.00,0.00,53.00,0.00,0,209
431.10,1551677819,9455.17,51.46212903,7.41628952,147.27,36.23,0.00,318.37,0,-87.00,-9.00,0.00,0.00,55.00,0.00,0,375
431.10,1551677819,9455.21,51.46212903,7.41628952,147.27,36.23,0.00,318.37,0,-86.00,-11.00,0.00,0.00,53.00,0.00,0,209
441.10,1551677829,9828.30,51.46444835,7.41233575,143.71,38.16,0.00,309.28,0,-88.00,-13.00,0.00,0.00,57.00,0.00,0,33
442.10,1551677830,9866.46,51.46467549,7.41190485,143.90,38.28,0.00,308.75,0,-88.00,-13.00,0.00,0.00,57.00,0.00,0,33
443.10,1551677831,9904.55,51.46489217,7.41146921,144.16,38.41,0.00,308.25,0,-95.00,-9.00,0.00,0.00,45.00,0.00,0,33
443.10,1551677831,9904.55,51.46489217,7.41146921,144.16,38.41,0.00,308.25,0,-94.00,-10.00,0.00,0.00,44.00,0.00,0,271
444.10,1551677832,9943.15,51.46511224,7.41102841,144.64,38.54,0.00,308.26,0,-95.00,-9.00,0.00,0.00,45.00,0.00,0,33
444.10,1551677832,9943.19,51.46511224,7.41102841,144.64,38.54,0.00,308.26,0,-94.00,-10.00,0.00,0.00,44.00,0.00,0,271
445.10,1551677833,9981.73,51.46533119,7.41058964,145.08,38.46,0.00,308.14,0,-101.00,-14.00,0.00,0.00,44.00,0.00,0,375
445.10,1551677833,9981.77,51.46533119,7.41058964,145.08,38.46,0.00,308.14,0,-103.00,-12.00,0.00,0.00,42.00,0.00,0,97
445.10,1551677833,9981.81,51.46533119,7.41058964,145.08,38.46,0.00,308.14,0,-103.00,-14.00,0.00,0.00,44.00,0.00,0,262
446.10,1551677834,10020.19,51.46554723,7.41015113,146.08,38.10,0.00,308.04,0,-101.00,-14.00,0.00,0.00,44.00,0.00,0,375
446.10,1551677834,10020.23,51.46554723,7.41015113,146.08,38.10,0.00,308.04,0,-103.00,-12.00,0.00,0.00,42.00,0.00,0,97
446.10,1551677834,10020.27,51.46554723,7.41015113,146.08,38.10,0.00,308.04,0,-103.00,-14.00,0.00,0.00,44.00,0.00,0,262
451.10,1551677839,10208.42,51.46658569,7.40804694,149.17,36.01,0.00,308.77,0,-97.00,-12.00,0.00,0.00,46.00,0.00,0,262
452.10,1551677840,10244.43,51.46678402,7.40764803,149.74,35.24,0.00,309.18,0,-97.00,-12.00,0.00,0.00,46.00,0.00,0,262
462.10,1551677850,10590.86,51.46880691,7.40385924,147.84,34.67,0.00,312.83,0,-92.00,-11.00,0.00,0.00,52.00,0.00,0,49
462.10,1551677850,10590.86,51.46880691,7.40385924,147.84,34.67,0.00,312.83,0,-93.00,-12.00,0.00,0.00,51.00,0.00,0,375
463.09,1551677851,10625.50,51.46902903,7.40348786,148.05,34.89,0.00,312.93,0,-92.00,-11.00,0.00,0.00,52.00,0.00,0,49
463.09,1551677851,10625.50,51.46902903,7.40348786,148.05,34.89,0.00,312.93,0,-93.00,-12.00,0.00,0.00,51.00,0.00,0,375
464.09,1551677852,10660.39,51.46924644,7.40312770,148.30,35.01,0.00,313.35,0,-80.00,-6.00,0.00,0.00,55.00,0.00,0,286
465.10,1551677853,10695.43,51.46945536,7.40277359,148.63,34.89,0.00,313.54,0,-80.00,-6.00,0.00,0.00,55.00,0.00,0,286
466.10,1551677854,10730.49,51.46966047,7.40244368,149.03,33.75,0.00,314.48,0,-87.00,-8.00,0.00,0.00,54.00,0.00,0,375
467.10,1551677855,10764.10,51.46986709,7.40210590,149.39,33.51,0.00,314.84,0,-87.00,-8.00,0.00,0.00,54.00,0.00,0,375
470.15,1551677858,10865.14,51.47050102,7.40111159,151.86,32.81,0.00,316.83,0,-90.00,-13.00,0.00,0.00,54.00,0.00,0,286
471.10,1551677859,10896.24,51.47071574,7.40080794,152.52,31.88,0.00,318.37,0,-90.00,-13.00,0.00,0.00,54.00,0.00,0,286
472.10,1551677860,10928.02,51.47092488,7.40051045,152.99,31.32,0.00,318.71,0,-92.00,-12.00,0.00,0.00,49.00,0.00,0,286
472.10,1551677860,10928.02,51.47092488,7.40051045,152.99,31.32,0.00,318.71,0,-93.00,-14.00,0.00,0.00,49.00,0.00,0,307
473.11,1551677861,10959.59,51.47113788,7.40020634,153.72,31.06,0.00,318.51,0,-92.00,-12.00,0.00,0.00,49.00,0.00,0,286
473.11,1551677861,10959.59,51.47113788,7.40020634,153.72,31.06,0.00,318.51,0,-93.00,-14.00,0.00,0.00,49.00,0.00,0,307
485.10,1551677873,11319.55,51.47359275,7.39685431,162.86,27.30,0.00,322.08,0,-90.00,-11.00,0.00,0.00,54.00,0.00,0,375
486.10,1551677874,11346.87,51.47378849,7.39661522,163.60,27.02,0.00,322.29,0,-90.00,-11.00,0.00,0.00,54.00,0.00,0,375
489.10,1551677877,11428.16,51.47437188,7.39590626,165.10,27.44,0.00,324.01,0,-91.00,-10.00,0.00,0.00,51.00,0.00,0,375
490.10,1551677878,11455.60,51.47457019,7.39566298,165.24,27.76,0.00,324.03,0,-91.00,-10.00,0.00,0.00,51.00,0.00,0,375
499.10,1551677887,11712.92,51.47653655,7.39374912,169.01,27.83,0.00,334.54,0,-72.00,-11.00,0.00,0.00,63.00,0.00,0,307
500.10,1551677888,11740.75,51.47676915,7.39357789,169.90,27.61,0.00,335.33,0,-72.00,-11.00,0.00,0.00,63.00,0.00,0,307
504.10,1551677892,11840.33,51.47756452,7.39309935,173.47,19.72,0.00,346.57,0,-88.00,-10.00,0.00,0.00,54.00,0.00,0,48
505.10,1551677893,11860.03,51.47773139,7.39304683,174.36,19.41,0.00,351.61,0,-88.00,-10.00,0.00,0.00,54.00,0.00,0,48
506.10,1551677894,11879.43,51.47791300,7.39303695,175.54,19.53,0.00,0.10,0,-86.00,-9.00,0.00,0.00,54.00,0.00,0,48
507.10,1551677895,11898.96,51.47808501,7.39305543,176.41,19.39,0.00,5.43,0,-86.00,-9.00,0.00,0.00,54.00,0.00,0,48
520.10,1551677908,12117.73,51.47986489,7.39353331,182.73,12.98,0.00,337.37,0,-91.00,-6.00,0.00,0.00,47.00,0.00,0,223
521.10,1551677909,12130.73,51.47996591,7.39346069,183.14,11.54,0.00,338.74,0,-91.00,-6.00,0.00,0.00,47.00,0.00,0,223
522.11,1551677910,12142.33,51.48007123,7.39343973,183.55,10.77,0.00,354.03,0,-94.00,-8.00,0.00,0.00,45.00,0.00,0,223
523.10,1551677911,12153.05,51.48016126,7.39345154,184.32,9.73,0.00,8.59,0,-94.00,-8.00,0.00,0.00,45.00,0.00,0,223
524.10,1551677912,12162.77,51.48024724,7.39351892,184.74,10.41,0.00,31.41,0,-94.00,-8.00,0.00,0.00,45.00,0.00,0,223
529.10,1551677917,12220.39,51.48054115,7.39418953,186.96,12.39,0.00,58.05,0,-88.00,-7.00,0.00,0.00,51.00,0.00,0,48
530.10,1551677918,12232.82,51.48060660,7.39436115,187.38,12.60,0.00,58.87,0,-88.00,-7.00,0.00,0.00,51.00,0.00,0,48
531.10,1551677919,12245.39,51.48066725,7.39452018,187.57,13.24,0.00,59.57,0,-89.00,-7.00,0.00,0.00,50.00,0.00,0,48
532.10,1551677920,12258.63,51.48072555,7.39467913,187.69,13.91,0.00,58.71,0,-89.00,-7.00,0.00,0.00,50.00,0.00,0,48
539.10,1551677927,12373.58,51.48127014,7.39610995,189.02,17.31,0.00,60.00,0,-90.00,-9.00,0.00,0.00,50.00,0.00,0,223
539.10,1551677927,12373.58,51.48127014,7.39610995,189.02,17.31,0.00,60.00,0,-91.00,-11.00,0.00,0.00,52.00,0.00,0,157
540.10,1551677928,12390.96,51.48134965,7.39631712,188.78,16.95,0.00,59.88,0,-90.00,-9.00,0.00,0.00,50.00,0.00,0,223
540.10,1551677928,12390.98,51.48134965,7.39631712,188.78,16.95,0.00,59.88,0,-91.00,-11.00,0.00,0.00,52.00,0.00,0,157
558.10,1551677946,12639.79,51.48274068,7.39901733,187.78,12.42,0.00,37.51,0,-96.00,-9.00,0.00,0.00,45.00,0.00,0,223
559.10,1551677947,12652.21,51.48283167,7.39912096,187.20,12.30,0.00,36.13,0,-96.00,-9.00,0.00,0.00,45.00,0.00,0,223
560.10,1551677948,12664.51,51.48292902,7.39922544,186.95,13.26,0.00,35.56,0,-94.00,-9.00,0.00,0.00,47.00,0.00,0,223
561.10,1551677949,12677.77,51.48304088,7.39934638,186.73,14.18,0.00,35.19,0,-94.00,-9.00,0.00,0.00,47.00,0.00,0,223
564.11,1551677952,12724.11,51.48339570,7.39971048,187.77,17.53,0.00,33.77,0,-95.00,-9.00,0.00,0.00,46.00,0.00,0,223
565.10,1551677953,12741.48,51.48352985,7.39985038,188.19,17.86,0.00,34.22,0,-95.00,-9.00,0.00,0.00,46.00,0.00,0,223
566.10,1551677954,12759.34,51.48366971,7.39999867,187.66,17.75,0.00,34.63,0,-95.00,-9.00,0.00,0.00,46.00,0.00,0,223
567.10,1551677955,12777.08,51.48380336,7.40014691,186.92,17.84,0.00,35.25,0,-97.00,-9.00,0.00,0.00,42.00,0.00,0,223
568.10,1551677956,12794.94,51.48393914,7.40029829,186.18,18.07,0.00,35.90,0,-97.00,-9.00,0.00,0.00,42.00,0.00,0,223
569.10,1551677957,12813.01,51.48407491,7.40045814,185.65,18.49,0.00,36.81,0,-97.00,-8.00,0.00,0.00,42.00,0.00,0,223
569.10,1551677957,12813.01,51.48407491,7.40045814,185.65,18.49,0.00,36.81,0,-108.00,-17.00,0.00,0.00,41.00,0.00,0,117
570.10,1551677958,12831.48,51.48421012,7.40062497,185.72,18.61,0.00,37.70,0,-97.00,-8.00,0.00,0.00,42.00,0.00,0,223
570.10,1551677958,12831.50,51.48421012,7.40062497,185.72,18.61,0.00,37.70,0,-108.00,-17.00,0.00,0.00,41.00,0.00,0,117
571.10,1551677959,12850.12,51.48435395,7.40081157,186.34,19.93,0.00,38.70,0,-99.00,-10.00,0.00,0.00,42.00,0.00,0,48
572.10,1551677960,12870.03,51.48448691,7.40099947,186.67,19.59,0.00,40.20,0,-99.00,-10.00,0.00,0.00,42.00,0.00,0,48
575.11,1551677963,12928.47,51.48487398,7.40156427,186.55,18.73,0.00,42.49,0,-102.00,-13.00,0.00,0.00,41.00,0.00,0,48
575.11,1551677963,12928.49,51.48487398,7.40156427,186.55,18.73,0.00,42.49,0,-104.00,-14.00,0.00,0.00,42.00,0.00,0,167
575.11,1551677963,12928.49,51.48487398,7.40156427,186.55,18.73,0.00,42.49,0,-104.00,-13.00,0.00,0.00,45.00,0.00,0,128
576.10,1551677964,12947.17,51.48499707,7.40174703,186.06,18.50,0.00,42.00,0,-102.00,-13.00,0.00,0.00,41.00,0.00,0,48
576.10,1551677964,12947.19,51.48499707,7.40174703,186.06,18.50,0.00,42.00,0,-104.00,-14.00,0.00,0.00,42.00,0.00,0,167
576.10,1551677964,12947.19,51.48499707,7.40174703,186.06,18.50,0.00,42.00,0,-104.00,-13.00,0.00,0.00,45.00,0.00,0,128
577.10,1551677965,12965.67,51.48509674,7.40189935,185.74,16.60,0.00,42.56,0,-103.00,-12.00,0.00,0.00,40.00,0.00,0,48
577.10,1551677965,12965.67,51.48509674,7.40189935,185.74,16.60,0.00,42.56,0,-104.00,-11.00,0.00,0.00,41.00,0.00,0,128
577.10,1551677965,12965.68,51.48509674,7.40189935,185.74,16.60,0.00,42.56,0,-105.00,-14.00,0.00,0.00,40.00,0.00,0,167
578.10,1551677966,12982.25,51.48520794,7.40207297,185.69,15.35,0.00,44.00,0,-103.00,-12.00,0.00,0.00,40.00,0.00,0,48
578.10,1551677966,12982.27,51.48520794,7.40207297,185.69,15.35,0.00,44.00,0,-104.00,-11.00,0.00,0.00,41.00,0.00,0,128
578.10,1551677966,12982.28,51.48520794,7.40207297,185.69,15.35,0.00,44.00,0,-105.00,-14.00,0.00,0.00,40.00,0.00,0,167
581.10,1551677969,13023.43,51.48545229,7.40249473,185.81,11.14,0.00,48.03,0,-96.00,-6.00,0.00,0.00,43.00,0.00,0,167
581.10,1551677969,13023.44,51.48545229,7.40249473,185.81,11.14,0.00,48.03,0,-94.00,-7.00,0.00,0.00,42.00,0.00,0,291
582.10,1551677970,13034.58,51.48551891,7.40261980,186.22,10.01,0.00,49.15,0,-96.00,-6.00,0.00,0.00,43.00,0.00,0,167
582.10,1551677970,13034.59,51.48551891,7.40261980,186.22,10.01,0.00,49.15,0,-94.00,-7.00,0.00,0.00,42.00,0.00,0,291
583.10,1551677971,13044.58,51.48557835,7.40271915,186.77,8.25,0.00,47.19,0,-97.00,-8.00,0.00,0.00,41.00,0.00,0,167
583.10,1551677971,13044.58,51.48557835,7.40271915,186.77,8.25,0.00,47.19,0,-93.00,-7.00,0.00,0.00,41.00,0.00,0,291
584.10,1551677972,13052.82,51.48563543,7.40276269,186.95,7.97,0.00,20.83,0,-97.00,-8.00,0.00,0.00,41.00,0.00,0,167
584.10,1551677972,13052.83,51.48563543,7.40276269,186.95,7.97,0.00,20.83,0,-93.00,-7.00,0.00,0.00,41.00,0.00,0,291
590.10,1551677978,13106.10,51.48599436,7.40242516,184.00,11.38,0.00,323.24,0,-100.00,-8.00,0.00,0.00,40.00,0.00,0,93
590.11,1551677978,13106.11,51.48599436,7.40242516,184.00,11.38,0.00,323.24,0,-101.00,-8.00,0.00,0.00,38.00,0.00,0,48
590.11,1551677978,13106.11,51.48599436,7.40242516,184.00,11.38,0.00,323.24,0,-104.00,-11.00,0.00,0.00,38.00,0.00,0,166
590.11,1551677978,13106.12,51.48599436,7.40242516,184.00,11.38,0.00,323.24,0,-98.00,-8.00,0.00,0.00,38.00,0.00,0,470
590.11,1551677978,13106.13,51.48599436,7.40242516,184.00,11.38,0.00,323.24,0,-101.00,-9.00,0.00,0.00,36.00,0.00,0,246
591.10,1551677979,13117.48,51.48607756,7.40232055,183.72,12.27,0.00,324.22,0,-100.00,-8.00,0.00,0.00,40.00,0.00,0,93
591.11,1551677979,13117.49,51.48607756,7.40232055,183.72,12.27,0.00,324.22,0,-101.00,-8.00,0.00,0.00,38.00,0.00,0,48
591.11,1551677979,13117.49,51.48607756,7.40232055,183.72,12.27,0.00,324.22,0,-104.00,-11.00,0.00,0.00,38.00,0.00,0,166
591.11,1551677979,13117.51,51.48607756,7.40232055,183.72,12.27,0.00,324.22,0,-98.00,-8.00,0.00,0.00,38.00,0.00,0,470
591.11,1551677979,13117.52,51.48607756,7.40232055,183.72,12.27,0.00,324.22,0,-101.00,-9.00,0.00,0.00,36.00,0.00,0,246
592.10,1551677980,13129.75,51.48617840,7.40220791,183.71,13.29,0.00,326.08,0,-101.00,-9.00,0.00,0.00,40.00,0.00,0,128
592.11,1551677980,13129.77,51.48617840,7.40220791,183.71,13.29,0.00,326.08,0,-101.00,-10.00,0.00,0.00,40.00,0.00,0,166
592.11,1551677980,13129.78,51.48617840,7.40220791,183.71,13.29,0.00,326.08,0,-101.00,-9.00,0.00,0.00,39.00,0.00,0,93
592.11,1551677980,13129.78,51.48617840,7.40220791,183.71,13.29,0.00,326.08,0,-98.00,-9.00,0.00,0.00,39.00,0.00,0,470
592.11,1551677980,13129.79,51.48617840,7.40220791,183.71,13.29,0.00,326.08,0,-98.00,-10.00,0.00,0.00,39.00,0.00,0,246
593.10,1551677981,13143.04,51.48627922,7.40210917,184.14,14.16,0.00,328.89,0,-101.00,-9.00,0.00,0.00,40.00,0.00,0,128
593.11,1551677981,13143.06,51.48627922,7.40210917,184.14,14.16,0.00,328.89,0,-101.00,-10.00,0.00,0.00,40.00,0.00,0,166
593.11,1551677981,13143.06,51.48627922,7.40210917,184.14,14.16,0.00,328.89,0,-101.00,-9.00,0.00,0.00,39.00,0.00,0,93
593.11,1551677981,13143.07,51.48627922,7.40210917,184.14,14.16,0.00,328.89,0,-98.00,-9.00,0.00,0.00,39.00,0.00,0,470
593.11,1551677981,13143.08,51.48627922,7.40210917,184.14,14.16,0.00,328.89,0,-98.00,-10.00,0.00,0.00,39.00,0.00,0,246
594.10,1551677982,13157.19,51.48639341,7.40201229,184.62,14.81,0.00,332.24,0,-97.00,-8.00,0.00,0.00,42.00,0.00,0,93
594.10,1551677982,13157.20,51.48639341,7.40201229,184.62,14.81,0.00,332.24,0,-101.00,-11.00,0.00,0.00,41.00,0.00,0,166
594.10,1551677982,13157.20,51.48639341,7.40201229,184.62,14.81,0.00,332.24,0,-102.00,-11.00,0.00,0.00,40.00,0.00,0,48
594.11,1551677982,13157.22,51.48639341,7.40201229,184.62,14.81,0.00,332.24,0,-96.00,-7.00,0.00,0.00,40.00,0.00,0,470
595.10,1551677983,13172.00,51.48653448,7.40191306,185.32,15.86,0.00,335.20,0,-97.00,-8.00,0.00,0.00,42.00,0.00,0,93
595.10,1551677983,13172.01,51.48653448,7.40191306,185.32,15.86,0.00,335.20,0,-101.00,-11.00,0.00,0.00,41.00,0.00,0,166
595.10,1551677983,13172.01,51.48653448,7.40191306,185.32,15.86,0.00,335.20,0,-102.00,-11.00,0.00,0.00,40.00,0.00,0,48
595.11,1551677983,13172.03,51.48653448,7.40191306,185.32,15.86,0.00,335.20,0,-96.00,-7.00,0.00,0.00,40.00,0.00,0,470
596.10,1551677984,13187.85,51.48667285,7.40183311,186.16,15.74,0.00,337.79,0,-99.00,-8.00,0.00,0.00,41.00,0.00,0,93
596.10,1551677984,13187.87,51.48667285,7.40183311,186.16,15.74,0.00,337.79,0,-99.00,-9.00,0.00,0.00,41.00,0.00,0,48
596.11,1551677984,13187.89,51.48667285,7.40183311,186.16,15.74,0.00,337.79,0,-103.00,-13.00,0.00,0.00,42.00,0.00,0,15
596.11,1551677984,13187.89,51.48667285,7.40183311,186.16,15.74,0.00,337.79,0,-96.00,-7.00,0.00,0.00,41.00,0.00,0,470
596.11,1551677984,13187.90,51.48667285,7.40183311,186.16,15.74,0.00,337.79,0,-100.00,-12.00,0.00,0.00,41.00,0.00,0,405
597.10,1551677985,13203.59,51.48680284,7.40177121,186.64,15.50,0.00,340.91,0,-99.00,-8.00,0.00,0.00,41.00,0.00,0,93
597.10,1551677985,13203.60,51.48680284,7.40177121,186.64,15.50,0.00,340.91,0,-99.00,-9.00,0.00,0.00,41.00,0.00,0,48
597.11,1551677985,13203.62,51.48680284,7.40177121,186.64,15.50,0.00,340.91,0,-103.00,-13.00,0.00,0.00,42.00,0.00,0,15
597.11,1551677985,13203.62,51.48680284,7.40177121,186.64,15.50,0.00,340.91,0,-96.00,-7.00,0.00,0.00,41.00,0.00,0,470
597.11,1551677985,13203.64,51.48680284,7.40177121,186.64,15.50,0.00,340.91,0,-100.00,-12.00,0.00,0.00,41.00,0.00,0,405
613.10,1551678001,13442.04,51.48899262,7.40174211,181.19,13.23,0.00,359.33,0,-85.00,-9.00,0.00,0.00,56.00,0.00,0,94
613.10,1551678001,13442.05,51.48899262,7.40174211,181.19,13.23,0.00,359.33,0,-91.00,-7.00,0.00,0.00,48.00,0.00,0,427
614.10,1551678002,13455.29,51.48910349,7.40174403,180.67,12.13,0.00,359.98,0,-85.00,-9.00,0.00,0.00,56.00,0.00,0,94
614.10,1551678002,13455.31,51.48910349,7.40174403,180.67,12.13,0.00,359.98,0,-91.00,-7.00,0.00,0.00,48.00,0.00,0,427
632.10,1551678020,13658.15,51.48936772,7.40428449,174.92,14.07,0.00,91.06,0,-78.00,-11.00,0.00,0.00,63.00,0.00,0,95
632.10,1551678020,13658.16,51.48936772,7.40428449,174.92,14.07,0.00,91.06,0,-83.00,-11.00,0.00,0.00,60.00,0.00,0,426
633.10,1551678021,13672.22,51.48936553,7.40448533,174.94,14.06,0.00,91.20,0,-78.00,-11.00,0.00,0.00,63.00,0.00,0,95
633.10,1551678021,13672.23,51.48936553,7.40448533,174.94,14.06,0.00,91.20,0,-83.00,-11.00,0.00,0.00,60.00,0.00,0,426
