0.03,1551677387,0.00,51.45033556,7.48825369,251.15,4.55,0.00,238.94,1,-96.00,-7.00,11.00,13.00,32.00,7.00,13415170,315
1.01,1551677388,4.44,51.45033556,7.48825369,251.15,4.55,0.00,238.94,1,-98.00,-7.00,11.00,9.00,28.00,7.00,13415170,315
2.00,1551677389,8.98,51.45033225,7.48824579,251.25,4.20,-0.34,241.43,1,-98.00,-7.00,11.00,9.00,28.00,7.00,13415170,315
3.00,1551677390,13.18,51.45032146,7.48821155,251.38,3.95,-0.25,241.30,1,-94.00,-9.00,11.00,11.00,34.00,7.00,13415170,315
4.00,1551677391,17.14,51.45029132,7.48816537,251.51,3.82,-0.13,219.77,1,-94.00,-9.00,11.00,11.00,34.00,7.00,13415170,315
5.00,1551677392,20.96,51.45025764,7.48816410,253.20,3.80,-0.02,191.67,1,-94.00,-8.00,9.00,10.00,34.00,7.00,13415170,315
6.00,1551677393,24.77,51.45021096,7.48818982,254.38,3.93,0.12,167.63,1,-94.00,-8.00,9.00,10.00,34.00,7.00,13415170,315
7.00,1551677394,28.69,51.45014178,7.48821140,255.04,4.14,0.21,170.90,1,-96.00,-6.00,14.00,8.00,28.00,7.00,13415170,315
8.01,1551677395,32.83,51.45006550,7.48824105,255.33,4.46,0.33,169.14,1,-96.00,-6.00,14.00,8.00,28.00,7.00,13415170,315
9.01,1551677396,37.30,51.44997744,7.48827472,255.36,4.87,0.41,171.24,1,-98.00,-9.00,10.00,8.00,31.00,7.00,13415170,315
10.00,1551677397,42.16,51.44988480,7.48829677,255.36,10.25,5.39,173.39,1,-98.00,-9.00,10.00,8.00,31.00,7.00,13415170,315
11.02,1551677398,52.61,51.44965916,7.48833808,255.52,11.86,1.58,175.92,1,-97.00,-8.00,7.00,12.00,27.00,7.00,13415170,315
12.00,1551677399,64.25,51.44965916,7.48833808,255.52,11.86,0.00,175.92,1,-97.00,-8.00,7.00,12.00,27.00,7.00,13415170,315
13.00,1551677400,76.11,51.44954155,7.48834538,254.96,13.21,1.35,177.42,1,-98.00,-8.00,11.00,10.00,29.00,7.00,13415170,315
14.00,1551677401,89.32,51.44941908,7.48835273,254.41,13.14,-0.08,179.64,1,-98.00,-8.00,11.00,10.00,29.00,7.00,13415170,315
15.00,1551677402,102.46,51.44929186,7.48835306,254.04,13.47,0.33,181.23,1,-101.00,-8.00,13.00,13.00,29.00,7.00,13415170,315
16.00,1551677403,115.93,51.44916778,7.48834346,253.41,13.47,-0.00,183.68,1,-101.00,-8.00,13.00,13.00,29.00,7.00,13415170,315
17.01,1551677404,129.47,51.44905077,7.48832669,253.07,12.85,-0.61,185.67,1,-101.00,-9.00,13.00,11.00,27.00,7.00,13415170,315
18.00,1551677405,142.24,51.44892157,7.48829914,253.16,13.45,0.60,188.51,1,-101.00,-9.00,13.00,11.00,27.00,7.00,13415170,315
19.00,1551677406,155.70,51.44879135,7.48826136,253.50,13.62,0.17,190.46,1,-101.00,-9.00,13.00,11.00,27.00,7.00,13415170,315
20.01,1551677407,169.34,51.44866684,7.48821654,253.59,13.93,0.31,192.31,1,-106.00,-10.00,1.00,5.00,24.00,7.00,13415170,315
21.01,1551677408,183.27,51.44854142,7.48817150,254.04,14.05,0.12,193.22,1,-106.00,-10.00,1.00,5.00,24.00,7.00,13415170,315
22.01,1551677409,197.32,51.44841663,7.48812039,254.38,13.85,-0.20,193.77,1,-107.00,-11.00,-3.00,6.00,23.00,7.00,13415170,315
23.00,1551677410,211.14,51.44829504,7.48806940,254.81,13.56,-0.29,194.25,1,-107.00,-11.00,-3.00,6.00,23.00,7.00,13415170,315
24.01,1551677411,224.74,51.44817722,7.48801763,255.26,14.20,0.64,194.21,1,-110.00,-12.00,-2.00,7.00,21.00,7.00,13415170,315
25.01,1551677412,238.96,51.44805259,7.48796501,255.37,14.55,0.34,193.58,1,-110.00,-12.00,-2.00,7.00,21.00,7.00,13415170,315
26.01,1551677413,253.49,51.44792322,7.48791809,255.62,14.75,0.20,192.66,1,-109.00,-11.00,-2.00,5.00,22.00,7.00,13415170,315
27.01,1551677414,268.24,51.44779913,7.48787689,255.89,13.74,-1.01,192.22,1,-109.00,-11.00,-2.00,5.00,22.00,7.00,13415170,315
28.01,1551677415,281.96,51.44767759,7.48784091,256.11,14.04,0.30,190.58,1,-111.00,-13.00,-4.00,6.00,20.00,7.00,13415170,315
29.01,1551677416,296.04,51.44754685,7.48781373,256.16,13.81,-0.23,188.06,1,-111.00,-13.00,-4.00,6.00,20.00,7.00,13415170,315
30.01,1551677417,309.84,51.44741900,7.48779860,256.08,13.68,-0.13,186.02,1,-112.00,-14.00,-3.00,6.00,19.00,7.00,13415170,315
31.01,1551677418,323.52,51.44729136,7.48779629,255.95,14.15,0.47,183.98,1,-112.00,-14.00,-3.00,6.00,19.00,7.00,13415170,315
32.01,1551677419,337.63,51.44716725,7.48784107,255.64,14.35,0.20,170.94,1,-111.00,-13.00,-5.00,5.00,22.00,7.00,13415170,315
33.01,1551677420,352.00,51.44701212,7.48789466,255.58,15.55,1.20,169.62,1,-111.00,-13.00,-5.00,5.00,22.00,7.00,13415170,315
34.01,1551677421,367.53,51.44686532,7.48795667,255.82,15.06,-0.49,167.47,1,-110.00,-11.00,0.00,7.00,20.00,7.00,13415170,315
35.01,1551677422,382.61,51.44672421,7.48803025,256.46,14.52,-0.54,165.12,1,-110.00,-11.00,0.00,7.00,20.00,7.00,13415170,315
36.01,1551677423,397.16,51.44657352,7.48811799,257.04,16.07,1.54,161.99,1,-105.00,-11.00,2.00,11.00,26.00,7.00,13415170,315
37.00,1551677424,413.16,51.44643851,7.48821339,257.70,16.52,0.46,158.65,1,-105.00,-11.00,2.00,11.00,26.00,7.00,13415170,315
38.01,1551677425,429.81,51.44631310,7.48831983,258.49,15.74,-0.77,155.21,1,-102.00,-7.00,10.00,10.00,24.00,7.00,13415170,315
39.00,1551677426,445.43,51.44618751,7.48845006,259.20,15.52,-0.23,151.62,1,-102.00,-7.00,10.00,10.00,24.00,7.00,13415170,315
40.01,1551677427,460.96,51.44605979,7.48859858,259.68,16.47,0.95,147.75,1,-102.00,-7.00,10.00,10.00,24.00,7.00,13415170,315
41.01,1551677428,477.44,51.44593734,7.48876504,259.96,16.32,-0.15,143.64,1,-99.00,-6.00,10.00,10.00,25.00,7.00,13415170,315
42.01,1551677429,493.75,51.44582333,7.48894399,260.53,16.09,-0.23,139.84,1,-99.00,-6.00,10.00,10.00,25.00,7.00,13415170,315
43.00,1551677430,509.83,51.44571832,7.48912451,260.78,15.83,-0.27,136.39,1,-105.00,-12.00,8.00,7.00,27.00,7.00,13415170,315
44.01,1551677431,525.67,51.44561709,7.48930858,260.86,15.38,-0.45,133.48,1,-105.00,-12.00,8.00,7.00,27.00,7.00,13415170,315
45.00,1551677432,541.02,51.44545084,7.48966982,261.22,15.13,-0.25,129.54,1,-103.00,-8.00,4.00,7.00,24.00,7.00,13415170,315
46.00,1551677433,556.13,51.44536329,7.48985822,261.65,15.32,0.19,129.11,1,-103.00,-8.00,4.00,7.00,24.00,7.00,13415170,315
47.00,1551677434,571.43,51.44527913,7.49004844,262.28,15.80,0.48,128.16,1,-105.00,-9.00,2.00,6.00,22.00,7.00,13415170,315
48.00,1551677435,587.23,51.44527913,7.49004844,262.28,15.80,0.00,128.16,1,-105.00,-9.00,2.00,6.00,22.00,7.00,13415170,315
49.00,1551677436,603.03,51.44512894,7.49041193,263.44,14.46,-1.33,126.41,1,-107.00,-13.00,4.00,6.00,26.00,7.00,13415170,315
50.00,1551677437,617.52,51.44505861,7.49058516,263.65,14.34,-0.12,125.63,1,-107.00,-13.00,4.00,6.00,26.00,7.00,13415170,315
51.00,1551677438,631.85,51.44505861,7.49058516,263.65,14.34,0.00,125.63,1,-107.00,-10.00,1.00,6.00,21.00,7.00,13415170,315
52.00,1551677439,646.19,51.44498651,7.49075798,264.35,13.77,-0.58,124.81,1,-107.00,-10.00,1.00,6.00,21.00,7.00,13415170,315
53.01,1551677440,660.00,51.44491821,7.49092472,265.03,13.26,-0.51,124.18,1,-105.00,-10.00,-2.00,6.00,20.00,24.00,13417219,440
54.01,1551677441,673.26,51.44486327,7.49106706,265.62,11.74,-1.52,124.75,1,-105.00,-10.00,-2.00,6.00,20.00,24.00,13417219,440
55.01,1551677442,685.00,51.44480936,7.49120354,265.98,10.37,-1.37,125.15,1,-111.00,-11.00,1.00,5.00,20.00,24.00,13417219,440
56.00,1551677443,695.36,51.44476046,7.49132009,266.64,8.72,-1.65,125.71,1,-111.00,-11.00,1.00,5.00,20.00,24.00,13417219,440
57.01,1551677444,704.09,51.44471736,7.49141684,267.17,6.92,-1.80,126.56,1,-111.00,-10.00,1.00,5.00,21.00,24.00,13417219,440
58.00,1551677445,711.00,51.44468274,7.49149478,267.49,5.41,-1.51,126.58,1,-111.00,-10.00,1.00,5.00,21.00,24.00,13417219,440
59.01,1551677446,716.46,51.44465885,7.49154487,267.53,4.17,-1.23,127.81,1,-108.00,-9.00,3.00,7.00,20.00,24.00,13417219,440
60.01,1551677447,720.60,51.44463609,7.49159267,267.57,1.74,-2.45,125.99,1,-108.00,-9.00,3.00,7.00,20.00,24.00,13417219,440
61.01,1551677448,722.34,51.44463609,7.49159267,267.58,0.00,-1.74,125.99,1,-108.00,-9.00,3.00,7.00,20.00,24.00,13417219,440
62.00,1551677449,722.34,51.44463609,7.49159267,267.59,0.00,0.00,125.99,1,-110.00,-9.00,4.00,5.00,21.00,24.00,13417219,440
63.00,1551677450,722.34,51.44463609,7.49159267,267.60,0.00,0.00,125.99,1,-110.00,-9.00,4.00,5.00,21.00,24.00,13417219,440
64.00,1551677451,722.34,51.44463609,7.49159267,267.61,0.00,0.00,125.99,1,-111.00,-11.00,2.00,5.00,20.00,24.00,13417219,440
65.01,1551677452,722.34,51.44463609,7.49159267,267.63,0.00,0.00,125.99,1,-111.00,-11.00,2.00,5.00,20.00,24.00,13417219,440
66.00,1551677453,722.34,51.44463609,7.49159267,267.65,0.00,0.00,125.99,1,-111.00,-10.00,1.00,6.00,18.00,24.00,13417219,440
67.01,1551677454,722.34,51.44463609,7.49159267,267.67,0.00,0.00,125.99,1,-111.00,-10.00,1.00,6.00,18.00,24.00,13417219,440
68.00,1551677455,722.34,51.44463609,7.49159267,267.69,0.00,0.00,125.99,1,-111.00,-11.00,0.00,6.00,19.00,24.00,13417219,440
69.00,1551677456,722.34,51.44463609,7.49159267,267.71,0.00,0.00,125.99,1,-111.00,-11.00,0.00,6.00,19.00,24.00,13417219,440
70.01,1551677457,722.34,51.44463609,7.49159267,267.73,0.00,0.00,125.99,1,-114.00,-13.00,-3.00,4.00,20.00,23.00,13417219,440
71.01,1551677458,722.34,51.44463609,7.49159267,267.76,0.00,0.00,125.99,1,-114.00,-13.00,-3.00,4.00,20.00,23.00,13417219,440
72.01,1551677459,722.34,51.44463609,7.49159267,267.78,0.00,0.00,125.99,1,-112.00,-11.00,2.00,5.00,19.00,23.00,13417219,440
73.01,1551677460,722.34,51.44463609,7.49159267,267.81,0.00,0.00,125.99,1,-112.00,-11.00,2.00,5.00,19.00,23.00,13417219,440
74.01,1551677461,722.34,51.44463609,7.49159267,267.83,0.00,0.00,125.99,1,-110.00,-10.00,1.00,8.00,19.00,23.00,13417219,440
75.00,1551677462,722.34,51.44463609,7.49159267,267.86,0.00,0.00,125.99,1,-110.00,-10.00,1.00,8.00,19.00,23.00,13417219,440
76.00,1551677463,722.34,51.44463609,7.49159267,267.88,0.00,0.00,125.99,1,-111.00,-9.00,1.00,8.00,18.00,23.00,13417219,440
77.00,1551677464,722.34,51.44463609,7.49159267,267.90,0.00,0.00,125.99,1,-111.00,-9.00,1.00,8.00,18.00,23.00,13417219,440
78.01,1551677465,722.34,51.44463609,7.49159267,267.92,0.00,0.00,125.99,1,-110.00,-10.00,2.00,7.00,19.00,23.00,13417219,440
79.00,1551677466,722.34,51.44463609,7.49159267,267.95,0.00,0.00,125.99,1,-110.00,-10.00,2.00,7.00,19.00,23.00,13417219,440
80.01,1551677467,722.34,51.44463609,7.49159267,267.97,0.00,0.00,125.99,1,-111.00,-10.00,0.00,7.00,19.00,23.00,13417219,440
81.00,1551677468,722.34,51.44463609,7.49159267,267.99,0.00,0.00,125.99,1,-111.00,-10.00,0.00,7.00,19.00,23.00,13417219,440
82.00,1551677469,722.34,51.44463609,7.49159267,268.01,0.00,0.00,125.99,1,-111.00,-10.00,0.00,7.00,19.00,23.00,13417219,440
83.00,1551677470,722.34,51.44463609,7.49159267,268.02,0.00,0.00,125.99,1,-110.00,-10.00,1.00,7.00,19.00,23.00,13417219,440
84.00,1551677471,722.34,51.44463609,7.49159267,268.17,0.00,0.00,125.99,1,-110.00,-10.00,1.00,7.00,19.00,23.00,13417219,440
85.00,1551677472,722.34,51.44463609,7.49159267,268.36,0.00,0.00,80.32,1,-110.00,-9.00,2.00,8.00,20.00,23.00,13417219,440
86.00,1551677473,722.34,51.44459205,7.49170341,270.23,5.43,0.00,147.47,1,-110.00,-9.00,2.00,8.00,20.00,23.00,13417219,440
87.00,1551677474,727.79,51.44459205,7.49170341,270.23,5.43,0.00,147.47,1,-107.00,-9.00,4.00,6.00,22.00,23.00,13417219,440
88.00,1551677475,733.22,51.44452312,7.49170722,270.82,6.81,1.38,183.20,1,-107.00,-9.00,4.00,6.00,22.00,23.00,13417219,440
89.00,1551677476,740.01,51.44447123,7.49166429,271.53,7.51,0.70,207.65,1,-109.00,-10.00,2.00,7.00,23.00,23.00,13417219,440
90.00,1551677477,747.53,51.44440910,7.49160456,272.18,9.20,1.69,208.71,1,-109.00,-10.00,2.00,7.00,23.00,23.00,13417219,440
91.00,1551677478,756.75,51.44432537,7.49152575,272.69,10.13,0.93,211.08,1,-109.00,-11.00,0.00,8.00,23.00,23.00,13417219,440
92.01,1551677479,766.91,51.44423310,7.49143623,272.75,11.22,1.09,212.74,1,-109.00,-11.00,0.00,8.00,23.00,23.00,13417219,440
93.00,1551677480,778.10,51.44412726,7.49133498,272.41,12.25,1.03,213.33,1,-105.00,-9.00,0.00,8.00,24.00,23.00,13417219,440
94.00,1551677481,790.35,51.44401999,7.49122860,272.03,13.54,1.29,213.87,1,-105.00,-9.00,0.00,8.00,24.00,23.00,13417219,440
95.01,1551677482,803.93,51.44391515,7.49111770,271.72,13.98,0.44,214.34,1,-105.00,-9.00,7.00,7.00,24.00,23.00,13417219,440
96.00,1551677483,817.87,51.44380600,7.49099547,271.53,14.77,0.79,214.94,1,-105.00,-9.00,7.00,7.00,24.00,23.00,13417219,440
97.00,1551677484,832.64,51.44369777,7.49087499,271.29,14.54,-0.23,215.39,1,-108.00,-10.00,0.00,8.00,21.00,23.00,13417219,440
98.00,1551677485,847.18,51.44360804,7.49075666,270.91,14.60,0.06,216.35,1,-108.00,-10.00,0.00,8.00,21.00,23.00,13417219,440
99.01,1551677486,861.84,51.44351424,7.49063603,270.40,14.58,-0.02,216.82,1,-109.00,-10.00,-3.00,6.00,22.00,23.00,13417219,440
100.01,1551677487,876.39,51.44340678,7.49050654,269.91,14.65,0.07,216.82,1,-109.00,-10.00,-3.00,6.00,22.00,23.00,13417219,440
101.01,1551677488,891.13,51.44329313,7.49037106,269.68,14.85,0.20,217.01,1,-112.00,-11.00,4.00,6.00,20.00,23.00,13417219,440
102.01,1551677489,905.89,51.44318039,7.49023545,269.60,15.09,0.24,216.74,1,-112.00,-11.00,4.00,6.00,20.00,23.00,13417219,440
103.00,1551677490,920.94,51.44306603,7.49009872,269.68,15.35,0.26,216.58,1,-112.00,-11.00,4.00,6.00,20.00,23.00,13417219,440
104.00,1551677491,936.31,51.44295352,7.48996768,269.96,15.04,-0.31,217.02,1,-108.00,-11.00,1.00,7.00,23.00,23.00,13417219,440
105.01,1551677492,951.36,51.44284227,7.48984150,270.07,14.98,-0.05,216.66,1,-108.00,-11.00,1.00,7.00,23.00,23.00,13417219,440
106.00,1551677493,966.32,51.44273047,7.48971294,270.02,15.36,0.38,216.96,1,-102.00,-13.00,1.00,7.00,30.00,23.00,13417219,440
107.00,1551677494,981.69,51.44261917,7.48957916,269.90,15.11,-0.25,217.62,1,-102.00,-13.00,1.00,7.00,30.00,23.00,13417219,440
108.00,1551677495,996.80,51.44251003,7.48945019,269.62,15.19,0.08,217.97,1,-102.00,-9.00,6.00,4.00,25.00,23.00,13417219,440
109.00,1551677496,1011.99,51.44239818,7.48931636,269.35,15.23,0.04,218.38,1,-102.00,-9.00,6.00,4.00,25.00,23.00,13417219,440
110.00,1551677497,1027.21,51.44229251,7.48918366,268.98,14.34,-0.89,219.26,1,-97.00,-9.00,1.00,9.00,30.00,23.00,13417219,440
111.01,1551677498,1041.58,51.44218433,7.48904773,269.03,14.17,-0.17,220.25,1,-97.00,-9.00,1.00,9.00,30.00,23.00,13417219,440
112.00,1551677499,1055.69,51.44208351,7.48891481,269.51,15.06,0.89,220.16,1,-101.00,-8.00,13.00,6.00,26.00,23.00,13417219,440
113.00,1551677500,1070.78,51.44198186,7.48877139,270.03,15.56,0.49,220.71,1,-101.00,-8.00,13.00,6.00,26.00,23.00,13417219,440
114.01,1551677501,1086.37,51.44188260,7.48862213,270.70,14.28,-1.27,222.85,1,-95.00,-11.00,-9.00,8.00,31.00,23.00,13417219,440
115.00,1551677502,1100.63,51.44178341,7.48845726,271.08,14.79,0.51,225.64,1,-95.00,-11.00,-9.00,8.00,31.00,23.00,13417219,440
116.01,1551677503,1115.45,51.44169980,7.48830476,271.68,13.27,-1.52,227.78,1,-99.00,-10.00,4.00,9.00,30.00,23.00,13417219,440
117.00,1551677504,1128.69,51.44160008,7.48813073,272.11,14.52,1.25,229.03,1,-99.00,-10.00,4.00,9.00,30.00,23.00,13417219,440
118.00,1551677505,1143.21,51.44149933,7.48794297,272.09,16.09,1.57,229.85,1,-99.00,-8.00,10.00,9.00,29.00,20.00,13417219,440
119.00,1551677506,1159.30,51.44139640,7.48774624,272.18,16.43,0.34,230.67,1,-99.00,-8.00,10.00,9.00,29.00,20.00,13417219,440
120.00,1551677507,1175.70,51.44129341,7.48754670,271.97,16.44,0.00,231.18,1,-94.00,-9.00,13.00,9.00,36.00,20.00,13417219,440
121.01,1551677508,1192.21,51.44119146,7.48733741,271.76,16.38,-0.06,232.16,1,-94.00,-9.00,13.00,9.00,36.00,20.00,13417219,440
122.01,1551677509,1208.66,51.44109413,7.48713777,271.63,16.72,0.34,231.60,1,-97.00,-7.00,17.00,12.00,32.00,20.00,13417219,440
123.00,1551677510,1225.28,51.44100757,7.48695322,271.97,15.94,-0.79,232.72,1,-97.00,-7.00,17.00,12.00,32.00,20.00,13417219,440
124.01,1551677511,1241.29,51.44091538,7.48676077,272.46,16.16,0.21,233.08,1,-97.00,-7.00,17.00,12.00,32.00,20.00,13417219,440
125.05,1551677512,1258.07,51.44082743,7.48657151,273.40,16.47,0.30,232.67,1,-94.00,-9.00,10.00,10.00,35.00,20.00,13417219,440
126.00,1551677513,1273.84,51.44074183,7.48639196,273.82,16.26,-0.22,233.12,1,-94.00,-9.00,10.00,10.00,35.00,20.00,13417219,440
127.00,1551677514,1290.09,51.44066824,7.48622273,274.66,15.47,-0.79,233.16,1,-97.00,-8.00,7.00,13.00,32.00,20.00,13417219,440
128.00,1551677515,1305.52,51.44058769,7.48604085,275.56,16.03,0.56,234.11,1,-97.00,-8.00,7.00,13.00,32.00,20.00,13417219,440
129.00,1551677516,1321.58,51.44051204,7.48585690,276.55,16.24,0.21,233.74,1,-94.00,-9.00,13.00,12.00,35.00,20.00,13417219,440
130.00,1551677517,1337.81,51.44042675,7.48565227,277.77,16.57,0.33,233.14,1,-94.00,-9.00,13.00,12.00,35.00,20.00,13417219,440
131.01,1551677518,1354.42,51.44035034,7.48546995,279.50,15.46,-1.11,233.75,1,-95.00,-9.00,13.00,13.00,36.00,20.00,13417219,440
132.00,1551677519,1369.82,51.44026675,7.48528989,281.01,15.45,-0.01,233.28,1,-95.00,-9.00,13.00,13.00,36.00,20.00,13417219,440
133.01,1551677520,1385.33,51.44017930,7.48509887,281.99,15.94,0.49,232.42,1,-93.00,-7.00,5.00,12.00,35.00,20.00,13417219,440
134.00,1551677521,1401.26,51.44008919,7.48491012,282.70,15.48,-0.46,233.10,1,-93.00,-7.00,5.00,12.00,35.00,20.00,13417219,440
135.00,1551677522,1416.71,51.44000314,7.48472184,283.17,15.22,-0.26,232.70,1,-95.00,-7.00,13.00,8.00,33.00,20.00,13417219,440
136.00,1551677523,1431.91,51.43992121,7.48454436,283.28,14.54,-0.68,233.72,1,-95.00,-7.00,13.00,8.00,33.00,20.00,13417219,440
137.00,1551677524,1446.49,51.43983991,7.48436821,283.64,14.66,0.12,234.11,1,-95.00,-7.00,1.00,7.00,32.00,20.00,13417219,440
138.01,1551677525,1461.17,51.43975655,7.48418687,284.15,15.11,0.45,233.85,1,-95.00,-7.00,1.00,7.00,32.00,20.00,13417219,440
139.01,1551677526,1476.33,51.43966449,7.48398644,284.82,15.57,0.46,234.69,1,-98.00,-8.00,-4.00,9.00,30.00,20.00,13417219,440
140.01,1551677527,1491.86,51.43957187,7.48378906,285.43,15.85,0.27,235.24,1,-98.00,-8.00,-4.00,9.00,30.00,20.00,13417219,440
141.00,1551677528,1507.67,51.43948799,7.48359712,285.68,15.88,0.04,235.80,1,-97.00,-9.00,1.00,7.00,31.00,20.00,13417219,440
142.01,1551677529,1523.58,51.43940198,7.48338783,286.11,15.98,0.10,236.94,1,-97.00,-9.00,1.00,7.00,31.00,20.00,13417219,440
143.01,1551677530,1539.63,51.43931817,7.48317253,286.12,16.29,0.31,238.50,1,-97.00,-9.00,4.00,7.00,31.00,20.00,13417219,440
144.00,1551677531,1555.80,51.43922607,7.48293406,286.35,16.74,0.45,238.00,1,-97.00,-9.00,4.00,7.00,31.00,20.00,13417219,440
145.01,1551677532,1572.62,51.43914667,7.48271637,286.65,16.58,-0.16,238.66,1,-97.00,-9.00,4.00,7.00,31.00,20.00,13417219,440
146.01,1551677533,1589.18,51.43907275,7.48250652,287.51,16.83,0.25,239.24,1,-93.00,-7.00,10.00,13.00,33.00,20.00,13417219,440
147.00,1551677534,1605.97,51.43899917,7.48229042,288.29,17.03,0.20,240.22,1,-93.00,-7.00,10.00,13.00,33.00,20.00,13417219,440
148.00,1551677535,1623.00,51.43892125,7.48206805,288.50,16.63,-0.40,240.57,1,-93.00,-7.00,4.00,8.00,33.00,20.00,13417219,440
149.00,1551677536,1639.58,51.43884870,7.48185376,288.61,16.93,0.30,240.17,1,-93.00,-7.00,4.00,8.00,33.00,20.00,13417219,440
150.00,1551677537,1656.53,51.43877199,7.48163004,288.51,17.23,0.30,240.14,1,-95.00,-7.00,6.00,2.00,40.00,20.00,13417219,440
151.01,1551677538,1673.81,51.43869806,7.48141775,288.39,17.38,0.15,240.57,1,-95.00,-7.00,6.00,2.00,40.00,20.00,13417219,440
152.00,1551677539,1691.14,51.43862660,7.48119998,287.81,17.55,0.17,241.44,1,-97.00,-9.00,14.00,2.00,32.00,20.00,13417219,440
153.01,1551677540,1708.81,51.43854980,7.48097404,287.50,17.26,-0.29,241.91,1,-97.00,-9.00,14.00,2.00,32.00,20.00,13417219,440
154.00,1551677541,1725.99,51.43847222,7.48074518,287.41,17.41,0.15,241.44,1,-92.00,-5.00,7.00,12.00,32.00,21.00,13417219,440
155.01,1551677542,1743.41,51.43839602,7.48052379,287.46,17.49,0.09,241.06,1,-92.00,-5.00,7.00,12.00,32.00,21.00,13417219,440
156.01,1551677543,1760.91,51.43831490,7.48028841,287.57,18.01,0.52,241.43,1,-97.00,-7.00,9.00,12.00,30.00,21.00,13417219,440
157.00,1551677544,1778.90,51.43823106,7.48005208,287.41,17.87,-0.14,241.10,1,-97.00,-7.00,9.00,12.00,30.00,21.00,13417219,440
158.01,1551677545,1796.78,51.43815244,7.47982847,287.06,17.70,-0.17,241.87,1,-96.00,-9.00,9.00,7.00,33.00,21.00,13417219,440
159.00,1551677546,1814.46,51.43808501,7.47961392,287.04,17.28,-0.42,241.04,1,-96.00,-9.00,9.00,7.00,33.00,21.00,13417219,440
160.00,1551677547,1831.74,51.43801160,7.47939444,287.25,17.76,0.49,240.36,1,-92.00,-8.00,11.00,12.00,35.00,21.00,13417219,440
161.01,1551677548,1849.57,51.43793499,7.47917082,287.00,17.05,-0.71,240.29,1,-92.00,-8.00,11.00,12.00,35.00,21.00,13417219,440
162.01,1551677549,1866.59,51.43785486,7.47894768,286.56,17.15,0.10,240.50,1,-87.00,-7.00,0.00,12.00,39.00,21.00,13417219,440
163.01,1551677550,1883.72,51.43778874,7.47874245,286.79,16.18,-0.97,241.41,1,-87.00,-7.00,0.00,12.00,39.00,21.00,13417219,440
164.05,1551677551,1900.59,51.43764914,7.47831094,287.35,15.03,-1.10,242.92,1,-92.00,-8.00,10.00,7.00,37.00,19.00,13523715,6
165.01,1551677552,1914.98,51.43764914,7.47831094,287.35,15.03,0.00,242.92,1,-92.00,-8.00,10.00,7.00,37.00,19.00,13523715,6
166.00,1551677553,1929.99,51.43757920,7.47808399,287.73,17.12,2.09,242.06,1,-92.00,-8.00,10.00,7.00,37.00,19.00,13523715,6
167.01,1551677554,1947.13,51.43751171,7.47786659,288.23,16.96,-0.16,242.09,1,-89.00,-8.00,6.00,11.00,38.00,19.00,13523715,6
168.00,1551677555,1964.06,51.43737269,7.47743588,289.30,15.98,-0.99,241.62,1,-89.00,-8.00,6.00,11.00,38.00,19.00,13523715,6
169.00,1551677556,1980.02,51.43730467,7.47723552,289.94,15.54,-0.43,240.87,1,-85.00,-7.00,16.00,13.00,41.00,19.00,13523715,6
170.00,1551677557,1995.55,51.43724151,7.47703652,290.07,15.18,-0.36,242.17,1,-85.00,-7.00,16.00,13.00,41.00,19.00,13523715,6
171.00,1551677558,2010.76,51.43724151,7.47703652,290.07,15.18,0.00,242.17,1,-86.00,-7.00,16.00,11.00,41.00,19.00,13523715,6
172.01,1551677559,2025.99,51.43718987,7.47683754,290.13,14.01,-1.16,245.49,1,-86.00,-7.00,16.00,11.00,41.00,19.00,13523715,6
173.00,1551677560,2039.93,51.43715096,7.47665739,290.30,12.29,-1.73,249.56,1,-90.00,-7.00,17.00,11.00,37.00,19.00,13523715,6
174.00,1551677561,2052.23,51.43715403,7.47647343,290.40,10.66,-1.64,272.84,1,-90.00,-7.00,17.00,11.00,37.00,19.00,13523715,6
175.00,1551677562,2062.90,51.43718323,7.47632272,290.10,9.96,-0.70,288.30,1,-91.00,-6.00,10.00,11.00,35.00,19.00,13523715,6
176.00,1551677563,2072.86,51.43723369,7.47622558,289.56,8.82,-1.13,311.09,1,-91.00,-6.00,10.00,11.00,35.00,19.00,13523715,6
177.01,1551677564,2081.71,51.43732138,7.47615536,288.51,10.14,1.32,335.82,1,-92.00,-7.00,17.00,14.00,34.00,19.00,13523715,6
178.01,1551677565,2091.85,51.43742053,7.47617352,288.03,9.97,-0.17,9.36,1,-92.00,-7.00,17.00,14.00,34.00,19.00,13523715,6
179.00,1551677566,2101.80,51.43749254,7.47626127,287.67,9.83,-0.14,44.74,1,-96.00,-7.00,17.00,10.00,31.00,19.00,13523715,6
180.01,1551677567,2111.66,51.43755849,7.47635665,287.58,10.48,0.65,47.02,1,-96.00,-7.00,17.00,10.00,31.00,19.00,13523715,6
181.01,1551677568,2122.12,51.43762688,7.47648586,287.49,11.26,0.79,50.79,1,-96.00,-6.00,18.00,10.00,29.00,19.00,13523715,6
182.01,1551677569,2133.38,51.43770546,7.47663705,287.29,13.78,2.51,51.28,1,-96.00,-6.00,18.00,10.00,29.00,19.00,13523715,6
183.01,1551677570,2147.16,51.43778910,7.47679794,287.52,14.71,0.93,51.93,1,-93.00,-5.00,7.00,2.00,31.00,19.00,13523715,6
184.01,1551677571,2161.87,51.43788083,7.47697854,287.78,16.60,1.89,51.86,1,-93.00,-5.00,7.00,2.00,31.00,19.00,13523715,6
185.01,1551677572,2178.53,51.43797735,7.47717977,287.56,17.30,0.69,53.16,1,-94.00,-6.00,6.00,2.00,31.00,19.00,13523715,6
186.00,1551677573,2195.74,51.43807529,7.47739067,287.74,18.43,1.13,54.38,1,-94.00,-6.00,6.00,2.00,31.00,19.00,13523715,6
187.00,1551677574,2214.19,51.43818045,7.47762258,287.51,19.50,1.07,54.97,1,-94.00,-6.00,6.00,2.00,31.00,19.00,13523715,6
188.00,1551677575,2233.68,51.43829071,7.47786748,287.10,20.19,0.69,55.55,1,-94.00,-6.00,4.00,2.00,31.00,19.00,13523715,6
189.00,1551677576,2253.85,51.43840051,7.47811949,286.70,21.20,1.01,56.00,1,-94.00,-6.00,4.00,2.00,31.00,19.00,13523715,6
190.00,1551677577,2275.01,51.43850435,7.47837686,287.03,22.40,1.20,57.00,1,-97.00,-7.00,2.00,2.00,29.00,19.00,13523715,6
191.00,1551677578,2297.46,51.43861109,7.47864561,287.38,23.48,1.08,57.47,1,-97.00,-7.00,2.00,2.00,29.00,19.00,13523715,6
192.00,1551677579,2320.91,51.43872735,7.47893410,287.69,24.36,0.88,57.26,1,-100.00,-8.00,1.00,2.00,27.00,19.00,13523715,6
193.00,1551677580,2345.25,51.43884648,7.47923053,288.16,24.82,0.46,57.56,1,-100.00,-8.00,1.00,2.00,27.00,19.00,13523715,6
194.00,1551677581,2370.12,51.43896890,7.47953980,288.24,25.83,1.00,57.39,1,-102.00,-8.00,0.00,2.00,26.00,19.00,13523715,6
195.01,1551677582,2396.00,51.43910280,7.47986272,287.86,26.93,1.10,56.19,1,-102.00,-8.00,0.00,2.00,26.00,19.00,13523715,6
196.01,1551677583,2422.98,51.43924085,7.48017792,287.45,26.66,-0.27,55.71,1,-103.00,-9.00,-3.00,2.00,25.00,19.00,13523715,6
197.01,1551677584,2449.62,51.43938422,7.48048793,286.63,26.35,-0.31,54.27,1,-103.00,-9.00,-3.00,2.00,25.00,19.00,13523715,6
198.01,1551677585,2475.97,51.43953236,7.48079171,285.78,25.93,-0.42,53.00,1,-107.00,-11.00,-6.00,2.00,23.00,19.00,13523715,6
199.01,1551677586,2501.92,51.43967668,7.48109299,284.99,25.38,-0.55,52.83,1,-107.00,-11.00,-6.00,2.00,23.00,19.00,13523715,6
200.00,1551677587,2527.18,51.43996918,7.48165710,283.38,25.04,-0.34,50.39,1,-103.00,-8.00,1.00,2.00,24.00,22.00,13417219,440
201.01,1551677588,2552.29,51.43996918,7.48165710,283.38,25.04,0.00,50.39,1,-103.00,-8.00,1.00,2.00,24.00,22.00,13417219,440
202.00,1551677589,2577.31,51.44011591,7.48192475,283.46,24.98,-0.06,48.92,1,-104.00,-8.00,-1.00,2.00,24.00,22.00,13417219,440
203.01,1551677590,2602.31,51.44026846,7.48218045,283.70,25.08,0.10,45.91,1,-104.00,-8.00,-1.00,2.00,24.00,22.00,13417219,440
204.01,1551677591,2627.39,51.44043391,7.48243137,283.76,24.86,-0.22,43.66,1,-106.00,-10.00,-6.00,2.00,24.00,22.00,13417219,440
205.01,1551677592,2652.33,51.44060273,7.48267307,283.89,25.02,0.16,41.33,1,-106.00,-10.00,-6.00,2.00,24.00,22.00,13417219,440
206.02,1551677593,2677.52,51.44077122,7.48291266,284.05,24.92,-0.10,40.73,1,-111.00,-15.00,-10.00,2.00,24.00,22.00,13417219,440
207.01,1551677594,2702.26,51.44093230,7.48314459,283.28,24.80,-0.12,40.83,1,-111.00,-15.00,-10.00,2.00,24.00,22.00,13417219,440
208.01,1551677595,2727.09,51.44110499,7.48337097,282.54,24.87,0.07,38.84,1,-111.00,-15.00,-10.00,2.00,24.00,22.00,13417219,440
209.01,1551677596,2751.99,51.44127569,7.48358105,281.34,24.94,0.07,36.78,1,-107.00,-11.00,2.00,2.00,24.00,22.00,13415426,265
210.01,1551677597,2776.93,51.44145113,7.48378029,280.17,24.63,-0.32,34.91,1,-107.00,-11.00,2.00,2.00,24.00,22.00,13415426,265
211.00,1551677598,2801.39,51.44163802,7.48396389,279.21,24.87,0.24,31.01,1,-106.00,-10.00,4.00,2.00,24.00,22.00,13415426,265
212.00,1551677599,2826.21,51.44182434,7.48414599,278.40,24.80,-0.07,30.29,1,-106.00,-10.00,4.00,2.00,24.00,22.00,13415426,265
213.00,1551677600,2851.06,51.44202452,7.48432895,277.41,24.74,-0.07,29.38,1,-105.00,-10.00,-6.00,2.00,24.00,22.00,13415426,265
214.01,1551677601,2875.84,51.44222799,7.48449495,276.66,24.81,0.07,26.81,1,-105.00,-10.00,-6.00,2.00,24.00,22.00,13415426,265
215.00,1551677602,2900.60,51.44242899,7.48465808,275.99,24.77,-0.04,26.44,1,-108.00,-12.00,-4.00,2.00,23.00,22.00,13415426,265
216.00,1551677603,2925.37,51.44263458,7.48481949,275.41,24.54,-0.23,25.99,1,-108.00,-12.00,-4.00,2.00,23.00,22.00,13415426,265
217.01,1551677604,2949.95,51.44284006,7.48496479,275.03,24.27,-0.26,24.96,1,-112.00,-15.00,-8.00,2.00,22.00,22.00,13415426,265
218.01,1551677605,2974.45,51.44304041,7.48510312,274.64,24.09,-0.18,23.73,1,-112.00,-15.00,-8.00,2.00,22.00,22.00,13415426,265
219.01,1551677606,2998.37,51.44323445,7.48523762,274.18,23.56,-0.54,23.37,1,-113.00,-14.00,-9.00,2.00,21.00,22.00,13415426,265
220.01,1551677607,3021.90,51.44341892,7.48536431,273.75,22.32,-1.24,23.27,1,-113.00,-14.00,-9.00,2.00,21.00,22.00,13415426,265
221.01,1551677608,3044.20,51.44359143,7.48548416,273.35,20.75,-1.57,23.58,1,-113.00,-15.00,-6.00,2.00,22.00,22.00,13415426,265
222.00,1551677609,3064.92,51.44375265,7.48559697,272.93,19.55,-1.21,23.04,1,-113.00,-15.00,-6.00,2.00,22.00,22.00,13415426,265
223.00,1551677610,3084.48,51.44390684,7.48569763,272.67,18.57,-0.98,22.11,1,-108.00,-12.00,-10.00,2.00,23.00,22.00,13415170,315
224.00,1551677611,3103.05,51.44405710,7.48579136,272.62,17.88,-0.69,21.74,1,-108.00,-12.00,-10.00,2.00,23.00,22.00,13415170,315
225.00,1551677612,3120.89,51.44420415,7.48588551,272.51,17.15,-0.73,22.20,1,-107.00,-11.00,4.00,2.00,24.00,22.00,13415170,315
226.00,1551677613,3138.06,51.44434156,7.48598508,272.15,16.59,-0.56,24.40,1,-107.00,-11.00,4.00,2.00,24.00,22.00,13415170,315
227.01,1551677614,3154.73,51.44447953,7.48610260,271.27,15.91,-0.68,28.01,1,-107.00,-11.00,-1.00,2.00,24.00,22.00,13415170,315
228.00,1551677615,3170.56,51.44458911,7.48626690,270.69,15.33,-0.58,44.43,1,-107.00,-11.00,-1.00,2.00,24.00,22.00,13415170,315
229.00,1551677616,3185.88,51.44468887,7.48643118,269.80,14.82,-0.51,46.47,1,-107.00,-11.00,-1.00,2.00,24.00,22.00,13415170,315
230.01,1551677617,3200.74,51.44471942,7.48662727,268.76,14.16,-0.66,76.38,1,-109.00,-11.00,-4.00,2.00,23.00,22.00,13415170,315
231.01,1551677618,3214.90,51.44471976,7.48682181,267.91,14.44,0.28,91.34,1,-109.00,-11.00,-4.00,2.00,23.00,22.00,13415170,315
232.01,1551677619,3229.40,51.44469049,7.48701703,267.08,14.40,-0.04,106.82,1,-114.00,-14.00,-8.00,2.00,19.00,22.00,13415170,315
233.01,1551677620,3243.79,51.44463148,7.48719468,266.31,14.14,-0.26,121.74,1,-114.00,-14.00,-8.00,2.00,19.00,22.00,13415170,315
234.00,1551677621,3257.87,51.44455298,7.48737157,265.77,14.28,0.14,125.54,1,-116.00,-15.00,-5.00,2.00,19.00,22.00,13417219,440
235.01,1551677622,3272.22,51.44445804,7.48750074,265.04,12.76,-1.51,138.42,1,-116.00,-15.00,-5.00,2.00,19.00,22.00,13417219,440
236.01,1551677623,3284.93,51.44434115,7.48757484,264.17,13.10,0.34,156.00,1,-115.00,-15.00,-9.00,2.00,20.00,22.00,13417219,440
237.00,1551677624,3298.00,51.44420010,7.48756448,263.68,13.90,0.81,185.15,1,-115.00,-15.00,-9.00,2.00,20.00,22.00,13417219,440
238.01,1551677625,3311.93,51.44408526,7.48749100,263.02,14.12,0.21,200.49,1,-116.00,-18.00,-10.00,2.00,22.00,22.00,13417219,440
239.01,1551677626,3326.08,51.44397944,7.48737158,262.35,14.54,0.42,215.53,1,-116.00,-18.00,-10.00,2.00,22.00,22.00,13417219,440
240.01,1551677627,3340.62,51.44389094,7.48721588,261.98,14.66,0.12,231.26,1,-115.00,-17.00,-10.00,2.00,21.00,22.00,13417219,440
241.00,1551677628,3355.22,51.44382540,7.48702876,262.03,15.23,0.58,245.48,1,-115.00,-17.00,-10.00,2.00,21.00,22.00,13417219,440
242.01,1551677629,3370.49,51.44379485,7.48682745,262.19,15.50,0.27,262.76,1,-115.00,-16.00,-9.00,2.00,21.00,22.00,13417219,440
243.01,1551677630,3386.04,51.44377376,7.48660083,262.29,16.31,0.80,265.01,1,-115.00,-16.00,-9.00,2.00,21.00,22.00,13417219,440
244.00,1551677631,3402.26,51.44376012,7.48636203,262.31,16.96,0.66,266.66,1,-117.00,-14.00,-8.00,4.00,19.00,22.00,13417219,440
245.01,1551677632,3419.29,51.44374923,7.48610387,262.53,18.09,1.12,267.05,1,-117.00,-14.00,-8.00,4.00,19.00,22.00,13417219,440
246.01,1551677633,3437.38,51.44374137,7.48583943,262.80,18.89,0.80,266.93,1,-118.00,-17.00,-11.00,2.00,19.00,22.00,13417219,440
247.01,1551677634,3456.29,51.44373090,7.48554002,263.30,20.53,1.64,266.34,1,-118.00,-17.00,-11.00,2.00,19.00,22.00,13417219,440
248.00,1551677635,3476.67,51.44369224,7.48494481,264.26,23.49,2.98,263.59,1,-113.00,-11.00,-11.00,6.00,16.00,67.00,13177857,26
249.00,1551677636,3500.18,51.44369224,7.48494481,264.26,23.49,0.00,263.59,1,-113.00,-11.00,-11.00,6.00,16.00,67.00,13177857,26
250.01,1551677637,3523.84,51.44368899,7.48463513,264.19,22.32,-1.16,269.29,1,-107.00,-15.00,-4.00,3.00,25.00,21.00,13415426,265
251.00,1551677638,3546.03,51.44368264,7.48430474,264.01,23.67,1.36,267.32,1,-107.00,-15.00,-4.00,3.00,25.00,21.00,13415426,265
252.00,1551677639,3569.72,51.44367335,7.48396509,263.75,24.14,0.47,267.37,1,-107.00,-15.00,-4.00,3.00,25.00,21.00,13415426,265
253.01,1551677640,3593.96,51.44366324,7.48361193,263.23,24.83,0.68,268.22,1,-109.00,-16.00,-8.00,4.00,25.00,21.00,13415426,265
254.01,1551677641,3618.79,51.44365352,7.48325364,262.80,24.85,0.02,267.71,1,-109.00,-16.00,-8.00,4.00,25.00,21.00,13415426,265
255.01,1551677642,3643.64,51.44364346,7.48290065,262.37,24.64,-0.20,267.47,1,-109.00,-13.00,-5.00,5.00,22.00,21.00,13415426,265
256.01,1551677643,3668.31,51.44363380,7.48254296,261.85,24.95,0.30,267.63,1,-109.00,-13.00,-5.00,5.00,22.00,21.00,13415426,265
257.01,1551677644,3693.23,51.44361185,7.48180505,260.80,26.01,1.06,266.73,1,-110.00,-13.00,-3.00,5.00,21.00,21.00,13415426,265
258.01,1551677645,3719.21,51.44361185,7.48180505,260.80,26.01,0.00,266.73,1,-110.00,-13.00,-3.00,5.00,21.00,21.00,13415426,265
259.01,1551677646,3745.24,51.44358113,7.48104410,259.79,26.45,0.44,266.26,1,-110.00,-14.00,-2.00,6.00,22.00,21.00,13415426,265
260.01,1551677647,3771.61,51.44358113,7.48104410,259.79,26.45,0.00,266.26,1,-110.00,-14.00,-2.00,6.00,22.00,21.00,13415426,265
261.00,1551677648,3798.00,51.44355927,7.48066240,259.19,25.96,-0.49,265.25,1,-112.00,-15.00,-3.00,4.00,21.00,21.00,13415426,265
262.00,1551677649,3823.97,51.44353785,7.48028895,258.47,25.44,-0.52,264.27,1,-112.00,-15.00,-3.00,4.00,21.00,21.00,13415426,265
263.00,1551677650,3849.38,51.44351038,7.47992232,257.74,25.20,-0.24,262.96,1,-106.00,-11.00,7.00,8.00,25.00,21.00,13415426,265
264.00,1551677651,3874.61,51.44348209,7.47955774,257.04,25.15,-0.05,262.65,1,-106.00,-11.00,7.00,8.00,25.00,21.00,13415426,265
265.00,1551677652,3899.79,51.44345346,7.47919155,256.40,25.50,0.34,262.85,1,-104.00,-9.00,2.00,9.00,25.00,21.00,13415426,265
266.01,1551677653,3925.31,51.44343545,7.47882066,256.02,25.63,0.13,262.99,1,-104.00,-9.00,2.00,9.00,25.00,21.00,13415426,265
267.01,1551677654,3950.95,51.44341569,7.47845263,255.72,25.80,0.17,263.09,1,-103.00,-10.00,2.00,8.00,27.00,21.00,13415426,265
268.01,1551677655,3976.98,51.44339417,7.47808306,255.41,25.97,0.17,263.07,1,-103.00,-10.00,2.00,8.00,27.00,21.00,13415426,265
269.01,1551677656,4002.72,51.44337031,7.47770732,255.08,26.39,0.43,262.56,1,-102.00,-10.00,8.00,7.00,29.00,21.00,13415426,265
270.00,1551677657,4029.01,51.44334628,7.47733250,254.87,26.86,0.47,262.21,1,-102.00,-10.00,8.00,7.00,29.00,21.00,13415426,265
271.01,1551677658,4056.03,51.44332004,7.47694906,254.68,27.26,0.40,262.04,1,-102.00,-9.00,1.00,8.00,28.00,21.00,13415426,265
272.00,1551677659,4083.13,51.44328572,7.47655478,254.45,27.66,0.40,261.53,1,-102.00,-9.00,1.00,8.00,28.00,21.00,13415426,265
273.00,1551677660,4110.82,51.44325019,7.47615862,254.20,27.85,0.19,261.03,1,-102.00,-9.00,1.00,8.00,28.00,21.00,13415426,265
274.00,1551677661,4138.67,51.44316957,7.47536972,253.49,27.98,0.13,259.74,1,-101.00,-9.00,7.00,2.00,36.00,21.00,13415426,265
275.00,1551677662,4166.68,51.44316957,7.47536972,253.49,27.98,0.00,259.74,1,-101.00,-9.00,7.00,2.00,36.00,21.00,13415426,265
276.01,1551677663,4194.77,51.44312762,7.47497290,253.08,27.94,-0.04,259.47,1,-106.00,-11.00,0.00,2.00,25.00,21.00,13415426,265
277.01,1551677664,4222.74,51.44307595,7.47456878,252.84,28.33,0.39,258.47,1,-106.00,-11.00,0.00,2.00,25.00,21.00,13415426,265
278.01,1551677665,4251.09,51.44302333,7.47416517,252.64,28.16,-0.17,257.83,1,-106.00,-11.00,5.00,2.00,25.00,21.00,13415426,265
279.01,1551677666,4279.19,51.44297074,7.47376579,252.44,27.88,-0.27,257.99,1,-106.00,-11.00,5.00,2.00,25.00,21.00,13415426,265
280.00,1551677667,4306.96,51.44291862,7.47337073,252.18,28.07,0.19,258.01,1,-104.00,-9.00,9.00,2.00,25.00,21.00,13415426,265
281.00,1551677668,4335.04,51.44285987,7.47296991,251.89,28.47,0.39,257.07,1,-104.00,-9.00,9.00,2.00,25.00,21.00,13415426,265
282.00,1551677669,4363.50,51.44280292,7.47257596,251.53,28.51,0.05,256.93,1,-103.00,-8.00,1.00,2.00,26.00,21.00,13415426,265
283.00,1551677670,4391.99,51.44274501,7.47217354,251.06,28.66,0.14,257.60,1,-103.00,-8.00,1.00,2.00,26.00,21.00,13415426,265
284.00,1551677671,4420.67,51.44268889,7.47177204,250.51,28.84,0.18,257.86,1,-103.00,-10.00,12.00,2.00,26.00,21.00,13415426,265
285.00,1551677672,4449.51,51.44263665,7.47136503,249.78,28.82,-0.01,258.18,1,-103.00,-10.00,12.00,2.00,26.00,21.00,13415426,265
286.01,1551677673,4478.45,51.44258159,7.47094755,249.15,29.14,0.31,258.38,1,-104.00,-11.00,7.00,2.00,27.00,21.00,13415426,265
287.01,1551677674,4507.52,51.44252487,7.47052504,248.72,29.31,0.18,258.44,1,-104.00,-11.00,7.00,2.00,27.00,21.00,13415426,265
288.01,1551677675,4536.84,51.44247063,7.47010772,248.15,29.47,0.15,257.99,1,-105.00,-10.00,11.00,2.00,25.00,21.00,13415426,265
289.01,1551677676,4566.30,51.44241673,7.46968711,247.49,30.16,0.69,258.02,1,-105.00,-10.00,11.00,2.00,25.00,21.00,13415426,265
290.00,1551677677,4596.43,51.44235788,7.46926314,246.51,30.44,0.28,257.73,1,-105.00,-11.00,10.00,7.00,26.00,12.00,13415426,265
291.01,1551677678,4626.90,51.44229738,7.46883418,245.26,31.03,0.59,258.22,1,-105.00,-11.00,10.00,7.00,26.00,12.00,13415426,265
292.01,1551677679,4658.15,51.44223528,7.46838820,243.97,31.60,0.57,258.24,1,-107.00,-12.00,7.00,6.00,25.00,12.00,13415426,265
293.00,1551677680,4689.47,51.44217491,7.46794386,242.53,32.17,0.57,258.31,1,-107.00,-12.00,7.00,6.00,25.00,12.00,13415426,265
294.00,1551677681,4721.58,51.44211471,7.46748333,241.14,32.65,0.48,258.72,1,-107.00,-12.00,7.00,6.00,25.00,12.00,13415426,265
295.00,1551677682,4754.26,51.44205554,7.46702011,239.75,33.12,0.47,259.01,1,-111.00,-11.00,-2.00,7.00,19.00,12.00,13415426,265
296.00,1551677683,4787.38,51.44200092,7.46654770,238.37,33.55,0.43,259.32,1,-111.00,-11.00,-2.00,7.00,19.00,12.00,13415426,265
297.00,1551677684,4820.93,51.44194643,7.46606671,237.05,33.86,0.32,259.77,1,-110.00,-11.00,0.00,7.00,21.00,12.00,13415426,265
298.01,1551677685,4854.93,51.44189726,7.46558880,235.97,33.74,-0.13,260.97,1,-110.00,-11.00,0.00,7.00,21.00,12.00,13415426,265
299.01,1551677686,4888.66,51.44185167,7.46510405,234.82,33.28,-0.45,261.20,1,-109.00,-11.00,-3.00,7.00,22.00,12.00,13415426,265
300.01,1551677687,4921.95,51.44181002,7.46464074,233.83,32.78,-0.50,261.62,1,-109.00,-11.00,-3.00,7.00,22.00,12.00,13415426,265
301.00,1551677688,4954.67,51.44177399,7.46417646,232.85,32.80,0.02,262.25,1,-113.00,-13.00,-2.00,6.00,20.00,12.00,13415426,265
302.01,1551677689,4987.50,51.44173858,7.46370279,231.91,32.92,0.12,262.67,1,-113.00,-13.00,-2.00,6.00,20.00,12.00,13415426,265
303.00,1551677690,5020.32,51.44170967,7.46323156,230.87,33.24,0.32,263.59,1,-108.00,-10.00,5.00,6.00,21.00,14.00,13415427,264
304.00,1551677691,5053.53,51.44168083,7.46274994,229.96,33.55,0.31,264.14,1,-108.00,-10.00,5.00,6.00,21.00,14.00,13415427,264
305.00,1551677692,5087.12,51.44165877,7.46227305,228.90,33.99,0.43,264.87,1,-101.00,-8.00,19.00,12.00,27.00,14.00,13415427,264
306.00,1551677693,5121.10,51.44163522,7.46178373,227.85,34.46,0.47,265.39,1,-101.00,-8.00,19.00,12.00,27.00,14.00,13415427,264
307.00,1551677694,5155.60,51.44159701,7.46079215,226.55,35.35,0.89,266.22,1,-101.00,-7.00,10.00,2.00,27.00,14.00,13415427,264
308.00,1551677695,5190.91,51.44159701,7.46079215,226.55,35.35,0.00,266.22,1,-101.00,-7.00,10.00,2.00,27.00,14.00,13415427,264
309.00,1551677696,5226.32,51.44157058,7.45978402,225.74,35.18,-0.16,267.45,1,-101.00,-8.00,8.00,2.00,27.00,14.00,13415427,264
310.00,1551677697,5261.44,51.44156107,7.45927982,225.43,35.18,-0.01,268.05,1,-101.00,-8.00,8.00,2.00,27.00,14.00,13415427,264
311.00,1551677698,5296.61,51.44155187,7.45877254,225.20,35.09,-0.09,268.43,1,-97.00,-7.00,10.00,10.00,30.00,13.00,13415427,264
312.00,1551677699,5331.77,51.44155187,7.45877254,225.20,35.09,0.00,268.43,1,-97.00,-7.00,10.00,10.00,30.00,13.00,13415427,264
313.01,1551677700,5367.06,51.44154599,7.45827157,225.01,34.87,-0.21,268.48,1,-99.00,-8.00,11.00,10.00,29.00,13.00,13415427,264
314.00,1551677701,5401.66,51.44154308,7.45726483,224.50,35.07,0.20,269.85,1,-99.00,-8.00,11.00,10.00,29.00,13.00,13415427,264
315.00,1551677702,5436.69,51.44154469,7.45676192,224.24,35.13,0.06,270.05,1,-99.00,-8.00,11.00,10.00,29.00,13.00,13415427,264
316.00,1551677703,5471.82,51.44154469,7.45676192,224.24,35.13,0.00,270.05,1,-104.00,-7.00,7.00,8.00,23.00,13.00,13415427,264
317.00,1551677704,5506.94,51.44154524,7.45625404,224.02,35.25,0.12,270.49,1,-104.00,-7.00,7.00,8.00,23.00,13.00,13415427,264
318.01,1551677705,5542.34,51.44155148,7.45575506,223.90,34.45,-0.80,271.01,1,-103.00,-8.00,12.00,12.00,24.00,13.00,13415427,264
319.00,1551677706,5576.68,51.44155612,7.45526907,224.18,34.29,-0.16,271.33,1,-103.00,-8.00,12.00,12.00,24.00,13.00,13415427,264
320.00,1551677707,5611.04,51.44156979,7.45478899,224.51,34.29,0.00,272.32,1,-98.00,-6.00,10.00,8.00,28.00,13.00,13415427,264
321.00,1551677708,5645.33,51.44159347,7.45430092,224.84,33.93,-0.37,273.84,1,-98.00,-6.00,10.00,8.00,28.00,13.00,13415427,264
322.01,1551677709,5679.29,51.44161443,7.45382248,225.09,33.93,0.01,273.91,1,-96.00,-7.00,13.00,12.00,31.00,13.00,13415427,264
323.00,1551677710,5713.16,51.44163523,7.45333738,225.20,33.94,0.00,274.28,1,-96.00,-7.00,13.00,12.00,31.00,13.00,13415427,264
324.01,1551677711,5747.17,51.44166797,7.45284927,225.33,34.10,0.16,275.63,1,-103.00,-8.00,2.00,11.00,25.00,13.00,13415427,264
325.01,1551677712,5781.27,51.44170232,7.45235633,225.47,34.37,0.27,275.82,1,-103.00,-8.00,2.00,11.00,25.00,13.00,13415427,264
326.01,1551677713,5815.63,51.44173568,7.45187130,225.63,34.57,0.20,276.27,1,-106.00,-10.00,3.00,8.00,23.00,13.00,13415427,264
327.00,1551677714,5850.06,51.44177085,7.45137860,225.64,34.73,0.16,276.56,1,-106.00,-10.00,3.00,8.00,23.00,13.00,13415427,264
328.00,1551677715,5884.83,51.44181197,7.45088051,225.43,34.37,-0.36,277.29,1,-104.00,-7.00,7.00,2.00,31.00,13.00,13415427,264
329.00,1551677716,5919.19,51.44185090,7.45039401,225.07,33.80,-0.56,277.79,1,-104.00,-7.00,7.00,2.00,31.00,13.00,13415427,264
330.00,1551677717,5952.96,51.44189014,7.44990931,224.57,33.63,-0.18,277.99,1,-105.00,-7.00,13.00,2.00,22.00,13.00,13415427,264
331.00,1551677718,5986.62,51.44192877,7.44942999,224.08,33.27,-0.36,278.26,1,-105.00,-7.00,13.00,2.00,22.00,13.00,13415427,264
332.00,1551677719,6019.86,51.44197208,7.44895101,223.75,32.80,-0.47,278.70,1,-104.00,-7.00,9.00,2.00,23.00,13.00,13415427,264
333.00,1551677720,6052.65,51.44201639,7.44848010,223.83,32.57,-0.23,279.14,1,-104.00,-7.00,9.00,2.00,23.00,13.00,13415427,264
334.01,1551677721,6085.45,51.44206755,7.44801046,224.20,32.62,0.06,279.99,1,-102.00,-7.00,11.00,2.00,23.00,13.00,13415427,264
335.01,1551677722,6117.97,51.44211997,7.44754170,224.64,32.78,0.15,280.73,1,-102.00,-7.00,11.00,2.00,23.00,13.00,13415427,264
336.00,1551677723,6150.69,51.44217926,7.44707392,224.84,32.83,0.05,281.67,1,-102.00,-7.00,11.00,2.00,23.00,13.00,13415427,264
337.00,1551677724,6183.54,51.44224017,7.44661187,225.03,33.05,0.22,282.45,1,-101.00,-7.00,5.00,2.00,24.00,13.00,13415427,264
338.00,1551677725,6216.56,51.44230223,7.44614393,225.14,33.43,0.39,282.24,1,-101.00,-7.00,5.00,2.00,24.00,13.00,13415427,264
339.01,1551677726,6250.05,51.44236355,7.44566745,225.18,33.72,0.29,282.37,1,-100.00,-7.00,10.00,2.00,25.00,13.00,13415427,264
340.01,1551677727,6283.77,51.44243494,7.44518891,225.19,34.10,0.38,283.12,1,-100.00,-7.00,10.00,2.00,25.00,13.00,13415427,264
341.01,1551677728,6317.91,51.44250820,7.44470801,225.15,34.49,0.39,283.32,1,-105.00,-9.00,9.00,2.00,24.00,13.00,13415427,264
342.00,1551677729,6352.26,51.44258252,7.44422639,225.13,34.88,0.39,283.81,1,-105.00,-9.00,9.00,2.00,24.00,13.00,13415427,264
343.00,1551677730,6387.14,51.44266195,7.44374835,225.02,34.51,-0.37,284.29,1,-106.00,-10.00,-2.00,2.00,23.00,13.00,13415427,264
344.00,1551677731,6421.69,51.44274004,7.44326914,224.80,34.13,-0.38,284.79,1,-106.00,-10.00,-2.00,2.00,23.00,13.00,13415427,264
345.00,1551677732,6455.82,51.44282202,7.44279633,224.45,34.02,-0.11,285.51,1,-107.00,-10.00,4.00,2.00,23.00,13.00,13415427,264
346.00,1551677733,6489.81,51.44290597,7.44232311,224.07,34.14,0.12,285.81,1,-107.00,-10.00,4.00,2.00,23.00,13.00,13415427,264
347.00,1551677734,6523.99,51.44299057,7.44184488,223.51,34.38,0.24,286.26,1,-108.00,-12.00,-6.00,2.00,23.00,13.00,13415427,264
348.01,1551677735,6558.44,51.44308269,7.44137256,223.06,34.42,0.03,286.93,1,-108.00,-12.00,-6.00,2.00,23.00,13.00,13415427,264
349.01,1551677736,6592.89,51.44317409,7.44090235,222.54,34.07,-0.35,287.40,1,-109.00,-12.00,-8.00,2.00,22.00,13.00,13415427,264
350.01,1551677737,6626.99,51.44326425,7.44043841,222.08,33.66,-0.41,287.54,1,-109.00,-12.00,-8.00,2.00,22.00,13.00,13415427,264
351.00,1551677738,6660.49,51.44345548,7.43952030,220.86,33.64,-0.02,288.35,1,-110.00,-13.00,-7.00,2.00,22.00,13.00,13415427,264
352.01,1551677739,6694.26,51.44345548,7.43952030,220.86,33.64,0.00,288.35,1,-110.00,-13.00,-7.00,2.00,22.00,13.00,13415427,264
353.01,1551677740,6727.97,51.44355225,7.43905742,220.15,33.73,0.09,288.96,1,-110.00,-13.00,-6.00,2.00,22.00,13.00,13415427,264
354.01,1551677741,6761.66,51.44365562,7.43859476,219.40,34.03,0.30,289.36,1,-110.00,-13.00,-6.00,2.00,22.00,13.00,13415427,264
355.01,1551677742,6795.89,51.44376038,7.43812858,218.56,34.38,0.36,290.32,1,-110.00,-13.00,-6.00,2.00,23.00,13.00,13415427,264
356.00,1551677743,6829.97,51.44387476,7.43766083,217.64,34.86,0.48,290.80,1,-110.00,-13.00,-6.00,2.00,23.00,13.00,13415427,264
357.01,1551677744,6864.94,51.44399032,7.43718710,216.63,35.41,0.54,291.34,1,-110.00,-13.00,-6.00,2.00,23.00,13.00,13415427,264
358.01,1551677745,6900.35,51.44410659,7.43670877,215.62,35.74,0.33,291.79,1,-109.00,-11.00,1.00,2.00,22.00,13.00,13415427,264
359.01,1551677746,6936.05,51.44422860,7.43624201,214.78,35.54,-0.20,292.10,1,-109.00,-11.00,1.00,2.00,22.00,13.00,13415427,264
360.01,1551677747,6971.62,51.44434748,7.43577818,214.54,35.25,-0.29,292.08,1,-107.00,-10.00,4.00,2.00,23.00,13.00,13415427,264
361.00,1551677748,7006.74,51.44447115,7.43532315,214.56,35.33,0.07,293.78,1,-107.00,-10.00,4.00,2.00,23.00,13.00,13415427,264
362.01,1551677749,7042.17,51.44460142,7.43485017,214.63,35.53,0.20,294.42,1,-106.00,-9.00,3.00,2.00,23.00,13.00,13415427,264
363.00,1551677750,7077.55,51.44488265,7.43392712,214.77,35.08,-0.45,296.82,1,-106.00,-9.00,3.00,2.00,23.00,13.00,13415427,264
364.01,1551677751,7112.74,51.44488265,7.43392712,214.77,35.08,0.00,296.82,1,-110.00,-10.00,-5.00,6.00,20.00,29.00,13415427,264
365.01,1551677752,7147.86,51.44502526,7.43347634,214.58,34.70,-0.39,297.48,1,-110.00,-10.00,-5.00,6.00,20.00,29.00,13415427,264
366.01,1551677753,7182.56,51.44517561,7.43303164,213.82,34.99,0.29,299.15,1,-104.00,-12.00,-3.00,8.00,26.00,34.00,13395457,111
367.01,1551677754,7217.55,51.44533328,7.43259294,212.57,35.20,0.21,300.50,1,-104.00,-12.00,-3.00,8.00,26.00,34.00,13395457,111
368.01,1551677755,7252.75,51.44550060,7.43215962,211.19,35.29,0.09,301.82,1,-106.00,-10.00,0.00,8.00,23.00,34.00,13395457,111
369.01,1551677756,7288.08,51.44567255,7.43173796,209.79,35.29,-0.00,303.21,1,-106.00,-10.00,0.00,8.00,23.00,34.00,13395457,111
370.01,1551677757,7323.40,51.44585301,7.43131777,208.34,35.41,0.13,304.59,1,-101.00,-9.00,2.00,9.00,28.00,34.00,13395457,111
371.01,1551677758,7358.74,51.44603884,7.43089426,206.90,35.52,0.11,305.45,1,-101.00,-9.00,2.00,9.00,28.00,34.00,13395457,111
372.01,1551677759,7394.26,51.44624207,7.43048044,205.85,35.64,0.11,308.29,1,-104.00,-8.00,4.00,11.00,23.00,34.00,13395457,111
373.00,1551677760,7429.76,51.44665066,7.42968474,204.29,34.79,-0.85,310.89,1,-104.00,-8.00,4.00,11.00,23.00,34.00,13395457,111
374.00,1551677761,7464.62,51.44665066,7.42968474,204.29,34.79,0.00,310.89,1,-94.00,-6.00,7.00,10.00,33.00,34.00,13395457,111
375.01,1551677762,7499.44,51.44685274,7.42930806,203.44,34.74,-0.05,311.44,1,-94.00,-6.00,7.00,10.00,33.00,34.00,13395457,111
376.01,1551677763,7534.29,51.44729347,7.42859579,201.08,34.97,0.23,315.69,1,-91.00,-7.00,14.00,11.00,38.00,34.00,13395457,111
377.00,1551677764,7569.02,51.44729347,7.42859579,201.08,34.97,0.00,315.69,1,-91.00,-7.00,14.00,11.00,38.00,34.00,13395457,111
378.00,1551677765,7604.06,51.44752173,7.42826042,199.58,35.36,0.39,317.48,1,-91.00,-7.00,14.00,11.00,38.00,34.00,13395457,111
379.01,1551677766,7639.53,51.44775252,7.42793377,197.78,35.08,-0.28,319.00,1,-93.00,-7.00,14.00,12.00,36.00,34.00,13395457,111
380.00,1551677767,7674.47,51.44798671,7.42761541,196.02,34.76,-0.32,320.39,1,-93.00,-7.00,14.00,12.00,36.00,34.00,13395457,111
381.00,1551677768,7709.24,51.44822866,7.42730012,193.97,34.30,-0.46,321.39,1,-96.00,-7.00,10.00,15.00,32.00,34.00,13395457,111
382.00,1551677769,7743.60,51.44847359,7.42699734,191.88,34.30,-0.00,322.79,1,-96.00,-7.00,10.00,15.00,32.00,34.00,13395457,111
383.01,1551677770,7777.93,51.44872282,7.42670808,189.79,34.00,-0.30,324.30,1,-95.00,-6.00,14.00,10.00,32.00,34.00,13395457,111
384.00,1551677771,7811.90,51.44897258,7.42642736,187.77,34.03,0.03,325.47,1,-95.00,-6.00,14.00,10.00,32.00,34.00,13395457,111
385.01,1551677772,7845.96,51.44923216,7.42615578,185.99,34.06,0.03,326.93,1,-95.00,-7.00,12.00,15.00,32.00,34.00,13395457,111
386.00,1551677773,7879.96,51.44949702,7.42589558,184.34,34.12,0.06,328.39,1,-95.00,-7.00,12.00,15.00,32.00,34.00,13395457,111
387.00,1551677774,7914.08,51.44976587,7.42564478,182.96,34.03,-0.09,329.95,1,-95.00,-7.00,13.00,11.00,31.00,34.00,13395457,111
388.00,1551677775,7948.04,51.45004227,7.42540570,182.12,33.63,-0.40,332.15,1,-95.00,-7.00,13.00,11.00,31.00,34.00,13395457,111
389.00,1551677776,7981.71,51.45030891,7.42517838,181.29,33.69,0.06,332.79,1,-96.00,-8.00,9.00,15.00,31.00,34.00,13395457,111
390.00,1551677777,8015.37,51.45057302,7.42496945,180.68,33.71,0.01,333.91,1,-96.00,-8.00,9.00,15.00,31.00,34.00,13395457,111
391.00,1551677778,8049.11,51.45084888,7.42476762,180.14,33.73,0.03,335.41,1,-96.00,-7.00,10.00,7.00,31.00,34.00,13395457,111
392.00,1551677779,8082.84,51.45112792,7.42457770,179.57,34.22,0.49,337.20,1,-96.00,-7.00,10.00,7.00,31.00,34.00,13395457,111
393.00,1551677780,8117.10,51.45141986,7.42439359,179.03,34.66,0.44,338.58,1,-96.00,-8.00,3.00,7.00,33.00,34.00,13395457,111
394.00,1551677781,8151.75,51.45172491,7.42421686,177.98,35.33,0.67,340.11,1,-96.00,-8.00,3.00,7.00,33.00,34.00,13395457,111
395.00,1551677782,8186.97,51.45233900,7.42387897,175.45,36.06,0.73,341.74,1,-95.00,-11.00,0.00,2.00,44.00,34.00,13395457,111
396.00,1551677783,8223.10,51.45264142,7.42372357,173.96,35.57,-0.48,342.27,1,-95.00,-11.00,0.00,2.00,44.00,34.00,13395457,111
397.01,1551677784,8259.07,51.45264142,7.42372357,173.96,35.57,0.00,342.27,1,-98.00,-17.00,-2.00,4.00,39.00,20.00,13395457,111
398.01,1551677785,8294.43,51.45295131,7.42357545,172.55,35.72,0.15,343.31,1,-98.00,-17.00,-2.00,4.00,39.00,20.00,13395457,111
399.01,1551677786,8330.08,51.45326202,7.42342827,171.00,35.78,0.06,343.26,1,-98.00,-17.00,-2.00,4.00,39.00,20.00,13395457,111
400.01,1551677787,8365.90,51.45356573,7.42328907,169.20,35.38,-0.41,344.07,1,-94.00,-10.00,-4.00,7.00,37.00,20.00,13395457,111
401.01,1551677788,8401.32,51.45386911,7.42314757,167.62,35.16,-0.22,343.89,1,-94.00,-10.00,-4.00,7.00,37.00,20.00,13395457,111
402.01,1551677789,8436.40,51.45416933,7.42300524,166.46,35.19,0.03,343.94,1,-94.00,-9.00,5.00,11.00,36.00,20.00,13395457,111
403.00,1551677790,8471.48,51.45447428,7.42286485,165.33,35.24,0.06,343.80,1,-94.00,-9.00,5.00,11.00,36.00,20.00,13395457,111
404.00,1551677791,8506.73,51.45478116,7.42272375,164.26,35.34,0.09,343.30,1,-95.00,-10.00,-1.00,8.00,33.00,20.00,13395457,111
405.00,1551677792,8542.06,51.45508403,7.42258121,163.03,35.54,0.21,343.16,1,-95.00,-10.00,-1.00,8.00,33.00,20.00,13395457,111
406.00,1551677793,8577.64,51.45538720,7.42243931,161.61,36.02,0.48,342.74,1,-95.00,-16.00,-3.00,4.00,41.00,20.00,13395457,111
407.00,1551677794,8613.63,51.45568681,7.42228333,160.09,36.28,0.26,342.10,1,-95.00,-16.00,-3.00,4.00,41.00,20.00,13395457,111
408.00,1551677795,8649.98,51.45599409,7.42212095,158.93,36.73,0.44,341.24,1,-93.00,-14.00,-5.00,6.00,40.00,20.00,13395457,111
409.01,1551677796,8686.89,51.45630059,7.42194374,157.99,36.77,0.04,340.34,1,-93.00,-14.00,-5.00,6.00,40.00,20.00,13395457,111
410.01,1551677797,8723.62,51.45661877,7.42176211,157.30,37.10,0.33,339.41,1,-90.00,-13.00,4.00,2.00,52.00,16.00,13523459,175
411.01,1551677798,8760.65,51.45692230,7.42156154,156.95,36.27,-0.83,337.60,1,-90.00,-13.00,4.00,2.00,52.00,16.00,13523459,175
412.01,1551677799,8796.98,51.45722263,7.42136225,156.82,35.73,-0.53,336.61,1,-102.00,-9.00,1.00,2.00,27.00,16.00,13177357,447
413.01,1551677800,8832.75,51.45751409,7.42115445,156.86,35.19,-0.54,336.01,1,-102.00,-9.00,1.00,2.00,27.00,16.00,13177357,447
414.01,1551677801,8867.91,51.45778813,7.42095223,156.52,33.91,-1.29,334.94,1,-100.00,-6.00,21.00,2.00,26.00,16.00,13395469,221
415.01,1551677802,8901.75,51.45804995,7.42074648,156.19,32.53,-1.38,333.77,1,-100.00,-6.00,21.00,2.00,26.00,16.00,13395469,221
416.00,1551677803,8934.21,51.45830800,7.42054442,156.07,30.88,-1.65,333.10,1,-99.00,-6.00,13.00,2.00,26.00,16.00,13395469,221
417.00,1551677804,8965.06,51.45854593,7.42034100,155.79,30.32,-0.56,332.52,1,-99.00,-6.00,13.00,2.00,26.00,16.00,13395469,221
418.01,1551677805,8995.53,51.45878291,7.42013481,155.60,29.89,-0.42,331.38,1,-97.00,-6.00,7.00,2.00,29.00,16.00,13395469,221
419.01,1551677806,9025.39,51.45901223,7.41992707,155.57,29.34,-0.55,330.20,1,-97.00,-6.00,7.00,2.00,29.00,16.00,13395469,221
420.00,1551677807,9054.61,51.45923677,7.41972277,155.39,29.42,0.08,329.54,1,-97.00,-6.00,7.00,2.00,29.00,16.00,13395469,221
421.00,1551677808,9083.97,51.45970248,7.41926864,155.26,31.00,1.58,327.89,1,-96.00,-6.00,19.00,2.00,30.00,16.00,13395469,221
422.00,1551677809,9114.97,51.45993730,7.41902358,155.09,31.69,0.69,326.81,1,-96.00,-6.00,19.00,2.00,30.00,16.00,13395469,221
423.00,1551677810,9146.76,51.45993730,7.41902358,155.09,31.69,0.00,326.81,1,-91.00,-6.00,18.00,2.00,35.00,16.00,13395469,221
424.01,1551677811,9178.48,51.46018380,7.41877017,154.88,32.23,0.53,325.88,1,-91.00,-6.00,18.00,2.00,35.00,16.00,13395469,221
425.00,1551677812,9210.64,51.46042866,7.41849461,154.70,33.23,1.01,324.74,1,-96.00,-7.00,25.00,2.00,31.00,16.00,13395469,221
426.00,1551677813,9243.91,51.46067662,7.41821416,154.64,33.91,0.68,323.94,1,-96.00,-7.00,25.00,2.00,31.00,16.00,13395469,221
427.00,1551677814,9277.82,51.46092082,7.41791848,154.60,34.46,0.55,323.03,1,-96.00,-7.00,20.00,2.00,30.00,16.00,13395469,221
428.00,1551677815,9312.21,51.46116915,7.41761675,154.69,34.90,0.45,322.06,1,-96.00,-7.00,20.00,2.00,30.00,16.00,13395469,221
429.00,1551677816,9347.11,51.46141424,7.41730149,154.69,35.38,0.48,321.29,1,-95.00,-7.00,18.00,2.00,31.00,16.00,13395469,221
430.00,1551677817,9382.49,51.46165733,7.41697485,154.74,35.65,0.26,320.06,1,-95.00,-7.00,18.00,2.00,31.00,16.00,13395469,221
431.01,1551677818,9418.36,51.46190420,7.41664450,154.88,35.99,0.34,319.15,1,-92.00,-7.00,13.00,2.00,34.00,16.00,13395469,221
432.00,1551677819,9454.20,51.46216408,7.41628509,154.74,36.14,0.15,318.31,1,-92.00,-7.00,13.00,2.00,34.00,16.00,13395469,221
433.01,1551677820,9490.45,51.46240941,7.41592947,154.48,36.59,0.45,317.13,1,-96.00,-7.00,0.00,2.00,30.00,16.00,13395469,221
434.01,1551677821,9526.97,51.46264650,7.41556478,154.15,36.95,0.36,316.12,1,-96.00,-7.00,0.00,2.00,30.00,16.00,13395469,221
435.01,1551677822,9563.92,51.46287842,7.41519097,153.88,37.11,0.16,314.83,1,-100.00,-8.00,9.00,2.00,28.00,16.00,13395469,221
436.01,1551677823,9601.03,51.46311816,7.41481038,153.79,37.44,0.34,314.16,1,-100.00,-8.00,9.00,2.00,28.00,16.00,13395469,221
437.00,1551677824,9638.43,51.46334923,7.41442343,153.87,37.61,0.17,313.23,1,-108.00,-8.00,4.00,11.00,21.00,5.00,13395469,221
438.01,1551677825,9676.16,51.46357754,7.41402406,153.99,37.65,0.03,311.78,1,-108.00,-8.00,4.00,11.00,21.00,5.00,13395469,221
439.02,1551677826,9714.29,51.46379459,7.41361981,154.05,37.75,0.10,310.68,1,-101.00,-6.00,5.00,6.00,24.00,15.00,13532430,433
440.00,1551677827,9751.44,51.46401352,7.41320976,154.06,37.92,0.17,310.47,1,-101.00,-6.00,5.00,6.00,24.00,15.00,13532430,433
441.01,1551677828,9789.39,51.46423524,7.41279481,153.98,38.01,0.09,309.74,1,-101.00,-6.00,5.00,6.00,24.00,15.00,13532430,433
442.01,1551677829,9827.41,51.46444877,7.41236901,154.00,38.11,0.09,309.05,1,-107.00,-7.00,10.00,10.00,19.00,4.00,13395469,221
443.01,1551677830,9865.51,51.46467563,7.41192804,154.56,38.26,0.15,308.63,1,-107.00,-7.00,10.00,10.00,19.00,4.00,13395469,221
444.00,1551677831,9903.65,51.46511581,7.41106681,155.29,38.59,0.34,308.08,1,-110.00,-8.00,4.00,8.00,17.00,4.00,13395469,221
445.01,1551677832,9942.40,51.46511581,7.41106681,155.29,38.59,0.00,308.08,1,-110.00,-8.00,4.00,8.00,17.00,4.00,13395469,221
446.01,1551677833,9980.99,51.46533299,7.41063363,155.62,38.38,-0.21,308.10,1,-119.00,-13.00,1.00,5.00,14.00,4.00,13395469,221
447.00,1551677834,10019.22,51.46576145,7.40977451,156.26,38.11,-0.27,308.22,1,-119.00,-13.00,1.00,5.00,14.00,4.00,13395469,221
448.01,1551677835,10057.44,51.46576145,7.40977451,156.26,38.11,0.00,308.22,1,-108.00,-8.00,10.00,10.00,20.00,6.00,13395469,433
449.01,1551677836,10095.56,51.46596831,7.40934239,156.38,38.15,0.04,307.66,1,-108.00,-8.00,10.00,10.00,20.00,6.00,13395469,433
450.00,1551677837,10133.67,51.46617237,7.40890939,156.76,37.34,-0.81,307.87,1,-108.00,-8.00,-3.00,6.00,16.00,34.00,12973583,57
451.00,1551677838,10171.02,51.46637631,7.40849190,157.24,36.52,-0.82,308.69,1,-108.00,-8.00,-3.00,6.00,16.00,34.00,12973583,57
452.01,1551677839,10207.65,51.46657971,7.40808019,157.74,36.08,-0.44,308.90,1,-110.00,-10.00,-8.00,5.00,19.00,21.00,13532174,341
453.01,1551677840,10243.95,51.46677916,7.40767929,158.18,35.41,-0.67,308.90,1,-110.00,-10.00,-8.00,5.00,19.00,21.00,13532174,341
454.01,1551677841,10279.14,51.46697556,7.40728553,158.53,34.92,-0.49,308.93,1,-112.00,-9.00,-2.00,6.00,17.00,7.00,13395469,336
455.01,1551677842,10314.06,51.46717191,7.40689681,158.78,34.80,-0.12,309.22,1,-112.00,-9.00,-2.00,6.00,17.00,7.00,13395469,336
456.01,1551677843,10348.82,51.46736919,7.40651068,158.90,34.87,0.07,309.62,1,-111.00,-10.00,3.00,9.00,17.00,7.00,13395469,221
457.00,1551677844,10383.56,51.46757167,7.40612833,159.03,34.92,0.04,309.94,1,-111.00,-10.00,3.00,9.00,17.00,7.00,13395469,221
458.00,1551677845,10418.47,51.46777309,7.40574592,159.26,34.61,-0.31,310.69,1,-113.00,-12.00,0.00,7.00,18.00,15.00,13532430,221
459.00,1551677846,10453.05,51.46817847,7.40500668,159.77,34.18,-0.43,311.34,1,-113.00,-12.00,0.00,7.00,18.00,15.00,13532430,221
460.01,1551677847,10487.54,51.46817847,7.40500668,159.77,34.18,0.00,311.34,1,-114.00,-10.00,-1.00,5.00,15.00,9.00,13395469,221
461.00,1551677848,10521.52,51.46837541,7.40464356,159.90,34.10,-0.09,311.57,1,-114.00,-10.00,-1.00,5.00,15.00,9.00,13395469,221
462.01,1551677849,10555.65,51.46858421,7.40427368,160.08,34.53,0.44,312.22,1,-114.00,-10.00,-1.00,5.00,15.00,9.00,13395469,221
463.01,1551677850,10590.28,51.46879147,7.40390653,160.21,34.69,0.16,312.57,1,-89.00,-7.00,-2.00,8.00,37.00,10.00,13395458,112
464.01,1551677851,10624.98,51.46900604,7.40353164,160.44,34.84,0.15,313.04,1,-89.00,-7.00,-2.00,8.00,37.00,10.00,13395458,112
465.01,1551677852,10659.78,51.46922178,7.40316001,160.66,35.15,0.31,312.69,1,-88.00,-7.00,-3.00,9.00,39.00,10.00,13395458,112
466.01,1551677853,10694.90,51.46944591,7.40278136,160.89,35.10,-0.05,313.13,1,-88.00,-7.00,-3.00,9.00,39.00,10.00,13395458,112
467.01,1551677854,10729.97,51.46966159,7.40243463,160.85,33.86,-1.25,314.51,1,-88.00,-7.00,9.00,12.00,41.00,18.00,13022465,205
468.01,1551677855,10763.83,51.46987987,7.40208603,161.14,33.32,-0.53,314.56,1,-88.00,-7.00,9.00,12.00,41.00,18.00,13022465,205
469.00,1551677856,10797.09,51.47008938,7.40174613,161.53,33.05,-0.28,314.99,1,-90.00,-7.00,9.00,12.00,37.00,18.00,13022465,205
470.00,1551677857,10830.07,51.47030214,7.40141934,161.98,32.89,-0.16,316.06,1,-90.00,-7.00,9.00,12.00,37.00,18.00,13022465,205
471.00,1551677858,10862.96,51.47073535,7.40078951,162.61,32.18,-0.71,318.74,1,-88.00,-6.00,17.00,15.00,40.00,18.00,13022465,205
472.00,1551677859,10895.20,51.47073535,7.40078951,162.61,32.18,0.00,318.74,1,-88.00,-6.00,17.00,15.00,40.00,18.00,13022465,205
473.00,1551677860,10927.35,51.47094501,7.40049383,163.09,31.32,-0.86,318.80,1,-87.00,-6.00,11.00,15.00,38.00,18.00,13022465,205
474.00,1551677861,10958.68,51.47114698,7.40019453,163.55,30.66,-0.66,317.71,1,-87.00,-6.00,11.00,15.00,38.00,18.00,13022465,205
475.00,1551677862,10989.37,51.47135086,7.39989489,164.12,30.57,-0.09,317.59,1,-85.00,-5.00,19.00,15.00,41.00,18.00,13022465,205
476.00,1551677863,11019.91,51.47154995,7.39959980,164.48,30.43,-0.14,317.82,1,-85.00,-5.00,19.00,15.00,41.00,18.00,13022465,205
477.00,1551677864,11050.31,51.47195306,7.39900979,165.52,30.41,-0.02,318.48,1,-83.00,-6.00,14.00,10.00,44.00,18.00,13022465,205
478.00,1551677865,11080.78,51.47195306,7.39900979,165.52,30.41,0.00,318.48,1,-83.00,-6.00,14.00,10.00,44.00,18.00,13022465,205
479.00,1551677866,11111.14,51.47215642,7.39871724,166.14,30.37,-0.04,318.28,1,-84.00,-6.00,25.00,10.00,43.00,18.00,13022465,205
480.00,1551677867,11141.60,51.47236067,7.39843523,166.46,30.59,0.22,318.97,1,-84.00,-6.00,25.00,10.00,43.00,18.00,13022465,205
481.01,1551677868,11172.28,51.47257170,7.39814726,166.92,30.16,-0.43,319.25,1,-85.00,-6.00,20.00,11.00,43.00,18.00,13022465,205
482.00,1551677869,11202.34,51.47278026,7.39787363,167.35,29.76,-0.39,320.27,1,-85.00,-6.00,20.00,11.00,43.00,18.00,13022465,205
483.00,1551677870,11232.04,51.47298974,7.39759799,168.00,29.40,-0.36,320.93,1,-85.00,-6.00,20.00,11.00,43.00,18.00,13022465,205
484.03,1551677871,11262.39,51.47318419,7.39734208,168.49,28.18,-1.18,320.42,1,-84.00,-6.00,15.00,11.00,42.00,18.00,13022465,205
485.00,1551677872,11289.67,51.47357942,7.39684789,169.42,27.05,-1.17,322.05,1,-84.00,-6.00,15.00,11.00,42.00,18.00,13022465,205
486.00,1551677873,11316.69,51.47376977,7.39661742,169.74,26.84,-0.21,322.15,1,-81.00,-5.00,36.00,14.00,45.00,18.00,13022465,205
487.00,1551677874,11343.56,51.47376977,7.39661742,169.74,26.84,0.00,322.15,1,-81.00,-5.00,36.00,14.00,45.00,18.00,13022465,205
488.01,1551677875,11370.51,51.47396497,7.39637392,170.14,26.95,0.11,322.40,1,-88.00,-6.00,20.00,10.00,37.00,18.00,13022465,205
489.00,1551677876,11397.40,51.47415937,7.39613554,170.62,27.10,0.15,322.59,1,-88.00,-6.00,20.00,10.00,37.00,18.00,13022465,205
490.01,1551677877,11424.53,51.47434616,7.39590294,170.99,27.07,-0.03,322.70,1,-80.00,-6.00,13.00,15.00,46.00,18.00,13022465,205
491.01,1551677878,11451.63,51.47453971,7.39567067,171.11,27.72,0.65,323.90,1,-80.00,-6.00,13.00,15.00,46.00,18.00,13022465,205
492.00,1551677879,11479.29,51.47473752,7.39544001,171.13,28.05,0.33,324.99,1,-75.00,-5.00,20.00,11.00,50.00,18.00,13022465,205
493.01,1551677880,11507.45,51.47495503,7.39520506,171.55,28.35,0.30,326.31,1,-75.00,-5.00,20.00,11.00,50.00,18.00,13022465,205
494.00,1551677881,11535.61,51.47517176,7.39498495,172.04,28.62,0.27,328.10,1,-76.00,-5.00,22.00,15.00,49.00,18.00,13022465,205
495.00,1551677882,11564.23,51.47539405,7.39476131,172.72,28.70,0.08,329.08,1,-76.00,-5.00,22.00,15.00,49.00,18.00,13022465,205
496.00,1551677883,11592.96,51.47584277,7.39434053,173.78,29.32,0.62,329.17,1,-71.00,-5.00,25.00,15.00,54.00,18.00,13022465,205
497.00,1551677884,11622.34,51.47584277,7.39434053,173.78,29.32,0.00,329.17,1,-71.00,-5.00,25.00,15.00,54.00,18.00,13022465,205
498.00,1551677885,11651.57,51.47606358,7.39413906,174.12,28.87,-0.45,330.65,1,-67.00,-5.00,22.00,15.00,59.00,18.00,13022465,205
499.00,1551677886,11680.50,51.47628763,7.39394974,174.63,27.98,-0.89,332.86,1,-67.00,-5.00,22.00,15.00,59.00,18.00,13022465,205
500.01,1551677887,11708.53,51.47650401,7.39377551,175.57,27.78,-0.20,334.27,1,-62.00,-6.00,34.00,15.00,63.00,18.00,13022465,205
501.01,1551677888,11736.31,51.47672495,7.39360570,176.80,27.58,-0.19,335.36,1,-62.00,-6.00,34.00,15.00,63.00,18.00,13022465,205
502.01,1551677889,11764.09,51.47694551,7.39344974,178.04,26.44,-1.13,336.83,1,-69.00,-5.00,27.00,15.00,57.00,18.00,13022465,205
503.00,1551677890,11790.32,51.47715298,7.39330517,179.02,25.03,-1.43,337.33,1,-69.00,-5.00,27.00,15.00,57.00,18.00,13022465,205
504.01,1551677891,11815.37,51.47734559,7.39318743,180.20,21.51,-3.52,339.33,1,-69.00,-5.00,27.00,15.00,57.00,18.00,13022465,205
505.00,1551677892,11836.86,51.47752195,7.39311233,181.01,19.72,-1.79,346.79,1,-66.00,-5.00,14.00,11.00,60.00,18.00,13022465,205
506.00,1551677893,11856.55,51.47787601,7.39306281,183.47,19.48,-0.24,359.83,1,-66.00,-5.00,14.00,11.00,60.00,18.00,13022465,205
507.01,1551677894,11876.11,51.47787601,7.39306281,183.47,19.48,0.00,359.83,1,-62.00,-5.00,23.00,12.00,63.00,18.00,13022465,205
508.01,1551677895,11895.55,51.47806134,7.39308199,185.02,20.31,0.83,5.26,1,-62.00,-5.00,23.00,12.00,63.00,18.00,13022465,205
509.00,1551677896,11915.84,51.47823373,7.39314374,186.38,20.56,0.25,13.27,1,-79.00,-6.00,22.00,15.00,46.00,18.00,13022465,205
510.00,1551677897,11936.35,51.47840154,7.39324311,187.63,20.55,-0.00,21.98,1,-79.00,-6.00,22.00,15.00,46.00,18.00,13022465,205
511.00,1551677898,11956.95,51.47857536,7.39337692,188.57,20.92,0.36,29.03,1,-77.00,-5.00,19.00,15.00,48.00,18.00,13022465,205
512.00,1551677899,11977.85,51.47872623,7.39352073,188.82,19.26,-1.66,33.18,1,-77.00,-5.00,19.00,15.00,48.00,18.00,13022465,205
513.00,1551677900,11997.13,51.47886607,7.39366175,188.68,16.90,-2.36,33.94,1,-86.00,-6.00,21.00,14.00,39.00,18.00,13022465,205
514.00,1551677901,12014.03,51.47898864,7.39378150,188.52,14.91,-1.99,32.09,1,-86.00,-6.00,21.00,14.00,39.00,18.00,13022465,205
515.00,1551677902,12028.94,51.47910838,7.39384236,188.11,13.91,-1.00,15.90,1,-79.00,-5.00,19.00,14.00,44.00,18.00,13022465,205
516.01,1551677903,12042.86,51.47924530,7.39386282,188.26,13.68,-0.23,1.95,1,-79.00,-5.00,19.00,14.00,44.00,18.00,13022465,205
517.01,1551677904,12056.54,51.47936785,7.39385707,187.93,13.86,0.18,357.86,1,-83.00,-6.00,19.00,10.00,42.00,18.00,13022465,205
518.01,1551677905,12070.42,51.47949343,7.39378429,187.51,14.26,0.40,338.59,1,-83.00,-6.00,19.00,10.00,42.00,18.00,13022465,205
519.00,1551677906,12084.65,51.47960759,7.39370812,186.63,14.70,0.44,337.46,1,-92.00,-8.00,7.00,15.00,35.00,18.00,13022465,205
520.00,1551677907,12099.34,51.47973056,7.39362315,186.32,14.10,-0.60,336.15,1,-92.00,-8.00,7.00,15.00,35.00,18.00,13022465,205
521.01,1551677908,12113.46,51.47985265,7.39353789,186.20,13.10,-1.00,335.51,1,-93.00,-9.00,5.00,14.00,35.00,18.00,13022465,205
522.01,1551677909,12126.58,51.47996344,7.39346678,186.02,11.47,-1.62,337.80,1,-93.00,-9.00,5.00,14.00,35.00,18.00,13022465,205
523.01,1551677910,12138.12,51.48006987,7.39344058,186.08,10.93,-0.54,353.91,1,-92.00,-8.00,8.00,12.00,35.00,18.00,13022465,205
524.00,1551677911,12148.96,51.48016269,7.39346169,186.46,10.83,-0.10,10.94,1,-92.00,-8.00,8.00,12.00,35.00,18.00,13022465,205
525.00,1551677912,12159.77,51.48023282,7.39352971,186.93,10.84,0.01,29.83,1,-92.00,-8.00,8.00,12.00,35.00,18.00,13022465,205
526.00,1551677913,12170.61,51.48029058,7.39363762,187.05,10.68,-0.16,53.64,1,-97.00,-9.00,8.00,8.00,31.00,18.00,13022465,205
527.01,1551677914,12181.34,51.48034779,7.39376705,186.76,11.87,1.18,55.33,1,-97.00,-9.00,8.00,8.00,31.00,18.00,13022465,205
528.01,1551677915,12193.20,51.48040267,7.39390640,186.36,12.08,0.21,56.65,1,-94.00,-10.00,5.00,2.00,44.00,18.00,13022465,205
529.01,1551677916,12205.30,51.48045856,7.39405114,186.12,12.01,-0.07,57.66,1,-94.00,-10.00,5.00,2.00,44.00,18.00,13022465,205
530.01,1551677917,12217.28,51.48051665,7.39420018,185.98,12.47,0.46,58.19,1,-102.00,-9.00,10.00,2.00,27.00,18.00,13532175,337
531.00,1551677918,12229.70,51.48064239,7.39451863,185.82,13.19,0.72,59.76,1,-102.00,-9.00,10.00,2.00,27.00,18.00,13532175,337
532.00,1551677919,12242.93,51.48064239,7.39451863,185.82,13.19,0.00,59.76,1,-100.00,-9.00,12.00,2.00,29.00,18.00,13532175,337
533.01,1551677920,12256.16,51.48071001,7.39468874,185.73,13.93,0.74,59.40,1,-100.00,-9.00,12.00,2.00,29.00,18.00,13532175,337
534.00,1551677921,12270.02,51.48077957,7.39486934,185.69,14.56,0.63,58.31,1,-97.00,-8.00,11.00,2.00,32.00,18.00,13532175,337
535.00,1551677922,12284.61,51.48086039,7.39507311,185.13,15.95,1.39,57.71,1,-97.00,-8.00,11.00,2.00,32.00,18.00,13532175,337
536.00,1551677923,12300.53,51.48093691,7.39526166,185.18,17.01,1.07,57.81,1,-100.00,-7.00,18.00,2.00,28.00,18.00,13532175,337
537.00,1551677924,12317.54,51.48109763,7.39568024,185.86,17.88,0.86,58.89,1,-100.00,-7.00,18.00,2.00,28.00,18.00,13532175,337
538.00,1551677925,12335.42,51.48109763,7.39568024,185.86,17.88,0.00,58.89,1,-101.00,-7.00,16.00,15.00,26.00,11.00,13532175,337
539.00,1551677926,12353.28,51.48117829,7.39589490,186.17,17.57,-0.31,59.27,1,-101.00,-7.00,16.00,15.00,26.00,11.00,13532175,337
540.01,1551677927,12370.95,51.48125391,7.39610898,186.44,17.24,-0.33,60.15,1,-106.00,-7.00,13.00,14.00,22.00,11.00,13532175,337
541.01,1551677928,12388.17,51.48133326,7.39632739,186.71,16.93,-0.30,60.07,1,-106.00,-7.00,13.00,14.00,22.00,11.00,13532175,337
542.01,1551677929,12405.14,51.48141121,7.39653763,187.04,16.48,-0.45,59.29,1,-105.00,-7.00,27.00,14.00,23.00,11.00,13532175,337
543.00,1551677930,12421.52,51.48148950,7.39673671,187.40,16.01,-0.47,58.70,1,-105.00,-7.00,27.00,14.00,23.00,11.00,13532175,337
544.01,1551677931,12437.69,51.48156671,7.39693261,187.70,15.75,-0.26,58.28,1,-113.00,-8.00,23.00,10.00,15.00,11.00,13532175,337
545.01,1551677932,12453.35,51.48163923,7.39711907,187.97,15.31,-0.44,57.87,1,-113.00,-8.00,23.00,10.00,15.00,11.00,13532175,337
546.01,1551677933,12468.68,51.48171259,7.39730132,188.14,14.96,-0.35,57.37,1,-113.00,-8.00,23.00,10.00,15.00,11.00,13532175,337
547.01,1551677934,12483.62,51.48178401,7.39747723,188.00,14.66,-0.29,55.97,1,-111.00,-7.00,8.00,11.00,14.00,11.00,13532175,337
548.00,1551677935,12498.21,51.48185196,7.39763971,187.80,13.80,-0.87,55.17,1,-111.00,-7.00,8.00,11.00,14.00,11.00,13532175,337
549.01,1551677936,12512.06,51.48191825,7.39778740,187.76,13.06,-0.74,53.99,1,-106.00,-6.00,25.00,12.00,21.00,11.00,13532175,337
550.01,1551677937,12525.12,51.48198718,7.39793482,187.62,12.40,-0.65,52.95,1,-106.00,-6.00,25.00,12.00,21.00,11.00,13532175,337
551.01,1551677938,12537.52,51.48205530,7.39806773,187.79,12.00,-0.40,51.75,1,-102.00,-5.00,18.00,15.00,25.00,11.00,13532175,337
552.00,1551677939,12549.49,51.48212369,7.39819922,187.97,11.77,-0.23,50.46,1,-102.00,-5.00,18.00,15.00,25.00,11.00,13532175,337
553.00,1551677940,12561.26,51.48219490,7.39832801,187.84,12.00,0.23,48.69,1,-100.00,-5.00,29.00,10.00,25.00,11.00,13532175,337
554.01,1551677941,12573.32,51.48227046,7.39845480,187.72,12.27,0.27,47.22,1,-100.00,-5.00,29.00,10.00,25.00,11.00,13532175,337
555.01,1551677942,12585.56,51.48234969,7.39857534,187.61,12.30,0.03,45.13,1,-106.00,-6.00,14.00,13.00,19.00,11.00,13532175,337
556.01,1551677943,12597.85,51.48243963,7.39869777,187.55,12.33,0.03,43.05,1,-106.00,-6.00,14.00,13.00,19.00,11.00,13532175,337
557.00,1551677944,12610.12,51.48253348,7.39881762,187.18,12.74,0.41,41.21,1,-106.00,-6.00,24.00,10.00,20.00,11.00,13532175,337
558.00,1551677945,12622.92,51.48272555,7.39903505,186.14,12.21,-0.53,37.80,1,-106.00,-6.00,24.00,10.00,20.00,11.00,13532175,337
559.01,1551677946,12635.15,51.48272555,7.39903505,186.14,12.21,0.00,37.80,1,-98.00,-5.00,27.00,11.00,26.00,11.00,13532175,337
560.01,1551677947,12647.34,51.48282422,7.39913856,186.17,12.65,0.45,36.36,1,-98.00,-5.00,27.00,11.00,26.00,11.00,13532175,337
561.01,1551677948,12659.99,51.48292204,7.39924135,186.51,13.64,0.99,35.48,1,-97.00,-5.00,16.00,11.00,28.00,11.00,13532175,337
562.00,1551677949,12673.60,51.48302462,7.39934828,186.70,14.43,0.79,34.88,1,-97.00,-5.00,16.00,11.00,28.00,11.00,13532175,337
563.00,1551677950,12688.01,51.48314075,7.39947170,186.66,15.67,1.24,34.44,1,-94.00,-5.00,32.00,12.00,31.00,11.00,13532175,337
564.01,1551677951,12703.74,51.48327001,7.39959901,186.80,16.67,1.00,33.72,1,-94.00,-5.00,32.00,12.00,31.00,11.00,13532175,337
565.01,1551677952,12720.47,51.48340645,7.39973747,186.75,17.51,0.84,33.74,1,-101.00,-6.00,29.00,10.00,24.00,11.00,13532175,337
566.00,1551677953,12737.86,51.48354219,7.39988035,186.37,17.91,0.41,34.12,1,-101.00,-6.00,29.00,10.00,24.00,11.00,13532175,337
567.02,1551677954,12756.02,51.48367250,7.40001854,186.20,17.74,-0.17,34.61,1,-101.00,-5.00,16.00,14.00,23.00,11.00,13532175,337
568.01,1551677955,12773.58,51.48380208,7.40016677,186.05,17.94,0.20,35.15,1,-101.00,-5.00,16.00,14.00,23.00,11.00,13532175,337
569.01,1551677956,12791.51,51.48393754,7.40032122,185.79,18.13,0.19,35.82,1,-101.00,-5.00,16.00,14.00,23.00,11.00,13532175,337
570.01,1551677957,12809.65,51.48406987,7.40047987,185.61,18.52,0.39,36.79,1,-102.00,-6.00,16.00,9.00,23.00,11.00,13532175,337
571.01,1551677958,12828.17,51.48420106,7.40064597,185.43,19.06,0.54,37.86,1,-102.00,-6.00,16.00,9.00,23.00,11.00,13532175,337
572.01,1551677959,12847.23,51.48433466,7.40081302,185.38,19.59,0.53,38.78,1,-100.00,-5.00,19.00,11.00,24.00,11.00,13532175,337
573.01,1551677960,12866.82,51.48446903,7.40099377,185.26,19.88,0.28,39.92,1,-100.00,-5.00,19.00,11.00,24.00,11.00,13532175,337
574.00,1551677961,12886.66,51.48461055,7.40119176,185.13,19.70,-0.18,40.77,1,-100.00,-5.00,17.00,2.00,24.00,11.00,13532175,337
575.00,1551677962,12906.30,51.48474081,7.40138401,184.99,19.28,-0.42,41.86,1,-100.00,-5.00,17.00,2.00,24.00,11.00,13532175,337
576.00,1551677963,12925.63,51.48486704,7.40157116,184.94,18.88,-0.39,42.00,1,-103.00,-5.00,13.00,2.00,21.00,11.00,13532175,337
577.00,1551677964,12944.46,51.48499220,7.40175435,184.93,18.32,-0.56,41.49,1,-103.00,-5.00,13.00,2.00,21.00,11.00,13532175,337
578.00,1551677965,12962.80,51.48511067,7.40192574,184.99,16.60,-1.72,42.38,1,-102.00,-6.00,13.00,14.00,23.00,8.00,13532175,337
579.00,1551677966,12979.39,51.48521064,7.40208677,184.73,15.28,-1.32,44.03,1,-102.00,-6.00,13.00,14.00,23.00,8.00,13532175,337
580.00,1551677967,12994.70,51.48530267,7.40223893,184.38,13.70,-1.58,45.47,1,-100.00,-5.00,16.00,11.00,25.00,8.00,13532175,337
581.00,1551677968,13008.39,51.48538684,7.40238667,183.91,12.10,-1.60,46.84,1,-100.00,-5.00,16.00,11.00,25.00,8.00,13532175,337
582.01,1551677969,13020.51,51.48546077,7.40251780,183.74,11.13,-0.97,48.09,1,-103.00,-5.00,25.00,11.00,21.00,8.00,13532175,337
583.01,1551677970,13031.65,51.48551951,7.40263602,183.73,10.01,-1.11,49.19,1,-103.00,-5.00,25.00,11.00,21.00,8.00,13532175,337
584.01,1551677971,13041.65,51.48556937,7.40273416,183.60,8.12,-1.90,47.83,1,-101.00,-5.00,14.00,9.00,23.00,8.00,13532175,337
585.01,1551677972,13049.77,51.48562259,7.40278480,183.55,7.61,-0.51,25.60,1,-101.00,-5.00,14.00,9.00,23.00,8.00,13532175,337
586.01,1551677973,13057.38,51.48568390,7.40278512,183.35,7.81,0.21,357.36,1,-100.00,-5.00,34.00,11.00,23.00,8.00,13532175,337
587.01,1551677974,13065.19,51.48574592,7.40274901,182.77,8.32,0.51,338.31,1,-100.00,-5.00,34.00,11.00,23.00,8.00,13532175,337
588.01,1551677975,13073.54,51.48581168,7.40268579,182.24,9.07,0.75,324.21,1,-101.00,-6.00,21.00,12.00,24.00,8.00,13532175,337
589.01,1551677976,13082.59,51.48586539,7.40262116,181.87,9.91,0.84,323.70,1,-101.00,-6.00,21.00,12.00,24.00,8.00,13532175,337
590.01,1551677977,13092.49,51.48592117,7.40254799,181.81,10.70,0.79,322.80,1,-101.00,-6.00,21.00,12.00,24.00,8.00,13532175,337
591.00,1551677978,13103.16,51.48599010,7.40245677,181.91,11.63,0.93,323.32,1,-104.00,-6.00,19.00,9.00,21.00,8.00,13532175,337
592.00,1551677979,13114.77,51.48608653,7.40234897,182.08,12.44,0.82,324.89,1,-104.00,-6.00,19.00,9.00,21.00,8.00,13532175,337
593.00,1551677980,13127.21,51.48617734,7.40225354,182.55,12.53,0.09,326.27,1,-101.00,-5.00,25.00,14.00,25.00,8.00,13532175,337
594.00,1551677981,13139.76,51.48629317,7.40214328,183.02,13.79,1.25,328.50,1,-101.00,-5.00,25.00,14.00,25.00,8.00,13532175,337
595.00,1551677982,13153.53,51.48641694,7.40204130,183.29,14.74,0.95,331.55,1,-101.00,-5.00,12.00,10.00,23.00,8.00,13532175,337
596.01,1551677983,13168.33,51.48655266,7.40194245,183.84,16.08,1.34,334.87,1,-101.00,-5.00,12.00,10.00,23.00,8.00,13532175,337
597.01,1551677984,13184.41,51.48668865,7.40186029,184.81,15.71,-0.37,337.84,1,-108.00,-7.00,7.00,11.00,19.00,8.00,13532175,337
598.01,1551677985,13200.13,51.48682766,7.40179723,185.67,15.59,-0.12,340.77,1,-108.00,-7.00,7.00,11.00,19.00,8.00,13532175,337
599.01,1551677986,13215.71,51.48695516,7.40175325,186.18,15.35,-0.24,343.69,1,-115.00,-9.00,3.00,8.00,12.00,8.00,13532175,337
600.01,1551677987,13231.09,51.48708985,7.40172001,186.27,15.35,0.00,346.75,1,-115.00,-9.00,3.00,8.00,12.00,8.00,13532175,337
601.01,1551677988,13246.42,51.48722915,7.40169532,186.40,15.09,-0.26,349.84,1,-114.00,-8.00,16.00,6.00,13.00,8.00,13532175,337
602.01,1551677989,13261.54,51.48736508,7.40168419,186.39,15.14,0.05,352.63,1,-114.00,-8.00,16.00,6.00,13.00,8.00,13532175,337
603.00,1551677990,13276.60,51.48750119,7.40168031,186.23,15.25,0.11,354.72,1,-75.00,-5.00,-3.00,10.00,36.00,11.00,13067528,337
604.01,1551677991,13291.88,51.48765002,7.40167668,186.08,15.32,0.07,356.32,1,-75.00,-5.00,-3.00,10.00,36.00,11.00,13067528,337
605.00,1551677992,13307.17,51.48791671,7.40168762,185.58,14.54,-0.78,359.13,1,-83.00,-5.00,25.00,15.00,38.00,11.00,13067528,356
606.00,1551677993,13321.67,51.48804110,7.40169762,185.02,14.46,-0.07,359.54,1,-83.00,-5.00,25.00,15.00,38.00,11.00,13067528,356
607.00,1551677994,13336.15,51.48804110,7.40169762,185.02,14.46,0.00,359.54,1,-87.00,-5.00,18.00,15.00,31.00,11.00,13067528,356
608.00,1551677995,13350.62,51.48817704,7.40170529,184.53,14.53,0.07,0.03,1,-87.00,-5.00,18.00,15.00,31.00,11.00,13067528,356
609.01,1551677996,13365.28,51.48830951,7.40171320,183.80,14.67,0.13,0.77,1,-86.00,-5.00,27.00,15.00,31.00,11.00,13067528,356
610.00,1551677997,13379.85,51.48844087,7.40172056,182.89,14.80,0.14,0.18,1,-86.00,-5.00,27.00,15.00,31.00,11.00,13067528,356
611.01,1551677998,13394.66,51.48857414,7.40173156,181.94,14.90,0.10,359.73,1,-86.00,-5.00,27.00,15.00,31.00,11.00,13067528,356
612.00,1551677999,13409.55,51.48869942,7.40174137,180.72,14.40,-0.50,0.48,1,-91.00,-5.00,19.00,15.00,26.00,11.00,13067528,356
613.00,1551678000,13423.94,51.48882583,7.40174763,179.53,14.06,-0.34,0.09,1,-91.00,-5.00,19.00,15.00,26.00,11.00,13067528,356
614.01,1551678001,13438.03,51.48895152,7.40174889,178.85,13.01,-1.05,359.91,1,-102.00,-6.00,13.00,11.00,19.00,11.00,13067528,356
615.00,1551678002,13451.03,51.48906196,7.40174908,178.48,11.62,-1.39,359.68,1,-102.00,-6.00,13.00,11.00,19.00,11.00,13067528,356
616.00,1551678003,13462.61,51.48916317,7.40175043,178.27,10.21,-1.42,0.07,1,-102.00,-6.00,11.00,11.00,23.00,11.00,13067528,356
617.00,1551678004,13472.82,51.48923192,7.40175488,177.83,7.25,-2.96,1.36,1,-102.00,-6.00,11.00,11.00,23.00,11.00,13067528,356
618.00,1551678005,13480.08,51.48928895,7.40176365,177.08,5.96,-1.29,4.60,1,-101.00,-6.00,16.00,13.00,24.00,11.00,13067528,356
619.00,1551678006,13486.05,51.48935920,7.40180655,176.61,6.29,0.32,25.78,1,-101.00,-6.00,16.00,13.00,24.00,11.00,13067528,356
620.00,1551678007,13492.33,51.48938727,7.40189194,175.58,6.62,0.34,66.46,1,-104.00,-6.00,9.00,9.00,19.00,11.00,13067528,356
621.00,1551678008,13498.96,51.48940311,7.40199680,174.77,8.37,1.75,86.26,1,-104.00,-6.00,9.00,9.00,19.00,11.00,13067528,356
622.00,1551678009,13507.34,51.48940468,7.40212928,174.38,9.66,1.29,87.81,1,-110.00,-7.00,7.00,6.00,15.00,24.00,12806666,385
623.01,1551678010,13517.01,51.48940417,7.40227090,174.51,10.71,1.05,89.02,1,-110.00,-7.00,7.00,6.00,15.00,24.00,12806666,385
624.01,1551678011,13527.75,51.48940471,7.40243644,174.98,11.88,1.17,88.06,1,-106.00,-7.00,13.00,7.00,20.00,24.00,12806666,385
625.01,1551678012,13539.60,51.48940332,7.40263293,175.22,12.75,0.88,88.54,1,-106.00,-7.00,13.00,7.00,20.00,24.00,12806666,385
626.01,1551678013,13552.36,51.48940223,7.40282855,175.33,13.66,0.91,89.32,1,-111.00,-8.00,8.00,7.00,15.00,24.00,12806666,385
627.01,1551678014,13566.02,51.48940459,7.40303133,175.60,14.43,0.76,89.74,1,-111.00,-8.00,8.00,7.00,15.00,24.00,12806666,385
628.00,1551678015,13580.40,51.48940202,7.40324856,175.90,15.09,0.67,90.11,1,-111.00,-8.00,4.00,7.00,14.00,24.00,12806666,385
629.00,1551678016,13595.49,51.48940266,7.40346213,175.98,14.93,-0.16,91.09,1,-111.00,-8.00,4.00,7.00,14.00,24.00,12806666,385
630.01,1551678017,13610.54,51.48940403,7.40366674,175.99,14.32,-0.61,90.75,1,-111.00,-7.00,8.00,2.00,27.00,24.00,12806666,385
631.00,1551678018,13624.76,51.48940323,7.40386938,176.07,13.99,-0.34,90.42,1,-111.00,-7.00,8.00,2.00,27.00,24.00,12806666,385
632.00,1551678019,13638.72,51.48940171,7.40406953,176.26,13.93,-0.06,90.78,1,-111.00,-7.00,8.00,2.00,27.00,24.00,12806666,385
633.00,1551678020,13652.68,51.48939925,7.40426952,176.43,14.01,0.08,91.38,1,-112.00,-8.00,7.00,2.00,15.00,24.00,12806666,385
634.01,1551678021,13666.75,51.48939676,7.40447202,176.51,14.07,0.06,91.03,1,-112.00,-8.00,7.00,2.00,15.00,24.00,12806666,385
635.01,1551678022,13680.81,51.48939389,7.40467043,176.54,13.69,-0.38,90.50,1,-110.00,-7.00,1.00,2.00,16.00,24.00,12806666,385
636.01,1551678023,13694.49,51.48939524,7.40486386,176.51,13.52,-0.17,89.56,1,-110.00,-7.00,1.00,2.00,16.00,24.00,12806666,385
637.00,1551678024,13707.98,51.48939876,7.40526481,177.24,14.06,0.54,87.89,1,-112.00,-10.00,1.00,2.00,17.00,24.00,12806666,385
638.01,1551678025,13722.11,51.48939876,7.40526481,177.24,14.06,0.00,87.89,1,-112.00,-10.00,1.00,2.00,17.00,24.00,12806666,385
639.00,1551678026,13736.09,51.48940592,7.40546651,177.72,14.21,0.15,86.92,1,-112.00,-11.00,-5.00,2.00,18.00,24.00,12806666,385
640.00,1551678027,13750.31,51.48941816,7.40566313,178.94,14.09,-0.11,84.95,1,-112.00,-11.00,-5.00,2.00,18.00,24.00,12806666,385
641.00,1551678028,13764.36,51.48943350,7.40586854,179.78,13.99,-0.10,83.18,1,-99.00,-6.00,17.00,2.00,38.00,70.00,13067274,289
642.00,1551678029,13778.35,51.48945407,7.40607249,180.34,13.95,-0.05,81.68,1,-99.00,-6.00,17.00,2.00,38.00,70.00,13067274,289
643.00,1551678030,13792.34,51.48947767,7.40628161,180.52,13.94,-0.00,80.51,1,-113.00,-10.00,7.00,2.00,28.00,17.00,13532175,337
644.00,1551678031,13806.29,51.48950282,7.40648585,180.69,14.02,0.08,79.58,1,-113.00,-10.00,7.00,2.00,28.00,17.00,13532175,337
645.01,1551678032,13820.33,51.48952937,7.40668180,180.49,13.79,-0.23,79.10,1,-115.00,-9.00,10.00,2.00,13.00,17.00,13532175,337
646.00,1551678033,13834.10,51.48955641,7.40686605,180.20,13.87,0.08,78.58,1,-115.00,-9.00,10.00,2.00,13.00,17.00,13532175,337
647.00,1551678034,13847.96,51.48959037,7.40706837,179.54,13.79,-0.08,78.03,1,-111.00,-8.00,13.00,2.00,16.00,17.00,13532175,337
648.01,1551678035,13861.78,51.48962504,7.40726426,178.47,13.06,-0.73,77.56,1,-111.00,-8.00,13.00,2.00,16.00,17.00,13532175,337
649.00,1551678036,13874.82,51.48965363,7.40742121,178.04,11.11,-1.95,78.34,1,-108.00,-6.00,7.00,2.00,18.00,17.00,13532175,337
650.00,1551678037,13885.93,51.48967255,7.40755873,177.70,9.36,-1.75,78.87,1,-108.00,-6.00,7.00,2.00,18.00,17.00,13532175,337
651.01,1551678038,13895.38,51.48968730,7.40768508,177.25,8.32,-1.04,79.26,1,-108.00,-6.00,10.00,2.00,18.00,17.00,13532175,337
652.00,1551678039,13903.60,51.48970348,7.40780802,176.96,8.07,-0.24,78.42,1,-108.00,-6.00,10.00,2.00,18.00,17.00,13532175,337
653.00,1551678040,13911.68,51.48972286,7.40793723,176.67,8.08,0.00,77.55,1,-108.00,-6.00,10.00,2.00,18.00,17.00,13532175,337
654.00,1551678041,13919.75,51.48973776,7.40804378,176.38,8.33,0.26,78.87,1,-109.00,-7.00,12.00,2.00,17.00,17.00,13532175,337
655.00,1551678042,13928.08,51.48974863,7.40816137,176.19,9.08,0.75,80.97,1,-109.00,-7.00,12.00,2.00,17.00,17.00,13532175,337
656.00,1551678043,13937.17,51.48976088,7.40828869,175.76,10.32,1.24,79.97,1,-113.00,-9.00,2.00,8.00,15.00,17.00,13532175,337
657.00,1551678044,13947.49,51.48978051,7.40843923,175.46,11.49,1.17,78.80,1,-113.00,-9.00,2.00,8.00,15.00,17.00,13532175,337
658.00,1551678045,13958.99,51.48980437,7.40861358,174.84,12.47,0.99,78.38,1,-114.00,-9.00,7.00,6.00,13.00,17.00,13532175,337
659.00,1551678046,13971.46,51.48985080,7.40897350,173.77,12.70,0.22,78.58,1,-114.00,-9.00,7.00,6.00,13.00,17.00,13532175,337
660.01,1551678047,13984.19,51.48985080,7.40897350,173.77,12.70,0.00,78.58,1,-111.00,-7.00,11.00,8.00,13.00,17.00,13532175,337
661.01,1551678048,13996.88,51.48987423,7.40915085,173.15,12.73,0.03,78.34,1,-111.00,-7.00,11.00,8.00,13.00,17.00,13532175,337
662.00,1551678049,14009.60,51.48989762,7.40933218,172.54,12.91,0.18,77.98,1,-113.00,-7.00,8.00,8.00,14.00,17.00,13532175,337
663.00,1551678050,14022.51,51.48991957,7.40951173,172.00,12.96,0.05,77.96,1,-113.00,-7.00,8.00,8.00,14.00,17.00,13532175,337
664.01,1551678051,14035.48,51.48994211,7.40969234,171.46,12.90,-0.07,77.81,1,-118.00,-9.00,5.00,6.00,10.00,17.00,13532175,337
665.01,1551678052,14048.40,51.48996569,7.40987556,170.74,12.89,-0.01,78.16,1,-118.00,-9.00,5.00,6.00,10.00,17.00,13532175,337
666.00,1551678053,14061.24,51.48998877,7.41005416,170.11,12.94,0.05,78.54,1,-117.00,-9.00,4.00,7.00,10.00,17.00,13532175,337
667.00,1551678054,14074.18,51.49001389,7.41023912,169.61,13.00,0.05,79.02,1,-117.00,-9.00,4.00,7.00,10.00,17.00,13532175,337
668.00,1551678055,14087.18,51.49003972,7.41042199,169.18,12.94,-0.05,78.11,1,-114.00,-8.00,10.00,8.00,12.00,17.00,13532175,337
669.00,1551678056,14100.12,51.49006755,7.41060287,168.86,12.68,-0.26,77.64,1,-114.00,-8.00,10.00,8.00,12.00,17.00,13532175,337
670.00,1551678057,14112.79,51.49009333,7.41078080,168.40,12.80,0.12,77.20,1,-111.00,-9.00,1.00,13.00,14.00,65.00,13067274,289
671.00,1551678058,14125.59,51.49012105,7.41097665,167.49,12.81,0.01,77.49,1,-111.00,-9.00,1.00,13.00,14.00,65.00,13067274,289
672.01,1551678059,14138.45,51.49017197,7.41130994,166.19,11.65,-1.15,78.00,1,-114.00,-7.00,11.00,11.00,9.00,65.00,13067274,289
