0.09,1551677388,0.00,51.45036408,7.48830227,245.08,0.37,0.00,245.83,1,-100.00,-9.00,22.00,8.00,40.00,7.00,28371201,66
1.10,1551677389,0.37,51.45035846,7.48828479,245.24,0.59,0.22,245.83,1,-100.00,-9.00,22.00,8.00,40.00,7.00,28371201,66
2.10,1551677390,0.96,51.45035012,7.48827255,245.47,1.71,1.11,244.80,1,-100.00,-10.00,22.00,11.00,42.00,7.00,28371201,66
3.10,1551677391,2.67,51.45032080,7.48822765,247.80,4.06,2.35,225.00,1,-100.00,-10.00,22.00,11.00,42.00,7.00,28371201,66
4.10,1551677392,6.73,51.45027362,7.48823232,249.12,6.58,2.52,183.45,1,-97.00,-9.00,23.00,12.00,43.00,7.00,28371201,66
5.10,1551677393,13.31,51.45020193,7.48825512,249.87,8.14,1.56,166.47,1,-97.00,-9.00,23.00,12.00,43.00,7.00,28371201,66
6.10,1551677394,21.45,51.45012733,7.48829131,250.38,8.93,0.78,166.81,1,-98.00,-9.00,24.00,9.00,41.00,7.00,28371201,66
7.10,1551677395,30.37,51.45005104,7.48831738,250.84,9.45,0.53,167.45,1,-98.00,-9.00,24.00,9.00,41.00,7.00,28371201,66
8.10,1551677396,39.83,51.44995914,7.48835243,250.91,10.49,1.03,168.21,1,-98.00,-9.00,19.00,11.00,41.00,7.00,28371201,66
9.10,1551677397,50.32,51.44987632,7.48838441,250.60,11.00,0.51,168.57,1,-98.00,-9.00,19.00,11.00,41.00,7.00,28371201,66
10.21,1551677398,62.58,51.44977543,7.48841651,249.96,12.43,1.28,170.22,1,-100.00,-11.00,19.00,7.00,41.00,7.00,28371201,66
11.10,1551677399,73.61,51.44966082,7.48844265,249.55,13.44,1.14,171.69,1,-100.00,-11.00,19.00,7.00,41.00,7.00,28371201,66
12.10,1551677400,87.05,51.44953893,7.48845431,248.93,13.93,0.49,173.83,1,-100.00,-9.00,22.00,7.00,40.00,7.00,28371201,66
13.10,1551677401,100.99,51.44941942,7.48845953,247.96,13.53,-0.40,177.13,1,-100.00,-9.00,22.00,7.00,40.00,7.00,28371201,66
14.10,1551677402,114.51,51.44928560,7.48845913,246.91,13.91,0.38,179.65,1,-101.00,-9.00,11.00,7.00,40.00,7.00,28371201,66
15.10,1551677403,128.42,51.44914802,7.48844778,246.58,14.01,0.10,181.31,1,-101.00,-9.00,11.00,7.00,40.00,7.00,28371201,66
16.10,1551677404,142.44,51.44903088,7.48843042,246.56,13.60,-0.41,183.21,1,-102.00,-9.00,20.00,10.00,39.00,7.00,28371201,66
17.10,1551677405,156.06,51.44890404,7.48840754,247.05,14.04,0.44,186.02,1,-102.00,-9.00,20.00,10.00,39.00,7.00,28371201,66
18.11,1551677406,170.21,51.44878166,7.48836901,247.52,13.90,-0.14,189.04,1,-105.00,-10.00,21.00,9.00,36.00,7.00,28371201,66
19.10,1551677407,184.00,51.44866712,7.48831983,248.30,13.03,-0.88,191.56,1,-105.00,-10.00,21.00,9.00,36.00,7.00,28371201,66
20.10,1551677408,197.03,51.44854296,7.48826741,249.04,13.46,0.44,192.40,1,-105.00,-10.00,21.00,9.00,36.00,7.00,28371201,66
21.10,1551677409,210.49,51.44841606,7.48821413,249.38,14.11,0.65,192.95,1,-107.00,-10.00,6.00,5.00,33.00,7.00,28371201,66
22.10,1551677410,224.55,51.44829556,7.48816058,250.53,13.76,-0.35,193.67,1,-107.00,-10.00,6.00,5.00,33.00,7.00,28371201,66
23.10,1551677411,238.33,51.44816015,7.48810009,251.50,14.12,0.36,193.15,1,-107.00,-10.00,-2.00,6.00,34.00,8.00,27771909,271
24.10,1551677412,252.45,51.44803516,7.48804164,251.76,14.34,0.22,192.58,1,-107.00,-10.00,-2.00,6.00,34.00,8.00,27771909,271
25.10,1551677413,266.82,51.44789479,7.48798699,252.26,15.03,0.69,192.22,1,-106.00,-9.00,1.00,9.00,35.00,8.00,27771909,271
26.10,1551677414,281.84,51.44776595,7.48794708,252.14,13.84,-1.19,191.79,1,-106.00,-9.00,1.00,9.00,35.00,8.00,27771909,271
27.10,1551677415,295.68,51.44763091,7.48791556,252.15,15.71,1.87,190.30,1,-104.00,-10.00,3.00,9.00,36.00,8.00,27771909,271
28.10,1551677416,311.40,51.44751224,7.48789476,251.91,13.73,-1.98,188.95,1,-104.00,-10.00,3.00,9.00,36.00,8.00,27771909,271
29.10,1551677417,325.12,51.44738449,7.48787397,251.89,14.67,0.94,186.60,1,-107.00,-11.00,6.00,7.00,34.00,8.00,27771909,271
30.10,1551677418,339.79,51.44724652,7.48785913,251.66,14.74,0.07,183.22,1,-107.00,-11.00,6.00,7.00,34.00,8.00,27771909,271
31.10,1551677419,354.51,51.44710746,7.48789398,251.41,15.49,0.75,170.57,1,-101.00,-8.00,4.00,9.00,35.00,8.00,27771909,271
32.10,1551677420,370.01,51.44695779,7.48793983,251.98,15.67,0.18,169.30,1,-101.00,-8.00,4.00,9.00,35.00,8.00,27771909,271
33.10,1551677421,385.67,51.44683254,7.48799976,252.74,15.91,0.24,167.78,1,-104.00,-8.00,3.00,11.00,35.00,8.00,27771909,271
34.10,1551677422,401.59,51.44669550,7.48807097,253.55,15.57,-0.34,165.04,1,-104.00,-8.00,3.00,11.00,35.00,8.00,27771909,271
35.10,1551677423,417.18,51.44655965,7.48815199,254.74,16.17,0.60,161.91,1,-103.00,-8.00,7.00,10.00,37.00,8.00,27771909,271
36.10,1551677424,433.35,51.44642898,7.48824259,255.82,16.22,0.05,158.86,1,-103.00,-8.00,7.00,10.00,37.00,8.00,27771909,271
37.10,1551677425,449.58,51.44629711,7.48835382,256.65,16.36,0.14,155.58,1,-102.00,-9.00,2.00,9.00,35.00,8.00,27771909,271
38.10,1551677426,465.95,51.44616327,7.48848203,257.57,16.39,0.03,151.95,1,-102.00,-9.00,2.00,9.00,35.00,8.00,27771909,271
39.11,1551677427,482.45,51.44603447,7.48863222,258.29,16.32,-0.06,148.06,1,-102.00,-9.00,5.00,8.00,36.00,8.00,27771909,271
40.10,1551677428,498.66,51.44592147,7.48878839,258.87,16.39,0.07,144.28,1,-102.00,-9.00,5.00,8.00,36.00,8.00,27771909,271
41.10,1551677429,515.03,51.44581876,7.48895694,259.68,15.97,-0.42,140.47,1,-102.00,-9.00,5.00,8.00,36.00,8.00,27771909,271
42.10,1551677430,531.01,51.44570890,7.48914527,260.63,16.02,0.05,136.83,1,-105.00,-9.00,7.00,10.00,35.00,8.00,27771909,271
43.10,1551677431,547.03,51.44561465,7.48933127,261.89,15.45,-0.57,133.87,1,-105.00,-9.00,7.00,10.00,35.00,8.00,27771909,271
44.10,1551677432,562.48,51.44552124,7.48952391,263.36,15.36,-0.09,131.96,1,-108.00,-11.00,6.00,8.00,34.00,13.00,28371201,271
45.10,1551677433,577.83,51.44543635,7.48970614,264.75,15.43,0.06,130.25,1,-108.00,-11.00,6.00,8.00,34.00,13.00,28371201,271
46.10,1551677434,593.27,51.44535528,7.48988520,265.90,15.51,0.08,129.30,1,-103.00,-8.00,5.00,11.00,35.00,13.00,28371201,66
47.10,1551677435,608.78,51.44527442,7.49007299,267.03,15.74,0.23,128.51,1,-103.00,-8.00,5.00,11.00,35.00,13.00,28371201,66
48.10,1551677436,624.52,51.44518946,7.49027020,268.00,15.33,-0.41,127.94,1,-107.00,-9.00,4.00,9.00,34.00,13.00,28371201,66
49.10,1551677437,639.87,51.44510760,7.49046390,268.77,15.01,-0.32,127.39,1,-107.00,-9.00,4.00,9.00,34.00,13.00,28371201,66
50.10,1551677438,654.85,51.44503946,7.49062854,269.40,14.42,-0.59,126.81,1,-105.00,-8.00,1.00,7.00,33.00,13.00,28371201,66
51.10,1551677439,669.26,51.44496312,7.49081493,269.91,13.90,-0.52,126.16,1,-105.00,-8.00,1.00,7.00,33.00,13.00,28371201,66
52.10,1551677440,683.16,51.44489705,7.49097477,270.89,13.32,-0.58,126.52,1,-107.00,-9.00,3.00,9.00,33.00,13.00,28371201,66
53.10,1551677441,696.47,51.44482799,7.49113666,271.68,12.10,-1.22,126.12,1,-107.00,-9.00,3.00,9.00,33.00,13.00,28371201,66
54.10,1551677442,708.57,51.44477337,7.49125901,272.16,10.10,-2.00,126.86,1,-111.00,-9.00,3.00,8.00,28.00,13.00,28371201,66
55.10,1551677443,718.68,51.44472500,7.49136707,272.20,8.93,-1.18,127.80,1,-111.00,-9.00,3.00,8.00,28.00,13.00,28371201,66
56.10,1551677444,727.60,51.44468670,7.49144840,272.15,6.93,-1.99,127.44,1,-110.00,-8.00,1.00,6.00,30.00,6.00,27771907,272
57.10,1551677445,734.53,51.44465824,7.49151063,271.91,5.29,-1.64,127.07,1,-110.00,-8.00,1.00,6.00,30.00,6.00,27771907,272
58.10,1551677446,739.83,51.44463838,7.49156045,271.92,4.07,-1.21,127.48,1,-109.00,-8.00,7.00,9.00,30.00,6.00,27771907,272
59.10,1551677447,743.90,51.44460992,7.49161612,271.92,1.60,-2.48,130.21,1,-109.00,-8.00,7.00,9.00,30.00,6.00,27771907,272
60.11,1551677448,745.50,51.44460992,7.49161612,271.92,0.00,-1.59,130.21,1,-107.00,-7.00,5.00,10.00,31.00,6.00,27771907,272
61.10,1551677449,745.50,51.44460992,7.49161612,271.91,0.00,0.00,130.21,1,-107.00,-7.00,5.00,10.00,31.00,6.00,27771907,272
62.10,1551677450,745.50,51.44460992,7.49161612,271.91,0.00,0.00,130.21,1,-107.00,-7.00,5.00,10.00,31.00,6.00,27771907,272
63.10,1551677451,745.50,51.44460992,7.49161612,271.91,0.00,0.00,130.21,1,-108.00,-7.00,4.00,10.00,31.00,6.00,27771907,272
64.10,1551677452,745.50,51.44460992,7.49161612,271.90,0.00,0.00,130.21,1,-108.00,-7.00,4.00,10.00,31.00,6.00,27771907,272
65.10,1551677453,745.50,51.44460992,7.49161612,271.89,0.00,0.00,130.21,1,-109.00,-8.00,11.00,10.00,31.00,6.00,27771907,272
66.10,1551677454,745.50,51.44460992,7.49161612,271.89,0.00,0.00,130.21,1,-109.00,-8.00,11.00,10.00,31.00,6.00,27771907,272
67.10,1551677455,745.50,51.44460992,7.49161612,271.89,0.00,0.00,130.21,1,-107.00,-7.00,7.00,10.00,32.00,6.00,27771907,272
68.10,1551677456,745.50,51.44460992,7.49161612,271.89,0.00,0.00,130.21,1,-107.00,-7.00,7.00,10.00,32.00,6.00,27771907,272
69.10,1551677457,745.50,51.44460992,7.49161612,271.89,0.00,0.00,130.21,1,-109.00,-8.00,5.00,10.00,31.00,6.00,27771907,272
70.10,1551677458,745.50,51.44460992,7.49161612,271.89,0.00,0.00,130.21,1,-109.00,-8.00,5.00,10.00,31.00,6.00,27771907,272
71.10,1551677459,745.50,51.44460992,7.49161612,271.89,0.00,0.00,130.21,1,-108.00,-8.00,3.00,7.00,32.00,6.00,27771907,272
72.10,1551677460,745.50,51.44460992,7.49161612,271.89,0.00,0.00,130.21,1,-108.00,-8.00,3.00,7.00,32.00,6.00,27771907,272
73.10,1551677461,745.50,51.44460992,7.49161612,271.89,0.00,0.00,130.21,1,-107.00,-8.00,4.00,10.00,31.00,6.00,27771907,272
74.10,1551677462,745.50,51.44460992,7.49161612,271.89,0.00,0.00,130.21,1,-107.00,-8.00,4.00,10.00,31.00,6.00,27771907,272
75.10,1551677463,745.50,51.44460992,7.49161612,271.89,0.00,0.00,130.21,1,-107.00,-8.00,7.00,10.00,32.00,7.00,27771907,272
76.10,1551677464,745.50,51.44460992,7.49161612,271.88,0.00,0.00,130.21,1,-107.00,-8.00,7.00,10.00,32.00,7.00,27771907,272
77.10,1551677465,745.50,51.44460992,7.49161612,271.88,0.00,0.00,130.21,1,-107.00,-8.00,18.00,10.00,33.00,7.00,27771907,272
78.10,1551677466,745.50,51.44460992,7.49161612,271.88,0.00,0.00,130.21,1,-107.00,-8.00,18.00,10.00,33.00,7.00,27771907,272
79.10,1551677467,745.50,51.44460992,7.49161612,271.88,0.00,0.00,130.21,1,-106.00,-7.00,21.00,11.00,32.00,7.00,27771907,272
80.10,1551677468,745.50,51.44460992,7.49161612,271.88,0.00,0.00,130.21,1,-106.00,-7.00,21.00,11.00,32.00,7.00,27771907,272
81.11,1551677469,745.50,51.44460992,7.49161612,271.87,0.00,0.00,130.21,1,-106.00,-7.00,19.00,11.00,32.00,7.00,27771907,272
82.10,1551677470,745.50,51.44460992,7.49161612,271.86,0.00,0.00,130.21,1,-106.00,-7.00,19.00,11.00,32.00,7.00,27771907,272
83.10,1551677471,745.50,51.44460992,7.49161612,271.78,0.00,0.00,130.21,1,-106.00,-7.00,19.00,11.00,32.00,7.00,27771907,272
84.10,1551677472,745.50,51.44460992,7.49161612,271.74,0.00,0.00,130.21,1,-107.00,-8.00,21.00,6.00,32.00,7.00,27771907,272
85.10,1551677473,745.50,51.44460992,7.49161612,271.74,0.00,0.00,114.13,1,-107.00,-8.00,21.00,6.00,32.00,7.00,27771907,272
86.10,1551677474,745.50,51.44457402,7.49170574,271.94,0.00,0.00,144.25,1,-104.00,-8.00,8.00,12.00,34.00,7.00,27771907,272
87.10,1551677475,745.50,51.44452735,7.49170969,272.34,2.09,0.00,183.52,1,-104.00,-8.00,8.00,12.00,34.00,7.00,27771907,272
88.10,1551677476,747.59,51.44446785,7.49167423,272.14,3.23,1.14,208.98,1,-94.00,-6.00,28.00,10.00,44.00,7.00,27771907,272
89.10,1551677477,750.82,51.44439391,7.49161070,271.68,3.99,0.76,215.82,1,-94.00,-6.00,28.00,10.00,44.00,7.00,27771907,272
90.10,1551677478,754.80,51.44432616,7.49153631,271.20,8.62,4.65,216.93,1,-95.00,-7.00,29.00,10.00,44.00,7.00,27771907,272
91.10,1551677479,763.43,51.44425448,7.49145758,271.23,10.18,1.56,216.89,1,-95.00,-7.00,29.00,10.00,44.00,7.00,27771907,272
92.10,1551677480,773.62,51.44416397,7.49135722,271.60,12.21,2.03,216.41,1,-91.00,-6.00,35.00,11.00,46.00,7.00,27771907,272
93.10,1551677481,785.84,51.44404029,7.49123096,271.81,13.93,1.72,214.94,1,-91.00,-6.00,35.00,11.00,46.00,7.00,27771907,272
94.11,1551677482,799.87,51.44393016,7.49111277,272.14,13.58,-0.35,213.95,1,-82.00,-5.00,35.00,15.00,55.00,7.00,27771907,272
95.10,1551677483,813.37,51.44381174,7.49098749,271.90,14.88,1.31,214.47,1,-82.00,-5.00,35.00,15.00,55.00,7.00,27771907,272
96.09,1551677484,828.15,51.44369461,7.49085720,271.38,14.69,-0.19,215.43,1,-72.00,-5.00,29.00,15.00,63.00,7.00,27771907,272
97.10,1551677485,842.90,51.44359663,7.49073052,270.95,14.63,-0.06,216.39,1,-72.00,-5.00,29.00,15.00,63.00,7.00,27771907,272
98.10,1551677486,857.53,51.44348616,7.49060503,271.18,14.62,-0.01,216.63,1,-71.00,-5.00,40.00,15.00,63.00,7.00,27771907,272
99.10,1551677487,872.15,51.44337441,7.49048191,271.61,14.71,0.09,216.65,1,-71.00,-5.00,40.00,15.00,63.00,7.00,27771907,272
100.10,1551677488,886.86,51.44326279,7.49035375,271.74,14.86,0.15,216.75,1,-90.00,-6.00,27.00,11.00,46.00,7.00,27771907,272
101.10,1551677489,901.72,51.44314645,7.49021869,271.97,15.15,0.29,216.65,1,-90.00,-6.00,27.00,11.00,46.00,7.00,27771907,272
102.11,1551677490,917.02,51.44302527,7.49007892,272.21,15.40,0.25,216.53,1,-91.00,-6.00,31.00,12.00,46.00,7.00,27771907,272
103.10,1551677491,932.26,51.44290550,7.48993791,272.79,15.20,-0.20,216.70,1,-91.00,-6.00,31.00,12.00,46.00,7.00,27771907,272
104.10,1551677492,947.50,51.44278872,7.48980051,272.49,15.23,0.03,215.70,1,-91.00,-6.00,31.00,12.00,46.00,7.00,27771907,272
105.10,1551677493,962.72,51.44268370,7.48967639,272.13,14.67,-0.57,216.10,1,-78.00,-5.00,37.00,14.00,57.00,7.00,27771907,272
106.10,1551677494,977.38,51.44257063,7.48954166,271.50,15.22,0.55,216.62,1,-78.00,-5.00,37.00,14.00,57.00,7.00,27771907,272
107.10,1551677495,992.60,51.44245475,7.48940995,270.79,15.02,-0.20,217.26,1,-68.00,-5.00,40.00,15.00,63.00,7.00,27771907,272
108.10,1551677496,1007.62,51.44235560,7.48928398,270.43,16.80,1.78,216.58,1,-68.00,-5.00,40.00,15.00,63.00,7.00,27771907,272
109.10,1551677497,1024.42,51.44223882,7.48914362,270.63,15.80,-1.00,216.91,1,-71.00,-5.00,35.00,14.00,63.00,7.00,27771907,272
110.10,1551677498,1040.22,51.44212701,7.48900658,270.62,15.55,-0.25,217.90,1,-71.00,-5.00,35.00,14.00,63.00,7.00,27771907,272
111.10,1551677499,1055.77,51.44203742,7.48889572,271.23,15.71,0.17,218.48,1,-73.00,-5.00,25.00,14.00,63.00,7.00,27771907,272
112.10,1551677500,1071.48,51.44195540,7.48877625,272.29,15.60,-0.11,219.97,1,-73.00,-5.00,25.00,14.00,63.00,7.00,27771907,272
113.10,1551677501,1087.08,51.44186079,7.48863762,272.86,14.57,-1.03,222.27,1,-63.00,-5.00,23.00,15.00,63.00,7.00,27771907,272
114.10,1551677502,1101.65,51.44176715,7.48848988,273.87,14.63,0.06,224.07,1,-63.00,-5.00,23.00,15.00,63.00,7.00,27771907,272
115.10,1551677503,1116.28,51.44166201,7.48832119,275.26,16.46,1.83,224.94,1,-66.00,-4.00,31.00,2.00,63.00,7.00,27771907,272
116.10,1551677504,1132.74,51.44156554,7.48814845,275.77,16.37,-0.09,227.08,1,-66.00,-4.00,31.00,2.00,63.00,7.00,27771907,272
117.10,1551677505,1149.12,51.44145565,7.48795168,276.28,16.25,-0.11,228.15,1,-74.00,-5.00,28.00,15.00,62.00,2.00,27771907,272
118.10,1551677506,1165.36,51.44134287,7.48774570,276.28,16.91,0.66,228.83,1,-74.00,-5.00,28.00,15.00,62.00,2.00,27771907,272
119.10,1551677507,1182.27,51.44124177,7.48755564,276.21,17.22,0.31,229.18,1,-79.00,-6.00,38.00,14.00,57.00,2.00,27771907,272
120.10,1551677508,1199.51,51.44113949,7.48735819,276.54,17.02,-0.20,229.47,1,-79.00,-6.00,38.00,14.00,57.00,2.00,27771907,272
121.10,1551677509,1216.50,51.44104475,7.48716716,276.87,16.86,-0.17,230.21,1,-81.00,-6.00,29.00,14.00,56.00,2.00,27771907,272
122.10,1551677510,1233.31,51.44098888,7.48701335,277.34,16.88,0.02,229.82,1,-81.00,-6.00,29.00,14.00,56.00,2.00,27771907,272
123.11,1551677511,1250.35,51.44090652,7.48683268,277.95,16.96,0.09,229.79,1,-88.00,-11.00,-4.00,7.00,55.00,2.00,27771907,272
124.10,1551677512,1267.22,51.44080830,7.48662834,277.98,16.91,-0.06,229.50,1,-88.00,-11.00,-4.00,7.00,55.00,2.00,27771907,272
125.10,1551677513,1284.11,51.44071997,7.48644063,277.76,16.85,-0.06,229.12,1,-88.00,-11.00,-4.00,7.00,55.00,2.00,27771907,272
126.10,1551677514,1300.95,51.44063368,7.48625795,276.95,16.66,-0.19,229.84,1,-82.00,-7.00,19.00,6.00,56.00,1.00,27771908,272
127.10,1551677515,1317.59,51.44054065,7.48606686,276.48,16.75,0.09,229.16,1,-82.00,-7.00,19.00,6.00,56.00,1.00,27771908,272
128.10,1551677516,1334.36,51.44045838,7.48588576,276.57,16.41,-0.33,229.85,1,-80.00,-6.00,34.00,15.00,57.00,1.00,27771908,270
129.10,1551677517,1350.77,51.44037330,7.48569935,277.01,16.21,-0.20,230.46,1,-80.00,-6.00,34.00,15.00,57.00,1.00,27771908,270
130.10,1551677518,1367.01,51.44028016,7.48550539,277.11,15.80,-0.41,231.65,1,-78.00,-6.00,29.00,15.00,59.00,1.00,27771908,270
131.10,1551677519,1382.80,51.44019117,7.48530960,277.06,16.34,0.54,231.20,1,-78.00,-6.00,29.00,15.00,59.00,1.00,27771908,270
132.10,1551677520,1399.17,51.44012542,7.48514811,277.27,16.34,-0.00,230.62,1,-76.00,-6.00,24.00,15.00,61.00,1.00,27771908,270
133.10,1551677521,1415.46,51.44004945,7.48497493,277.75,16.70,0.36,229.99,1,-76.00,-6.00,24.00,15.00,61.00,1.00,27771908,270
134.10,1551677522,1432.14,51.43995844,7.48478898,278.50,16.84,0.14,228.84,1,-75.00,-5.00,30.00,15.00,62.00,1.00,27771908,270
135.10,1551677523,1449.01,51.43987302,7.48461756,279.08,16.64,-0.21,228.18,1,-75.00,-5.00,30.00,15.00,62.00,1.00,27771908,270
136.10,1551677524,1465.63,51.43976353,7.48440977,279.67,16.77,0.13,228.81,1,-70.00,-5.00,26.00,15.00,63.00,1.00,27771908,270
137.10,1551677525,1482.39,51.43965594,7.48420726,279.97,17.02,0.26,228.38,1,-70.00,-5.00,26.00,15.00,63.00,1.00,27771908,270
138.10,1551677526,1499.42,51.43955960,7.48401852,280.11,17.19,0.17,229.68,1,-71.00,-5.00,33.00,15.00,63.00,1.00,27771908,270
139.10,1551677527,1516.63,51.43946495,7.48381688,280.22,17.19,-0.00,230.46,1,-71.00,-5.00,33.00,15.00,63.00,1.00,27771908,270
140.10,1551677528,1533.83,51.43938247,7.48362720,280.27,15.97,-1.21,232.44,1,-74.00,-5.00,22.00,15.00,63.00,1.00,27771908,270
141.10,1551677529,1549.79,51.43930410,7.48343173,280.45,16.18,0.20,234.30,1,-74.00,-5.00,22.00,15.00,63.00,1.00,27771908,270
142.10,1551677530,1565.98,51.43922812,7.48322930,281.01,16.16,-0.02,236.38,1,-77.00,-5.00,32.00,15.00,60.00,1.00,27771908,270
143.10,1551677531,1582.14,51.43915236,7.48301147,280.76,16.28,0.12,237.69,1,-77.00,-5.00,32.00,15.00,60.00,1.00,27771908,270
144.11,1551677532,1598.55,51.43907649,7.48279083,280.29,16.03,-0.24,239.21,1,-80.00,-5.00,32.00,15.00,57.00,1.00,27771908,270
145.10,1551677533,1614.45,51.43900237,7.48257436,280.23,15.63,-0.41,239.81,1,-80.00,-5.00,32.00,15.00,57.00,1.00,27771908,270
146.10,1551677534,1630.08,51.43892368,7.48233715,280.37,16.15,0.52,240.49,1,-80.00,-5.00,32.00,15.00,57.00,1.00,27771908,270
147.10,1551677535,1646.24,51.43887426,7.48213449,280.07,16.48,0.32,240.34,1,-88.00,-5.00,29.00,15.00,49.00,1.00,27771908,270
148.10,1551677536,1662.70,51.43880191,7.48190599,280.32,16.31,-0.17,240.97,1,-88.00,-5.00,29.00,15.00,49.00,1.00,27771908,270
149.10,1551677537,1679.03,51.43872826,7.48167810,280.92,16.28,-0.03,241.52,1,-93.00,-6.00,22.00,12.00,43.00,1.00,27771908,270
150.10,1551677538,1695.29,51.43866469,7.48145904,280.66,17.25,0.97,240.62,1,-93.00,-6.00,22.00,12.00,43.00,1.00,27771908,270
151.10,1551677539,1712.54,51.43859429,7.48123911,281.03,17.03,-0.23,240.49,1,-96.00,-6.00,21.00,13.00,40.00,1.00,27771908,270
152.10,1551677540,1729.59,51.43851900,7.48100802,281.55,17.34,0.31,240.94,1,-96.00,-6.00,21.00,13.00,40.00,1.00,27771908,270
153.10,1551677541,1746.91,51.43844524,7.48077698,282.51,17.52,0.18,240.64,1,-99.00,-7.00,14.00,12.00,39.00,1.00,27771908,270
154.10,1551677542,1764.44,51.43837114,7.48055126,282.76,17.64,0.12,240.93,1,-99.00,-7.00,14.00,12.00,39.00,1.00,27771908,270
155.10,1551677543,1782.09,51.43829530,7.48033303,283.26,17.20,-0.44,240.87,1,-100.00,-6.00,10.00,2.00,37.00,1.00,27771908,270
156.10,1551677544,1799.29,51.43822100,7.48009801,283.97,17.77,0.57,240.56,1,-100.00,-6.00,10.00,2.00,37.00,1.00,27771908,270
157.10,1551677545,1817.06,51.43814142,7.47985823,284.51,17.91,0.14,240.95,1,-101.00,-7.00,6.00,2.00,37.00,1.00,27771908,270
158.10,1551677546,1834.96,51.43807089,7.47964024,284.74,17.63,-0.28,241.54,1,-101.00,-7.00,6.00,2.00,37.00,1.00,27771908,270
159.10,1551677547,1852.60,51.43799892,7.47941683,284.76,16.76,-0.87,241.93,1,-103.00,-6.00,13.00,2.00,35.00,1.00,27771908,270
160.10,1551677548,1869.36,51.43793365,7.47920710,284.26,16.72,-0.04,240.97,1,-103.00,-6.00,13.00,2.00,35.00,1.00,27771908,270
161.10,1551677549,1886.10,51.43786645,7.47899417,283.94,16.09,-0.63,241.37,1,-104.00,-8.00,10.00,2.00,34.00,1.00,27771908,270
162.10,1551677550,1902.17,51.43779044,7.47876166,283.28,14.93,-1.16,242.05,1,-104.00,-8.00,10.00,2.00,34.00,1.00,27771908,270
163.10,1551677551,1917.12,51.43773004,7.47855236,282.87,14.80,-0.13,242.91,1,-104.00,-8.00,8.00,2.00,34.00,1.00,27771908,270
164.10,1551677552,1931.91,51.43766673,7.47834435,282.37,14.74,-0.06,243.66,1,-104.00,-8.00,8.00,2.00,34.00,1.00,27771908,270
165.11,1551677553,1946.81,51.43759811,7.47812195,281.88,16.24,1.48,242.47,1,-106.00,-8.00,8.00,2.00,33.00,1.00,27771908,270
166.10,1551677554,1962.89,51.43753056,7.47790191,282.00,16.60,0.36,243.29,1,-106.00,-8.00,8.00,2.00,33.00,1.00,27771908,270
167.10,1551677555,1979.48,51.43746408,7.47768321,281.32,15.04,-1.55,242.65,1,-106.00,-8.00,8.00,2.00,33.00,1.00,27771908,270
168.10,1551677556,1994.54,51.43739381,7.47747259,280.53,15.55,0.51,241.43,1,-109.00,-9.00,3.00,8.00,30.00,10.00,27771908,270
169.10,1551677557,2010.09,51.43732262,7.47726094,279.74,15.89,0.34,239.93,1,-109.00,-9.00,3.00,8.00,30.00,10.00,27771908,270
170.10,1551677558,2025.98,51.43725232,7.47704955,279.39,15.45,-0.44,239.78,1,-108.00,-11.00,19.00,9.00,34.00,10.00,27771908,270
171.10,1551677559,2041.42,51.43719933,7.47685507,279.31,13.85,-1.60,242.39,1,-108.00,-11.00,19.00,9.00,34.00,10.00,27771908,270
172.10,1551677560,2055.24,51.43715201,7.47667794,278.94,13.37,-0.48,242.97,1,-104.00,-7.00,13.00,14.00,35.00,10.00,27771908,270
173.10,1551677561,2068.62,51.43715620,7.47650742,279.23,10.40,-2.97,270.42,1,-104.00,-7.00,13.00,14.00,35.00,10.00,27771908,270
174.10,1551677562,2079.02,51.43720069,7.47634122,279.58,10.09,-0.30,296.73,1,-103.00,-6.00,10.00,8.00,35.00,10.00,27771908,270
175.10,1551677563,2089.11,51.43726751,7.47622385,280.37,9.49,-0.60,314.38,1,-103.00,-6.00,10.00,8.00,35.00,10.00,27771908,270
176.10,1551677564,2098.61,51.43734594,7.47614845,281.16,8.42,-1.07,334.77,1,-97.00,-6.00,19.00,12.00,39.00,10.00,27771908,270
177.10,1551677565,2107.03,51.43743565,7.47615928,281.56,8.61,0.19,19.20,1,-97.00,-6.00,19.00,12.00,39.00,10.00,27771908,270
178.10,1551677566,2115.65,51.43751092,7.47622314,283.20,9.98,1.37,37.77,1,-78.00,-4.00,33.00,15.00,57.00,10.00,27771908,270
179.10,1551677567,2125.65,51.43757940,7.47633677,284.20,10.49,0.50,50.52,1,-78.00,-4.00,33.00,15.00,57.00,10.00,27771908,270
180.10,1551677568,2136.12,51.43765581,7.47648201,285.07,11.95,1.47,52.18,1,-80.00,-5.00,32.00,14.00,56.00,10.00,27771908,270
181.10,1551677569,2148.11,51.43772191,7.47661971,285.90,13.14,1.18,52.99,1,-80.00,-5.00,32.00,14.00,56.00,10.00,27771908,270
182.10,1551677570,2161.19,51.43780666,7.47678082,286.63,15.05,1.91,52.79,1,-81.00,-4.00,31.00,15.00,55.00,10.00,27771908,270
183.10,1551677571,2176.25,51.43789344,7.47696282,287.11,16.27,1.22,53.25,1,-81.00,-4.00,31.00,15.00,55.00,10.00,27771908,270
184.10,1551677572,2192.52,51.43798765,7.47716333,287.55,17.54,1.27,53.71,1,-79.00,-5.00,31.00,15.00,58.00,10.00,27771908,270
185.10,1551677573,2210.04,51.43808745,7.47737970,288.06,18.56,1.02,54.36,1,-79.00,-5.00,31.00,15.00,58.00,10.00,27771908,270
186.11,1551677574,2228.73,51.43819655,7.47761475,288.65,19.46,0.89,55.32,1,-78.00,-7.00,31.00,15.00,63.00,10.00,27771908,270
187.10,1551677575,2248.07,51.43828935,7.47783779,289.41,20.47,1.02,56.00,1,-78.00,-7.00,31.00,15.00,63.00,10.00,27771908,270
188.09,1551677576,2268.43,51.43839787,7.47809608,289.52,21.34,0.87,56.45,1,-78.00,-7.00,31.00,15.00,63.00,10.00,27771908,270
189.10,1551677577,2289.84,51.43851260,7.47836629,289.22,22.43,1.09,55.58,1,-81.00,-7.00,31.00,15.00,60.00,10.00,27771908,270
190.10,1551677578,2312.29,51.43862841,7.47864157,289.43,23.50,1.07,56.42,1,-81.00,-7.00,31.00,15.00,60.00,10.00,27771908,270
191.10,1551677579,2335.81,51.43874507,7.47893273,289.55,24.08,0.58,57.68,1,-83.00,-5.00,32.00,13.00,55.00,10.00,27771908,270
192.10,1551677580,2359.89,51.43886638,7.47923708,289.64,24.91,0.83,58.07,1,-83.00,-5.00,32.00,13.00,55.00,10.00,27771908,270
193.10,1551677581,2384.80,51.43899336,7.47955035,289.72,25.62,0.71,56.91,1,-86.00,-5.00,15.00,12.00,50.00,10.00,27771908,270
194.10,1551677582,2410.42,51.43913214,7.47986878,289.34,26.93,1.31,55.25,1,-86.00,-5.00,15.00,12.00,50.00,10.00,27771908,270
195.10,1551677583,2437.35,51.43927748,7.48018081,288.92,26.94,0.01,53.72,1,-87.00,-5.00,28.00,15.00,51.00,10.00,27771908,270
196.10,1551677584,2464.40,51.43941568,7.48048470,288.34,26.52,-0.42,53.59,1,-87.00,-5.00,28.00,15.00,51.00,10.00,27771908,270
197.10,1551677585,2490.73,51.43955312,7.48077601,287.59,25.96,-0.56,52.23,1,-89.00,-5.00,29.00,1.00,48.00,10.00,27771908,270
198.10,1551677586,2516.71,51.43969292,7.48106489,287.24,25.52,-0.43,51.91,1,-89.00,-5.00,29.00,1.00,48.00,10.00,27771908,270
199.10,1551677587,2542.26,51.43983382,7.48134203,287.02,25.11,-0.42,50.47,1,-88.00,-6.00,27.00,1.00,48.00,10.00,27771908,270
200.10,1551677588,2567.34,51.43996878,7.48161374,287.11,25.03,-0.08,49.71,1,-88.00,-6.00,27.00,1.00,48.00,10.00,27771908,270
201.10,1551677589,2592.38,51.44012083,7.48188233,287.25,24.90,-0.14,46.96,1,-86.00,-9.00,24.00,1.00,55.00,10.00,27771908,270
202.10,1551677590,2617.27,51.44028779,7.48214574,286.96,25.20,0.30,44.20,1,-86.00,-9.00,24.00,1.00,55.00,10.00,27771908,270
203.10,1551677591,2642.50,51.44045960,7.48239570,286.88,25.04,-0.16,42.70,1,-85.00,-5.00,27.00,15.00,51.00,10.00,27771908,270
204.10,1551677592,2667.51,51.44062997,7.48263491,286.95,25.01,-0.03,41.30,1,-85.00,-5.00,27.00,15.00,51.00,10.00,27771908,270
205.10,1551677593,2692.53,51.44079655,7.48287482,286.56,24.87,-0.14,40.63,1,-84.00,-5.00,25.00,15.00,52.00,10.00,27771908,270
206.10,1551677594,2717.45,51.44097633,7.48311538,286.52,24.96,0.09,40.09,1,-84.00,-5.00,25.00,15.00,52.00,10.00,27771908,270
207.11,1551677595,2742.61,51.44113580,7.48333396,285.25,24.80,-0.16,38.83,1,-85.00,-5.00,16.00,11.00,51.00,10.00,27771908,270
208.10,1551677596,2767.22,51.44130968,7.48354960,283.96,24.77,-0.03,36.89,1,-85.00,-5.00,16.00,11.00,51.00,10.00,27771908,270
209.10,1551677597,2791.99,51.44149370,7.48375201,283.08,24.46,-0.32,34.36,1,-85.00,-5.00,16.00,11.00,51.00,10.00,27771908,270
210.10,1551677598,2816.42,51.44168001,7.48393957,282.57,24.81,0.35,31.49,1,-84.00,-5.00,18.00,10.00,51.00,10.00,27771908,270
211.10,1551677599,2841.25,51.44187067,7.48413047,282.05,24.97,0.17,30.39,1,-84.00,-5.00,18.00,10.00,51.00,10.00,27771908,270
212.10,1551677600,2866.25,51.44206751,7.48430989,281.67,24.90,-0.07,28.24,1,-93.00,-10.00,12.00,13.00,48.00,10.00,27771908,270
213.10,1551677601,2891.15,51.44226408,7.48448871,281.29,24.77,-0.13,27.32,1,-93.00,-10.00,12.00,13.00,48.00,10.00,27771908,270
214.10,1551677602,2915.89,51.44246683,7.48465009,281.04,24.81,0.04,26.28,1,-86.00,-8.00,12.00,14.00,52.00,1.00,27771909,271
215.10,1551677603,2940.70,51.44266765,7.48481252,280.72,24.56,-0.25,25.46,1,-86.00,-8.00,12.00,14.00,52.00,1.00,27771909,271
216.10,1551677604,2965.25,51.44286770,7.48496364,280.20,24.36,-0.19,24.58,1,-80.00,-6.00,25.00,15.00,57.00,1.00,27771909,271
217.10,1551677605,2989.61,51.44306329,7.48510918,279.61,24.02,-0.34,23.59,1,-80.00,-6.00,25.00,15.00,57.00,1.00,27771909,271
218.10,1551677606,3013.64,51.44325447,7.48524309,278.81,23.45,-0.57,23.06,1,-78.00,-5.00,24.00,15.00,60.00,1.00,27771909,271
219.10,1551677607,3037.09,51.44343411,7.48536434,278.23,22.24,-1.21,23.25,1,-78.00,-5.00,24.00,15.00,60.00,1.00,27771909,271
220.10,1551677608,3059.33,51.44360218,7.48548371,277.68,20.70,-1.54,23.68,1,-79.00,-5.00,32.00,15.00,58.00,1.00,27771909,271
221.10,1551677609,3080.05,51.44376559,7.48559796,277.07,19.60,-1.10,22.85,1,-79.00,-5.00,32.00,15.00,58.00,1.00,27771909,271
222.10,1551677610,3099.63,51.44393347,7.48571596,276.25,18.88,-0.72,22.07,1,-68.00,-5.00,32.00,15.00,63.00,1.00,27771909,271
223.10,1551677611,3118.51,51.44408623,7.48580875,275.56,17.73,-1.15,21.25,1,-68.00,-5.00,32.00,15.00,63.00,1.00,27771909,271
224.10,1551677612,3136.25,51.44423413,7.48589969,275.11,17.19,-0.54,21.91,1,-67.00,-4.00,32.00,15.00,63.00,1.00,27771909,271
225.10,1551677613,3153.44,51.44436888,7.48599703,274.59,16.35,-0.84,24.04,1,-67.00,-4.00,32.00,15.00,63.00,1.00,27771909,271
226.10,1551677614,3169.83,51.44448778,7.48610066,273.90,16.10,-0.26,27.48,1,-75.00,-5.00,27.00,15.00,62.00,1.00,27771909,271
227.10,1551677615,3185.87,51.44458844,7.48625027,272.87,15.54,-0.56,42.50,1,-75.00,-5.00,27.00,15.00,62.00,1.00,27771909,271
228.11,1551677616,3201.55,51.44466662,7.48642693,271.87,14.69,-0.84,55.39,1,-74.00,-4.00,21.00,15.00,62.00,1.00,27771909,271
229.10,1551677617,3216.10,51.44470779,7.48661705,270.84,13.79,-0.91,73.31,1,-74.00,-4.00,21.00,15.00,62.00,1.00,27771909,271
230.10,1551677618,3229.90,51.44471081,7.48680638,269.45,13.75,-0.03,89.16,1,-74.00,-4.00,21.00,15.00,62.00,1.00,27771909,271
231.10,1551677619,3243.65,51.44468033,7.48701256,268.31,14.46,0.71,106.85,1,-81.00,-5.00,25.00,13.00,56.00,1.00,27771909,271
232.10,1551677620,3258.11,51.44461365,7.48719203,267.35,14.66,0.20,126.08,1,-81.00,-5.00,25.00,13.00,56.00,1.00,27771909,271
233.10,1551677621,3272.76,51.44453674,7.48735102,266.31,14.56,-0.10,130.16,1,-81.00,-6.00,22.00,15.00,55.00,1.00,27771909,271
234.10,1551677622,3287.33,51.44442718,7.48745143,265.71,14.40,-0.16,152.81,1,-81.00,-6.00,22.00,15.00,55.00,1.00,27771909,271
235.10,1551677623,3301.72,51.44431439,7.48753735,265.25,14.55,0.14,156.52,1,-72.00,-6.00,28.00,14.00,63.00,1.00,27771909,271
236.10,1551677624,3316.29,51.44418708,7.48753511,264.88,14.07,-0.47,184.09,1,-72.00,-6.00,28.00,14.00,63.00,1.00,27771909,271
237.10,1551677625,3330.36,51.44405705,7.48747195,264.10,14.07,-0.00,200.72,1,-73.00,-5.00,29.00,15.00,63.00,1.00,27771909,271
238.10,1551677626,3344.43,51.44394614,7.48736318,263.41,14.15,0.08,215.41,1,-73.00,-5.00,29.00,15.00,63.00,1.00,27771909,271
239.10,1551677627,3358.56,51.44385138,7.48721243,262.37,14.69,0.55,229.65,1,-79.00,-5.00,25.00,15.00,59.00,1.00,27771909,271
240.10,1551677628,3373.27,51.44378762,7.48702058,261.63,15.20,0.51,245.46,1,-79.00,-5.00,25.00,15.00,59.00,1.00,27771909,271
241.10,1551677629,3388.47,51.44376348,7.48680060,261.01,15.56,0.36,263.40,1,-82.00,-6.00,24.00,15.00,54.00,1.00,27771909,271
242.10,1551677630,3404.03,51.44374760,7.48657750,260.22,16.19,0.63,265.40,1,-82.00,-6.00,24.00,15.00,54.00,1.00,27771909,271
243.10,1551677631,3420.22,51.44373691,7.48633323,259.48,17.10,0.91,266.88,1,-82.00,-6.00,25.00,2.00,54.00,1.00,27771909,271
244.10,1551677632,3437.32,51.44372714,7.48608395,258.86,18.16,1.06,267.23,1,-82.00,-6.00,25.00,2.00,54.00,1.00,27771909,271
245.10,1551677633,3455.48,51.44372176,7.48581981,257.92,18.95,0.79,267.99,1,-79.00,-6.00,25.00,2.00,56.00,1.00,27771909,271
246.10,1551677634,3474.41,51.44371581,7.48550666,257.38,20.28,1.33,268.60,1,-79.00,-6.00,25.00,2.00,56.00,1.00,27771909,271
247.10,1551677635,3494.71,51.44372050,7.48518849,256.83,20.18,-0.10,269.79,1,-83.00,-6.00,21.00,2.00,54.00,1.00,27771909,271
248.10,1551677636,3514.87,51.44372303,7.48489833,255.93,20.97,0.79,270.13,1,-83.00,-6.00,21.00,2.00,54.00,1.00,27771909,271
249.11,1551677637,3536.04,51.44372040,7.48459113,256.39,22.35,1.38,268.75,1,-84.00,-6.00,25.00,2.00,52.00,1.00,27771909,271
250.10,1551677638,3558.19,51.44371482,7.48428751,257.52,23.34,0.99,268.84,1,-84.00,-6.00,25.00,2.00,52.00,1.00,27771909,271
251.10,1551677639,3581.60,51.44371009,7.48396664,258.79,24.20,0.86,268.15,1,-84.00,-6.00,25.00,2.00,52.00,1.00,27771909,271
252.10,1551677640,3605.68,51.44370697,7.48362161,259.83,24.87,0.68,268.20,1,-68.00,-6.00,33.00,15.00,63.00,3.00,27771909,271
253.10,1551677641,3630.58,51.44369177,7.48323338,260.04,24.81,-0.06,267.76,1,-68.00,-6.00,33.00,15.00,63.00,3.00,27771909,271
254.10,1551677642,3655.36,51.44367744,7.48287382,259.96,24.69,-0.12,267.40,1,-79.00,-5.00,27.00,15.00,58.00,3.00,27771909,271
255.10,1551677643,3680.06,51.44366367,7.48251285,260.46,24.94,0.25,267.61,1,-79.00,-5.00,27.00,15.00,58.00,3.00,27771909,271
256.10,1551677644,3705.02,51.44364939,7.48214083,260.97,25.58,0.64,267.19,1,-84.00,-6.00,27.00,14.00,53.00,3.00,27771909,271
257.10,1551677645,3730.60,51.44363523,7.48177393,261.25,26.04,0.46,266.69,1,-84.00,-6.00,27.00,14.00,53.00,3.00,27771909,271
258.10,1551677646,3756.65,51.44362109,7.48142030,261.58,26.54,0.50,266.22,1,-87.00,-5.00,22.00,15.00,50.00,3.00,27771909,271
259.10,1551677647,3783.19,51.44360088,7.48103890,261.74,26.51,-0.03,265.82,1,-87.00,-5.00,22.00,15.00,50.00,3.00,27771909,271
260.10,1551677648,3809.69,51.44357427,7.48065486,261.83,26.10,-0.41,265.20,1,-91.00,-6.00,9.00,12.00,47.00,3.00,27771909,271
261.10,1551677649,3835.82,51.44355097,7.48028451,262.23,25.45,-0.65,264.30,1,-91.00,-6.00,9.00,12.00,47.00,3.00,27771909,271
262.10,1551677650,3861.26,51.44352388,7.47991994,262.57,25.37,-0.08,263.26,1,-90.00,-5.00,22.00,13.00,48.00,3.00,27771909,271
263.10,1551677651,3886.63,51.44349664,7.47956163,262.76,25.30,-0.07,262.16,1,-90.00,-5.00,22.00,13.00,48.00,3.00,27771909,271
264.10,1551677652,3911.93,51.44346898,7.47920594,262.87,25.52,0.22,262.66,1,-88.00,-5.00,10.00,14.00,49.00,3.00,27771909,271
265.10,1551677653,3937.42,51.44344177,7.47884345,262.75,25.69,0.17,262.75,1,-88.00,-5.00,10.00,14.00,49.00,3.00,27771909,271
266.10,1551677654,3963.13,51.44341429,7.47848587,262.60,25.75,0.07,262.89,1,-90.00,-6.00,13.00,10.00,48.00,3.00,27771909,271
267.10,1551677655,3988.91,51.44339019,7.47811323,262.63,25.99,0.24,263.20,1,-90.00,-6.00,13.00,10.00,48.00,3.00,27771909,271
268.10,1551677656,4014.87,51.44336640,7.47774236,262.56,26.37,0.38,262.58,1,-88.00,-5.00,19.00,2.00,51.00,3.00,27771909,271
269.10,1551677657,4041.24,51.44333585,7.47735551,262.49,26.85,0.49,262.03,1,-88.00,-5.00,19.00,2.00,51.00,3.00,27771909,271
270.11,1551677658,4068.34,51.44330073,7.47696696,262.25,27.25,0.39,261.77,1,-89.00,-6.00,14.00,2.00,49.00,3.00,27771909,271
271.10,1551677659,4095.34,51.44326212,7.47657228,261.70,27.57,0.32,261.27,1,-89.00,-6.00,14.00,2.00,49.00,3.00,27771909,271
272.10,1551677660,4122.91,51.44322578,7.47618039,260.98,27.67,0.10,261.36,1,-89.00,-6.00,14.00,2.00,49.00,3.00,27771909,271
273.10,1551677661,4150.58,51.44318323,7.47580634,260.52,27.57,-0.10,260.78,1,-91.00,-7.00,13.00,2.00,48.00,3.00,27771909,271
274.10,1551677662,4178.15,51.44314071,7.47540335,259.99,27.65,0.08,259.87,1,-91.00,-7.00,13.00,2.00,48.00,3.00,27771909,271
275.10,1551677663,4205.80,51.44309368,7.47500923,259.41,27.85,0.20,259.00,1,-92.00,-7.00,3.00,2.00,47.00,3.00,27771909,271
276.10,1551677664,4233.64,51.44304693,7.47461138,258.81,28.21,0.36,258.46,1,-92.00,-7.00,3.00,2.00,47.00,3.00,27771909,271
277.10,1551677665,4261.88,51.44299480,7.47420561,258.06,28.02,-0.19,257.89,1,-92.00,-7.00,1.00,2.00,46.00,3.00,27771909,271
278.10,1551677666,4289.87,51.44294502,7.47381899,257.41,27.59,-0.43,258.18,1,-92.00,-7.00,1.00,2.00,46.00,3.00,27771909,271
279.10,1551677667,4317.55,51.44289339,7.47343327,256.97,28.10,0.51,257.45,1,-98.00,-6.00,10.00,2.00,36.00,3.00,30422273,155
280.10,1551677668,4345.62,51.44283864,7.47302919,256.46,28.43,0.32,256.99,1,-98.00,-6.00,10.00,2.00,36.00,3.00,30422273,155
281.10,1551677669,4373.96,51.44277959,7.47262542,255.87,28.22,-0.21,256.79,1,-98.00,-6.00,7.00,2.00,36.00,3.00,30422273,155
282.10,1551677670,4402.18,51.44272145,7.47222728,255.20,28.29,0.07,257.49,1,-98.00,-6.00,7.00,2.00,36.00,3.00,30422273,155
283.10,1551677671,4430.51,51.44266691,7.47182353,254.37,28.51,0.22,258.00,1,-100.00,-6.00,2.00,2.00,34.00,3.00,30422273,155
284.10,1551677672,4459.02,51.44261248,7.47141511,253.59,28.77,0.26,258.20,1,-100.00,-6.00,2.00,2.00,34.00,3.00,30422273,155
285.10,1551677673,4487.79,51.44256027,7.47100724,252.75,29.03,0.26,258.26,1,-105.00,-7.00,3.00,2.00,32.00,3.00,30422273,155
286.10,1551677674,4516.79,51.44250696,7.47060728,252.15,29.31,0.27,258.24,1,-105.00,-7.00,3.00,2.00,32.00,3.00,30422273,155
287.10,1551677675,4546.13,51.44245382,7.47019107,251.24,29.57,0.26,258.16,1,-108.00,-9.00,4.00,2.00,32.00,3.00,30422273,155
288.10,1551677676,4575.66,51.44240059,7.46975780,249.96,29.75,0.18,258.18,1,-108.00,-9.00,4.00,2.00,32.00,3.00,30422273,155
289.10,1551677677,4605.50,51.44234816,7.46931940,248.24,30.26,0.51,258.22,1,-111.00,-9.00,0.00,2.00,29.00,3.00,30422273,155
290.10,1551677678,4635.74,51.44229401,7.46889742,246.62,30.95,0.69,258.35,1,-111.00,-9.00,0.00,2.00,29.00,3.00,30422273,155
291.11,1551677679,4667.00,51.44223821,7.46845273,245.32,31.41,0.45,258.43,1,-110.00,-9.00,8.00,2.00,29.00,3.00,30422273,155
292.10,1551677680,4698.12,51.44218247,7.46799959,244.10,32.02,0.62,258.61,1,-110.00,-9.00,8.00,2.00,29.00,3.00,30422273,155
293.10,1551677681,4730.15,51.44212889,7.46754033,242.96,32.54,0.52,259.02,1,-110.00,-9.00,8.00,2.00,29.00,3.00,30422273,155
294.10,1551677682,4762.69,51.44207232,7.46706943,241.88,32.95,0.40,259.30,1,-106.00,-9.00,8.00,2.00,32.00,3.00,31281409,195
295.10,1551677683,4795.60,51.44201499,7.46660325,241.01,33.30,0.35,259.87,1,-106.00,-9.00,8.00,2.00,32.00,3.00,31281409,195
296.10,1551677684,4828.83,51.44196478,7.46612464,240.20,33.76,0.46,260.35,1,-105.00,-8.00,12.00,2.00,34.00,3.00,31281409,195
297.10,1551677685,4862.59,51.44191345,7.46564367,239.45,33.72,-0.04,260.73,1,-105.00,-8.00,12.00,2.00,34.00,3.00,31281409,195
298.10,1551677686,4896.34,51.44186312,7.46515726,238.96,33.28,-0.44,260.78,1,-101.00,-8.00,13.00,2.00,37.00,3.00,31281409,195
299.10,1551677687,4929.63,51.44181722,7.46467198,238.52,32.82,-0.46,261.38,1,-101.00,-8.00,13.00,2.00,37.00,3.00,31281409,195
300.10,1551677688,4962.45,51.44177463,7.46419810,238.12,32.84,0.02,261.91,1,-100.00,-8.00,13.00,2.00,37.00,3.00,31281409,195
301.10,1551677689,4995.29,51.44173755,7.46373211,237.89,32.99,0.14,262.38,1,-100.00,-8.00,13.00,2.00,37.00,3.00,31281409,195
302.10,1551677690,5028.38,51.44170001,7.46326307,238.10,33.23,0.25,263.13,1,-99.00,-8.00,13.00,2.00,38.00,3.00,31281409,195
303.09,1551677691,5061.35,51.44166900,7.46279000,238.47,33.54,0.31,263.54,1,-99.00,-8.00,13.00,2.00,38.00,3.00,31281409,195
304.10,1551677692,5095.06,51.44164222,7.46231105,238.93,34.03,0.48,264.71,1,-104.00,-8.00,8.00,11.00,35.00,25.00,31281409,195
305.10,1551677693,5129.08,51.44161502,7.46181385,239.18,34.44,0.42,265.36,1,-104.00,-8.00,8.00,11.00,35.00,25.00,31281409,195
306.10,1551677694,5163.46,51.44158844,7.46129737,239.47,34.87,0.42,265.60,1,-102.00,-7.00,11.00,8.00,36.00,25.00,31281409,195
307.09,1551677695,5198.22,51.44157154,7.46078557,239.53,35.38,0.52,266.27,1,-102.00,-7.00,11.00,8.00,36.00,25.00,31281409,195
308.10,1551677696,5233.74,51.44155389,7.46027673,239.39,35.43,0.05,266.58,1,-103.00,-8.00,6.00,7.00,35.00,25.00,31281409,195
309.10,1551677697,5269.18,51.44153977,7.45976323,238.92,35.26,-0.18,267.43,1,-103.00,-8.00,6.00,7.00,35.00,25.00,31281409,195
310.10,1551677698,5304.50,51.44152530,7.45925731,238.33,35.37,0.11,268.24,1,-105.00,-10.00,21.00,6.00,36.00,25.00,31281409,195
311.10,1551677699,5339.87,51.44151488,7.45874248,237.55,35.09,-0.28,268.43,1,-105.00,-10.00,21.00,6.00,36.00,25.00,31281409,195
312.11,1551677700,5375.28,51.44150703,7.45823226,237.08,34.99,-0.10,268.69,1,-103.00,-9.00,5.00,6.00,36.00,25.00,31281409,195
313.10,1551677701,5409.95,51.44150880,7.45773248,236.87,34.92,-0.07,269.55,1,-103.00,-9.00,5.00,6.00,36.00,25.00,31281409,195
314.10,1551677702,5444.87,51.44150930,7.45722389,236.73,35.09,0.17,269.84,1,-103.00,-9.00,5.00,6.00,36.00,25.00,31281409,195
315.10,1551677703,5479.96,51.44150870,7.45671287,236.42,35.22,0.14,269.98,1,-105.00,-10.00,-1.00,7.00,35.00,25.00,31281409,195
316.10,1551677704,5515.22,51.44150910,7.45619742,236.23,35.19,-0.03,270.54,1,-105.00,-10.00,-1.00,7.00,35.00,25.00,31281409,195
317.10,1551677705,5550.38,51.44151495,7.45569241,235.99,34.65,-0.54,270.62,1,-100.00,-10.00,-1.00,9.00,37.00,25.00,27771908,270
318.10,1551677706,5585.16,51.44152458,7.45522129,235.86,34.40,-0.25,271.51,1,-100.00,-10.00,-1.00,9.00,37.00,25.00,27771908,270
319.10,1551677707,5619.32,51.44154588,7.45472948,235.53,34.14,-0.26,272.92,1,-86.00,-7.00,8.00,15.00,52.00,16.00,33527552,376
320.10,1551677708,5653.39,51.44156443,7.45423766,235.21,33.91,-0.22,273.42,1,-86.00,-7.00,8.00,15.00,52.00,16.00,33527552,376
321.10,1551677709,5687.44,51.44158869,7.45375135,234.75,33.87,-0.04,273.98,1,-81.00,-6.00,19.00,10.00,51.00,16.00,33527552,376
322.10,1551677710,5721.28,51.44161141,7.45328355,233.82,33.94,0.06,274.58,1,-81.00,-6.00,19.00,10.00,51.00,16.00,33527552,376
323.10,1551677711,5755.18,51.44164336,7.45281206,232.91,34.07,0.14,275.72,1,-85.00,-5.00,19.00,11.00,46.00,16.00,33527552,376
324.10,1551677712,5789.29,51.44167758,7.45232311,231.82,34.31,0.23,276.25,1,-85.00,-5.00,19.00,11.00,46.00,16.00,33527552,376
325.10,1551677713,5823.56,51.44170941,7.45182524,230.90,34.53,0.22,276.13,1,-84.00,-5.00,26.00,14.00,53.00,16.00,33527552,376
326.10,1551677714,5858.12,51.44174882,7.45132622,230.59,34.75,0.22,276.81,1,-84.00,-5.00,26.00,14.00,53.00,16.00,33527552,376
327.10,1551677715,5892.90,51.44178801,7.45082631,230.29,34.30,-0.45,277.35,1,-81.00,-5.00,23.00,15.00,55.00,16.00,33527552,376
328.10,1551677716,5927.20,51.44182851,7.45033736,229.69,33.81,-0.49,277.66,1,-81.00,-5.00,23.00,15.00,55.00,16.00,33527552,376
329.10,1551677717,5961.01,51.44187422,7.44984645,228.96,33.63,-0.18,277.85,1,-79.00,-4.00,30.00,15.00,56.00,16.00,33527552,376
330.10,1551677718,5994.64,51.44192046,7.44935934,228.52,33.28,-0.35,278.17,1,-79.00,-4.00,30.00,15.00,56.00,16.00,33527552,376
331.10,1551677719,6027.89,51.44196254,7.44889406,228.16,32.99,-0.29,278.75,1,-78.00,-5.00,26.00,15.00,59.00,16.00,33527552,376
332.10,1551677720,6060.87,51.44201068,7.44843928,227.83,32.63,-0.35,279.17,1,-78.00,-5.00,26.00,15.00,59.00,16.00,33527552,376
333.11,1551677721,6093.80,51.44205741,7.44798665,227.87,32.66,0.03,280.12,1,-78.00,-5.00,26.00,14.00,59.00,16.00,33527552,376
334.10,1551677722,6126.20,51.44211506,7.44752925,227.83,32.82,0.16,280.91,1,-78.00,-5.00,26.00,14.00,59.00,16.00,33527552,376
335.10,1551677723,6159.02,51.44217254,7.44705189,227.37,32.97,0.15,281.25,1,-78.00,-5.00,26.00,14.00,59.00,16.00,33527552,376
336.10,1551677724,6191.99,51.44223836,7.44658258,227.03,32.87,-0.10,282.81,1,-73.00,-5.00,26.00,15.00,63.00,16.00,33527552,376
337.10,1551677725,6224.83,51.44230472,7.44610750,226.78,33.33,0.46,282.47,1,-73.00,-5.00,26.00,15.00,63.00,16.00,33527552,376
338.10,1551677726,6258.20,51.44237171,7.44563406,226.51,33.73,0.40,282.64,1,-71.00,-5.00,32.00,15.00,63.00,16.00,33527552,376
339.10,1551677727,6291.93,51.44244048,7.44517217,225.20,34.13,0.40,283.15,1,-71.00,-5.00,32.00,15.00,63.00,16.00,33527552,376
340.10,1551677728,6326.06,51.44251117,7.44469841,223.58,34.49,0.37,283.21,1,-66.00,-4.00,30.00,2.00,63.00,16.00,33527552,376
341.10,1551677729,6360.55,51.44258355,7.44421713,222.02,34.91,0.42,283.30,1,-66.00,-4.00,30.00,2.00,63.00,16.00,33527552,376
342.10,1551677730,6395.43,51.44265969,7.44371592,220.34,34.57,-0.35,283.75,1,-68.00,-5.00,29.00,2.00,63.00,16.00,33527552,376
343.10,1551677731,6430.03,51.44274384,7.44323550,218.80,33.98,-0.59,285.01,1,-68.00,-5.00,29.00,2.00,63.00,16.00,33527552,376
344.10,1551677732,6464.11,51.44282772,7.44276979,217.58,33.96,-0.02,285.28,1,-69.00,-6.00,29.00,2.00,63.00,16.00,33527552,376
345.10,1551677733,6497.91,51.44291044,7.44230513,216.57,34.12,0.16,285.69,1,-69.00,-6.00,29.00,2.00,63.00,16.00,33527552,376
346.10,1551677734,6532.06,51.44299262,7.44184188,215.90,34.33,0.21,285.84,1,-70.00,-6.00,29.00,15.00,63.00,5.00,33527552,376
347.10,1551677735,6566.39,51.44308562,7.44137100,215.26,34.41,0.09,286.77,1,-70.00,-6.00,29.00,15.00,63.00,5.00,33527552,376
348.10,1551677736,6600.80,51.44317483,7.44089250,214.55,34.00,-0.42,287.07,1,-76.00,-5.00,13.00,12.00,61.00,5.00,33527552,376
349.10,1551677737,6634.76,51.44326127,7.44042778,214.05,33.64,-0.35,287.67,1,-76.00,-5.00,13.00,12.00,61.00,5.00,33527552,376
350.10,1551677738,6668.44,51.44335562,7.43996221,213.90,33.74,0.09,287.98,1,-83.00,-6.00,10.00,10.00,55.00,5.00,33527552,376
351.10,1551677739,6702.21,51.44344871,7.43949230,213.83,33.81,0.07,288.05,1,-83.00,-6.00,10.00,10.00,55.00,5.00,33527552,376
352.10,1551677740,6735.99,51.44354412,7.43903435,213.66,33.70,-0.11,288.30,1,-83.00,-5.00,16.00,14.00,56.00,5.00,33527552,376
353.10,1551677741,6769.69,51.44364235,7.43856842,213.52,34.10,0.41,288.76,1,-83.00,-5.00,16.00,14.00,56.00,5.00,33527552,376
354.11,1551677742,6804.06,51.44374833,7.43810469,213.37,34.52,0.41,290.15,1,-81.00,-6.00,14.00,3.00,56.00,5.00,33527552,376
355.10,1551677743,6838.34,51.44385855,7.43763911,213.09,34.91,0.40,290.75,1,-81.00,-6.00,14.00,3.00,56.00,5.00,33527552,376
356.10,1551677744,6873.26,51.44397466,7.43717269,212.39,35.01,0.09,291.15,1,-81.00,-6.00,14.00,3.00,56.00,5.00,33527552,376
357.10,1551677745,6908.26,51.44409412,7.43669427,211.56,35.38,0.37,291.69,1,-78.00,-7.00,4.00,6.00,60.00,1.00,33527554,375
358.10,1551677746,6943.68,51.44421082,7.43621356,211.39,35.81,0.43,291.67,1,-78.00,-7.00,4.00,6.00,60.00,1.00,33527554,375
359.10,1551677747,6979.49,51.44432743,7.43572708,211.40,35.00,-0.81,291.86,1,-82.00,-6.00,23.00,13.00,53.00,1.00,33527554,375
360.10,1551677748,7014.45,51.44445318,7.43526102,211.56,35.24,0.24,292.88,1,-82.00,-6.00,23.00,13.00,53.00,1.00,33527554,375
361.10,1551677749,7049.73,51.44458287,7.43480345,211.24,35.55,0.31,294.12,1,-79.00,-5.00,24.00,10.00,58.00,1.00,33527554,375
362.10,1551677750,7085.24,51.44472571,7.43433965,210.26,35.72,0.18,295.19,1,-79.00,-5.00,24.00,10.00,58.00,1.00,33527554,375
363.10,1551677751,7120.97,51.44487160,7.43389049,208.83,35.31,-0.42,296.37,1,-84.00,-5.00,23.00,9.00,52.00,1.00,33527554,375
364.10,1551677752,7156.31,51.44501601,7.43344560,207.25,34.72,-0.58,296.98,1,-84.00,-5.00,23.00,9.00,52.00,1.00,33527554,375
365.10,1551677753,7191.00,51.44517363,7.43301843,205.38,35.16,0.44,300.16,1,-85.00,-6.00,16.00,13.00,48.00,1.00,33527554,375
366.10,1551677754,7226.16,51.44535007,7.43256675,203.72,35.52,0.36,302.10,1,-85.00,-6.00,16.00,13.00,48.00,1.00,33527554,375
367.10,1551677755,7261.69,51.44551527,7.43212598,202.46,35.61,0.08,301.69,1,-84.00,-6.00,13.00,12.00,54.00,1.00,33527554,375
368.10,1551677756,7297.29,51.44568902,7.43169283,201.45,35.54,-0.07,303.19,1,-84.00,-6.00,13.00,12.00,54.00,1.00,33527554,375
369.10,1551677757,7332.83,51.44587199,7.43127383,200.45,35.69,0.15,305.20,1,-82.00,-6.00,12.00,15.00,56.00,1.00,33527554,375
370.10,1551677758,7368.52,51.44606729,7.43084652,199.12,35.76,0.07,306.45,1,-82.00,-6.00,12.00,15.00,56.00,1.00,33527554,375
371.10,1551677759,7404.28,51.44626810,7.43043347,198.11,35.69,-0.07,308.03,1,-77.00,-5.00,26.00,15.00,54.00,1.00,33527554,375
372.10,1551677760,7439.97,51.44646413,7.43004377,197.01,35.40,-0.29,309.12,1,-77.00,-5.00,26.00,15.00,54.00,1.00,33527554,375
373.10,1551677761,7475.36,51.44666499,7.42967426,195.65,34.90,-0.50,311.24,1,-75.00,-6.00,20.00,15.00,62.00,1.00,33527554,375
374.10,1551677762,7510.26,51.44686829,7.42931419,194.54,34.89,-0.01,312.27,1,-75.00,-6.00,20.00,15.00,62.00,1.00,33527554,375
375.11,1551677763,7545.43,51.44708224,7.42895548,193.52,35.00,0.10,313.57,1,-85.00,-7.00,10.00,9.00,52.00,1.00,33527554,375
376.10,1551677764,7580.15,51.44730408,7.42860918,192.36,35.17,0.17,315.08,1,-85.00,-7.00,10.00,9.00,52.00,1.00,33527554,375
377.10,1551677765,7615.35,51.44753242,7.42826867,191.12,35.39,0.23,316.47,1,-85.00,-7.00,10.00,9.00,52.00,1.00,33527554,375
378.10,1551677766,7650.71,51.44778167,7.42790971,189.82,35.14,-0.25,317.97,1,-86.00,-6.00,9.00,14.00,48.00,1.00,33527554,375
379.10,1551677767,7685.85,51.44802519,7.42758637,188.28,34.83,-0.31,319.47,1,-86.00,-6.00,9.00,14.00,48.00,1.00,33527554,375
380.10,1551677768,7720.72,51.44826303,7.42728333,186.64,34.52,-0.31,321.18,1,-91.00,-8.00,4.00,11.00,47.00,1.00,33527554,375
381.10,1551677769,7755.20,51.44850188,7.42699030,184.98,34.42,-0.10,322.65,1,-91.00,-8.00,4.00,11.00,47.00,1.00,33527554,375
382.10,1551677770,7789.62,51.44874486,7.42670371,183.82,33.86,-0.56,324.02,1,-90.00,-6.00,-5.00,2.00,45.00,1.00,33527554,375
383.10,1551677771,7823.48,51.44899825,7.42642487,182.77,33.51,-0.35,325.31,1,-90.00,-6.00,-5.00,2.00,45.00,1.00,33527554,375
384.10,1551677772,7856.99,51.44925474,7.42615759,181.90,33.64,0.13,326.55,1,-92.00,-9.00,10.00,2.00,49.00,1.00,33527554,375
385.10,1551677773,7890.63,51.44952148,7.42589934,180.89,33.57,-0.07,328.15,1,-92.00,-9.00,10.00,2.00,49.00,1.00,33527554,375
386.10,1551677774,7924.24,51.44977360,7.42564418,179.70,33.34,-0.23,328.92,1,-94.00,-8.00,13.00,2.00,46.00,1.00,33527554,375
387.10,1551677775,7957.59,51.45003136,7.42540996,178.40,33.20,-0.15,331.25,1,-94.00,-8.00,13.00,2.00,46.00,1.00,33527554,375
388.10,1551677776,7990.75,51.45030089,7.42517896,177.40,33.16,-0.03,332.81,1,-95.00,-7.00,13.00,2.00,43.00,1.00,33527554,375
389.10,1551677777,8023.92,51.45057342,7.42495236,176.94,33.27,0.10,333.71,1,-95.00,-7.00,13.00,2.00,43.00,1.00,33527554,375
390.10,1551677778,8057.22,51.45084886,7.42474698,176.28,33.48,0.22,335.03,1,-97.00,-8.00,2.00,2.00,41.00,1.00,33527554,375
391.10,1551677779,8090.70,51.45112245,7.42456121,175.31,34.17,0.69,337.15,1,-97.00,-8.00,2.00,2.00,41.00,1.00,33527554,375
392.10,1551677780,8124.91,51.45140372,7.42437818,174.02,34.71,0.54,338.41,1,-103.00,-11.00,-2.00,2.00,39.00,1.00,27771140,49
393.10,1551677781,8159.62,51.45169364,7.42420182,172.47,35.11,0.40,339.49,1,-103.00,-11.00,-2.00,2.00,39.00,1.00,27771140,49
394.10,1551677782,8194.73,51.45199904,7.42401720,170.94,35.49,0.38,340.31,1,-103.00,-9.00,2.00,2.00,37.00,1.00,29908736,249
395.10,1551677783,8230.22,51.45230480,7.42384884,169.49,35.50,0.00,341.01,1,-103.00,-9.00,2.00,2.00,37.00,1.00,29908736,249
396.11,1551677784,8265.97,51.45260600,7.42369105,167.98,35.09,-0.41,341.93,1,-102.00,-11.00,-9.00,2.00,38.00,1.00,29568770,414
397.10,1551677785,8300.74,51.45291367,7.42354502,166.51,35.37,0.28,342.58,1,-102.00,-11.00,-9.00,2.00,38.00,1.00,29568770,414
398.10,1551677786,8336.10,51.45322507,7.42339410,165.59,35.55,0.18,343.11,1,-102.00,-11.00,-9.00,2.00,38.00,1.00,29568770,414
399.10,1551677787,8371.65,51.45353365,7.42325125,164.93,35.10,-0.44,343.75,1,-94.00,-7.00,-4.00,2.00,45.00,1.00,33837570,370
400.10,1551677788,8406.76,51.45383411,7.42311883,164.14,34.89,-0.21,343.95,1,-94.00,-7.00,-4.00,2.00,45.00,1.00,33837570,370
401.10,1551677789,8441.71,51.45413702,7.42298711,163.25,34.79,-0.10,343.77,1,-99.00,-11.00,-5.00,2.00,43.00,1.00,27771140,49
402.10,1551677790,8476.47,51.45444514,7.42284884,162.20,34.91,0.12,343.63,1,-99.00,-11.00,-5.00,2.00,43.00,1.00,27771140,49
403.10,1551677791,8511.35,51.45475745,7.42271279,161.20,35.19,0.28,343.17,1,-99.00,-12.00,-7.00,2.00,45.00,1.00,33837570,370
404.10,1551677792,8546.53,51.45507000,7.42257320,159.98,35.48,0.29,343.08,1,-99.00,-12.00,-7.00,2.00,45.00,1.00,33837570,370
405.10,1551677793,8582.08,51.45538386,7.42242861,158.91,35.84,0.36,342.78,1,-96.00,-11.00,7.00,2.00,46.00,1.00,33837570,370
406.10,1551677794,8617.92,51.45569700,7.42226515,157.91,36.05,0.22,341.76,1,-96.00,-11.00,7.00,2.00,46.00,1.00,33837570,370
407.10,1551677795,8653.94,51.45601631,7.42209968,156.88,36.13,0.07,340.88,1,-96.00,-11.00,-4.00,2.00,46.00,1.00,33837570,370
408.10,1551677796,8690.07,51.45632689,7.42192022,155.97,36.38,0.25,340.27,1,-96.00,-11.00,-4.00,2.00,46.00,1.00,33837570,370
409.10,1551677797,8726.48,51.45663268,7.42173110,155.40,36.75,0.37,338.90,1,-96.00,-11.00,3.00,2.00,46.00,1.00,33837570,370
410.10,1551677798,8763.23,51.45692662,7.42154128,154.62,36.18,-0.57,337.58,1,-96.00,-11.00,3.00,2.00,46.00,1.00,33837570,370
411.10,1551677799,8799.36,51.45722051,7.42134028,153.67,35.56,-0.62,336.51,1,-95.00,-10.00,0.00,2.00,46.00,1.00,33837570,370
412.10,1551677800,8834.96,51.45751598,7.42113922,153.12,34.88,-0.68,335.69,1,-95.00,-10.00,0.00,2.00,46.00,1.00,33837570,370
413.10,1551677801,8869.77,51.45779496,7.42093197,152.84,33.55,-1.33,334.77,1,-90.00,-8.00,1.00,2.00,47.00,1.00,33837570,370
414.10,1551677802,8903.31,51.45806545,7.42072760,152.86,32.50,-1.05,333.72,1,-90.00,-8.00,1.00,2.00,47.00,1.00,33837570,370
415.10,1551677803,8935.81,51.45832103,7.42052839,152.69,30.82,-1.68,333.04,1,-88.00,-9.00,3.00,2.00,48.00,1.00,33837570,370
416.10,1551677804,8966.72,51.45856198,7.42032567,152.40,30.19,-0.62,332.34,1,-88.00,-9.00,3.00,2.00,48.00,1.00,33837570,370
417.11,1551677805,8997.04,51.45880754,7.42011883,151.97,30.16,-0.04,331.99,1,-85.00,-8.00,8.00,14.00,49.00,8.00,33837570,370
418.09,1551677806,9026.83,51.45904101,7.41991160,151.71,29.41,-0.76,330.20,1,-85.00,-8.00,8.00,14.00,49.00,8.00,33837570,370
419.10,1551677807,9056.27,51.45926968,7.41969919,151.41,29.57,0.16,329.40,1,-85.00,-8.00,8.00,14.00,49.00,8.00,33837570,370
420.10,1551677808,9085.87,51.45948335,7.41948246,150.78,29.85,0.28,328.51,1,-83.00,-10.00,4.00,9.00,55.00,8.00,33837570,370
421.10,1551677809,9115.81,51.45971022,7.41925068,149.99,30.86,1.01,327.76,1,-83.00,-10.00,4.00,9.00,55.00,8.00,33837570,370
422.10,1551677810,9146.64,51.45994649,7.41900042,149.41,31.79,0.93,326.95,1,-88.00,-7.00,8.00,12.00,48.00,8.00,33837570,370
423.10,1551677811,9178.44,51.46017918,7.41874066,149.19,32.59,0.80,325.84,1,-88.00,-7.00,8.00,12.00,48.00,8.00,33837570,370
424.10,1551677812,9210.97,51.46042195,7.41847087,149.02,33.37,0.78,325.06,1,-86.00,-8.00,5.00,6.00,52.00,8.00,27770883,35
425.09,1551677813,9244.20,51.46066723,7.41818323,148.73,33.94,0.57,324.33,1,-86.00,-8.00,5.00,6.00,52.00,8.00,27770883,35
426.10,1551677814,9278.51,51.46090872,7.41788846,148.66,34.50,0.55,323.20,1,-83.00,-9.00,5.00,12.00,56.00,8.00,27770883,35
427.10,1551677815,9312.94,51.46115384,7.41759174,148.46,35.06,0.57,322.55,1,-83.00,-9.00,5.00,12.00,56.00,8.00,27770883,35
428.10,1551677816,9347.97,51.46139978,7.41727282,148.10,35.38,0.32,320.88,1,-79.00,-7.00,10.00,15.00,60.00,8.00,27770883,35
429.10,1551677817,9383.31,51.46164768,7.41695204,147.67,35.63,0.25,320.44,1,-79.00,-7.00,10.00,15.00,60.00,8.00,27770883,35
430.10,1551677818,9418.98,51.46188873,7.41662574,147.49,36.16,0.53,319.52,1,-84.00,-7.00,10.00,12.00,54.00,8.00,27770883,35
431.10,1551677819,9455.14,51.46212903,7.41628952,147.27,36.23,0.07,318.37,1,-84.00,-7.00,10.00,12.00,54.00,8.00,27770883,35
432.10,1551677820,9491.30,51.46236626,7.41593834,146.96,36.49,0.26,316.75,1,-78.00,-7.00,21.00,11.00,60.00,8.00,27770883,35
433.10,1551677821,9527.83,51.46260555,7.41558124,146.59,36.71,0.21,316.63,1,-78.00,-7.00,21.00,11.00,60.00,8.00,27770883,35
434.10,1551677822,9564.53,51.46284840,7.41519431,146.36,37.11,0.40,314.91,1,-86.00,-8.00,19.00,12.00,51.00,8.00,27770883,35
435.10,1551677823,9601.64,51.46308753,7.41481151,146.04,37.47,0.36,314.13,1,-86.00,-8.00,19.00,12.00,51.00,8.00,27770883,35
436.10,1551677824,9639.11,51.46332130,7.41441342,145.63,37.62,0.16,312.83,1,-88.00,-7.00,13.00,12.00,49.00,8.00,27770883,35
437.10,1551677825,9676.73,51.46355673,7.41401088,145.25,37.72,0.09,312.16,1,-88.00,-7.00,13.00,12.00,49.00,8.00,27770883,35
438.11,1551677826,9714.75,51.46377934,7.41360314,144.76,37.82,0.10,311.05,1,-90.00,-6.00,-3.00,9.00,49.00,15.00,29563905,97
439.10,1551677827,9752.11,51.46400301,7.41319243,144.21,37.91,0.09,310.63,1,-90.00,-6.00,-3.00,9.00,49.00,15.00,29563905,97
440.10,1551677828,9790.14,51.46422677,7.41276167,143.99,38.05,0.14,309.73,1,-90.00,-6.00,-3.00,9.00,49.00,15.00,29563905,97
441.10,1551677829,9828.22,51.46444835,7.41233575,143.71,38.16,0.12,309.28,1,-83.00,-10.00,14.00,6.00,52.00,4.00,27770883,35
442.10,1551677830,9866.42,51.46467549,7.41190485,143.90,38.28,0.11,308.75,1,-83.00,-10.00,14.00,6.00,52.00,4.00,27770883,35
443.10,1551677831,9904.51,51.46489217,7.41146921,144.16,38.41,0.14,308.25,1,-99.00,-11.00,0.00,7.00,44.00,4.00,27770883,35
444.10,1551677832,9943.12,51.46511224,7.41102841,144.64,38.54,0.13,308.26,1,-99.00,-11.00,0.00,7.00,44.00,4.00,27770883,35
445.10,1551677833,9981.70,51.46533119,7.41058964,145.08,38.46,-0.08,308.14,1,-95.00,-9.00,4.00,12.00,44.00,4.00,27770885,33
446.10,1551677834,10020.15,51.46554723,7.41015113,146.08,38.10,-0.36,308.04,1,-95.00,-9.00,4.00,12.00,44.00,4.00,27770885,33
447.10,1551677835,10058.18,51.46575839,7.40972404,147.14,38.09,-0.01,307.77,1,-93.00,-8.00,10.00,13.00,45.00,4.00,27770885,33
448.10,1551677836,10096.27,51.46596885,7.40930102,147.78,38.07,-0.02,308.11,1,-93.00,-8.00,10.00,13.00,45.00,4.00,27770885,33
449.10,1551677837,10134.30,51.46617991,7.40888062,148.25,37.27,-0.80,308.55,1,-82.00,-7.00,24.00,15.00,55.00,4.00,27770885,33
450.10,1551677838,10171.61,51.46638594,7.40845950,148.69,36.75,-0.52,308.69,1,-82.00,-7.00,24.00,15.00,55.00,4.00,27770885,33
451.10,1551677839,10208.39,51.46658569,7.40804694,149.17,36.01,-0.73,308.77,1,-94.00,-9.00,6.00,12.00,45.00,4.00,27770885,33
452.10,1551677840,10244.40,51.46678402,7.40764803,149.74,35.24,-0.77,309.18,1,-94.00,-9.00,6.00,12.00,45.00,4.00,27770885,33
453.10,1551677841,10279.57,51.46698671,7.40725566,150.18,35.01,-0.23,309.34,1,-80.00,-8.00,14.00,12.00,53.00,4.00,27770885,33
454.10,1551677842,10314.61,51.46718934,7.40685888,150.34,34.90,-0.10,309.60,1,-80.00,-8.00,14.00,12.00,53.00,4.00,27770885,33
455.10,1551677843,10349.51,51.46739045,7.40646606,150.34,34.82,-0.08,309.52,1,-83.00,-7.00,12.00,12.00,55.00,4.00,27770885,33
456.10,1551677844,10384.33,51.46758564,7.40607932,150.23,34.91,0.09,310.19,1,-83.00,-7.00,12.00,12.00,55.00,4.00,27770885,33
457.10,1551677845,10419.25,51.46778391,7.40570175,150.10,34.59,-0.32,310.61,1,-81.00,-7.00,24.00,15.00,57.00,4.00,27770885,33
458.09,1551677846,10453.67,51.46798878,7.40531876,149.50,34.16,-0.44,311.17,1,-81.00,-7.00,24.00,15.00,57.00,4.00,27770885,33
459.11,1551677847,10488.40,51.46819074,7.40495724,148.90,34.17,0.01,311.91,1,-84.00,-7.00,27.00,12.00,54.00,4.00,27770885,33
460.10,1551677848,10522.03,51.46838575,7.40460371,148.40,34.28,0.12,312.09,1,-84.00,-7.00,27.00,12.00,54.00,4.00,27770885,33
461.09,1551677849,10556.27,51.46859307,7.40423502,147.77,34.55,0.27,312.54,1,-84.00,-7.00,27.00,12.00,54.00,4.00,27770885,33
462.09,1551677850,10590.79,51.46880691,7.40385924,147.84,34.67,0.13,312.83,1,-89.00,-9.00,10.00,10.00,47.00,4.00,27770885,33
463.09,1551677851,10625.50,51.46902903,7.40348786,148.05,34.89,0.21,312.93,1,-89.00,-9.00,10.00,10.00,47.00,4.00,27770885,33
464.09,1551677852,10660.35,51.46924644,7.40312770,148.30,35.01,0.12,313.35,1,-85.00,-7.00,8.00,15.00,49.00,19.00,27771140,49
465.10,1551677853,10695.43,51.46945536,7.40277359,148.63,34.89,-0.12,313.54,1,-85.00,-7.00,8.00,15.00,49.00,19.00,27771140,49
466.10,1551677854,10730.46,51.46966047,7.40244368,149.03,33.75,-1.14,314.48,1,-84.00,-6.00,15.00,15.00,52.00,19.00,27771140,49
467.10,1551677855,10764.10,51.46986709,7.40210590,149.39,33.51,-0.24,314.84,1,-84.00,-6.00,15.00,15.00,52.00,19.00,27771140,49
468.09,1551677856,10797.51,51.47007347,7.40176841,150.19,32.90,-0.61,314.57,1,-81.00,-6.00,22.00,12.00,56.00,19.00,27771140,49
469.10,1551677857,10830.51,51.47028526,7.40143662,151.08,32.79,-0.11,315.60,1,-81.00,-6.00,22.00,12.00,56.00,19.00,27771140,49
470.15,1551677858,10865.14,51.47050102,7.40111159,151.86,32.81,0.02,316.83,1,-80.00,-5.00,25.00,15.00,57.00,19.00,27771140,49
471.10,1551677859,10896.21,51.47071574,7.40080794,152.52,31.88,-0.99,318.37,1,-80.00,-5.00,25.00,15.00,57.00,19.00,27771140,49
472.10,1551677860,10927.99,51.47092488,7.40051045,152.99,31.32,-0.56,318.71,1,-80.00,-5.00,24.00,15.00,57.00,19.00,27771140,49
473.10,1551677861,10959.52,51.47113788,7.40020634,153.72,31.06,-0.26,318.51,1,-80.00,-5.00,24.00,15.00,57.00,19.00,27771140,49
474.10,1551677862,10990.43,51.47135355,7.39989829,154.88,30.93,-0.13,318.18,1,-82.00,-5.00,14.00,12.00,54.00,19.00,27771140,49
475.10,1551677863,11021.27,51.47156578,7.39959401,156.15,30.71,-0.22,318.61,1,-82.00,-5.00,14.00,12.00,54.00,19.00,27771140,49
476.09,1551677864,11051.92,51.47177233,7.39929706,157.51,30.62,-0.09,318.78,1,-84.00,-6.00,14.00,15.00,53.00,19.00,27771140,49
477.10,1551677865,11082.63,51.47197298,7.39901098,158.78,30.56,-0.06,318.58,1,-84.00,-6.00,14.00,15.00,53.00,19.00,27771140,49
478.10,1551677866,11113.18,51.47217865,7.39872155,159.83,30.61,0.05,318.99,1,-83.00,-5.00,18.00,15.00,55.00,19.00,27771140,49
479.09,1551677867,11143.73,51.47237705,7.39844318,160.28,30.56,-0.04,318.79,1,-83.00,-5.00,18.00,15.00,55.00,19.00,27771140,49
480.11,1551677868,11174.66,51.47258250,7.39816545,160.53,30.37,-0.19,319.66,1,-84.00,-5.00,23.00,12.00,54.00,19.00,27771140,49
481.09,1551677869,11204.66,51.47278560,7.39789248,160.87,29.72,-0.65,319.96,1,-84.00,-5.00,23.00,12.00,54.00,19.00,27771140,49
482.10,1551677870,11234.50,51.47299373,7.39761257,161.18,29.05,-0.67,320.34,1,-84.00,-5.00,23.00,12.00,54.00,19.00,27771140,49
483.10,1551677871,11263.60,51.47319356,7.39735447,161.74,28.28,-0.76,320.85,1,-86.00,-6.00,22.00,15.00,51.00,19.00,27771140,49
484.10,1551677872,11291.86,51.47338896,7.39710475,162.21,27.64,-0.64,321.19,1,-86.00,-6.00,22.00,15.00,51.00,19.00,27771140,49
485.10,1551677873,11319.52,51.47359275,7.39685431,162.86,27.30,-0.34,322.08,1,-89.00,-7.00,15.00,13.00,49.00,19.00,27771140,49
486.10,1551677874,11346.82,51.47378849,7.39661522,163.60,27.02,-0.28,322.29,1,-89.00,-7.00,15.00,13.00,49.00,19.00,27771140,49
487.10,1551677875,11373.81,51.47397670,7.39638119,164.26,27.09,0.08,322.69,1,-86.00,-6.00,21.00,13.00,52.00,19.00,27771140,49
488.10,1551677876,11400.90,51.47417140,7.39613892,164.70,27.20,0.11,322.72,1,-86.00,-6.00,21.00,13.00,52.00,19.00,27771140,49
489.10,1551677877,11428.10,51.47437188,7.39590626,165.10,27.44,0.25,324.01,1,-87.00,-7.00,18.00,15.00,50.00,19.00,27771140,49
490.10,1551677878,11455.58,51.47457019,7.39566298,165.24,27.76,0.31,324.03,1,-87.00,-7.00,18.00,15.00,50.00,19.00,27771140,49
491.10,1551677879,11483.28,51.47477463,7.39541704,165.51,28.09,0.33,325.24,1,-84.00,-6.00,19.00,12.00,52.00,19.00,27771140,49
492.10,1551677880,11511.39,51.47497895,7.39517752,166.10,28.28,0.19,325.73,1,-84.00,-6.00,19.00,12.00,52.00,19.00,27771140,49
493.10,1551677881,11539.67,51.47519339,7.39495524,166.68,28.84,0.56,328.49,1,-80.00,-6.00,20.00,15.00,57.00,19.00,27771140,49
494.10,1551677882,11568.51,51.47540744,7.39473974,166.88,28.84,0.00,328.90,1,-80.00,-6.00,20.00,15.00,57.00,19.00,27771140,49
495.10,1551677883,11597.35,51.47562452,7.39452023,167.08,29.39,0.55,329.47,1,-81.00,-6.00,19.00,15.00,55.00,19.00,27771140,49
496.10,1551677884,11626.74,51.47584750,7.39431164,167.21,29.37,-0.02,330.26,1,-81.00,-6.00,19.00,15.00,55.00,19.00,27771140,49
497.11,1551677885,11656.28,51.47607505,7.39410899,167.56,28.71,-0.66,331.43,1,-78.00,-6.00,21.00,15.00,60.00,19.00,27771140,49
498.10,1551677886,11684.82,51.47630473,7.39392082,168.28,28.04,-0.67,333.05,1,-78.00,-6.00,21.00,15.00,60.00,19.00,27771140,49
499.10,1551677887,11712.89,51.47653655,7.39374912,169.01,27.83,-0.21,334.54,1,-79.00,-6.00,19.00,15.00,58.00,19.00,27771140,49
500.10,1551677888,11740.72,51.47676915,7.39357789,169.90,27.61,-0.22,335.33,1,-79.00,-6.00,19.00,15.00,58.00,19.00,27771140,49
501.11,1551677889,11768.58,51.47699005,7.39342615,171.01,26.44,-1.16,336.59,1,-83.00,-8.00,13.00,2.00,56.00,19.00,27771140,49
502.11,1551677890,11794.91,51.47720423,7.39328724,171.84,23.99,-2.46,338.44,1,-83.00,-8.00,13.00,2.00,56.00,19.00,27771140,49
503.10,1551677891,11818.76,51.47738685,7.39317812,172.58,21.51,-2.50,340.95,1,-83.00,-8.00,13.00,2.00,56.00,19.00,27771140,49
504.10,1551677892,11840.29,51.47756452,7.39309935,173.47,19.72,-1.79,346.57,1,-85.00,-8.00,8.00,2.00,53.00,19.00,27771140,49
505.10,1551677893,11860.01,51.47773139,7.39304683,174.36,19.41,-0.31,351.61,1,-85.00,-8.00,8.00,2.00,53.00,19.00,27771140,49
506.10,1551677894,11879.41,51.47791300,7.39303695,175.54,19.53,0.12,0.10,1,-85.00,-8.00,6.00,2.00,54.00,19.00,27771140,49
507.10,1551677895,11898.94,51.47808501,7.39305543,176.41,19.39,-0.14,5.43,1,-85.00,-8.00,6.00,2.00,54.00,19.00,27771140,49
508.10,1551677896,11918.31,51.47826554,7.39309950,176.72,20.50,1.11,7.91,1,-83.00,-7.00,23.00,2.00,55.00,19.00,27771139,48
509.10,1551677897,11938.81,51.47845019,7.39316814,177.16,20.54,0.04,11.82,1,-83.00,-7.00,23.00,2.00,55.00,19.00,27771139,48
510.10,1551677898,11959.35,51.47861692,7.39331220,177.83,20.70,0.16,28.59,1,-83.00,-7.00,23.00,2.00,54.00,19.00,27771139,48
511.10,1551677899,11980.05,51.47876638,7.39347634,178.54,19.60,-1.10,34.54,1,-83.00,-7.00,23.00,2.00,54.00,19.00,27771139,48
512.10,1551677900,11999.65,51.47889735,7.39363191,178.95,17.46,-2.14,33.20,1,-83.00,-6.00,22.00,2.00,55.00,19.00,27771139,48
513.10,1551677901,12017.12,51.47901624,7.39374762,179.42,14.77,-2.69,30.31,1,-83.00,-6.00,22.00,2.00,55.00,19.00,27771139,48
514.10,1551677902,12031.88,51.47914927,7.39381449,180.58,14.55,-0.22,14.57,1,-83.00,-5.00,24.00,2.00,54.00,19.00,27771139,48
515.10,1551677903,12046.43,51.47927642,7.39385968,181.66,13.63,-0.92,10.82,1,-83.00,-5.00,24.00,2.00,54.00,19.00,27771139,48
516.10,1551677904,12060.06,51.47938500,7.39382006,182.20,14.17,0.54,349.00,1,-83.00,-6.00,17.00,2.00,54.00,19.00,27771139,48
517.10,1551677905,12074.28,51.47950015,7.39377362,182.44,14.46,0.28,345.33,1,-83.00,-6.00,17.00,2.00,54.00,19.00,27771139,48
518.10,1551677906,12088.68,51.47961684,7.39370418,182.52,14.87,0.41,342.05,1,-88.00,-6.00,15.00,2.00,49.00,19.00,27771139,48
519.10,1551677907,12103.61,51.47974155,7.39362231,182.51,14.14,-0.73,339.15,1,-88.00,-6.00,15.00,2.00,49.00,19.00,27771139,48
520.10,1551677908,12117.70,51.47986489,7.39353331,182.73,12.98,-1.16,337.37,1,-91.00,-7.00,12.00,14.00,46.00,4.00,27771139,48
521.10,1551677909,12130.72,51.47996591,7.39346069,183.14,11.54,-1.44,338.74,1,-91.00,-7.00,12.00,14.00,46.00,4.00,27771139,48
522.11,1551677910,12142.31,51.48007123,7.39343973,183.55,10.77,-0.77,354.03,1,-88.00,-6.00,19.00,14.00,48.00,4.00,27771139,48
523.10,1551677911,12153.04,51.48016126,7.39345154,184.32,9.73,-1.04,8.59,1,-88.00,-6.00,19.00,14.00,48.00,4.00,27771139,48
524.10,1551677912,12162.76,51.48024724,7.39351892,184.74,10.41,0.68,31.41,1,-88.00,-6.00,19.00,14.00,48.00,4.00,27771139,48
525.10,1551677913,12173.14,51.48030874,7.39363175,184.81,11.13,0.73,51.65,1,-86.00,-6.00,22.00,14.00,51.00,4.00,27771139,48
526.10,1551677914,12184.29,51.48036286,7.39375483,185.36,11.93,0.80,53.92,1,-86.00,-6.00,22.00,14.00,51.00,4.00,27771139,48
527.10,1551677915,12196.21,51.48042084,7.39389197,185.90,12.13,0.20,55.61,1,-86.00,-5.00,20.00,13.00,51.00,4.00,27771139,48
528.10,1551677916,12208.34,51.48047830,7.39403857,186.39,12.04,-0.09,57.12,1,-86.00,-5.00,20.00,13.00,51.00,4.00,27771139,48
529.10,1551677917,12220.37,51.48054115,7.39418953,186.96,12.39,0.35,58.05,1,-82.00,-5.00,7.00,6.00,55.00,14.00,28365058,223
530.10,1551677918,12232.81,51.48060660,7.39436115,187.38,12.60,0.21,58.87,1,-82.00,-5.00,7.00,6.00,55.00,14.00,28365058,223
531.10,1551677919,12245.36,51.48066725,7.39452018,187.57,13.24,0.64,59.57,1,-88.00,-6.00,11.00,13.00,49.00,14.00,28365058,223
532.10,1551677920,12258.60,51.48072555,7.39467913,187.69,13.91,0.67,58.71,1,-88.00,-6.00,11.00,13.00,49.00,14.00,28365058,223
533.10,1551677921,12272.57,51.48078983,7.39485172,187.71,14.88,0.97,58.18,1,-85.00,-6.00,14.00,14.00,52.00,6.00,27771139,48
534.11,1551677922,12287.51,51.48086568,7.39505363,187.90,15.99,1.10,57.71,1,-85.00,-6.00,14.00,14.00,52.00,6.00,27771139,48
535.10,1551677923,12303.42,51.48094642,7.39526615,188.43,16.99,1.01,57.91,1,-87.00,-6.00,11.00,9.00,50.00,6.00,27771139,48
536.10,1551677924,12320.33,51.48102046,7.39546089,189.02,17.80,0.81,58.28,1,-87.00,-6.00,11.00,9.00,50.00,6.00,27771139,48
537.10,1551677925,12338.08,51.48110580,7.39567963,189.17,17.88,0.08,58.67,1,-84.00,-6.00,7.00,15.00,54.00,6.00,27771139,48
538.10,1551677926,12356.03,51.48118631,7.39589078,189.30,17.61,-0.27,59.10,1,-84.00,-6.00,7.00,15.00,54.00,6.00,27771139,48
539.10,1551677927,12373.56,51.48127014,7.39610995,189.02,17.31,-0.29,60.00,1,-88.00,-9.00,9.00,8.00,52.00,6.00,27771139,48
540.10,1551677928,12390.95,51.48134965,7.39631712,188.78,16.95,-0.36,59.88,1,-88.00,-9.00,9.00,8.00,52.00,6.00,27771139,48
541.10,1551677929,12407.86,51.48142618,7.39652253,188.68,16.57,-0.38,59.03,1,-87.00,-6.00,13.00,15.00,50.00,6.00,27771139,48
542.10,1551677930,12424.41,51.48149521,7.39672795,188.41,16.20,-0.37,58.90,1,-87.00,-6.00,13.00,15.00,50.00,6.00,27771139,48
543.10,1551677931,12440.74,51.48156599,7.39693247,188.30,15.69,-0.51,58.50,1,-86.00,-5.00,19.00,15.00,50.00,6.00,27771139,48
544.10,1551677932,12456.31,51.48163971,7.39712719,188.20,15.36,-0.32,57.93,1,-86.00,-5.00,19.00,15.00,50.00,6.00,27771139,48
545.10,1551677933,12471.69,51.48171680,7.39731782,188.21,15.09,-0.28,57.05,1,-86.00,-5.00,19.00,15.00,50.00,6.00,27771139,48
546.10,1551677934,12486.78,51.48179310,7.39749011,188.39,14.64,-0.45,56.02,1,-85.00,-6.00,13.00,10.00,50.00,6.00,27771139,48
547.10,1551677935,12501.43,51.48187161,7.39765376,188.57,13.88,-0.76,54.98,1,-85.00,-6.00,13.00,10.00,50.00,6.00,27771139,48
548.10,1551677936,12515.31,51.48194296,7.39780906,188.74,13.14,-0.74,54.12,1,-78.00,-5.00,26.00,11.00,54.00,6.00,27771139,48
549.10,1551677937,12528.45,51.48201635,7.39795177,189.05,12.48,-0.66,52.94,1,-78.00,-5.00,26.00,11.00,54.00,6.00,27771139,48
550.10,1551677938,12540.92,51.48209805,7.39809732,189.69,12.04,-0.44,51.65,1,-78.00,-6.00,24.00,13.00,56.00,6.00,27771139,48
551.10,1551677939,12552.96,51.48217666,7.39823234,190.01,11.80,-0.24,50.30,1,-78.00,-6.00,24.00,13.00,56.00,6.00,27771139,48
552.10,1551677940,12564.76,51.48225046,7.39835465,190.13,12.01,0.21,48.74,1,-78.00,-6.00,15.00,12.00,49.00,6.00,27771139,48
553.10,1551677941,12576.76,51.48232191,7.39847107,189.84,12.48,0.47,46.72,1,-78.00,-6.00,15.00,12.00,49.00,6.00,27771139,48
554.10,1551677942,12589.24,51.48239696,7.39858325,189.76,12.42,-0.06,44.69,1,-85.00,-6.00,20.00,11.00,51.00,6.00,27771139,48
555.10,1551677943,12601.65,51.48247377,7.39869407,189.39,12.60,0.18,42.35,1,-85.00,-6.00,20.00,11.00,51.00,6.00,27771139,48
556.10,1551677944,12614.24,51.48255876,7.39880294,189.04,12.73,0.14,40.75,1,-91.00,-5.00,13.00,2.00,46.00,6.00,27771139,48
557.10,1551677945,12626.99,51.48265364,7.39891492,188.33,12.78,0.05,39.10,1,-91.00,-5.00,13.00,2.00,46.00,6.00,27771139,48
558.10,1551677946,12639.77,51.48274068,7.39901733,187.78,12.42,-0.36,37.51,1,-89.00,-6.00,13.00,2.00,47.00,6.00,27771139,48
559.10,1551677947,12652.19,51.48283167,7.39912096,187.20,12.30,-0.12,36.13,1,-89.00,-6.00,13.00,2.00,47.00,6.00,27771139,48
560.10,1551677948,12664.50,51.48292902,7.39922544,186.95,13.26,0.96,35.56,1,-88.00,-6.00,10.00,2.00,49.00,6.00,27771139,48
561.10,1551677949,12677.75,51.48304088,7.39934638,186.73,14.18,0.92,35.19,1,-88.00,-6.00,10.00,2.00,49.00,6.00,27771139,48
562.10,1551677950,12691.92,51.48314803,7.39946011,186.97,15.42,1.24,34.77,1,-87.00,-5.00,14.00,2.00,49.00,6.00,27771139,48
563.10,1551677951,12707.33,51.48327034,7.39958456,187.41,16.59,1.18,33.78,1,-87.00,-5.00,14.00,2.00,49.00,6.00,27771139,48
564.11,1551677952,12724.08,51.48339570,7.39971048,187.77,17.53,0.92,33.77,1,-89.00,-5.00,8.00,2.00,48.00,6.00,27771139,48
565.10,1551677953,12741.44,51.48352985,7.39985038,188.19,17.86,0.33,34.22,1,-89.00,-5.00,8.00,2.00,48.00,6.00,27771139,48
566.10,1551677954,12759.30,51.48366971,7.39999867,187.66,17.75,-0.11,34.63,1,-89.00,-5.00,8.00,2.00,48.00,6.00,27771139,48
567.10,1551677955,12777.07,51.48380336,7.40014691,186.92,17.84,0.09,35.25,1,-93.00,-6.00,5.00,2.00,44.00,6.00,27771139,48
568.10,1551677956,12794.90,51.48393914,7.40029829,186.18,18.07,0.23,35.90,1,-93.00,-6.00,5.00,2.00,44.00,6.00,27771139,48
569.10,1551677957,12812.97,51.48407491,7.40045814,185.65,18.49,0.42,36.81,1,-97.00,-7.00,7.00,2.00,42.00,6.00,28365058,223
570.10,1551677958,12831.46,51.48421012,7.40062497,185.72,18.61,0.12,37.70,1,-97.00,-7.00,7.00,2.00,42.00,6.00,28365058,223
571.10,1551677959,12850.08,51.48435395,7.40081157,186.34,19.93,1.32,38.70,1,-95.00,-7.00,9.00,2.00,42.00,6.00,28365058,223
572.10,1551677960,12870.01,51.48448691,7.40099947,186.67,19.59,-0.34,40.20,1,-95.00,-7.00,9.00,2.00,42.00,6.00,28365058,223
573.10,1551677961,12889.58,51.48461139,7.40117924,186.86,19.55,-0.04,41.10,1,-95.00,-6.00,10.00,2.00,42.00,6.00,28365058,223
574.10,1551677962,12909.13,51.48473784,7.40136705,186.89,19.23,-0.32,42.16,1,-95.00,-6.00,10.00,2.00,42.00,6.00,28365058,223
575.10,1551677963,12928.44,51.48487398,7.40156427,186.55,18.73,-0.49,42.49,1,-98.00,-8.00,10.00,2.00,41.00,6.00,28365058,223
576.10,1551677964,12947.13,51.48499707,7.40174703,186.06,18.50,-0.23,42.00,1,-98.00,-8.00,10.00,2.00,41.00,6.00,28365058,223
577.10,1551677965,12965.64,51.48509674,7.40189935,185.74,16.60,-1.90,42.56,1,-99.00,-8.00,13.00,2.00,40.00,6.00,28365058,223
578.10,1551677966,12982.24,51.48520794,7.40207297,185.69,15.35,-1.25,44.00,1,-99.00,-8.00,13.00,2.00,40.00,6.00,28365058,223
579.10,1551677967,12997.55,51.48530131,7.40222674,185.72,13.67,-1.68,45.60,1,-96.00,-6.00,14.00,12.00,41.00,8.00,28365058,223
580.10,1551677968,13011.22,51.48538349,7.40236869,185.72,12.18,-1.49,46.89,1,-96.00,-6.00,14.00,12.00,41.00,8.00,28365058,223
581.10,1551677969,13023.42,51.48545229,7.40249473,185.81,11.14,-1.04,48.03,1,-99.00,-7.00,7.00,8.00,39.00,8.00,28365058,223
582.10,1551677970,13034.56,51.48551891,7.40261980,186.22,10.01,-1.13,49.15,1,-99.00,-7.00,7.00,8.00,39.00,8.00,28365058,223
583.10,1551677971,13044.56,51.48557835,7.40271915,186.77,8.25,-1.76,47.19,1,-98.00,-7.00,9.00,8.00,38.00,8.00,28365058,223
584.10,1551677972,13052.82,51.48563543,7.40276269,186.95,7.97,-0.28,20.83,1,-98.00,-7.00,9.00,8.00,38.00,8.00,28365058,223
585.11,1551677973,13060.84,51.48570980,7.40279024,187.06,7.54,-0.43,4.00,1,-88.00,-5.00,5.00,6.00,50.00,16.00,29391105,167
586.10,1551677974,13068.34,51.48573755,7.40275075,187.26,8.02,0.48,338.05,1,-88.00,-5.00,5.00,6.00,50.00,16.00,29391105,167
587.10,1551677975,13076.34,51.48578594,7.40269050,186.69,9.15,1.14,323.72,1,-88.00,-5.00,5.00,6.00,50.00,16.00,29391105,167
588.10,1551677976,13085.49,51.48584562,7.40261444,185.76,9.85,0.70,323.10,1,-101.00,-7.00,2.00,6.00,38.00,8.00,28365058,223
589.10,1551677977,13095.35,51.48591486,7.40252278,184.68,10.69,0.84,323.74,1,-101.00,-7.00,2.00,6.00,38.00,8.00,28365058,223
590.10,1551677978,13106.07,51.48599436,7.40242516,184.00,11.38,0.69,323.24,1,-101.00,-10.00,4.00,9.00,39.00,8.00,28365058,223
591.10,1551677979,13117.46,51.48607756,7.40232055,183.72,12.27,0.88,324.22,1,-101.00,-10.00,4.00,9.00,39.00,8.00,28365058,223
592.10,1551677980,13129.74,51.48617840,7.40220791,183.71,13.29,1.02,326.08,1,-101.00,-10.00,2.00,8.00,40.00,8.00,28365058,223
593.10,1551677981,13143.01,51.48627922,7.40210917,184.14,14.16,0.87,328.89,1,-101.00,-10.00,2.00,8.00,40.00,8.00,28365058,223
594.10,1551677982,13157.17,51.48639341,7.40201229,184.62,14.81,0.65,332.24,1,-99.00,-9.00,-1.00,6.00,41.00,13.00,33519104,128
595.10,1551677983,13171.97,51.48653448,7.40191306,185.32,15.86,1.05,335.20,1,-99.00,-9.00,-1.00,6.00,41.00,13.00,33519104,128
596.10,1551677984,13187.84,51.48667285,7.40183311,186.16,15.74,-0.12,337.79,1,-95.00,-8.00,3.00,12.00,44.00,13.00,33519104,128
597.10,1551677985,13203.57,51.48680284,7.40177121,186.64,15.50,-0.24,340.91,1,-95.00,-8.00,3.00,12.00,44.00,13.00,33519104,128
598.10,1551677986,13219.02,51.48693539,7.40171788,187.19,15.07,-0.42,343.84,1,-95.00,-7.00,2.00,6.00,43.00,16.00,27771139,48
599.10,1551677987,13234.13,51.48706739,7.40168007,187.59,15.16,0.09,346.72,1,-95.00,-7.00,2.00,6.00,43.00,16.00,27771139,48
600.10,1551677988,13249.26,51.48720790,7.40165186,187.47,14.85,-0.31,350.03,1,-85.00,-5.00,9.00,6.00,51.00,3.00,26385409,93
601.10,1551677989,13264.10,51.48733701,7.40164960,187.29,15.42,0.58,352.97,1,-85.00,-5.00,9.00,6.00,51.00,3.00,26385409,93
602.10,1551677990,13279.53,51.48748526,7.40164884,186.50,15.47,0.05,355.19,1,-83.00,-5.00,27.00,15.00,52.00,3.00,26385409,93
603.10,1551677991,13295.05,51.48763808,7.40164944,185.73,15.32,-0.16,356.77,1,-83.00,-5.00,27.00,15.00,52.00,3.00,26385409,93
604.10,1551677992,13310.35,51.48778038,7.40165616,185.28,15.21,-0.10,357.97,1,-89.00,-6.00,17.00,12.00,48.00,3.00,26385409,93
605.11,1551677993,13325.62,51.48792015,7.40166203,185.13,14.95,-0.26,358.71,1,-89.00,-6.00,17.00,12.00,48.00,3.00,26385409,93
606.10,1551677994,13340.50,51.48805785,7.40167187,184.95,14.27,-0.68,359.70,1,-84.00,-6.00,18.00,13.00,53.00,3.00,26385409,93
607.10,1551677995,13354.74,51.48819547,7.40168477,185.12,14.31,0.04,0.19,1,-84.00,-6.00,18.00,13.00,53.00,3.00,26385409,93
608.10,1551677996,13369.07,51.48833357,7.40169777,185.25,14.49,0.18,1.10,1,-84.00,-6.00,18.00,13.00,53.00,3.00,26385409,93
609.10,1551677997,13383.54,51.48846723,7.40171149,184.89,14.78,0.28,0.23,1,-73.00,-4.00,26.00,15.00,58.00,3.00,26385409,93
610.10,1551677998,13398.31,51.48860087,7.40172062,184.37,14.87,0.09,359.99,1,-73.00,-4.00,26.00,15.00,58.00,3.00,26385409,93
611.10,1551677999,13413.19,51.48873943,7.40172842,183.40,14.89,0.02,359.58,1,-82.00,-6.00,29.00,15.00,55.00,3.00,26385409,93
612.10,1551678000,13428.06,51.48887010,7.40173647,182.20,13.93,-0.95,359.71,1,-82.00,-6.00,29.00,15.00,55.00,3.00,26385409,93
613.10,1551678001,13442.02,51.48899262,7.40174211,181.19,13.23,-0.70,359.33,1,-86.00,-10.00,5.00,12.00,56.00,3.00,26385409,93
614.10,1551678002,13455.27,51.48910349,7.40174403,180.67,12.13,-1.10,359.98,1,-86.00,-10.00,5.00,12.00,56.00,3.00,26385409,93
615.10,1551678003,13467.39,51.48918472,7.40174352,179.98,10.40,-1.74,0.31,1,-76.00,-5.00,30.00,15.00,60.00,1.00,26385410,94
616.10,1551678004,13477.79,51.48925081,7.40174492,179.36,7.69,-2.70,0.61,1,-76.00,-5.00,30.00,15.00,60.00,1.00,26385410,94
617.10,1551678005,13485.48,51.48929542,7.40174056,178.74,5.60,-2.10,1.37,1,-69.00,-5.00,29.00,15.00,63.00,1.00,26385410,94
618.10,1551678006,13491.07,51.48934112,7.40178903,178.53,6.27,0.67,37.05,1,-69.00,-5.00,29.00,15.00,63.00,1.00,26385410,94
619.10,1551678007,13497.35,51.48936907,7.40186943,178.50,6.80,0.53,65.95,1,-69.00,-5.00,22.00,15.00,63.00,1.00,26385410,94
620.10,1551678008,13504.14,51.48938012,7.40198397,178.00,8.25,1.46,84.70,1,-69.00,-5.00,22.00,15.00,63.00,1.00,26385410,94
621.10,1551678009,13512.40,51.48938493,7.40212945,177.24,9.77,1.51,86.05,1,-72.00,-5.00,23.00,15.00,63.00,1.00,26385410,94
622.10,1551678010,13522.16,51.48938789,7.40228893,176.81,10.76,0.99,88.42,1,-72.00,-5.00,23.00,15.00,63.00,1.00,26385410,94
623.10,1551678011,13532.92,51.48938395,7.40248485,175.95,11.69,0.93,89.78,1,-71.00,-5.00,28.00,15.00,63.00,1.00,26385410,94
624.10,1551678012,13544.61,51.48938091,7.40264553,175.54,12.88,1.19,90.71,1,-71.00,-5.00,28.00,15.00,63.00,1.00,26385410,94
625.10,1551678013,13557.49,51.48937757,7.40283370,175.21,13.71,0.83,91.11,1,-74.00,-6.00,36.00,15.00,63.00,1.00,26385410,94
626.10,1551678014,13571.20,51.48937609,7.40304308,175.11,14.55,0.84,90.70,1,-74.00,-6.00,36.00,15.00,63.00,1.00,26385410,94
627.11,1551678015,13585.85,51.48937292,7.40326013,175.03,15.07,0.52,90.91,1,-70.00,-6.00,22.00,15.00,63.00,1.00,26385410,94
628.10,1551678016,13600.84,51.48937102,7.40347821,175.02,14.97,-0.10,91.40,1,-70.00,-6.00,22.00,15.00,63.00,1.00,26385410,94
629.10,1551678017,13615.82,51.48937270,7.40369125,175.07,14.39,-0.58,91.43,1,-70.00,-6.00,22.00,15.00,63.00,1.00,26385410,94
630.10,1551678018,13630.17,51.48937371,7.40390240,174.99,13.95,-0.45,91.20,1,-75.00,-6.00,23.00,15.00,61.00,1.00,26385410,94
631.09,1551678019,13644.07,51.48937127,7.40409239,174.90,13.98,0.03,90.99,1,-75.00,-6.00,23.00,15.00,61.00,1.00,26385410,94
632.10,1551678020,13658.12,51.48936772,7.40428449,174.92,14.07,0.09,91.06,1,-75.00,-10.00,24.00,13.00,63.00,1.00,26385410,94
633.10,1551678021,13672.19,51.48936553,7.40448533,174.94,14.06,-0.01,91.20,1,-75.00,-10.00,24.00,13.00,63.00,1.00,26385410,94
634.10,1551678022,13686.22,51.48936330,7.40469106,175.04,13.77,-0.29,91.54,1,-73.00,-7.00,13.00,6.00,63.00,2.00,26385408,95
635.10,1551678023,13700.01,51.48936199,7.40488883,175.19,13.51,-0.26,90.98,1,-73.00,-7.00,13.00,6.00,63.00,2.00,26385408,95
636.10,1551678024,13713.51,51.48936441,7.40509364,175.45,13.79,0.27,90.35,1,-74.00,-6.00,18.00,12.00,63.00,2.00,26385408,95
637.10,1551678025,13727.30,51.48936711,7.40529339,175.83,14.40,0.61,89.30,1,-74.00,-6.00,18.00,12.00,63.00,2.00,26385408,95
638.10,1551678026,13741.70,51.48938093,7.40550743,176.36,14.24,-0.16,87.21,1,-72.00,-5.00,27.00,15.00,63.00,2.00,26385408,95
639.10,1551678027,13755.96,51.48940006,7.40569434,177.49,14.07,-0.17,85.37,1,-72.00,-5.00,27.00,15.00,63.00,2.00,26385408,95
640.10,1551678028,13770.03,51.48942195,7.40589990,178.62,13.96,-0.11,83.42,1,-76.00,-5.00,26.00,15.00,61.00,2.00,26385408,95
641.10,1551678029,13784.00,51.48944804,7.40609308,179.67,13.97,0.00,81.67,1,-76.00,-5.00,26.00,15.00,61.00,2.00,26385408,95
642.10,1551678030,13797.96,51.48947394,7.40625759,180.57,13.94,-0.03,80.46,1,-76.00,-5.00,21.00,12.00,60.00,2.00,26385408,95
643.10,1551678031,13811.91,51.48949909,7.40644632,181.05,14.00,0.06,79.53,1,-76.00,-5.00,21.00,12.00,60.00,2.00,26385408,95
644.10,1551678032,13825.91,51.48952511,7.40664572,181.16,13.86,-0.14,78.84,1,-75.00,-6.00,22.00,15.00,61.00,2.00,26385408,95
645.10,1551678033,13839.80,51.48955153,7.40684046,181.11,13.88,0.01,77.83,1,-75.00,-6.00,22.00,15.00,61.00,2.00,26385408,95
646.10,1551678034,13853.69,51.48957814,7.40704644,181.16,13.85,-0.02,77.47,1,-71.00,-5.00,28.00,15.00,63.00,2.00,26385408,95
647.10,1551678035,13867.49,51.48960244,7.40723663,181.28,12.74,-1.12,78.13,1,-71.00,-5.00,28.00,15.00,63.00,2.00,26385408,95
648.10,1551678036,13880.31,51.48962454,7.40740519,181.26,11.16,-1.57,78.62,1,-75.00,-5.00,24.00,1.00,62.00,2.00,26385408,95
649.10,1551678037,13891.41,51.48964171,7.40754279,180.92,9.47,-1.70,79.48,1,-75.00,-5.00,24.00,1.00,62.00,2.00,26385408,95
650.10,1551678038,13900.88,51.48965866,7.40767094,180.45,8.24,-1.24,79.06,1,-75.00,-5.00,24.00,1.00,62.00,2.00,26385408,95
651.10,1551678039,13909.12,51.48968498,7.40778015,180.54,7.77,-0.47,78.34,1,-75.00,-5.00,27.00,15.00,61.00,2.00,26385408,95
652.10,1551678040,13916.88,51.48970247,7.40788924,180.64,7.94,0.18,77.63,1,-75.00,-5.00,27.00,15.00,61.00,2.00,26385408,95
653.10,1551678041,13924.82,51.48972062,7.40800096,180.55,8.28,0.34,78.82,1,-76.00,-5.00,21.00,11.00,59.00,2.00,26385408,95
654.10,1551678042,13933.11,51.48973429,7.40812832,180.51,8.95,0.67,79.69,1,-76.00,-5.00,21.00,11.00,59.00,2.00,26385408,95
655.10,1551678043,13942.06,51.48974889,7.40826270,180.60,10.44,1.48,78.50,1,-79.00,-5.00,23.00,15.00,57.00,2.00,26385408,95
656.10,1551678044,13952.51,51.48977007,7.40840528,180.71,11.29,0.86,77.05,1,-79.00,-5.00,23.00,15.00,57.00,2.00,26385408,95
657.10,1551678045,13963.80,51.48979359,7.40856862,180.43,12.33,1.04,76.20,1,-80.00,-6.00,25.00,15.00,57.00,2.00,26385408,95
658.10,1551678046,13976.14,51.48982209,7.40875141,179.46,12.56,0.23,77.14,1,-80.00,-6.00,25.00,15.00,57.00,2.00,26385408,95
659.10,1551678047,13988.70,51.48984902,7.40893275,178.58,12.66,0.10,77.04,1,-78.00,-6.00,19.00,15.00,57.00,2.00,26385408,95
660.10,1551678048,14001.37,51.48987216,7.40910898,177.60,12.73,0.06,77.56,1,-78.00,-6.00,19.00,15.00,57.00,2.00,26385408,95
661.10,1551678049,14014.09,51.48989565,7.40929161,176.68,12.84,0.11,76.77,1,-79.00,-5.00,13.00,15.00,57.00,2.00,26385408,95
662.10,1551678050,14026.94,51.48991987,7.40945948,175.74,12.80,-0.03,76.57,1,-79.00,-5.00,13.00,15.00,57.00,2.00,26385408,95
663.10,1551678051,14039.73,51.48994504,7.40963698,174.67,12.87,0.06,77.06,1,-82.00,-5.00,28.00,15.00,54.00,2.00,26385408,95
664.10,1551678052,14052.60,51.48997011,7.40981962,173.65,12.84,-0.03,77.69,1,-82.00,-5.00,28.00,15.00,54.00,2.00,26385408,95
665.10,1551678053,14065.44,51.48999581,7.41000807,172.76,13.03,0.19,77.70,1,-80.00,-5.00,14.00,15.00,57.00,2.00,26385408,95
666.10,1551678054,14078.47,51.49002112,7.41019775,172.30,12.89,-0.14,78.57,1,-80.00,-5.00,14.00,15.00,57.00,2.00,26385408,95
667.10,1551678055,14091.36,51.49004702,7.41038233,171.97,12.79,-0.11,77.92,1,-80.00,-5.00,24.00,12.00,56.00,2.00,26385408,95
668.10,1551678056,14104.15,51.49006920,7.41057060,171.49,12.72,-0.07,78.27,1,-80.00,-5.00,24.00,12.00,56.00,2.00,26385408,95
669.11,1551678057,14117.00,51.49009417,7.41075342,170.94,12.51,-0.21,77.85,1,-85.00,-5.00,25.00,12.00,50.00,2.00,26385408,95
670.10,1551678058,14129.37,51.49012809,7.41093368,170.89,12.61,0.11,77.49,1,-85.00,-5.00,25.00,12.00,50.00,2.00,26385408,95
671.10,1551678059,14141.99,51.49015703,7.41111861,170.65,12.50,-0.11,78.23,1,-85.00,-5.00,25.00,12.00,50.00,2.00,26385408,95
672.10,1551678060,14154.49,51.49018180,7.41129281,170.37,12.16,-0.34,78.09,1,-86.00,-5.00,19.00,12.00,49.00,2.00,26385408,95
