0.02,1551330839,0.00,51.45010135,7.48828207,246.71,7.11,0.00,165.26,1,-96.00,-7.00,13.00,8.00,29.00,7.00,13415170,315
1.02,1551330840,7.09,51.45003942,7.48830789,246.85,8.17,1.06,166.67,1,-96.00,-7.00,13.00,8.00,29.00,7.00,13415170,315
2.02,1551330841,15.26,51.44996566,7.48833367,246.70,9.16,0.99,168.53,1,-95.00,-7.00,12.00,12.00,29.00,7.00,13415170,315
3.02,1551330842,24.42,51.44986436,7.48835943,247.04,9.56,0.40,169.56,1,-95.00,-7.00,12.00,12.00,29.00,7.00,13415170,315
4.02,1551330843,33.98,51.44976767,7.48838256,246.89,10.02,0.46,170.23,1,-98.00,-7.00,10.00,12.00,27.00,7.00,13415170,315
5.02,1551330844,44.00,51.44966876,7.48840787,247.05,11.20,1.18,171.35,1,-98.00,-7.00,10.00,12.00,27.00,7.00,13415170,315
6.03,1551330845,55.29,51.44955760,7.48843044,247.72,11.88,0.67,172.74,1,-99.00,-8.00,8.00,11.00,26.00,7.00,13415170,315
7.02,1551330846,67.07,51.44944117,7.48844712,248.32,12.42,0.54,174.51,1,-99.00,-8.00,8.00,11.00,26.00,7.00,13415170,315
8.02,1551330847,79.49,51.44932315,7.48845935,248.84,12.43,0.01,176.47,1,-99.00,-8.00,8.00,11.00,26.00,7.00,13415170,315
9.02,1551330848,91.92,51.44921789,7.48845834,249.14,10.98,-1.45,179.75,1,-101.00,-10.00,9.00,12.00,26.00,7.00,13415170,315
10.02,1551330849,102.89,51.44911694,7.48844125,249.67,11.08,0.11,182.23,1,-101.00,-10.00,9.00,12.00,26.00,7.00,13415170,315
11.02,1551330850,113.98,51.44900962,7.48842160,249.73,11.94,0.86,185.36,1,-102.00,-8.00,7.00,10.00,25.00,7.00,13415170,315
12.02,1551330851,125.90,51.44888937,7.48838784,249.84,13.27,1.34,186.70,1,-102.00,-8.00,7.00,10.00,25.00,7.00,13415170,315
13.02,1551330852,139.19,51.44876014,7.48834773,250.22,13.79,0.52,188.65,1,-101.00,-9.00,8.00,11.00,26.00,7.00,13415170,315
14.02,1551330853,152.98,51.44863461,7.48829663,250.44,13.36,-0.43,190.55,1,-101.00,-9.00,8.00,11.00,26.00,7.00,13415170,315
15.02,1551330854,166.35,51.44850521,7.48824290,250.61,13.02,-0.34,192.26,1,-105.00,-13.00,5.00,11.00,27.00,7.00,13415170,315
16.02,1551330855,179.36,51.44837332,7.48818933,251.01,13.70,0.68,192.71,1,-105.00,-13.00,5.00,11.00,27.00,7.00,13415170,315
17.02,1551330856,193.08,51.44774980,7.48851480,251.30,15.01,1.31,193.54,1,-110.00,-14.00,4.00,8.00,24.00,7.00,13415170,315
18.02,1551330857,208.09,51.44809444,7.48806797,251.64,14.77,-0.24,193.04,1,-110.00,-14.00,4.00,8.00,24.00,7.00,13415170,315
19.02,1551330858,222.86,51.44795622,7.48801490,251.71,15.38,0.61,192.26,1,-111.00,-14.00,-3.00,6.00,22.00,7.00,13415170,315
20.02,1551330859,238.25,51.44781925,7.48797346,251.84,15.06,-0.33,190.69,1,-111.00,-14.00,-3.00,6.00,22.00,7.00,13415170,315
21.02,1551330860,253.27,51.44767570,7.48793398,252.10,15.15,0.10,189.65,1,-110.00,-13.00,-3.00,5.00,22.00,22.00,13415426,265
22.02,1551330861,268.41,51.44754149,7.48790854,253.04,14.62,-0.53,186.99,1,-110.00,-13.00,-3.00,5.00,22.00,22.00,13415426,265
23.02,1551330862,283.07,51.44740498,7.48788364,254.21,13.72,-0.90,185.28,1,-111.00,-14.00,-4.00,5.00,22.00,22.00,13415426,265
24.02,1551330863,296.80,51.44727165,7.48787348,254.93,12.76,-0.97,183.08,1,-111.00,-14.00,-4.00,5.00,22.00,22.00,13415426,265
25.02,1551330864,309.54,51.44713979,7.48788164,254.82,14.17,1.42,179.41,1,-111.00,-14.00,-5.00,7.00,22.00,22.00,13415426,265
26.02,1551330865,323.71,51.44700193,7.48790018,254.47,14.23,0.06,176.03,1,-111.00,-14.00,-5.00,7.00,22.00,22.00,13415426,265
27.03,1551330866,338.06,51.44685045,7.48795142,254.32,14.98,0.74,172.19,1,-112.00,-15.00,-6.00,5.00,23.00,22.00,13415426,265
28.02,1551330867,352.94,51.44670076,7.48801791,253.99,15.29,0.31,168.73,1,-112.00,-15.00,-6.00,5.00,23.00,22.00,13415426,265
29.02,1551330868,368.23,51.44655916,7.48810254,254.11,15.07,-0.22,164.65,1,-112.00,-15.00,-6.00,5.00,23.00,22.00,13415426,265
30.02,1551330869,383.28,51.44642738,7.48819100,254.28,15.14,0.07,160.66,1,-108.00,-13.00,-8.00,6.00,25.00,12.00,13415170,315
31.02,1551330870,398.42,51.44629838,7.48829620,254.46,15.39,0.25,157.25,1,-108.00,-13.00,-8.00,6.00,25.00,12.00,13415170,315
32.02,1551330871,413.79,51.44616539,7.48842233,255.08,15.78,0.39,153.89,1,-103.00,-10.00,9.00,8.00,27.00,12.00,13415170,315
33.02,1551330872,429.57,51.44604707,7.48855789,255.57,15.83,0.05,150.34,1,-103.00,-10.00,9.00,8.00,27.00,12.00,13415170,315
34.02,1551330873,445.40,51.44592953,7.48871148,256.24,15.96,0.13,146.30,1,-106.00,-8.00,7.00,7.00,25.00,12.00,13415170,315
35.02,1551330874,461.36,51.44581831,7.48887419,257.19,15.83,-0.13,142.60,1,-106.00,-8.00,7.00,7.00,25.00,12.00,13415170,315
36.02,1551330875,477.19,51.44570621,7.48905116,258.10,15.78,-0.05,139.10,1,-105.00,-8.00,8.00,7.00,22.00,12.00,13415170,315
37.02,1551330876,492.96,51.44560844,7.48923428,258.83,16.13,0.36,135.93,1,-105.00,-8.00,8.00,7.00,22.00,12.00,13415170,315
38.02,1551330877,509.09,51.44595150,7.48965620,259.76,16.09,-0.04,133.25,1,-107.00,-9.00,7.00,11.00,21.00,12.00,13415170,315
39.02,1551330878,525.19,51.44541624,7.48962411,260.50,16.24,0.15,131.34,1,-107.00,-9.00,7.00,11.00,21.00,12.00,13415170,315
40.02,1551330879,541.43,51.44533062,7.48982038,261.20,15.97,-0.27,129.56,1,-106.00,-9.00,5.00,8.00,21.00,12.00,13415170,315
41.02,1551330880,557.40,51.44524918,7.49001569,261.50,15.95,-0.02,128.42,1,-106.00,-9.00,5.00,8.00,21.00,12.00,13415170,315
42.02,1551330881,573.35,51.44517164,7.49020304,261.73,15.65,-0.30,128.00,1,-108.00,-9.00,1.00,10.00,20.00,12.00,13415170,315
43.02,1551330882,589.00,51.44509677,7.49038096,262.03,15.00,-0.65,128.18,1,-108.00,-9.00,1.00,10.00,20.00,12.00,13415170,315
44.02,1551330883,604.01,51.44502351,7.49055615,262.10,14.62,-0.38,128.16,1,-110.00,-10.00,6.00,10.00,20.00,12.00,13415170,315
45.02,1551330884,618.63,51.44495698,7.49071339,262.38,14.09,-0.53,128.45,1,-110.00,-10.00,6.00,10.00,20.00,12.00,13415170,315
46.02,1551330885,632.69,51.44488970,7.49086460,263.27,13.36,-0.72,127.82,1,-109.00,-10.00,-3.00,6.00,23.00,24.00,13417219,440
47.02,1551330886,646.07,51.44481977,7.49102327,263.89,12.46,-0.90,127.94,1,-109.00,-10.00,-3.00,6.00,23.00,24.00,13417219,440
48.03,1551330887,658.63,51.44477041,7.49114812,265.13,10.72,-1.73,127.49,1,-111.00,-10.00,2.00,5.00,19.00,24.00,13417219,440
49.02,1551330888,669.26,51.44472563,7.49126792,266.48,9.57,-1.16,126.82,1,-111.00,-10.00,2.00,5.00,19.00,24.00,13417219,440
50.02,1551330889,678.82,51.44468424,7.49137781,267.87,8.36,-1.21,126.79,1,-111.00,-10.00,2.00,5.00,19.00,24.00,13417219,440
51.02,1551330890,687.18,51.44465005,7.49147069,269.23,6.43,-1.92,127.45,1,-109.00,-11.00,3.00,2.00,29.00,24.00,13417219,440
52.02,1551330891,693.61,51.44461507,7.49154815,270.06,4.37,-2.06,128.07,1,-109.00,-11.00,3.00,2.00,29.00,24.00,13417219,440
53.02,1551330892,697.99,51.44459977,7.49158823,270.08,2.21,-2.16,128.48,1,-109.00,-7.00,2.00,2.00,18.00,24.00,13417219,440
54.02,1551330893,700.20,51.44459467,7.49160872,270.10,0.61,-1.60,128.48,1,-109.00,-7.00,2.00,2.00,18.00,24.00,13417219,440
55.02,1551330894,700.81,51.44459467,7.49160872,270.10,0.00,-0.61,128.48,1,-111.00,-9.00,1.00,2.00,17.00,24.00,13417219,440
56.02,1551330895,700.81,51.44459467,7.49160872,270.10,0.00,0.00,128.48,1,-111.00,-9.00,1.00,2.00,17.00,24.00,13417219,440
57.02,1551330896,700.81,51.44462220,7.49155380,272.80,0.00,0.00,128.48,1,-111.00,-9.00,4.00,2.00,18.00,24.00,13417219,440
58.02,1551330897,700.81,51.44459467,7.49160872,270.09,0.00,0.00,128.48,1,-111.00,-9.00,4.00,2.00,18.00,24.00,13417219,440
59.02,1551330898,700.81,51.44459467,7.49160872,270.08,0.00,0.00,128.48,1,-111.00,-9.00,3.00,2.00,18.00,24.00,13417219,440
60.02,1551330899,700.81,51.44459467,7.49160872,270.07,0.00,0.00,128.48,1,-111.00,-9.00,3.00,2.00,18.00,24.00,13417219,440
61.02,1551330900,700.81,51.44459467,7.49160872,270.06,0.00,0.00,128.48,1,-110.00,-9.00,4.00,2.00,18.00,24.00,13417219,440
62.02,1551330901,700.81,51.44459467,7.49160872,269.97,0.00,0.00,128.48,1,-110.00,-9.00,4.00,2.00,18.00,24.00,13417219,440
63.02,1551330902,700.81,51.44459467,7.49160872,269.87,0.00,0.00,124.79,1,-110.00,-9.00,3.00,2.00,18.00,24.00,13417219,440
64.02,1551330903,700.81,51.44459467,7.49160872,269.16,0.00,0.00,128.73,1,-110.00,-9.00,3.00,2.00,18.00,24.00,13417219,440
65.02,1551330904,700.81,51.44451657,7.49170591,268.55,6.34,0.00,157.15,1,-110.00,-10.00,0.00,2.00,18.00,24.00,13417219,440
66.02,1551330905,707.15,51.44444065,7.49171123,268.20,8.59,2.25,179.10,1,-110.00,-10.00,0.00,2.00,18.00,24.00,13417219,440
67.02,1551330906,715.74,51.44437431,7.49167190,267.97,7.95,-0.63,204.79,1,-110.00,-11.00,2.00,2.00,19.00,24.00,13417219,440
68.02,1551330907,723.69,51.44431814,7.49161238,267.88,9.60,1.65,208.22,1,-110.00,-11.00,2.00,2.00,19.00,24.00,13417219,440
69.03,1551330908,733.39,51.44425154,7.49153361,267.88,10.48,0.87,210.47,1,-107.00,-10.00,0.00,2.00,22.00,24.00,13417219,440
70.02,1551330909,743.76,51.44418029,7.49144469,267.99,11.28,0.81,211.68,1,-107.00,-10.00,0.00,2.00,22.00,24.00,13417219,440
71.02,1551330910,755.04,51.44409915,7.49135116,268.01,12.26,0.99,212.12,1,-107.00,-10.00,0.00,2.00,22.00,24.00,13417219,440
72.02,1551330911,767.30,51.44400102,7.49124184,268.21,13.46,1.19,212.98,1,-107.00,-10.00,1.00,2.00,22.00,24.00,13417219,440
73.02,1551330912,780.76,51.44390090,7.49112301,268.61,14.57,1.11,213.57,1,-107.00,-10.00,1.00,2.00,22.00,24.00,13417219,440
74.02,1551330913,795.34,51.44379202,7.49099198,268.74,15.18,0.62,214.40,1,-106.00,-9.00,10.00,2.00,22.00,24.00,13417219,440
75.02,1551330914,810.51,51.44368390,7.49085892,268.57,15.90,0.71,215.15,1,-106.00,-9.00,10.00,2.00,22.00,24.00,13417219,440
76.02,1551330915,826.39,51.44357657,7.49072396,268.39,15.87,-0.03,215.59,1,-106.00,-8.00,6.00,2.00,22.00,21.00,13417219,440
77.02,1551330916,842.27,51.44346422,7.49058351,268.35,15.85,-0.02,216.51,1,-106.00,-8.00,6.00,2.00,22.00,21.00,13417219,440
78.02,1551330917,858.14,51.44334619,7.49044037,268.23,15.77,-0.08,216.46,1,-110.00,-10.00,4.00,8.00,20.00,21.00,13417219,440
79.02,1551330918,873.91,51.44322839,7.49029907,267.81,15.81,0.04,216.25,1,-110.00,-10.00,4.00,8.00,20.00,21.00,13417219,440
80.02,1551330919,889.72,51.44311181,7.49016321,267.43,15.75,-0.06,216.14,1,-109.00,-10.00,2.00,7.00,21.00,21.00,13417219,440
81.02,1551330920,905.46,51.44299332,7.49002746,267.29,15.81,0.06,216.31,1,-109.00,-10.00,2.00,7.00,21.00,21.00,13417219,440
82.02,1551330921,921.25,51.44287111,7.48988551,267.31,15.78,-0.03,216.37,1,-107.00,-9.00,2.00,4.00,22.00,21.00,13417219,440
83.02,1551330922,937.03,51.44275331,7.48975059,267.61,15.75,-0.03,216.45,1,-107.00,-9.00,2.00,4.00,22.00,21.00,13417219,440
84.02,1551330923,952.79,51.44264130,7.48961515,267.97,15.53,-0.22,217.05,1,-100.00,-7.00,-2.00,11.00,27.00,21.00,13417219,440
85.02,1551330924,968.32,51.44253015,7.48948124,268.51,15.72,0.19,216.64,1,-100.00,-7.00,-2.00,11.00,27.00,21.00,13417219,440
86.02,1551330925,984.03,51.44241099,7.48933840,269.43,16.04,0.32,217.30,1,-99.00,-8.00,10.00,6.00,28.00,21.00,13417219,440
87.02,1551330926,1000.06,51.44230567,7.48921399,270.44,15.08,-0.95,216.85,1,-99.00,-8.00,10.00,6.00,28.00,21.00,13417219,440
88.02,1551330927,1015.16,51.44219903,7.48908292,271.23,15.11,0.03,217.22,1,-102.00,-8.00,7.00,2.00,34.00,21.00,13417219,440
89.02,1551330928,1030.27,51.44208754,7.48894799,272.31,15.00,-0.11,218.32,1,-102.00,-8.00,7.00,2.00,34.00,21.00,13417219,440
90.03,1551330929,1045.40,51.44197360,7.48879298,273.00,14.94,-0.06,219.42,1,-100.00,-7.00,-3.00,2.00,27.00,21.00,13417219,440
91.02,1551330930,1060.22,51.44187213,7.48865941,273.44,12.88,-2.07,219.85,1,-100.00,-7.00,-3.00,2.00,27.00,21.00,13417219,440
92.02,1551330931,1073.10,51.44177421,7.48851177,273.65,12.37,-0.52,221.21,1,-100.00,-7.00,-3.00,2.00,27.00,21.00,13417219,440
93.02,1551330932,1085.47,51.44167668,7.48835864,273.51,13.18,0.82,222.60,1,-99.00,-7.00,5.00,2.00,28.00,21.00,13417219,440
94.02,1551330933,1098.64,51.44158649,7.48821911,273.38,12.77,-0.41,223.17,1,-99.00,-7.00,5.00,2.00,28.00,21.00,13417219,440
95.02,1551330934,1111.41,51.44149578,7.48805816,273.16,14.53,1.75,225.50,1,-98.00,-7.00,-3.00,2.00,29.00,21.00,13417219,440
96.02,1551330935,1125.95,51.44140100,7.48787800,272.51,14.94,0.41,227.60,1,-98.00,-7.00,-3.00,2.00,29.00,21.00,13417219,440
97.02,1551330936,1140.87,51.44130693,7.48768442,271.64,14.99,0.05,229.32,1,-95.00,-7.00,14.00,2.00,31.00,21.00,13417219,440
98.02,1551330937,1155.88,51.44137000,7.48747440,270.68,15.00,0.02,230.30,1,-95.00,-7.00,14.00,2.00,31.00,21.00,13417219,440
99.02,1551330938,1170.88,51.44112779,7.48730794,269.56,15.01,0.01,231.08,1,-87.00,-4.00,7.00,13.00,36.00,20.00,13417219,440
100.02,1551330939,1185.89,51.44103984,7.48711434,268.48,14.99,-0.02,231.61,1,-87.00,-4.00,7.00,13.00,36.00,20.00,13417219,440
101.02,1551330940,1200.87,51.44096121,7.48692940,267.08,14.92,-0.07,232.59,1,-93.00,-6.00,26.00,14.00,34.00,20.00,13417219,440
102.02,1551330941,1215.78,51.44088290,7.48674423,265.69,14.68,-0.24,232.44,1,-93.00,-6.00,26.00,14.00,34.00,20.00,13417219,440
103.02,1551330942,1230.46,51.44080993,7.48656523,264.41,14.62,-0.05,231.93,1,-93.00,-6.00,25.00,9.00,32.00,20.00,13417219,440
104.02,1551330943,1245.10,51.44073972,7.48639563,263.91,14.18,-0.44,232.71,1,-93.00,-6.00,25.00,9.00,32.00,20.00,13417219,440
105.02,1551330944,1259.26,51.44066560,7.48622171,263.51,14.99,0.81,233.09,1,-91.00,-6.00,29.00,12.00,35.00,20.00,13417219,440
106.02,1551330945,1274.27,51.44058938,7.48605046,263.51,14.75,-0.25,232.42,1,-91.00,-6.00,29.00,12.00,35.00,20.00,13417219,440
107.02,1551330946,1289.05,51.44050852,7.48587455,263.62,15.39,0.64,232.62,1,-92.00,-8.00,22.00,10.00,34.00,20.00,13417219,440
108.02,1551330947,1304.42,51.44043198,7.48570695,263.83,15.18,-0.21,233.56,1,-92.00,-8.00,22.00,10.00,34.00,20.00,13417219,440
109.02,1551330948,1319.59,51.44035778,7.48553329,264.45,15.28,0.10,233.45,1,-98.00,-8.00,6.00,2.00,38.00,20.00,13417219,440
110.02,1551330949,1334.86,51.44027900,7.48535858,265.02,15.06,-0.22,233.08,1,-98.00,-8.00,6.00,2.00,38.00,20.00,13417219,440
111.03,1551330950,1350.06,51.44019506,7.48517079,265.30,14.95,-0.11,233.27,1,-95.00,-6.00,13.00,2.00,30.00,20.00,13417219,440
112.02,1551330951,1364.88,51.44011158,7.48498989,265.70,14.91,-0.05,232.63,1,-95.00,-6.00,13.00,2.00,30.00,20.00,13417219,440
113.02,1551330952,1379.78,51.44003029,7.48480748,266.29,15.18,0.28,232.74,1,-95.00,-6.00,13.00,2.00,30.00,20.00,13417219,440
114.02,1551330953,1394.97,51.43994583,7.48463057,266.72,15.62,0.43,232.58,1,-93.00,-6.00,12.00,2.00,32.00,20.00,13417219,440
115.02,1551330954,1410.58,51.43986048,7.48445558,267.21,15.64,0.03,232.69,1,-93.00,-6.00,12.00,2.00,32.00,20.00,13417219,440
116.02,1551330955,1426.21,51.43976944,7.48426358,267.11,15.86,0.22,232.04,1,-91.00,-5.00,8.00,2.00,35.00,20.00,13417219,440
117.02,1551330956,1442.08,51.43991370,7.48411860,266.75,15.77,-0.09,232.91,1,-91.00,-5.00,8.00,2.00,35.00,20.00,13417219,440
118.02,1551330957,1457.85,51.43958597,7.48386670,266.55,15.08,-0.69,233.21,1,-94.00,-6.00,3.00,2.00,32.00,20.00,13417219,440
119.02,1551330958,1472.93,51.43949749,7.48367273,265.88,15.89,0.80,233.96,1,-94.00,-6.00,3.00,2.00,32.00,20.00,13417219,440
120.02,1551330959,1488.82,51.43941656,7.48348464,265.51,15.90,0.01,235.39,1,-98.00,-8.00,4.00,2.00,30.00,20.00,13417219,440
121.02,1551330960,1504.73,51.43933294,7.48328770,264.84,16.07,0.17,236.09,1,-98.00,-8.00,4.00,2.00,30.00,20.00,13417219,440
122.02,1551330961,1520.75,51.43925958,7.48309944,264.56,14.46,-1.62,238.11,1,-96.00,-12.00,5.00,11.00,36.00,20.00,13417219,440
123.02,1551330962,1535.20,51.43918724,7.48290875,264.50,14.48,0.02,238.50,1,-96.00,-12.00,5.00,11.00,36.00,20.00,13417219,440
124.02,1551330963,1549.69,51.43911561,7.48271552,264.43,13.88,-0.60,238.10,1,-95.00,-12.00,9.00,11.00,36.00,20.00,13417219,440
125.02,1551330964,1563.59,51.43903807,7.48251096,264.43,15.05,1.17,237.41,1,-95.00,-12.00,9.00,11.00,36.00,20.00,13417219,440
126.02,1551330965,1578.65,51.43895853,7.48229649,264.53,16.01,0.96,238.47,1,-99.00,-10.00,9.00,9.00,29.00,20.00,13417219,440
127.02,1551330966,1594.67,51.43888118,7.48207285,264.83,16.31,0.30,239.47,1,-99.00,-10.00,9.00,9.00,29.00,20.00,13417219,440
128.02,1551330967,1610.98,51.43880636,7.48184307,265.12,16.14,-0.18,240.44,1,-98.00,-8.00,9.00,15.00,28.00,20.00,13417219,440
129.02,1551330968,1627.10,51.43873605,7.48162730,265.24,16.11,-0.03,239.71,1,-98.00,-8.00,9.00,15.00,28.00,20.00,13417219,440
130.02,1551330969,1643.21,51.43866110,7.48140238,264.99,15.99,-0.11,239.24,1,-94.00,-7.00,4.00,9.00,33.00,20.00,13417219,440
131.02,1551330970,1659.20,51.43859713,7.48120465,265.34,15.38,-0.61,239.65,1,-94.00,-7.00,4.00,9.00,33.00,20.00,13417219,440
132.03,1551330971,1674.68,51.43852473,7.48097905,265.51,15.71,0.33,240.18,1,-94.00,-6.00,6.00,8.00,33.00,20.00,13417219,440
133.02,1551330972,1690.28,51.43845174,7.48076488,265.79,16.25,0.54,239.48,1,-94.00,-6.00,6.00,8.00,33.00,20.00,13417219,440
134.02,1551330973,1706.55,51.43837798,7.48055169,266.38,16.28,0.03,238.53,1,-94.00,-6.00,6.00,8.00,33.00,20.00,13417219,440
135.02,1551330974,1722.83,51.43830526,7.48033638,267.22,16.36,0.08,238.98,1,-96.00,-6.00,5.00,12.00,29.00,20.00,13417219,440
136.02,1551330975,1739.19,51.43823282,7.48012582,267.50,16.12,-0.24,239.51,1,-96.00,-6.00,5.00,12.00,29.00,20.00,13417219,440
137.02,1551330976,1755.30,51.43816379,7.47992547,267.59,16.14,0.02,239.79,1,-96.00,-8.00,3.00,10.00,31.00,20.00,13417219,440
138.02,1551330977,1771.44,51.43809438,7.47972357,267.46,16.00,-0.13,239.88,1,-96.00,-8.00,3.00,10.00,31.00,20.00,13417219,440
139.02,1551330978,1787.46,51.43802505,7.47951848,267.63,16.67,0.67,240.30,1,-95.00,-10.00,1.00,2.00,43.00,20.00,13417219,440
140.02,1551330979,1804.13,51.43795101,7.47929886,267.79,16.07,-0.60,240.86,1,-95.00,-10.00,1.00,2.00,43.00,20.00,13417219,440
141.02,1551330980,1820.20,51.43787861,7.47908836,267.91,15.92,-0.15,241.50,1,-95.00,-9.00,-2.00,2.00,34.00,20.00,13417219,440
142.02,1551330981,1836.14,51.43780530,7.47886543,268.65,15.78,-0.14,242.03,1,-95.00,-9.00,-2.00,2.00,34.00,20.00,13417219,440
143.02,1551330982,1851.90,51.43773259,7.47865219,268.80,15.88,0.10,241.18,1,-92.00,-9.00,-1.00,2.00,36.00,20.00,13417219,440
144.02,1551330983,1867.78,51.43766403,7.47845350,270.00,15.32,-0.56,240.33,1,-92.00,-9.00,-1.00,2.00,36.00,20.00,13417219,440
145.02,1551330984,1883.09,51.43759383,7.47824776,270.64,15.00,-0.32,239.72,1,-91.00,-9.00,4.00,2.00,37.00,20.00,13417219,440
146.02,1551330985,1898.10,51.43752585,7.47804466,271.66,14.51,-0.49,241.04,1,-91.00,-9.00,4.00,2.00,37.00,20.00,13417219,440
147.02,1551330986,1912.59,51.43746519,7.47785440,272.47,14.80,0.29,241.82,1,-92.00,-9.00,4.00,2.00,36.00,20.00,13417219,440
148.02,1551330987,1927.38,51.43740722,7.47766979,273.23,14.68,-0.12,241.45,1,-92.00,-9.00,4.00,2.00,36.00,20.00,13417219,440
149.02,1551330988,1942.06,51.43734354,7.47746797,273.50,14.70,0.02,242.25,1,-93.00,-9.00,-5.00,2.00,36.00,20.00,13417219,440
150.02,1551330989,1956.76,51.43728093,7.47727923,273.83,14.12,-0.58,241.91,1,-93.00,-9.00,-5.00,2.00,36.00,20.00,13417219,440
151.02,1551330990,1970.88,51.43721761,7.47706759,273.91,13.91,-0.21,243.03,1,-81.00,-6.00,13.00,2.00,53.00,19.00,13523715,6
152.02,1551330991,1984.78,51.43716651,7.47687747,273.83,13.76,-0.15,246.11,1,-81.00,-6.00,13.00,2.00,53.00,19.00,13523715,6
153.02,1551330992,1998.58,51.43712948,7.47669936,273.94,13.18,-0.58,249.84,1,-92.00,-7.00,13.00,9.00,34.00,19.00,13523715,6
154.02,1551330993,2011.73,51.43713758,7.47652002,274.27,11.80,-1.37,272.30,1,-92.00,-7.00,13.00,9.00,34.00,19.00,13523715,6
155.02,1551330994,2023.53,51.43717218,7.47636560,274.97,9.75,-2.05,287.67,1,-92.00,-7.00,13.00,9.00,34.00,19.00,13523715,6
156.02,1551330995,2033.27,51.43723312,7.47624720,276.01,8.95,-0.80,310.59,1,-91.00,-8.00,11.00,11.00,35.00,19.00,13523715,6
157.02,1551330996,2042.24,51.43730737,7.47617794,277.02,8.52,-0.43,332.42,1,-91.00,-8.00,11.00,11.00,35.00,19.00,13523715,6
158.02,1551330997,2050.75,51.43739903,7.47615500,277.81,9.10,0.58,359.05,1,-91.00,-7.00,6.00,15.00,34.00,19.00,13523715,6
159.02,1551330998,2059.86,51.43748181,7.47619036,279.16,9.43,0.33,23.35,1,-91.00,-7.00,6.00,15.00,34.00,19.00,13523715,6
160.02,1551330999,2069.29,51.43754674,7.47627372,280.76,9.86,0.43,45.04,1,-93.00,-7.00,5.00,1.00,34.00,19.00,13523715,6
161.02,1551331000,2079.14,51.43762113,7.47638238,282.33,10.93,1.07,47.25,1,-93.00,-7.00,5.00,1.00,34.00,19.00,13523715,6
162.02,1551331001,2090.08,51.43768874,7.47650506,283.74,12.05,1.12,49.60,1,-94.00,-8.00,7.00,14.00,36.00,19.00,13523715,6
163.02,1551331002,2102.12,51.43776035,7.47664808,285.07,13.37,1.33,50.78,1,-94.00,-8.00,7.00,14.00,36.00,19.00,13523715,6
164.02,1551331003,2115.50,51.43783999,7.47680996,286.02,14.61,1.24,51.87,1,-97.00,-9.00,10.00,10.00,31.00,19.00,13523715,6
165.02,1551331004,2130.11,51.43792318,7.47699153,286.65,15.75,1.14,52.79,1,-97.00,-9.00,10.00,10.00,31.00,19.00,13523715,6
166.02,1551331005,2145.87,51.43800971,7.47719304,287.01,16.41,0.66,53.52,1,-92.00,-7.00,10.00,2.00,41.00,19.00,13523715,6
167.02,1551331006,2162.28,51.43809929,7.47739896,287.28,17.64,1.23,54.14,1,-92.00,-7.00,10.00,2.00,41.00,19.00,13523715,6
168.02,1551331007,2179.90,51.43819850,7.47762498,287.15,18.93,1.29,54.77,1,-97.00,-8.00,6.00,2.00,31.00,19.00,13523715,6
169.02,1551331008,2198.83,51.43830380,7.47786284,287.07,19.39,0.47,55.33,1,-97.00,-8.00,6.00,2.00,31.00,19.00,13523715,6
170.02,1551331009,2218.22,51.43839650,7.47808714,287.16,20.44,1.05,55.76,1,-99.00,-8.00,2.00,2.00,27.00,19.00,13523715,6
171.02,1551331010,2238.66,51.43849875,7.47833954,287.38,21.11,0.67,55.98,1,-99.00,-8.00,2.00,2.00,27.00,19.00,13523715,6
172.02,1551331011,2259.79,51.43860783,7.47860984,287.35,22.04,0.93,56.71,1,-101.00,-9.00,0.00,2.00,27.00,19.00,13523715,6
173.02,1551331012,2281.81,51.43870936,7.47888176,287.53,22.22,0.19,58.08,1,-101.00,-9.00,0.00,2.00,27.00,19.00,13523715,6
174.03,1551331013,2304.25,51.43881488,7.47916518,287.58,22.96,0.73,58.18,1,-104.00,-11.00,-3.00,2.00,26.00,19.00,13523715,6
175.02,1551331014,2327.01,51.43892866,7.47945418,287.61,23.76,0.80,56.65,1,-104.00,-11.00,-3.00,2.00,26.00,19.00,13523715,6
176.02,1551331015,2350.74,51.43904988,7.47975964,287.56,24.48,0.72,55.95,1,-104.00,-11.00,-3.00,2.00,26.00,19.00,13523715,6
177.02,1551331016,2375.22,51.43917119,7.48005984,287.63,24.69,0.21,55.80,1,-105.00,-13.00,-11.00,2.00,27.00,19.00,13523715,6
178.02,1551331017,2399.91,51.43929889,7.48034493,287.44,24.71,0.02,54.27,1,-105.00,-13.00,-11.00,2.00,27.00,19.00,13523715,6
179.02,1551331018,2424.62,51.43943395,7.48064870,287.25,25.10,0.39,53.96,1,-104.00,-13.00,3.00,2.00,37.00,22.00,13417219,440
180.02,1551331019,2449.71,51.43957552,7.48094357,287.27,25.11,0.02,52.64,1,-104.00,-13.00,3.00,2.00,37.00,22.00,13417219,440
181.03,1551331020,2474.93,51.43972130,7.48121947,287.41,24.62,-0.49,50.17,1,-106.00,-12.00,8.00,2.00,25.00,22.00,13417219,440
182.03,1551331021,2499.54,51.43985841,7.48148119,287.33,24.41,-0.20,50.09,1,-106.00,-12.00,8.00,2.00,25.00,22.00,13417219,440
183.03,1551331022,2523.95,51.43999617,7.48174129,287.16,23.99,-0.43,49.25,1,-105.00,-10.00,-3.00,2.00,24.00,22.00,13417219,440
184.03,1551331023,2547.94,51.44014740,7.48199069,287.05,24.29,0.30,45.33,1,-105.00,-10.00,-3.00,2.00,24.00,22.00,13417219,440
185.03,1551331024,2572.22,51.44031322,7.48224009,286.82,24.60,0.31,43.07,1,-106.00,-9.00,-7.00,2.00,23.00,22.00,13417219,440
186.03,1551331025,2596.82,51.44047962,7.48248910,286.50,24.52,-0.08,42.50,1,-106.00,-9.00,-7.00,2.00,23.00,22.00,13417219,440
187.02,1551331026,2621.32,51.44064377,7.48272185,286.37,24.36,-0.17,41.62,1,-115.00,-8.00,5.00,2.00,11.00,85.00,13067273,288
188.02,1551331027,2645.68,51.44080870,7.48294538,286.02,24.33,-0.02,39.64,1,-115.00,-8.00,5.00,2.00,11.00,85.00,13067273,288
189.02,1551331028,2669.96,51.44097430,7.48316795,285.09,24.30,-0.04,39.46,1,-112.00,-8.00,5.00,2.00,14.00,85.00,13067273,288
190.02,1551331029,2694.24,51.44114577,7.48338403,283.74,24.33,0.03,37.73,1,-112.00,-8.00,5.00,2.00,14.00,85.00,13067273,288
191.02,1551331030,2718.61,51.44131932,7.48359355,282.34,24.26,-0.06,36.13,1,-114.00,-8.00,4.00,2.00,12.00,85.00,13067273,288
192.02,1551331031,2742.85,51.44149500,7.48380052,280.74,24.46,0.20,35.21,1,-114.00,-8.00,4.00,2.00,12.00,85.00,13067273,288
193.03,1551331032,2767.38,51.44168957,7.48399476,279.06,24.78,0.32,32.45,1,-115.00,-8.00,6.00,2.00,11.00,85.00,13067273,288
194.03,1551331033,2792.16,51.44189506,7.48417889,277.46,24.94,0.16,29.04,1,-115.00,-8.00,6.00,2.00,11.00,85.00,13067273,288
195.04,1551331034,2817.38,51.44209815,7.48435559,276.30,25.25,0.30,27.97,1,-117.00,-9.00,4.00,2.00,10.00,85.00,13067273,288
196.03,1551331035,2842.35,51.44230472,7.48452339,275.53,25.33,0.08,26.53,1,-117.00,-9.00,4.00,2.00,10.00,85.00,13067273,288
197.03,1551331036,2867.70,51.44250850,7.48468763,274.95,24.99,-0.34,25.78,1,-117.00,-9.00,4.00,2.00,10.00,85.00,13067273,288
198.02,1551331037,2892.57,51.44271069,7.48484063,274.66,24.92,-0.07,24.96,1,-120.00,-10.00,0.00,7.00,8.00,83.00,13067273,288
199.02,1551331038,2917.46,51.44291253,7.48498816,274.49,24.77,-0.15,23.92,1,-120.00,-10.00,0.00,7.00,8.00,83.00,13067273,288
200.02,1551331039,2942.32,51.44310419,7.48512631,273.95,24.61,-0.16,23.66,1,-106.00,-8.00,-4.00,5.00,21.00,18.00,13415170,315
201.02,1551331040,2966.91,51.44330559,7.48527297,273.39,24.50,-0.11,23.54,1,-106.00,-8.00,-4.00,5.00,21.00,18.00,13415170,315
202.02,1551331041,2991.38,51.44350683,7.48541190,272.64,23.71,-0.79,23.30,1,-110.00,-11.00,-4.00,8.00,20.00,18.00,13415170,315
203.02,1551331042,3015.10,51.44370044,7.48554104,271.97,22.84,-0.87,22.14,1,-110.00,-11.00,-4.00,8.00,20.00,18.00,13415170,315
204.02,1551331043,3037.96,51.44388040,7.48566150,271.39,21.52,-1.32,22.05,1,-109.00,-11.00,-7.00,7.00,22.00,18.00,13415170,315
205.02,1551331044,3059.46,51.44404976,7.48576986,270.66,19.77,-1.75,21.61,1,-109.00,-11.00,-7.00,7.00,22.00,18.00,13415170,315
206.02,1551331045,3079.23,51.44420221,7.48586295,270.02,18.10,-1.67,21.93,1,-108.00,-10.00,-8.00,8.00,22.00,18.00,13415170,315
207.02,1551331046,3097.31,51.44433591,7.48595099,269.52,16.03,-2.08,23.53,1,-108.00,-10.00,-8.00,8.00,22.00,18.00,13415170,315
208.02,1551331047,3113.34,51.44445414,7.48604266,269.40,15.37,-0.66,26.48,1,-108.00,-10.00,1.00,5.00,22.00,18.00,13415170,315
209.02,1551331048,3128.70,51.44454512,7.48617286,269.06,13.77,-1.59,43.00,1,-108.00,-10.00,1.00,5.00,22.00,18.00,13415170,315
210.02,1551331049,3142.50,51.44463149,7.48631644,268.83,13.93,0.15,46.14,1,-111.00,-12.00,-1.00,6.00,21.00,18.00,13415170,315
211.02,1551331050,3156.44,51.44467405,7.48649277,268.36,13.66,-0.26,69.49,1,-111.00,-12.00,-1.00,6.00,21.00,18.00,13415170,315
212.03,1551331051,3170.12,51.44469421,7.48669069,267.89,13.88,0.22,82.49,1,-117.00,-13.00,-6.00,4.00,17.00,18.00,13415170,315
213.02,1551331052,3183.99,51.44467797,7.48689471,267.12,14.29,0.41,99.32,1,-117.00,-13.00,-6.00,4.00,17.00,18.00,13415170,315
214.02,1551331053,3198.24,51.44462573,7.48709878,266.49,14.54,0.25,115.04,1,-117.00,-14.00,-8.00,6.00,17.00,25.00,13417219,440
215.02,1551331054,3212.76,51.44454184,7.48728286,266.02,14.65,0.12,131.23,1,-117.00,-14.00,-8.00,6.00,17.00,25.00,13417219,440
216.03,1551331055,3227.59,51.44444506,7.48741677,265.73,14.52,-0.13,144.75,1,-116.00,-14.00,-6.00,4.00,17.00,25.00,13417219,440
217.03,1551331056,3242.00,51.44434029,7.48749093,265.74,14.97,0.45,160.71,1,-116.00,-14.00,-6.00,4.00,17.00,25.00,13417219,440
218.02,1551331057,3256.96,51.44421896,7.48752341,265.50,14.77,-0.19,174.56,1,-116.00,-14.00,-6.00,4.00,17.00,25.00,13417219,440
219.02,1551331058,3271.72,51.44409401,7.48750046,265.17,14.13,-0.65,189.20,1,-118.00,-16.00,-7.00,3.00,17.00,25.00,13417219,440
220.02,1551331059,3285.84,51.44399241,7.48740939,265.00,14.90,0.77,210.38,1,-118.00,-16.00,-7.00,3.00,17.00,25.00,13417219,440
221.02,1551331060,3300.71,51.44390176,7.48726502,264.92,14.49,-0.41,225.88,1,-113.00,-11.00,-9.00,2.00,18.00,25.00,13417219,440
222.02,1551331061,3315.21,51.44382797,7.48708482,264.57,14.32,-0.17,239.39,1,-113.00,-11.00,-9.00,2.00,18.00,25.00,13417219,440
223.02,1551331062,3329.56,51.44379469,7.48689588,264.42,15.32,1.00,255.51,1,-115.00,-14.00,-6.00,3.00,19.00,25.00,13417219,440
224.02,1551331063,3344.88,51.44376755,7.48667197,264.28,15.96,0.64,259.03,1,-115.00,-14.00,-6.00,3.00,19.00,25.00,13417219,440
225.02,1551331064,3360.81,51.44374816,7.48644028,264.15,16.80,0.84,262.11,1,-117.00,-15.00,-8.00,3.00,18.00,25.00,13417219,440
226.02,1551331065,3377.63,51.44373430,7.48618179,263.77,17.78,0.98,263.94,1,-117.00,-15.00,-8.00,3.00,18.00,25.00,13417219,440
227.03,1551331066,3395.45,51.44372278,7.48592090,263.19,18.82,1.04,265.13,1,-117.00,-15.00,-8.00,2.00,18.00,25.00,13417219,440
228.02,1551331067,3414.21,51.44371288,7.48563944,262.55,19.64,0.81,266.11,1,-117.00,-15.00,-8.00,2.00,18.00,25.00,13417219,440
229.03,1551331068,3433.93,51.44370447,7.48536075,262.53,20.49,0.85,267.10,1,-124.00,-21.00,-8.00,2.00,16.00,25.00,13417219,440
230.03,1551331069,3454.39,51.44370028,7.48508263,261.89,20.13,-0.35,268.65,1,-124.00,-21.00,-8.00,2.00,16.00,25.00,13417219,440
231.02,1551331070,3474.43,51.44371359,7.48478614,262.14,21.61,1.48,272.99,1,-117.00,-15.00,-4.00,2.00,17.00,25.00,13415426,265
232.02,1551331071,3496.06,51.44371328,7.48445373,262.68,23.04,1.43,269.14,1,-117.00,-15.00,-4.00,2.00,17.00,25.00,13415426,265
233.02,1551331072,3519.15,51.44371125,7.48409543,263.68,24.01,0.96,268.76,1,-111.00,-12.00,-9.00,5.00,20.00,21.00,13415426,265
234.02,1551331073,3543.13,51.44370643,7.48373585,264.57,24.70,0.69,268.35,1,-111.00,-12.00,-9.00,5.00,20.00,21.00,13415426,265
235.02,1551331074,3567.82,51.44369973,7.48336685,264.96,25.36,0.67,268.01,1,-110.00,-12.00,-2.00,6.00,21.00,21.00,13415426,265
236.02,1551331075,3593.21,51.44369487,7.48299507,264.99,25.97,0.60,268.18,1,-110.00,-12.00,-2.00,6.00,21.00,21.00,13415426,265
237.03,1551331076,3619.41,51.44369042,7.48262063,264.75,26.54,0.57,267.34,1,-110.00,-12.00,-4.00,7.00,21.00,21.00,13415426,265
238.02,1551331077,3645.69,51.44367868,7.48223701,264.65,27.00,0.46,266.62,1,-110.00,-12.00,-4.00,7.00,21.00,21.00,13415426,265
239.02,1551331078,3672.72,51.44366564,7.48183323,264.35,27.54,0.54,266.46,1,-110.00,-12.00,-4.00,7.00,21.00,21.00,13415426,265
240.02,1551331079,3700.26,51.44365072,7.48143544,264.04,27.98,0.44,266.09,1,-107.00,-12.00,0.00,7.00,23.00,21.00,13415426,265
241.02,1551331080,3728.24,51.44363448,7.48102299,263.53,28.43,0.45,265.95,1,-107.00,-12.00,0.00,7.00,23.00,21.00,13415426,265
242.03,1551331081,3756.73,51.44361297,7.48061184,263.08,28.90,0.46,265.35,1,-111.00,-12.00,-3.00,7.00,20.00,21.00,13415426,265
243.03,1551331082,3785.63,51.44358369,7.48018494,262.52,29.59,0.70,263.71,1,-111.00,-12.00,-3.00,7.00,20.00,21.00,13415426,265
244.02,1551331083,3815.16,51.44355053,7.47976344,262.08,29.93,0.33,262.70,1,-106.00,-12.00,0.00,7.00,24.00,21.00,13415426,265
245.02,1551331084,3845.09,51.44351482,7.47933493,261.91,30.51,0.58,261.81,1,-106.00,-12.00,0.00,7.00,24.00,21.00,13415426,265
246.02,1551331085,3875.63,51.44347696,7.47889293,261.87,31.10,0.59,261.97,1,-106.00,-12.00,0.00,6.00,25.00,21.00,13415426,265
247.02,1551331086,3906.70,51.44343734,7.47843779,261.99,31.39,0.29,262.45,1,-106.00,-12.00,0.00,6.00,25.00,21.00,13415426,265
248.02,1551331087,3938.02,51.44339774,7.47799821,262.12,30.93,-0.46,262.74,1,-100.00,-10.00,3.00,8.00,28.00,21.00,13415426,265
249.02,1551331088,3968.95,51.44335849,7.47756611,262.15,30.35,-0.57,262.65,1,-100.00,-10.00,3.00,8.00,28.00,21.00,13415426,265
250.02,1551331089,3999.30,51.44332065,7.47713220,262.07,30.51,0.16,262.19,1,-98.00,-9.00,9.00,10.00,29.00,21.00,13415426,265
251.02,1551331090,4029.81,51.44328055,7.47669081,262.03,30.53,0.01,261.83,1,-98.00,-9.00,9.00,10.00,29.00,21.00,13415426,265
252.02,1551331091,4060.34,51.44323542,7.47625021,262.05,30.58,0.06,261.60,1,-103.00,-10.00,5.00,9.00,26.00,21.00,13415426,265
253.02,1551331092,4090.92,51.44319061,7.47580985,262.06,30.68,0.10,261.11,1,-103.00,-10.00,5.00,9.00,26.00,21.00,13415426,265
254.02,1551331093,4121.63,51.44313806,7.47536524,262.11,30.38,-0.31,259.87,1,-107.00,-11.00,2.00,8.00,24.00,21.00,13415426,265
255.02,1551331094,4152.01,51.44308760,7.47493402,262.13,30.31,-0.07,259.22,1,-107.00,-11.00,2.00,8.00,24.00,21.00,13415426,265
256.02,1551331095,4182.29,51.44303217,7.47450114,262.22,29.84,-0.47,258.46,1,-107.00,-12.00,2.00,8.00,24.00,21.00,13415426,265
257.02,1551331096,4212.13,51.44312430,7.48096220,261.84,29.63,-0.21,258.52,1,-107.00,-12.00,2.00,8.00,24.00,21.00,13415426,265
258.02,1551331097,4241.76,51.44293454,7.47367446,261.37,29.12,-0.51,258.75,1,-106.00,-11.00,8.00,10.00,23.00,21.00,13415426,265
259.02,1551331098,4270.91,51.44288462,7.47326306,261.04,28.46,-0.66,259.03,1,-106.00,-11.00,8.00,10.00,23.00,21.00,13415426,265
260.03,1551331099,4299.58,51.44283636,7.47288180,260.45,28.09,-0.37,259.20,1,-110.00,-10.00,1.00,2.00,30.00,21.00,13415426,265
261.02,1551331100,4327.44,51.44279705,7.47250870,259.51,27.87,-0.21,259.63,1,-110.00,-10.00,1.00,2.00,30.00,21.00,13415426,265
262.02,1551331101,4355.31,51.44275627,7.47212705,258.40,27.43,-0.45,258.65,1,-110.00,-10.00,1.00,2.00,30.00,21.00,13415426,265
263.02,1551331102,4382.82,51.44271143,7.47173730,257.30,27.27,-0.15,258.27,1,-108.00,-10.00,5.00,2.00,22.00,21.00,13415426,265
264.02,1551331103,4410.10,51.44266901,7.47136017,256.07,27.30,0.03,258.06,1,-108.00,-10.00,5.00,2.00,22.00,21.00,13415426,265
265.02,1551331104,4437.40,51.44262462,7.47097917,254.68,28.01,0.71,257.92,1,-107.00,-9.00,10.00,2.00,21.00,21.00,13415426,265
266.02,1551331105,4465.41,51.44257424,7.47059503,253.31,28.09,0.07,257.52,1,-107.00,-9.00,10.00,2.00,21.00,21.00,13415426,265
267.02,1551331106,4493.50,51.44251673,7.47020672,252.08,28.04,-0.05,256.65,1,-107.00,-9.00,11.00,2.00,21.00,21.00,13415426,265
268.02,1551331107,4521.51,51.44245776,7.46981714,250.96,27.98,-0.05,256.56,1,-107.00,-9.00,11.00,2.00,21.00,21.00,13415426,265
269.02,1551331108,4549.49,51.44240433,7.46941849,249.92,27.94,-0.05,257.88,1,-103.00,-8.00,11.00,2.00,24.00,21.00,13415426,265
270.02,1551331109,4577.43,51.44235562,7.46902152,248.92,27.93,-0.01,258.03,1,-103.00,-8.00,11.00,2.00,24.00,21.00,13415426,265
271.02,1551331110,4605.36,51.44230820,7.46863119,247.88,27.95,0.03,259.06,1,-100.00,-7.00,3.00,2.00,25.00,21.00,13415426,265
272.02,1551331111,4633.31,51.44226025,7.46825422,246.62,27.93,-0.03,258.75,1,-100.00,-7.00,3.00,2.00,25.00,21.00,13415426,265
273.02,1551331112,4661.21,51.44221111,7.46785916,245.37,28.06,0.13,258.78,1,-102.00,-7.00,4.00,2.00,24.00,21.00,13415426,265
274.02,1551331113,4689.30,51.44216224,7.46746291,244.19,28.13,0.07,258.91,1,-102.00,-7.00,4.00,2.00,24.00,21.00,13415426,265
275.02,1551331114,4717.42,51.44211313,7.46705085,243.31,28.27,0.14,259.28,1,-111.00,-14.00,1.00,7.00,23.00,12.00,13415426,265
276.02,1551331115,4745.69,51.44206654,7.46665305,242.50,28.13,-0.15,259.28,1,-111.00,-14.00,1.00,7.00,23.00,12.00,13415426,265
277.02,1551331116,4773.79,51.44312430,7.48096220,241.65,27.55,-0.57,259.83,1,-109.00,-15.00,0.00,6.00,26.00,12.00,13415426,265
278.03,1551331117,4801.43,51.44197525,7.46588605,240.80,27.63,0.08,260.29,1,-109.00,-15.00,0.00,6.00,26.00,12.00,13415426,265
279.02,1551331118,4829.01,51.44192965,7.46548754,240.19,27.86,0.23,260.74,1,-110.00,-15.00,-1.00,6.00,25.00,12.00,13415426,265
280.02,1551331119,4856.90,51.44188477,7.46508442,239.79,27.94,0.08,261.12,1,-110.00,-15.00,-1.00,6.00,25.00,12.00,13415426,265
281.03,1551331120,4885.03,51.44184584,7.46468372,239.58,27.90,-0.05,261.69,1,-110.00,-15.00,0.00,7.00,24.00,13.00,13415427,264
282.02,1551331121,4912.74,51.44180955,7.46428014,239.40,27.47,-0.43,262.48,1,-110.00,-15.00,0.00,7.00,24.00,13.00,13415427,264
283.02,1551331122,4940.17,51.44177894,7.46389704,239.24,27.00,-0.47,262.96,1,-110.00,-15.00,0.00,7.00,24.00,13.00,13415427,264
284.02,1551331123,4967.15,51.44174851,7.46350496,239.12,26.64,-0.36,263.32,1,-110.00,-14.00,2.00,7.00,23.00,13.00,13415427,264
285.02,1551331124,4993.79,51.44171934,7.46312382,238.83,26.46,-0.18,263.50,1,-110.00,-14.00,2.00,7.00,23.00,13.00,13415427,264
286.02,1551331125,5020.22,51.44169201,7.46275330,238.26,26.43,-0.03,263.73,1,-106.00,-10.00,5.00,7.00,26.00,13.00,13415427,264
287.02,1551331126,5046.68,51.44166905,7.46237760,237.58,26.58,0.15,264.13,1,-106.00,-10.00,5.00,7.00,26.00,13.00,13415427,264
288.02,1551331127,5073.23,51.44164848,7.46199477,236.96,26.68,0.09,264.25,1,-101.00,-9.00,5.00,9.00,27.00,13.00,13415427,264
289.02,1551331128,5099.91,51.44163134,7.46162155,236.33,26.46,-0.21,265.19,1,-101.00,-9.00,5.00,9.00,27.00,13.00,13415427,264
290.02,1551331129,5126.35,51.44161526,7.46123814,235.75,26.63,0.17,265.82,1,-103.00,-9.00,9.00,7.00,28.00,13.00,13415427,264
291.02,1551331130,5153.03,51.44160121,7.46085481,235.18,26.83,0.20,266.29,1,-103.00,-9.00,9.00,7.00,28.00,13.00,13415427,264
292.02,1551331131,5179.84,51.44158855,7.46046415,234.58,27.19,0.36,266.90,1,-100.00,-8.00,10.00,7.00,28.00,13.00,13415427,264
293.02,1551331132,5207.03,51.44157493,7.46006306,233.92,27.53,0.34,266.21,1,-100.00,-8.00,10.00,7.00,28.00,13.00,13415427,264
294.02,1551331133,5234.47,51.44156604,7.45964486,233.38,28.49,0.96,267.59,1,-100.00,-8.00,13.00,14.00,27.00,13.00,13415427,264
295.02,1551331134,5263.05,51.44155636,7.45922578,232.59,28.83,0.34,267.64,1,-100.00,-8.00,13.00,14.00,27.00,13.00,13415427,264
296.02,1551331135,5291.92,51.44154708,7.45880193,231.69,29.48,0.65,267.83,1,-97.00,-6.00,12.00,2.00,28.00,13.00,13415427,264
297.02,1551331136,5321.40,51.44153916,7.45837907,231.15,30.06,0.57,268.12,1,-97.00,-6.00,12.00,2.00,28.00,13.00,13415427,264
298.02,1551331137,5351.46,51.44153774,7.45795477,231.02,30.97,0.92,269.34,1,-99.00,-7.00,9.00,2.00,26.00,13.00,13415427,264
299.02,1551331138,5382.43,51.44153576,7.45749802,230.96,31.52,0.55,269.85,1,-99.00,-7.00,9.00,2.00,26.00,13.00,13415427,264
300.02,1551331139,5414.01,51.44153411,7.45705251,230.89,32.03,0.51,270.23,1,-101.00,-7.00,10.00,2.00,25.00,13.00,13415427,264
301.02,1551331140,5446.04,51.44153612,7.45659796,231.03,32.65,0.62,270.45,1,-101.00,-7.00,10.00,2.00,25.00,13.00,13415427,264
302.03,1551331141,5478.99,51.44153807,7.45613427,231.41,33.21,0.55,270.76,1,-102.00,-7.00,14.00,2.00,24.00,13.00,13415427,264
303.03,1551331142,5511.92,51.44153920,7.45564773,231.59,33.62,0.41,271.43,1,-102.00,-7.00,14.00,2.00,24.00,13.00,13415427,264
304.02,1551331143,5545.51,51.44155097,7.45514781,231.36,34.00,0.38,271.93,1,-102.00,-7.00,14.00,2.00,24.00,13.00,13415427,264
305.02,1551331144,5579.40,51.44156825,7.45464248,230.66,34.51,0.51,273.00,1,-101.00,-6.00,14.00,2.00,25.00,13.00,13415427,264
306.02,1551331145,5613.94,51.44159757,7.45413848,229.72,34.77,0.26,274.97,1,-101.00,-6.00,14.00,2.00,25.00,13.00,13415427,264
307.02,1551331146,5648.67,51.44162384,7.45364092,228.76,35.05,0.29,274.65,1,-97.00,-6.00,9.00,2.00,29.00,13.00,13415427,264
308.02,1551331147,5683.76,51.44165332,7.45313362,228.02,35.30,0.25,274.36,1,-97.00,-6.00,9.00,2.00,29.00,13.00,13415427,264
309.02,1551331148,5719.06,51.44168165,7.45262916,227.61,35.70,0.40,275.32,1,-98.00,-7.00,2.00,2.00,28.00,17.00,13415427,264
310.02,1551331149,5754.73,51.44170974,7.45212311,227.37,35.73,0.02,275.73,1,-98.00,-7.00,2.00,2.00,28.00,17.00,13415427,264
311.02,1551331150,5790.50,51.44174369,7.45164518,227.43,34.91,-0.82,276.41,1,-108.00,-10.00,5.00,9.00,21.00,17.00,13415427,264
312.02,1551331151,5825.37,51.44177831,7.45115529,227.69,35.01,0.10,277.04,1,-108.00,-10.00,5.00,9.00,21.00,17.00,13415427,264
313.02,1551331152,5860.39,51.44181751,7.45066080,227.93,35.03,0.02,277.43,1,-103.00,-9.00,10.00,8.00,27.00,17.00,13415427,264
314.02,1551331153,5895.46,51.44185772,7.45016801,228.26,35.11,0.07,278.29,1,-103.00,-9.00,10.00,8.00,27.00,17.00,13415427,264
315.02,1551331154,5930.53,51.44190158,7.44967326,228.38,34.84,-0.27,278.60,1,-103.00,-8.00,14.00,12.00,24.00,17.00,13415427,264
316.02,1551331155,5965.37,51.44194564,7.44918007,228.33,34.16,-0.68,278.81,1,-103.00,-8.00,14.00,12.00,24.00,17.00,13415427,264
317.02,1551331156,5999.52,51.44199023,7.44870088,228.19,33.71,-0.44,278.81,1,-103.00,-7.00,10.00,10.00,22.00,17.00,13415427,264
318.02,1551331157,6033.27,51.44204060,7.44822603,227.98,33.50,-0.22,279.81,1,-103.00,-7.00,10.00,10.00,22.00,17.00,13415427,264
319.02,1551331158,6066.73,51.44209936,7.44775278,228.15,33.46,-0.03,280.31,1,-90.00,-5.00,22.00,14.00,33.00,17.00,13415427,264
320.02,1551331159,6100.20,51.44216226,7.44728050,228.23,33.55,0.09,281.01,1,-90.00,-5.00,22.00,14.00,33.00,17.00,13415427,264
321.02,1551331160,6133.71,51.44222639,7.44680526,228.20,33.69,0.14,281.50,1,-102.00,-8.00,17.00,2.00,34.00,17.00,13415427,264
322.02,1551331161,6167.44,51.44229829,7.44632622,227.98,33.88,0.19,282.62,1,-102.00,-8.00,17.00,2.00,34.00,17.00,13415427,264
323.03,1551331162,6201.62,51.44236444,7.44584428,227.35,34.10,0.22,282.95,1,-101.00,-6.00,8.00,2.00,24.00,17.00,13415427,264
324.02,1551331163,6235.41,51.44242826,7.44536641,226.61,34.32,0.22,283.37,1,-101.00,-6.00,8.00,2.00,24.00,17.00,13415427,264
325.02,1551331164,6269.77,51.44249556,7.44488024,226.17,34.68,0.36,283.29,1,-101.00,-6.00,8.00,2.00,24.00,17.00,13415427,264
326.02,1551331165,6304.49,51.44257373,7.44439373,225.95,35.20,0.52,284.63,1,-102.00,-6.00,8.00,2.00,24.00,17.00,13415427,264
327.02,1551331166,6339.69,51.44265522,7.44389614,225.76,35.50,0.30,285.37,1,-102.00,-6.00,8.00,2.00,24.00,17.00,13415427,264
328.02,1551331167,6375.19,51.44274204,7.44340560,225.65,35.31,-0.19,285.84,1,-103.00,-7.00,-2.00,2.00,24.00,17.00,13415427,264
329.02,1551331168,6410.50,51.44282736,7.44291364,225.33,35.08,-0.23,286.31,1,-103.00,-7.00,-2.00,2.00,24.00,17.00,13415427,264
330.02,1551331169,6445.55,51.44291060,7.44242583,224.97,34.93,-0.15,286.18,1,-105.00,-9.00,2.00,2.00,23.00,17.00,13415427,264
331.02,1551331170,6480.52,51.44300010,7.44194450,224.51,34.99,0.05,286.21,1,-105.00,-9.00,2.00,2.00,23.00,17.00,13415427,264
332.03,1551331171,6515.58,51.44309126,7.44145849,223.92,35.25,0.26,287.15,1,-108.00,-11.00,-4.00,2.00,22.00,17.00,13415427,264
333.03,1551331172,6550.83,51.44318468,7.44097557,223.28,35.16,-0.09,286.95,1,-108.00,-11.00,-4.00,2.00,22.00,17.00,13415427,264
334.03,1551331173,6585.98,51.44327974,7.44049442,222.57,34.94,-0.22,287.89,1,-110.00,-12.00,-3.00,2.00,22.00,17.00,13415427,264
335.03,1551331174,6620.92,51.44338284,7.43998985,221.59,34.96,0.03,288.01,1,-110.00,-12.00,-3.00,2.00,22.00,17.00,13415427,264
336.02,1551331175,6655.85,51.44347956,7.43951945,220.69,35.05,0.09,288.44,1,-112.00,-14.00,-7.00,2.00,21.00,17.00,13415427,264
337.03,1551331176,6691.05,51.44357687,7.43905422,220.08,35.15,0.09,289.14,1,-112.00,-14.00,-7.00,2.00,21.00,17.00,13415427,264
338.02,1551331177,6726.02,51.44367267,7.43858749,219.31,35.12,-0.02,289.20,1,-110.00,-13.00,-7.00,2.00,22.00,17.00,13415427,264
339.02,1551331178,6761.14,51.44377653,7.43809342,218.70,35.09,-0.04,289.24,1,-110.00,-13.00,-7.00,2.00,22.00,17.00,13415427,264
340.02,1551331179,6796.19,51.44388518,7.43762051,217.72,34.79,-0.29,290.46,1,-109.00,-13.00,1.00,2.00,23.00,17.00,13415427,264
341.02,1551331180,6831.02,51.44399437,7.43715099,216.63,34.61,-0.18,291.09,1,-109.00,-13.00,1.00,2.00,23.00,17.00,13415427,264
342.02,1551331181,6865.59,51.44410412,7.43667908,215.43,34.68,0.07,291.37,1,-107.00,-11.00,5.00,2.00,23.00,17.00,13415427,264
343.02,1551331182,6900.27,51.44421367,7.43622233,214.19,34.86,0.18,291.40,1,-107.00,-11.00,5.00,2.00,23.00,17.00,13415427,264
344.03,1551331183,6935.41,51.44432934,7.43574355,212.66,34.78,-0.08,291.31,1,-107.00,-10.00,3.00,2.00,22.00,17.00,13415427,264
345.02,1551331184,6969.87,51.44446230,7.43526891,210.72,34.80,0.03,293.27,1,-107.00,-10.00,3.00,2.00,22.00,17.00,13415427,264
346.02,1551331185,7004.71,51.44459679,7.43479367,209.03,35.13,0.33,294.19,1,-107.00,-10.00,3.00,2.00,22.00,17.00,13415427,264
347.02,1551331186,7039.85,51.44473911,7.43433684,207.73,35.28,0.15,295.44,1,-107.00,-11.00,-2.00,2.00,23.00,17.00,13415427,264
348.02,1551331187,7075.16,51.44488514,7.43389000,206.63,35.12,-0.17,296.70,1,-107.00,-11.00,-2.00,2.00,23.00,17.00,13415427,264
349.02,1551331188,7110.21,51.44503384,7.43343546,205.87,34.88,-0.24,297.09,1,-110.00,-13.00,-4.00,2.00,33.00,66.00,13081345,210
350.02,1551331189,7145.09,51.44518163,7.43299036,205.26,34.86,-0.02,297.02,1,-110.00,-13.00,-4.00,2.00,33.00,66.00,13081345,210
351.02,1551331190,7180.02,51.44535049,7.43255369,204.62,35.23,0.37,300.74,1,-105.00,-8.00,4.00,2.00,31.00,34.00,13395457,111
352.02,1551331191,7215.25,51.44552685,7.43212696,203.89,35.54,0.31,302.70,1,-105.00,-8.00,4.00,2.00,31.00,34.00,13395457,111
353.02,1551331192,7250.79,51.44570480,7.43169995,203.08,35.68,0.14,303.64,1,-109.00,-10.00,3.00,2.00,20.00,34.00,13395457,111
354.02,1551331193,7286.43,51.44588917,7.43128496,201.81,35.90,0.23,304.91,1,-109.00,-10.00,3.00,2.00,20.00,34.00,13395457,111
355.02,1551331194,7322.34,51.44608509,7.43086108,200.66,35.85,-0.05,306.36,1,-106.00,-8.00,7.00,2.00,22.00,34.00,13395457,111
356.02,1551331195,7358.18,51.44628737,7.43045599,199.36,35.80,-0.05,308.72,1,-106.00,-8.00,7.00,2.00,22.00,34.00,13395457,111
357.03,1551331196,7394.34,51.44648741,7.43005753,198.29,35.89,0.09,309.44,1,-104.00,-7.00,13.00,2.00,23.00,34.00,13395457,111
358.02,1551331197,7429.88,51.44668915,7.42968418,196.91,35.63,-0.27,310.35,1,-104.00,-7.00,13.00,2.00,23.00,34.00,13395457,111
359.02,1551331198,7465.48,51.44690565,7.42930592,195.42,35.43,-0.21,312.30,1,-111.00,-6.00,20.00,2.00,14.00,34.00,13395469,221
360.02,1551331199,7500.90,51.44711860,7.42893675,193.87,35.50,0.07,312.88,1,-111.00,-6.00,20.00,2.00,14.00,34.00,13395469,221
361.02,1551331200,7536.40,51.44734326,7.42858000,192.20,35.91,0.41,315.15,1,-105.00,-7.00,29.00,2.00,21.00,34.00,13395469,221
362.02,1551331201,7572.31,51.44757004,7.42823675,190.46,35.64,-0.27,316.63,1,-105.00,-7.00,29.00,2.00,21.00,34.00,13395469,221
363.02,1551331202,7607.92,51.44780450,7.42789040,188.90,35.67,0.03,317.02,1,-102.00,-9.00,21.00,11.00,26.00,27.00,13395469,221
364.02,1551331203,7643.59,51.44804974,7.42755688,187.45,35.68,0.00,319.19,1,-102.00,-9.00,21.00,11.00,26.00,27.00,13395469,221
365.02,1551331204,7679.41,51.44830290,7.42722772,186.09,35.96,0.29,320.97,1,-100.00,-7.00,22.00,15.00,27.00,27.00,13395469,221
366.02,1551331205,7715.26,51.44856634,7.42690882,184.47,36.40,0.44,323.01,1,-100.00,-7.00,22.00,15.00,27.00,27.00,13395469,221
367.02,1551331206,7751.66,51.44883817,7.42659131,182.99,36.68,0.28,324.05,1,-100.00,-7.00,22.00,15.00,27.00,27.00,13395469,221
368.02,1551331207,7788.34,51.44912455,7.42628926,181.73,36.99,0.31,326.25,1,-106.00,-5.00,14.00,14.00,19.00,27.00,13395469,221
369.02,1551331208,7825.29,51.44941499,7.42600350,180.68,36.78,-0.21,327.89,1,-106.00,-5.00,14.00,14.00,19.00,27.00,13395469,221
370.02,1551331209,7862.11,51.44970922,7.42573671,179.56,37.21,0.43,330.39,1,-112.00,-6.00,11.00,12.00,14.00,27.00,13395469,221
371.02,1551331210,7899.28,51.45001885,7.42546315,178.78,37.96,0.76,331.51,1,-112.00,-6.00,11.00,12.00,14.00,27.00,13395469,221
372.02,1551331211,7937.29,51.45031986,7.42520891,177.92,38.10,0.14,333.01,1,-111.00,-7.00,3.00,8.00,14.00,27.00,13395469,221
373.02,1551331212,7975.39,51.45062257,7.42497248,177.29,38.41,0.30,334.57,1,-111.00,-7.00,3.00,8.00,14.00,27.00,13395469,221
374.02,1551331213,8013.87,51.45094503,7.42474144,176.18,39.00,0.60,336.17,1,-109.00,-8.00,8.00,11.00,18.00,27.00,13395469,221
375.02,1551331214,8052.84,51.45125994,7.42452820,174.52,38.76,-0.24,337.45,1,-109.00,-8.00,8.00,11.00,18.00,27.00,13395469,221
376.02,1551331215,8091.60,51.45158234,7.42432802,172.69,38.92,0.16,338.64,1,-112.00,-11.00,2.00,8.00,20.00,27.00,13395469,221
377.02,1551331216,8130.56,51.45191059,7.42413760,170.76,38.73,-0.19,340.46,1,-112.00,-11.00,2.00,8.00,20.00,27.00,13395469,221
378.02,1551331217,8169.29,51.45164660,7.42434580,168.97,38.84,0.11,340.91,1,-107.00,-8.00,0.00,10.00,22.00,20.00,13395469,221
379.02,1551331218,8208.13,51.45257659,7.42377566,167.24,38.85,0.01,342.08,1,-107.00,-8.00,0.00,10.00,22.00,20.00,13395469,221
380.02,1551331219,8246.98,51.45291446,7.42360730,165.41,38.91,0.06,342.57,1,-101.00,-8.00,5.00,13.00,26.00,20.00,13395469,221
381.02,1551331220,8285.89,51.45325410,7.42344443,163.39,38.87,-0.04,343.00,1,-101.00,-8.00,5.00,13.00,26.00,20.00,13395469,221
382.02,1551331221,8324.73,51.45359827,7.42328964,161.51,38.52,-0.35,343.65,1,-99.00,-6.00,3.00,8.00,27.00,20.00,13395469,221
383.02,1551331222,8363.28,51.45393786,7.42313699,159.75,38.31,-0.21,343.77,1,-99.00,-6.00,3.00,8.00,27.00,20.00,13395469,221
384.02,1551331223,8401.55,51.45427614,7.42298453,158.16,38.39,0.08,343.79,1,-100.00,-6.00,4.00,8.00,24.00,20.00,13395469,221
385.02,1551331224,8439.94,51.45461587,7.42282918,156.66,38.34,-0.05,343.84,1,-100.00,-6.00,4.00,8.00,24.00,20.00,13395469,221
386.03,1551331225,8478.59,51.45495303,7.42267392,155.27,38.48,0.14,343.60,1,-108.00,-11.00,1.00,10.00,23.00,20.00,13395469,221
387.02,1551331226,8516.77,51.45528593,7.42251967,154.02,38.50,0.01,342.88,1,-108.00,-11.00,1.00,10.00,23.00,20.00,13395469,221
388.02,1551331227,8555.27,51.45561372,7.42235378,153.01,38.58,0.08,342.19,1,-108.00,-11.00,1.00,10.00,23.00,20.00,13395469,221
389.03,1551331228,8594.00,51.45594385,7.42218540,152.18,38.77,0.19,341.43,1,-106.00,-8.00,4.00,11.00,22.00,20.00,13395469,221
390.03,1551331229,8632.77,51.45627891,7.42200166,151.19,38.81,0.04,340.40,1,-106.00,-8.00,4.00,11.00,22.00,20.00,13395469,221
391.02,1551331230,8671.43,51.45661021,7.42180846,150.16,38.91,0.09,339.23,1,-106.00,-9.00,7.00,2.00,23.00,20.00,13395469,221
392.02,1551331231,8710.33,51.45694109,7.42160845,149.35,39.09,0.18,338.69,1,-106.00,-9.00,7.00,2.00,23.00,20.00,13395469,221
393.02,1551331232,8749.46,51.45725196,7.42139684,149.00,39.12,0.03,337.12,1,-106.00,-10.00,6.00,2.00,24.00,20.00,13395469,221
394.02,1551331233,8788.54,51.45756011,7.42117392,148.92,39.23,0.11,335.76,1,-106.00,-10.00,6.00,2.00,24.00,20.00,13395469,221
395.02,1551331234,8827.77,51.45787005,7.42093818,149.00,38.76,-0.47,334.59,1,-107.00,-8.00,4.00,2.00,21.00,20.00,13395469,221
396.02,1551331235,8866.53,51.45816923,7.42069516,149.11,38.80,0.03,333.52,1,-107.00,-8.00,4.00,2.00,21.00,20.00,13395469,221
397.02,1551331236,8905.29,51.45847418,7.42044587,149.26,38.92,0.12,333.02,1,-106.00,-7.00,10.00,2.00,20.00,20.00,13395469,221
398.02,1551331237,8944.20,51.45877330,7.42018698,149.24,38.82,-0.09,331.55,1,-106.00,-7.00,10.00,2.00,20.00,20.00,13395469,221
399.02,1551331238,8983.03,51.45907995,7.41990934,149.38,38.57,-0.26,330.26,1,-98.00,-5.00,10.00,11.00,28.00,12.00,13395469,221
400.02,1551331239,9021.59,51.45938547,7.41962115,149.61,38.78,0.21,329.11,1,-98.00,-5.00,10.00,11.00,28.00,12.00,13395469,221
401.02,1551331240,9060.37,51.45968142,7.41933064,149.80,38.80,0.02,328.02,1,-95.00,-5.00,20.00,14.00,31.00,12.00,13395469,221
402.02,1551331241,9099.17,51.45997718,7.41903802,149.97,38.83,0.03,327.05,1,-95.00,-5.00,20.00,14.00,31.00,12.00,13395469,221
403.02,1551331242,9138.12,51.46026472,7.41873012,150.09,38.84,0.00,325.84,1,-97.00,-8.00,21.00,10.00,29.00,12.00,13395469,221
404.02,1551331243,9176.92,51.46055084,7.41841200,150.22,38.88,0.04,324.67,1,-97.00,-8.00,21.00,10.00,29.00,12.00,13395469,221
405.02,1551331244,9215.72,51.46083354,7.41808439,150.40,38.87,-0.01,323.47,1,-94.00,-6.00,16.00,10.00,31.00,12.00,13395469,221
406.02,1551331245,9254.59,51.46111230,7.41774835,150.59,38.89,0.02,322.40,1,-94.00,-6.00,16.00,10.00,31.00,12.00,13395469,221
407.03,1551331246,9293.79,51.46139049,7.41740453,150.76,39.18,0.29,321.81,1,-99.00,-6.00,16.00,12.00,27.00,12.00,13395469,221
408.02,1551331247,9332.69,51.46165975,7.41704363,150.88,38.91,-0.27,320.03,1,-99.00,-6.00,16.00,12.00,27.00,12.00,13395469,221
409.02,1551331248,9371.60,51.46192918,7.41667598,150.82,38.33,-0.57,318.98,1,-99.00,-6.00,16.00,12.00,27.00,12.00,13395469,221
410.02,1551331249,9409.93,51.46218966,7.41631876,150.50,38.10,-0.24,318.13,1,-103.00,-6.00,23.00,11.00,22.00,12.00,13395469,221
411.02,1551331250,9448.03,51.46244622,7.41594734,150.16,38.39,0.29,317.82,1,-103.00,-6.00,23.00,11.00,22.00,12.00,13395469,221
412.02,1551331251,9486.38,51.46268973,7.41557140,149.83,38.05,-0.34,315.83,1,-106.00,-7.00,2.00,10.00,22.00,12.00,13395469,221
413.02,1551331252,9524.47,51.46293100,7.41519633,149.68,38.08,0.03,314.92,1,-106.00,-7.00,2.00,10.00,22.00,12.00,13395469,221
414.02,1551331253,9562.60,51.46317326,7.41479841,149.53,38.00,-0.09,313.68,1,-105.00,-7.00,11.00,9.00,21.00,12.00,13395469,221
415.02,1551331254,9600.59,51.46340970,7.41439113,149.31,38.14,0.14,312.60,1,-105.00,-7.00,11.00,9.00,21.00,12.00,13395469,221
416.02,1551331255,9638.55,51.46363716,7.41398327,149.16,38.18,0.04,311.45,1,-101.00,-6.00,8.00,2.00,22.00,12.00,13395469,221
417.02,1551331256,9676.84,51.46386037,7.41358210,149.00,38.23,0.04,310.85,1,-101.00,-6.00,8.00,2.00,22.00,12.00,13395469,221
418.02,1551331257,9715.11,51.46408375,7.41316903,149.14,38.30,0.07,310.45,1,-106.00,-8.00,13.00,2.00,20.00,12.00,13395469,221
419.02,1551331258,9753.44,51.46430377,7.41274580,149.58,38.34,0.04,309.71,1,-106.00,-8.00,13.00,2.00,20.00,12.00,13395469,221
420.02,1551331259,9791.70,51.46452821,7.41230862,149.94,38.38,0.04,309.29,1,-106.00,-8.00,10.00,2.00,20.00,12.00,13395469,221
421.02,1551331260,9830.08,51.46474370,7.41188528,150.52,38.56,0.19,308.61,1,-106.00,-8.00,10.00,2.00,20.00,12.00,13395469,221
422.02,1551331261,9868.69,51.46496092,7.41145649,151.22,38.64,0.08,308.41,1,-109.00,-9.00,-2.00,2.00,18.00,12.00,13395469,221
423.02,1551331262,9907.29,51.46517978,7.41102671,151.92,38.60,-0.04,308.86,1,-109.00,-9.00,-2.00,2.00,18.00,12.00,13395469,221
424.02,1551331263,9945.93,51.46540173,7.41059396,152.65,38.70,0.10,309.74,1,-109.00,-8.00,1.00,2.00,18.00,12.00,13395469,221
425.02,1551331264,9984.67,51.46562412,7.41015890,153.00,38.88,0.18,309.52,1,-109.00,-8.00,1.00,2.00,18.00,12.00,13395469,221
426.02,1551331265,10023.55,51.46584133,7.40973002,153.39,39.00,0.12,309.12,1,-115.00,-11.00,7.00,2.00,14.00,12.00,13395469,221
427.02,1551331266,10062.56,51.46605610,7.40929724,153.59,38.98,-0.02,308.92,1,-115.00,-11.00,7.00,2.00,14.00,12.00,13395469,221
428.03,1551331267,10101.81,51.46628372,7.40885073,153.58,38.95,-0.03,308.94,1,-114.00,-10.00,-12.00,2.00,15.00,12.00,13395469,221
429.02,1551331268,10140.49,51.46650872,7.40840911,153.46,38.61,-0.34,308.81,1,-114.00,-10.00,-12.00,2.00,15.00,12.00,13395469,221
430.02,1551331269,10179.10,51.46671949,7.40798037,153.95,38.42,-0.19,308.83,1,-114.00,-10.00,-12.00,2.00,15.00,12.00,13395469,221
431.03,1551331270,10217.72,51.46692374,7.40755444,154.60,38.26,-0.16,308.88,1,-118.00,-16.00,0.00,2.00,17.00,12.00,13395469,221
432.03,1551331271,10255.98,51.46713036,7.40712859,155.20,37.86,-0.41,309.16,1,-118.00,-16.00,0.00,2.00,17.00,12.00,13395469,221
433.03,1551331272,10293.84,51.46734581,7.40670528,155.68,37.46,-0.40,309.48,1,-115.00,-13.00,-1.00,2.00,17.00,12.00,13532174,336
434.03,1551331273,10331.30,51.46756586,7.40628919,156.13,37.13,-0.33,310.36,1,-115.00,-13.00,-1.00,2.00,17.00,12.00,13532174,336
435.02,1551331274,10368.13,51.46778059,7.40588862,156.57,36.23,-0.91,310.83,1,-111.00,-8.00,2.00,2.00,16.00,12.00,13177357,447
436.02,1551331275,10404.29,51.46798995,7.40549673,157.14,35.64,-0.59,311.00,1,-111.00,-8.00,2.00,2.00,16.00,12.00,13177357,447
437.02,1551331276,10440.03,51.46819574,7.40511523,157.52,35.17,-0.47,311.79,1,-111.00,-8.00,4.00,2.00,16.00,12.00,13177357,447
438.02,1551331277,10475.20,51.46840012,7.40474093,157.67,35.00,-0.17,312.59,1,-111.00,-8.00,4.00,2.00,16.00,12.00,13177357,447
439.02,1551331278,10510.24,51.46860729,7.40436606,157.89,34.98,-0.02,312.71,1,-83.00,-6.00,-4.00,14.00,38.00,10.00,13395458,112
440.02,1551331279,10545.22,51.46881964,7.40399130,158.45,34.70,-0.27,312.76,1,-83.00,-6.00,-4.00,14.00,38.00,10.00,13395458,112
441.02,1551331280,10579.92,51.46903812,7.40362973,159.23,34.28,-0.42,313.32,1,-86.00,-6.00,6.00,11.00,39.00,10.00,13395458,112
442.02,1551331281,10614.20,51.46925966,7.40327139,159.32,33.97,-0.32,314.66,1,-86.00,-6.00,6.00,11.00,39.00,10.00,13395458,112
443.02,1551331282,10648.21,51.46945862,7.40293483,159.23,32.56,-1.40,313.40,1,-94.00,-10.00,0.00,10.00,36.00,10.00,13395458,112
444.03,1551331283,10680.84,51.46965067,7.40260834,159.51,32.38,-0.18,314.20,1,-94.00,-10.00,0.00,10.00,36.00,10.00,13395458,112
445.02,1551331284,10713.09,51.46985346,7.40227846,159.99,31.72,-0.67,314.66,1,-91.00,-8.00,-1.00,6.00,34.00,18.00,13022465,205
446.02,1551331285,10744.84,51.47005281,7.40195157,160.59,31.15,-0.57,315.09,1,-91.00,-8.00,-1.00,6.00,34.00,18.00,13022465,205
447.02,1551331286,10775.96,51.47023840,7.40165107,160.89,29.89,-1.26,315.23,1,-90.00,-6.00,8.00,15.00,34.00,18.00,13022465,205
448.02,1551331287,10805.85,51.47042845,7.40135159,161.16,29.23,-0.66,315.80,1,-90.00,-6.00,8.00,15.00,34.00,18.00,13022465,205
449.03,1551331288,10835.32,51.47061208,7.40106243,161.77,28.76,-0.47,316.50,1,-91.00,-6.00,25.00,15.00,33.00,18.00,13022465,205
450.02,1551331289,10863.84,51.47079605,7.40078367,162.58,28.12,-0.64,316.87,1,-91.00,-6.00,25.00,15.00,33.00,18.00,13022465,205
451.02,1551331290,10891.91,51.47097529,7.40051158,163.36,27.01,-1.11,316.09,1,-91.00,-6.00,25.00,15.00,33.00,18.00,13022465,205
452.02,1551331291,10919.00,51.47115001,7.40024156,163.84,26.48,-0.53,316.58,1,-93.00,-7.00,6.00,12.00,32.00,18.00,13022465,205
453.02,1551331292,10945.48,51.47131752,7.39998154,164.21,25.99,-0.49,317.07,1,-93.00,-7.00,6.00,12.00,32.00,18.00,13022465,205
454.02,1551331293,10971.44,51.47148906,7.39972361,164.48,25.62,-0.37,317.73,1,-92.00,-6.00,26.00,15.00,33.00,18.00,13022465,205
455.02,1551331294,10997.04,51.47165483,7.39947000,164.62,25.22,-0.40,317.76,1,-92.00,-6.00,26.00,15.00,33.00,18.00,13022465,205
456.02,1551331295,11022.21,51.47181727,7.39922869,164.85,25.04,-0.18,318.25,1,-90.00,-6.00,30.00,11.00,34.00,18.00,13022465,205
457.02,1551331296,11047.32,51.47197819,7.39899067,165.08,24.93,-0.11,318.51,1,-90.00,-6.00,30.00,11.00,34.00,18.00,13022465,205
458.02,1551331297,11072.25,51.47214611,7.39874628,165.30,25.22,0.29,318.92,1,-92.00,-9.00,31.00,9.00,37.00,18.00,13022465,205
459.02,1551331298,11097.44,51.47231923,7.39850534,165.57,25.57,0.35,319.49,1,-92.00,-9.00,31.00,9.00,37.00,18.00,13022465,205
460.02,1551331299,11123.04,51.47249417,7.39826616,165.81,25.63,0.06,319.46,1,-88.00,-6.00,33.00,12.00,37.00,18.00,13022465,205
461.02,1551331300,11148.68,51.47266800,7.39802423,165.97,25.69,0.05,319.83,1,-88.00,-6.00,33.00,12.00,37.00,18.00,13022465,205
462.02,1551331301,11174.36,51.47284043,7.39778316,166.09,25.60,-0.09,319.98,1,-85.00,-6.00,32.00,15.00,36.00,18.00,13022465,205
463.02,1551331302,11199.96,51.47301283,7.39754496,166.28,25.24,-0.35,320.32,1,-85.00,-6.00,32.00,15.00,36.00,18.00,13022465,205
464.02,1551331303,11225.20,51.47318053,7.39731643,166.50,25.10,-0.15,320.17,1,-86.00,-5.00,14.00,11.00,37.00,18.00,13022465,205
465.02,1551331304,11250.30,51.47334933,7.39708671,166.68,24.82,-0.28,320.36,1,-86.00,-5.00,14.00,11.00,37.00,18.00,13022465,205
466.02,1551331305,11275.11,51.47352803,7.39685461,166.97,25.14,0.32,321.14,1,-88.00,-5.00,31.00,15.00,36.00,18.00,13022465,205
467.02,1551331306,11300.25,51.47370925,7.39662141,167.36,25.66,0.52,321.58,1,-88.00,-5.00,31.00,15.00,36.00,18.00,13022465,205
468.02,1551331307,11325.92,51.47388954,7.39639837,167.82,25.48,-0.18,322.20,1,-85.00,-5.00,38.00,15.00,40.00,18.00,13022465,205
469.02,1551331308,11351.40,51.47406483,7.39617868,168.07,24.95,-0.54,323.17,1,-85.00,-5.00,38.00,15.00,40.00,18.00,13022465,205
470.03,1551331309,11376.52,51.47424486,7.39596698,168.34,24.95,0.00,323.64,1,-80.00,-5.00,31.00,15.00,45.00,18.00,13022465,205
471.02,1551331310,11401.30,51.47442857,7.39574690,168.77,25.11,0.16,323.97,1,-80.00,-5.00,31.00,15.00,45.00,18.00,13022465,205
472.02,1551331311,11426.41,51.47461259,7.39552622,169.29,25.24,0.13,323.97,1,-80.00,-5.00,31.00,15.00,45.00,18.00,13022465,205
473.02,1551331312,11451.65,51.47480642,7.39531115,169.98,25.79,0.55,325.41,1,-78.00,-5.00,37.00,15.00,44.00,18.00,13022465,205
474.02,1551331313,11477.42,51.47500642,7.39510041,170.88,25.96,0.16,326.56,1,-78.00,-5.00,37.00,15.00,44.00,18.00,13022465,205
475.02,1551331314,11503.40,51.47520364,7.39490697,171.55,26.15,0.20,328.18,1,-73.00,-5.00,38.00,12.00,53.00,18.00,13022465,205
476.02,1551331315,11529.47,51.47541442,7.39470303,172.45,26.18,0.02,329.12,1,-73.00,-5.00,38.00,12.00,53.00,18.00,13022465,205
477.02,1551331316,11555.70,51.47561441,7.39451596,173.14,26.01,-0.16,329.10,1,-73.00,-5.00,30.00,15.00,51.00,18.00,13022465,205
478.02,1551331317,11581.74,51.47581017,7.39434049,173.65,25.16,-0.85,329.34,1,-73.00,-5.00,30.00,15.00,51.00,18.00,13022465,205
479.02,1551331318,11606.90,51.47600608,7.39416971,174.08,25.05,-0.11,330.70,1,-74.00,-5.00,40.00,15.00,52.00,18.00,13022465,205
480.02,1551331319,11631.95,51.47619801,7.39400236,174.28,24.77,-0.28,331.00,1,-74.00,-5.00,40.00,15.00,52.00,18.00,13022465,205
481.02,1551331320,11656.72,51.47638624,7.39384664,174.13,24.49,-0.28,331.72,1,-69.00,-4.00,27.00,15.00,55.00,18.00,13022465,205
482.02,1551331321,11681.21,51.47658128,7.39369347,173.68,24.73,0.24,332.79,1,-69.00,-4.00,27.00,15.00,55.00,18.00,13022465,205
483.02,1551331322,11705.93,51.47678066,7.39354920,173.24,24.69,-0.04,334.78,1,-68.00,-5.00,28.00,15.00,60.00,18.00,13022465,205
484.02,1551331323,11730.62,51.47699232,7.39339874,173.47,23.99,-0.69,335.78,1,-68.00,-5.00,28.00,15.00,60.00,18.00,13022465,205
485.02,1551331324,11754.61,51.47719042,7.39326746,174.00,22.38,-1.62,337.16,1,-72.00,-5.00,26.00,12.00,53.00,18.00,13022465,205
486.02,1551331325,11776.99,51.47737498,7.39316645,174.94,19.71,-2.66,341.06,1,-72.00,-5.00,26.00,12.00,53.00,18.00,13022465,205
487.02,1551331326,11796.68,51.47756682,7.39307944,175.35,18.99,-0.72,345.13,1,-68.00,-4.00,23.00,15.00,57.00,18.00,13022465,205
488.02,1551331327,11815.70,51.47773674,7.39302009,175.56,18.85,-0.14,347.69,1,-68.00,-4.00,23.00,15.00,57.00,18.00,13022465,205
489.02,1551331328,11834.53,51.47791052,7.39298063,175.56,19.51,0.66,351.32,1,-66.00,-4.00,39.00,15.00,59.00,18.00,13022465,205
490.02,1551331329,11854.06,51.47809025,7.39301386,175.28,19.41,-0.10,6.43,1,-66.00,-4.00,39.00,15.00,59.00,18.00,13022465,205
491.03,1551331330,11873.60,51.47826304,7.39305731,175.19,19.24,-0.16,8.46,1,-75.00,-5.00,32.00,15.00,51.00,18.00,13022465,205
492.02,1551331331,11892.71,51.47843496,7.39312168,175.25,19.20,-0.04,12.44,1,-75.00,-5.00,32.00,15.00,51.00,18.00,13022465,205
493.02,1551331332,11911.89,51.47859149,7.39325660,175.11,19.17,-0.03,27.83,1,-75.00,-5.00,32.00,15.00,51.00,18.00,13022465,205
494.02,1551331333,11931.06,51.47873902,7.39339386,175.30,18.80,-0.37,29.70,1,-79.00,-5.00,10.00,14.00,46.00,18.00,13022465,205
495.02,1551331334,11949.88,51.47888585,7.39354391,175.19,17.80,-1.00,31.12,1,-79.00,-5.00,10.00,14.00,46.00,18.00,13022465,205
496.03,1551331335,11967.83,51.47901300,7.39366801,175.66,16.15,-1.64,29.97,1,-82.00,-5.00,16.00,12.00,42.00,18.00,13022465,205
497.02,1551331336,11983.85,51.47913605,7.39378029,176.19,15.09,-1.07,26.63,1,-82.00,-5.00,16.00,12.00,42.00,18.00,13022465,205
498.02,1551331337,11998.86,51.47639820,7.39775090,176.71,14.29,-0.81,10.61,1,-84.00,-6.00,35.00,11.00,42.00,18.00,13022465,205
499.02,1551331338,12013.23,51.47938567,7.39381811,177.15,14.30,0.01,353.37,1,-84.00,-6.00,35.00,11.00,42.00,18.00,13022465,205
500.02,1551331339,12027.53,51.47952723,7.39378930,177.27,14.74,0.44,349.33,1,-88.00,-5.00,26.00,11.00,38.00,18.00,13022465,205
501.02,1551331340,12042.27,51.47966828,7.39370376,177.31,15.31,0.57,334.72,1,-88.00,-5.00,26.00,11.00,38.00,18.00,13022465,205
502.02,1551331341,12057.58,51.47979601,7.39361534,177.33,14.68,-0.63,334.08,1,-94.00,-7.00,5.00,12.00,32.00,18.00,13022465,205
503.02,1551331342,12072.27,51.47987718,7.39355141,178.48,14.00,-0.68,334.52,1,-94.00,-7.00,5.00,12.00,32.00,18.00,13022465,205
504.02,1551331343,12086.27,51.47996847,7.39348062,179.75,12.29,-1.71,336.23,1,-93.00,-9.00,26.00,11.00,35.00,18.00,13022465,205
505.02,1551331344,12098.56,51.48008136,7.39344901,180.81,11.37,-0.92,351.35,1,-93.00,-9.00,26.00,11.00,35.00,18.00,13022465,205
506.02,1551331345,12109.93,51.48017041,7.39347618,181.80,10.80,-0.57,12.62,1,-93.00,-9.00,14.00,12.00,35.00,18.00,13022465,205
507.02,1551331346,12120.73,51.48025268,7.39354748,182.38,10.76,-0.04,32.01,1,-93.00,-9.00,14.00,12.00,35.00,18.00,13022465,205
508.02,1551331347,12131.49,51.48032165,7.39365121,182.71,10.75,-0.01,47.27,1,-93.00,-8.00,7.00,15.00,33.00,18.00,13022465,205
509.02,1551331348,12142.24,51.48038157,7.39377990,183.27,12.84,2.09,51.38,1,-93.00,-8.00,7.00,15.00,33.00,18.00,13022465,205
510.02,1551331349,12155.09,51.48044643,7.39393593,183.94,14.21,1.37,53.66,1,-99.00,-11.00,-2.00,2.00,42.00,18.00,13022465,205
511.02,1551331350,12169.31,51.48051553,7.39411143,184.52,15.18,0.96,54.89,1,-99.00,-11.00,-2.00,2.00,42.00,18.00,13022465,205
512.03,1551331351,12184.67,51.48059915,7.39430492,184.95,15.93,0.74,55.79,1,-99.00,-7.00,10.00,2.00,29.00,18.00,13532175,337
513.02,1551331352,12200.44,51.48067745,7.39450775,185.13,16.96,1.04,56.54,1,-99.00,-7.00,10.00,2.00,29.00,18.00,13532175,337
514.02,1551331353,12217.40,51.48076646,7.39472311,185.23,17.34,0.37,57.24,1,-99.00,-7.00,10.00,2.00,29.00,18.00,13532175,337
515.02,1551331354,12234.68,51.48084387,7.39493100,185.16,17.24,-0.10,57.78,1,-104.00,-7.00,16.00,14.00,24.00,12.00,13532175,337
516.02,1551331355,12251.92,51.48092167,7.39514010,184.96,17.07,-0.16,58.48,1,-104.00,-7.00,16.00,14.00,24.00,12.00,13532175,337
517.02,1551331356,12269.01,51.48100022,7.39535792,184.66,16.96,-0.12,59.01,1,-107.00,-7.00,16.00,11.00,20.00,12.00,13532175,337
518.02,1551331357,12285.98,51.48160840,7.39530510,184.38,16.86,-0.09,59.37,1,-107.00,-7.00,16.00,11.00,20.00,12.00,13532175,337
519.02,1551331358,12302.83,51.48115490,7.39577458,184.14,16.86,-0.01,59.72,1,-104.00,-7.00,10.00,14.00,21.00,12.00,13532175,337
520.02,1551331359,12319.68,51.48123056,7.39598828,183.91,16.66,-0.20,60.23,1,-104.00,-7.00,10.00,14.00,21.00,12.00,13532175,337
521.02,1551331360,12336.36,51.48130693,7.39620674,183.82,16.46,-0.20,59.93,1,-106.00,-7.00,8.00,10.00,21.00,12.00,13532175,337
522.02,1551331361,12352.82,51.48137942,7.39641513,183.81,16.34,-0.12,59.91,1,-106.00,-7.00,8.00,10.00,21.00,12.00,13532175,337
523.02,1551331362,12369.14,51.48145506,7.39661683,183.85,16.31,-0.03,58.97,1,-105.00,-7.00,7.00,9.00,21.00,12.00,13532175,337
524.02,1551331363,12385.45,51.48152786,7.39681988,183.94,16.25,-0.06,57.99,1,-105.00,-7.00,7.00,9.00,21.00,12.00,13532175,337
525.02,1551331364,12401.71,51.48160080,7.39702301,184.15,16.23,-0.02,57.58,1,-111.00,-8.00,23.00,9.00,15.00,12.00,13532175,337
526.02,1551331365,12417.95,51.48167645,7.39722260,184.38,15.99,-0.24,57.20,1,-111.00,-8.00,23.00,9.00,15.00,12.00,13532175,337
527.02,1551331366,12433.92,51.48175007,7.39740992,184.66,15.72,-0.27,56.55,1,-111.00,-7.00,10.00,11.00,13.00,12.00,13532175,337
528.02,1551331367,12449.64,51.48182490,7.39759584,185.01,15.34,-0.38,55.62,1,-111.00,-7.00,10.00,11.00,13.00,12.00,13532175,337
529.02,1551331368,12464.97,51.48190196,7.39776691,185.34,14.46,-0.88,54.59,1,-108.00,-6.00,11.00,9.00,17.00,12.00,13532175,337
530.02,1551331369,12479.43,51.48197149,7.39791814,185.46,13.16,-1.29,53.11,1,-108.00,-6.00,11.00,9.00,17.00,12.00,13532175,337
531.02,1551331370,12492.58,51.48203401,7.39804106,185.53,11.64,-1.53,51.52,1,-107.00,-6.00,12.00,2.00,30.00,12.00,13532175,337
532.02,1551331371,12504.22,51.48209511,7.39815817,185.92,10.21,-1.43,50.41,1,-107.00,-6.00,12.00,2.00,30.00,12.00,13532175,337
533.03,1551331372,12514.50,51.48214432,7.39824117,186.41,8.10,-2.10,49.09,1,-106.00,-7.00,18.00,2.00,19.00,12.00,13532175,337
534.02,1551331373,12522.54,51.48218680,7.39830892,186.75,6.85,-1.25,48.20,1,-106.00,-7.00,18.00,2.00,19.00,12.00,13532175,337
535.02,1551331374,12529.38,51.48222474,7.39836538,187.13,5.44,-1.41,47.06,1,-106.00,-7.00,18.00,2.00,19.00,12.00,13532175,337
536.02,1551331375,12534.82,51.48226272,7.39841785,187.15,3.60,-1.84,46.26,1,-104.00,-7.00,19.00,2.00,21.00,12.00,13532175,337
537.02,1551331376,12538.42,51.48228535,7.39843477,187.15,2.26,-1.34,44.77,1,-104.00,-7.00,19.00,2.00,21.00,12.00,13532175,337
538.02,1551331377,12540.68,51.48210810,7.39982580,187.18,0.47,-1.79,44.77,1,-101.00,-6.00,13.00,2.00,23.00,12.00,13532175,337
539.02,1551331378,12541.15,51.48229820,7.39844103,187.18,0.00,-0.47,44.77,1,-101.00,-6.00,13.00,2.00,23.00,12.00,13532175,337
540.02,1551331379,12541.15,51.48229820,7.39844103,187.17,0.00,0.00,44.77,1,-104.00,-5.00,14.00,8.00,20.00,9.00,13532175,337
541.02,1551331380,12541.15,51.48229820,7.39844103,187.16,0.00,0.00,44.77,1,-104.00,-5.00,14.00,8.00,20.00,9.00,13532175,337
542.02,1551331381,12541.15,51.48229820,7.39844103,187.14,0.00,0.00,44.77,1,-105.00,-5.00,12.00,13.00,20.00,9.00,13532175,337
543.02,1551331382,12541.15,51.48229820,7.39844103,187.12,0.00,0.00,44.77,1,-105.00,-5.00,12.00,13.00,20.00,9.00,13532175,337
544.02,1551331383,12541.15,51.48229820,7.39844103,187.10,0.00,0.00,44.77,1,-105.00,-6.00,15.00,13.00,21.00,9.00,13532175,337
545.02,1551331384,12541.15,51.48229820,7.39844103,187.08,0.00,0.00,44.77,1,-105.00,-6.00,15.00,13.00,21.00,9.00,13532175,337
546.02,1551331385,12541.15,51.48229820,7.39844103,187.06,0.00,0.00,44.77,1,-105.00,-5.00,14.00,14.00,20.00,9.00,13532175,337
547.02,1551331386,12541.15,51.48229820,7.39844103,187.04,0.00,0.00,44.77,1,-105.00,-5.00,14.00,14.00,20.00,9.00,13532175,337
548.02,1551331387,12541.15,51.48229820,7.39844103,187.04,0.00,0.00,44.77,1,-106.00,-5.00,14.00,13.00,20.00,9.00,13532175,337
549.02,1551331388,12541.15,51.48229820,7.39844103,187.03,0.00,0.00,44.77,1,-106.00,-5.00,14.00,13.00,20.00,9.00,13532175,337
550.02,1551331389,12541.15,51.48229820,7.39844103,187.04,0.00,0.00,44.77,1,-105.00,-5.00,14.00,13.00,20.00,9.00,13532175,337
551.02,1551331390,12541.15,51.48229820,7.39844103,187.06,0.00,0.00,44.77,1,-105.00,-5.00,14.00,13.00,20.00,9.00,13532175,337
552.02,1551331391,12541.15,51.48229820,7.39844103,187.09,0.00,0.00,44.77,1,-105.00,-6.00,15.00,14.00,21.00,9.00,13532175,337
553.02,1551331392,12541.15,51.48229820,7.39844103,187.12,0.00,0.00,44.77,1,-105.00,-6.00,15.00,14.00,21.00,9.00,13532175,337
554.03,1551331393,12541.15,51.48229820,7.39844103,187.15,0.00,0.00,44.77,1,-105.00,-5.00,14.00,13.00,19.00,9.00,13532175,337
555.02,1551331394,12541.15,51.48229820,7.39844103,187.19,0.00,0.00,44.77,1,-105.00,-5.00,14.00,13.00,19.00,9.00,13532175,337
556.02,1551331395,12541.15,51.48229820,7.39844103,187.22,0.00,0.00,44.77,1,-105.00,-5.00,14.00,13.00,19.00,9.00,13532175,337
557.02,1551331396,12541.15,51.48229820,7.39844103,187.25,0.00,0.00,44.77,1,-105.00,-5.00,16.00,15.00,20.00,9.00,13532175,337
558.02,1551331397,12541.15,51.48210810,7.39982580,187.26,0.00,0.00,44.77,1,-105.00,-5.00,16.00,15.00,20.00,9.00,13532175,337
559.02,1551331398,12541.15,51.48229820,7.39844103,187.27,0.00,0.00,44.77,1,-105.00,-5.00,14.00,11.00,20.00,9.00,13532175,337
560.02,1551331399,12541.15,51.48229820,7.39844103,187.27,0.00,0.00,44.77,1,-105.00,-5.00,14.00,11.00,20.00,9.00,13532175,337
561.02,1551331400,12541.15,51.48229820,7.39844103,187.27,0.00,0.00,44.77,1,-104.00,-5.00,15.00,13.00,20.00,9.00,13532175,337
562.02,1551331401,12541.15,51.48229820,7.39844103,187.26,0.00,0.00,44.77,1,-104.00,-5.00,15.00,13.00,20.00,9.00,13532175,337
563.02,1551331402,12541.15,51.48229820,7.39844103,187.26,0.00,0.00,44.77,1,-106.00,-6.00,13.00,8.00,19.00,9.00,13532175,337
564.02,1551331403,12541.15,51.48229820,7.39844103,187.19,0.00,0.00,44.77,1,-106.00,-6.00,13.00,8.00,19.00,9.00,13532175,337
565.02,1551331404,12541.15,51.48229820,7.39844103,187.14,0.00,0.00,43.54,1,-102.00,-5.00,13.00,13.00,23.00,9.00,13532175,337
566.02,1551331405,12541.15,51.48229820,7.39844103,186.59,0.00,0.00,42.64,1,-102.00,-5.00,13.00,13.00,23.00,9.00,13532175,337
567.02,1551331406,12541.15,51.48236486,7.39854942,186.48,6.08,0.00,42.18,1,-105.00,-6.00,14.00,9.00,20.00,9.00,13532175,337
568.02,1551331407,12547.23,51.48240596,7.39860651,186.70,7.12,1.04,41.30,1,-105.00,-6.00,14.00,9.00,20.00,9.00,13532175,337
569.02,1551331408,12554.35,51.48246224,7.39868581,187.31,8.13,1.01,40.46,1,-105.00,-6.00,14.00,9.00,20.00,9.00,13532175,337
570.02,1551331409,12562.48,51.48253018,7.39877638,188.05,9.45,1.32,39.41,1,-105.00,-6.00,14.00,9.00,20.00,9.00,13532175,337
571.03,1551331410,12571.98,51.48260789,7.39886868,188.40,10.41,0.96,38.03,1,-102.00,-6.00,19.00,15.00,23.00,9.00,13532175,337
572.02,1551331411,12582.32,51.48269498,7.39896630,188.03,10.69,0.27,37.46,1,-102.00,-6.00,19.00,15.00,23.00,9.00,13532175,337
573.02,1551331412,12592.99,51.48277486,7.39905159,187.42,11.76,1.08,36.07,1,-99.00,-6.00,17.00,11.00,25.00,9.00,13532175,337
574.02,1551331413,12604.79,51.48286971,7.39915206,186.67,12.45,0.69,34.85,1,-99.00,-6.00,17.00,11.00,25.00,9.00,13532175,337
575.02,1551331414,12617.19,51.48297376,7.39926033,185.91,13.73,1.28,34.31,1,-96.00,-6.00,23.00,12.00,26.00,9.00,13532175,337
576.02,1551331415,12630.96,51.48308288,7.39937467,185.42,14.40,0.67,33.90,1,-96.00,-6.00,23.00,12.00,26.00,9.00,13532175,337
577.03,1551331416,12645.51,51.48321037,7.39950057,185.09,14.83,0.42,33.53,1,-99.00,-5.00,16.00,11.00,25.00,9.00,13532175,337
578.02,1551331417,12660.20,51.48238070,7.40009530,190.00,15.35,0.52,33.34,1,-99.00,-5.00,16.00,11.00,25.00,9.00,13532175,337
579.02,1551331418,12675.56,51.48345092,7.39973656,184.22,15.86,0.51,34.07,1,-99.00,-5.00,16.00,11.00,25.00,9.00,13532175,337
580.02,1551331419,12691.40,51.48356991,7.39986322,183.85,16.23,0.37,34.77,1,-95.00,-5.00,14.00,13.00,28.00,9.00,13532175,337
581.02,1551331420,12707.63,51.48369221,7.39999440,183.50,16.78,0.55,35.21,1,-95.00,-5.00,14.00,13.00,28.00,9.00,13532175,337
582.02,1551331421,12724.41,51.48381371,7.40012658,183.59,17.14,0.36,35.54,1,-100.00,-5.00,11.00,9.00,24.00,9.00,13532175,337
583.02,1551331422,12741.55,51.48393918,7.40027664,183.83,17.00,-0.15,36.03,1,-100.00,-5.00,11.00,9.00,24.00,9.00,13532175,337
584.02,1551331423,12758.58,51.48405374,7.40041208,184.32,16.64,-0.35,36.78,1,-103.00,-6.00,11.00,15.00,23.00,9.00,13532175,337
585.02,1551331424,12775.21,51.48416881,7.40055832,184.82,16.13,-0.52,38.17,1,-103.00,-6.00,11.00,15.00,23.00,9.00,13532175,337
586.02,1551331425,12791.34,51.48428512,7.40070733,184.93,16.59,0.46,39.03,1,-101.00,-5.00,19.00,11.00,22.00,9.00,13532175,337
587.02,1551331426,12807.93,51.48439908,7.40085467,185.33,16.57,-0.02,39.67,1,-101.00,-5.00,19.00,11.00,22.00,9.00,13532175,337
588.02,1551331427,12824.48,51.48451452,7.40100680,185.61,16.75,0.18,40.35,1,-98.00,-6.00,9.00,10.00,24.00,9.00,13532175,337
589.02,1551331428,12841.25,51.48462324,7.40115841,185.83,16.43,-0.32,40.78,1,-98.00,-6.00,9.00,10.00,24.00,9.00,13532175,337
590.02,1551331429,12857.68,51.48472480,7.40130667,186.36,16.37,-0.05,41.51,1,-102.00,-5.00,7.00,15.00,21.00,9.00,13532175,337
591.02,1551331430,12874.04,51.48482641,7.40146241,186.30,16.14,-0.23,42.38,1,-102.00,-5.00,7.00,15.00,21.00,9.00,13532175,337
592.02,1551331431,12890.19,51.48493921,7.40163439,186.08,15.94,-0.20,42.75,1,-106.00,-6.00,16.00,14.00,19.00,9.00,13532175,337
593.02,1551331432,12906.14,51.48504851,7.40180062,185.66,15.89,-0.05,42.79,1,-106.00,-6.00,16.00,14.00,19.00,9.00,13532175,337
594.02,1551331433,12922.01,51.48515518,7.40197696,186.17,15.97,0.08,43.80,1,-104.00,-6.00,10.00,11.00,20.00,9.00,13532175,337
595.02,1551331434,12937.99,51.48524783,7.40214320,186.73,15.59,-0.38,45.42,1,-104.00,-6.00,10.00,11.00,20.00,9.00,13532175,337
596.02,1551331435,12953.57,51.48533172,7.40229657,187.24,13.93,-1.66,46.83,1,-103.00,-5.00,12.00,15.00,20.00,9.00,13532175,337
597.02,1551331436,12967.50,51.48540669,7.40243787,187.82,12.35,-1.58,47.88,1,-103.00,-5.00,12.00,15.00,20.00,9.00,13532175,337
598.03,1551331437,12979.96,51.48547296,7.40256519,188.26,10.50,-1.84,48.34,1,-103.00,-6.00,14.00,10.00,21.00,9.00,13532175,337
599.02,1551331438,12990.36,51.48553294,7.40267743,188.72,8.76,-1.75,46.88,1,-103.00,-6.00,14.00,10.00,21.00,9.00,13532175,337
600.02,1551331439,12999.12,51.48560973,7.40273807,189.01,8.65,-0.11,21.84,1,-103.00,-6.00,14.00,10.00,21.00,9.00,13532175,337
601.02,1551331440,13007.78,51.48569236,7.40275250,188.75,8.74,0.09,358.13,1,-98.00,-6.00,16.00,13.00,22.00,9.00,13532175,337
602.02,1551331441,13016.52,51.48575483,7.40272017,187.86,9.12,0.38,336.79,1,-98.00,-6.00,16.00,13.00,22.00,9.00,13532175,337
603.02,1551331442,13025.64,51.48581059,7.40266225,186.48,9.53,0.41,320.46,1,-102.00,-5.00,16.00,14.00,21.00,9.00,13532175,337
604.02,1551331443,13035.17,51.48587231,7.40258294,185.83,10.78,1.24,320.51,1,-102.00,-5.00,16.00,14.00,21.00,9.00,13532175,337
605.02,1551331444,13045.96,51.48595715,7.40246741,184.76,11.96,1.18,320.97,1,-101.00,-6.00,16.00,2.00,36.00,9.00,13532175,337
606.02,1551331445,13057.92,51.48603162,7.40236761,184.28,12.72,0.77,322.53,1,-101.00,-6.00,16.00,2.00,36.00,9.00,13532175,337
607.02,1551331446,13070.63,51.48613365,7.40225282,183.98,13.02,0.30,324.93,1,-102.00,-6.00,16.00,2.00,23.00,9.00,13532175,337
608.02,1551331447,13083.65,51.48624203,7.40215131,183.11,13.51,0.49,327.87,1,-102.00,-6.00,16.00,2.00,23.00,9.00,13532175,337
609.02,1551331448,13097.16,51.48635637,7.40206135,182.04,13.27,-0.24,330.75,1,-102.00,-6.00,15.00,2.00,22.00,9.00,13532175,337
610.02,1551331449,13110.43,51.48647649,7.40197489,181.13,12.86,-0.41,333.21,1,-102.00,-6.00,15.00,2.00,22.00,9.00,13532175,337
611.02,1551331450,13123.29,51.48660194,7.40189700,180.45,13.23,0.37,335.64,1,-105.00,-6.00,8.00,2.00,20.00,9.00,13532175,337
612.02,1551331451,13136.51,51.48670937,7.40184397,180.13,13.07,-0.15,338.45,1,-105.00,-6.00,8.00,2.00,20.00,9.00,13532175,337
613.02,1551331452,13149.61,51.48682945,7.40179023,180.18,13.15,0.08,340.56,1,-113.00,-8.00,7.00,7.00,14.00,10.00,13532175,337
614.02,1551331453,13162.76,51.48693705,7.40174951,180.22,13.67,0.52,343.17,1,-113.00,-8.00,7.00,7.00,14.00,10.00,13532175,337
615.02,1551331454,13176.45,51.48705163,7.40171314,180.13,13.81,0.14,345.35,1,-115.00,-8.00,-1.00,5.00,11.00,10.00,13532175,337
616.02,1551331455,13190.25,51.48717200,7.40168251,180.03,13.81,0.00,347.98,1,-115.00,-8.00,-1.00,5.00,11.00,10.00,13532175,337
617.03,1551331456,13204.07,51.48730176,7.40165879,180.16,14.09,0.28,350.93,1,-114.00,-8.00,8.00,6.00,13.00,10.00,13532175,337
618.02,1551331457,13218.15,51.48743252,7.40164500,179.75,13.34,-0.75,354.17,1,-114.00,-8.00,8.00,6.00,13.00,10.00,13532175,337
619.03,1551331458,13231.56,51.48757280,7.40163928,179.58,13.69,0.35,356.17,1,-102.00,-10.00,4.00,9.00,28.00,12.00,13254913,38
620.02,1551331459,13245.16,51.48770284,7.40164041,179.64,13.90,0.21,357.53,1,-102.00,-10.00,4.00,9.00,28.00,12.00,13254913,38
621.02,1551331460,13259.06,51.48783027,7.40164086,179.32,13.68,-0.22,358.39,1,-102.00,-10.00,4.00,9.00,28.00,12.00,13254913,38
622.02,1551331461,13272.75,51.48795959,7.40164187,178.62,13.83,0.15,358.93,1,-100.00,-12.00,1.00,5.00,31.00,12.00,13254913,38
623.02,1551331462,13286.58,51.48808900,7.40164745,177.92,13.63,-0.20,359.46,1,-100.00,-12.00,1.00,5.00,31.00,12.00,13254913,38
624.02,1551331463,13300.18,51.48821881,7.40165270,177.14,13.89,0.25,0.02,1,-104.00,-10.00,7.00,8.00,27.00,12.00,13254913,38
625.02,1551331464,13314.06,51.48834639,7.40166044,176.22,14.07,0.18,0.54,1,-104.00,-10.00,7.00,8.00,27.00,12.00,13254913,38
626.02,1551331465,13328.15,51.48847939,7.40166614,175.28,14.86,0.79,0.41,1,-98.00,-7.00,4.00,2.00,27.00,12.00,13254913,38
627.02,1551331466,13343.01,51.48861513,7.40167242,173.94,15.14,0.29,0.33,1,-98.00,-7.00,4.00,2.00,27.00,12.00,13254913,38
628.02,1551331467,13358.13,51.48875212,7.40167747,172.78,15.27,0.12,359.76,1,-89.00,-6.00,21.00,2.00,46.00,12.00,13067528,356
629.02,1551331468,13373.41,51.48888849,7.40168150,171.97,15.02,-0.25,359.14,1,-89.00,-6.00,21.00,2.00,46.00,12.00,13067528,356
630.02,1551331469,13388.46,51.48901298,7.40168498,171.05,13.76,-1.26,359.49,1,-94.00,-5.00,16.00,2.00,29.00,12.00,13067528,356
631.02,1551331470,13402.21,51.48912696,7.40168859,170.01,12.28,-1.48,359.58,1,-94.00,-5.00,16.00,2.00,29.00,12.00,13067528,356
632.02,1551331471,13414.47,51.48922697,7.40169302,168.94,10.66,-1.62,0.15,1,-116.00,-10.00,4.00,2.00,25.00,14.00,14264846,125
633.02,1551331472,13425.13,51.48930538,7.40169680,167.82,7.91,-2.75,1.12,1,-116.00,-10.00,4.00,2.00,25.00,14.00,14264846,125
634.02,1551331473,13433.04,51.48935127,7.40173793,167.65,6.52,-1.40,19.06,1,-117.00,-9.00,4.00,2.00,11.00,14.00,14264846,125
635.02,1551331474,13439.56,51.48939590,7.40182018,168.36,6.07,-0.44,46.38,1,-117.00,-9.00,4.00,2.00,11.00,14.00,14264846,125
636.02,1551331475,13445.63,51.48941995,7.40193956,169.67,7.70,1.62,75.38,1,-117.00,-9.00,1.00,2.00,11.00,14.00,14264846,125
637.02,1551331476,13453.35,51.48942116,7.40206992,170.62,9.36,1.66,90.26,1,-117.00,-9.00,1.00,2.00,11.00,14.00,14264846,125
638.02,1551331477,13462.68,51.48951780,7.40204510,170.92,10.41,1.05,90.68,1,-119.00,-10.00,-6.00,6.00,9.00,14.00,14264846,125
639.02,1551331478,13473.07,51.48941477,7.40240127,171.39,11.44,1.03,90.29,1,-119.00,-10.00,-6.00,6.00,9.00,14.00,14264846,125
640.03,1551331479,13484.63,51.48941096,7.40257909,172.03,12.38,0.93,91.03,1,-100.00,-7.00,5.00,11.00,24.00,12.00,13254913,38
641.02,1551331480,13496.89,51.48941178,7.40275695,172.57,12.86,0.49,90.30,1,-100.00,-7.00,5.00,11.00,24.00,12.00,13254913,38
642.02,1551331481,13509.73,51.48941093,7.40294842,173.14,13.46,0.59,91.12,1,-100.00,-7.00,5.00,11.00,24.00,12.00,13254913,38
643.02,1551331482,13523.22,51.48941207,7.40315040,173.66,13.63,0.18,90.95,1,-102.00,-7.00,19.00,7.00,25.00,12.00,13254913,38
644.02,1551331483,13536.83,51.48940992,7.40334289,174.05,13.63,-0.01,90.97,1,-102.00,-7.00,19.00,7.00,25.00,12.00,13254913,38
645.02,1551331484,13550.46,51.48940883,7.40354797,174.53,13.77,0.14,90.86,1,-102.00,-9.00,4.00,10.00,26.00,12.00,13254913,38
646.02,1551331485,13564.23,51.48940609,7.40375009,175.01,13.85,0.09,90.87,1,-102.00,-9.00,4.00,10.00,26.00,12.00,13254913,38
647.02,1551331486,13578.11,51.48940324,7.40394834,175.52,13.93,0.08,90.86,1,-107.00,-10.00,4.00,8.00,22.00,12.00,13254913,38
648.02,1551331487,13592.03,51.48940122,7.40415096,175.93,13.92,-0.01,90.69,1,-107.00,-10.00,4.00,8.00,22.00,12.00,13254913,38
649.02,1551331488,13605.97,51.48940096,7.40436128,176.37,14.06,0.13,90.76,1,-107.00,-11.00,0.00,8.00,23.00,12.00,13254913,38
650.02,1551331489,13620.03,51.48939941,7.40455832,176.78,14.11,0.05,91.11,1,-107.00,-11.00,0.00,8.00,23.00,12.00,13254913,38
651.02,1551331490,13634.11,51.48939767,7.40476136,177.21,14.09,-0.02,91.23,1,-106.00,-9.00,-2.00,2.00,31.00,12.00,13254913,38
652.02,1551331491,13648.20,51.48939751,7.40496695,177.74,14.08,-0.01,90.69,1,-106.00,-9.00,-2.00,2.00,31.00,12.00,13254913,38
653.02,1551331492,13662.28,51.48939757,7.40517116,178.12,13.98,-0.10,89.74,1,-107.00,-9.00,4.00,2.00,34.00,18.00,13067528,356
654.02,1551331493,13676.25,51.48940148,7.40537246,178.32,14.01,0.02,88.39,1,-107.00,-9.00,4.00,2.00,34.00,18.00,13067528,356
655.02,1551331494,13690.30,51.48940996,7.40557950,178.39,14.02,0.02,86.39,1,-107.00,-9.00,1.00,2.00,21.00,18.00,13067528,356
656.02,1551331495,13704.31,51.48942149,7.40578904,178.10,14.00,-0.02,84.88,1,-107.00,-9.00,1.00,2.00,21.00,18.00,13067528,356
657.02,1551331496,13718.30,51.48943586,7.40597260,177.51,13.95,-0.05,82.82,1,-101.00,-4.00,13.00,2.00,32.00,70.00,13067274,289
658.02,1551331497,13732.25,51.48943810,7.40499470,176.97,13.99,0.03,80.93,1,-101.00,-4.00,13.00,2.00,32.00,70.00,13067274,289
659.02,1551331498,13746.26,51.48948389,7.40636828,176.53,14.04,0.06,79.60,1,-100.00,-5.00,15.00,2.00,20.00,70.00,13067274,289
660.02,1551331499,13760.31,51.48951113,7.40655756,175.93,14.06,0.02,78.82,1,-100.00,-5.00,15.00,2.00,20.00,70.00,13067274,289
661.02,1551331500,13774.38,51.48954215,7.40675253,175.28,13.86,-0.21,78.37,1,-101.00,-5.00,15.00,14.00,21.00,69.00,13067274,289
662.02,1551331501,13788.15,51.48957123,7.40693532,174.42,13.80,-0.05,78.29,1,-101.00,-5.00,15.00,14.00,21.00,69.00,13067274,289
663.02,1551331502,13802.00,51.48960237,7.40713983,173.80,13.79,-0.02,77.43,1,-101.00,-5.00,15.00,14.00,21.00,69.00,13067274,289
664.02,1551331503,13815.76,51.48963136,7.40732563,173.14,13.75,-0.04,78.28,1,-104.00,-6.00,7.00,11.00,21.00,69.00,13067274,289
665.02,1551331504,13829.54,51.48965921,7.40750949,172.29,13.85,0.10,78.32,1,-104.00,-6.00,7.00,11.00,21.00,69.00,13067274,289
666.02,1551331505,13843.38,51.48968892,7.40770516,171.57,13.90,0.05,77.91,1,-104.00,-6.00,10.00,14.00,17.00,69.00,13067274,289
667.02,1551331506,13857.30,51.48971806,7.40790404,170.95,14.06,0.16,78.27,1,-104.00,-6.00,10.00,14.00,17.00,69.00,13067274,289
668.02,1551331507,13871.35,51.48974610,7.40810201,170.31,14.16,0.11,78.99,1,-109.00,-7.00,3.00,9.00,17.00,69.00,13067274,289
669.02,1551331508,13885.52,51.48976945,7.40829302,169.38,14.31,0.15,79.83,1,-109.00,-7.00,3.00,9.00,17.00,69.00,13067274,289
670.02,1551331509,13899.84,51.48979276,7.40848532,168.40,14.39,0.08,79.14,1,-107.00,-8.00,6.00,10.00,16.00,69.00,13067274,289
671.02,1551331510,13914.23,51.48982008,7.40868471,167.60,14.25,-0.14,78.50,1,-107.00,-8.00,6.00,10.00,16.00,69.00,13067274,289
672.02,1551331511,13928.46,51.48984773,7.40888753,166.91,14.40,0.16,77.69,1,-111.00,-9.00,0.00,8.00,15.00,69.00,13067274,289
673.02,1551331512,13942.88,51.48987556,7.40909050,166.18,14.63,0.23,78.33,1,-111.00,-9.00,0.00,8.00,15.00,69.00,13067274,289
674.02,1551331513,13957.48,51.48990283,7.40930149,165.75,14.52,-0.11,77.57,1,-107.00,-7.00,14.00,12.00,20.00,21.00,12806666,385
675.02,1551331514,13972.00,51.48992905,7.40950122,165.00,14.63,0.11,77.81,1,-107.00,-7.00,14.00,12.00,20.00,21.00,12806666,385
676.02,1551331515,13986.63,51.48995591,7.40970228,163.93,14.70,0.07,78.20,1,-107.00,-6.00,9.00,7.00,18.00,21.00,12806666,385
677.02,1551331516,14001.32,51.48998474,7.40990873,162.90,14.65,-0.05,78.25,1,-107.00,-6.00,9.00,7.00,18.00,21.00,12806666,385
678.02,1551331517,14016.00,51.48980790,7.41002660,161.78,14.72,0.07,79.05,1,-108.00,-8.00,11.00,10.00,17.00,21.00,12806666,385
679.02,1551331518,14030.71,51.49004256,7.41031819,160.78,14.67,-0.06,78.37,1,-108.00,-8.00,11.00,10.00,17.00,21.00,12806666,385
680.02,1551331519,14045.37,51.49007214,7.41051923,160.47,14.43,-0.24,78.43,1,-111.00,-7.00,10.00,9.00,15.00,21.00,12806666,385
681.02,1551331520,14059.80,51.49010230,7.41073237,160.50,14.41,-0.02,77.49,1,-111.00,-7.00,10.00,9.00,15.00,21.00,12806666,385
682.02,1551331521,14074.23,51.49013081,7.41094039,160.62,14.11,-0.31,77.50,1,-111.00,-6.00,10.00,14.00,12.00,65.00,13067274,289
683.02,1551331522,14088.33,51.49015716,7.41112615,160.55,13.01,-1.10,77.42,1,-111.00,-6.00,10.00,14.00,12.00,65.00,13067274,289
684.02,1551331523,14101.34,51.49018105,7.41129932,160.59,11.89,-1.12,77.90,1,-112.00,-6.00,26.00,11.00,10.00,65.00,13067274,289
