0.09,1551764461,0.00,51.45007758,7.48822161,249.94,8.17,0.00,168.90,1,-105.00,-9.00,2.00,8.00,27.00,13.00,12918809,429
1.09,1551764462,8.16,51.45000317,7.48825256,250.03,9.20,1.03,169.30,1,-106.00,-9.00,1.00,7.00,26.00,13.00,12918809,429
2.09,1551764463,17.36,51.44992329,7.48828014,249.94,9.81,0.61,169.69,1,-106.00,-9.00,1.00,7.00,26.00,13.00,12918809,429
3.09,1551764464,27.18,51.44983472,7.48830676,249.96,10.46,0.65,170.27,1,-104.00,-8.00,2.00,8.00,29.00,13.00,12918809,429
4.09,1551764465,37.64,51.44973876,7.48833919,249.37,11.26,0.80,170.84,1,-104.00,-8.00,2.00,8.00,29.00,13.00,12918809,429
5.09,1551764466,48.89,51.44963215,7.48836410,249.12,11.99,0.73,172.37,1,-105.00,-8.00,7.00,6.00,29.00,13.00,12918809,429
6.09,1551764467,60.87,51.44952240,7.48838041,248.72,12.62,0.64,174.55,1,-105.00,-8.00,7.00,6.00,29.00,13.00,12918809,429
7.09,1551764468,73.51,51.44940698,7.48838996,248.29,13.33,0.70,176.15,1,-104.00,-8.00,9.00,6.00,28.00,13.00,12918809,429
8.09,1551764469,86.83,51.44928609,7.48839372,247.50,13.65,0.32,177.84,1,-104.00,-8.00,9.00,6.00,28.00,13.00,12918809,429
9.09,1551764470,100.47,51.44916393,7.48838337,247.11,13.54,-0.11,180.23,1,-100.00,-7.00,13.00,12.00,31.00,13.00,12918809,429
10.09,1551764471,114.02,51.44904205,7.48836904,246.67,13.66,0.13,182.64,1,-100.00,-7.00,13.00,12.00,31.00,13.00,12918809,429
11.09,1551764472,127.68,51.44891530,7.48835000,246.45,13.90,0.24,184.26,1,-98.00,-6.00,15.00,12.00,33.00,13.00,12918809,429
12.09,1551764473,141.59,51.44878725,7.48831604,246.39,14.04,0.14,187.44,1,-98.00,-6.00,15.00,12.00,33.00,13.00,12918809,429
13.09,1551764474,155.63,51.44866247,7.48827276,246.42,14.01,-0.03,189.57,1,-100.00,-7.00,26.00,8.00,31.00,13.00,12918809,429
14.09,1551764475,169.64,51.44853814,7.48822297,246.26,14.31,0.30,191.28,1,-100.00,-7.00,26.00,8.00,31.00,13.00,12918809,429
15.09,1551764476,184.05,51.44841467,7.48817207,246.05,14.12,-0.19,192.39,1,-97.00,-6.00,15.00,9.00,33.00,13.00,12918809,429
16.09,1551764477,198.06,51.44828735,7.48811939,246.80,14.29,0.17,193.03,1,-97.00,-6.00,15.00,9.00,33.00,13.00,12918809,429
17.09,1551764478,212.36,51.44815885,7.48805777,247.13,14.75,0.46,193.52,1,-97.00,-6.00,15.00,9.00,33.00,13.00,12918809,429
18.09,1551764479,227.10,51.44803348,7.48799752,247.74,14.15,-0.60,193.29,1,-99.00,-6.00,17.00,14.00,32.00,13.00,12918809,429
19.09,1551764480,241.26,51.44790428,7.48794302,248.80,14.18,0.03,192.49,1,-99.00,-6.00,17.00,14.00,32.00,13.00,12918809,429
20.09,1551764481,255.43,51.44778769,7.48789761,249.24,12.40,-1.78,192.01,1,-98.00,-6.00,16.00,10.00,33.00,13.00,12918809,429
21.09,1551764482,267.84,51.44766741,7.48786100,249.42,13.70,1.30,189.20,1,-98.00,-6.00,16.00,10.00,33.00,13.00,12918809,429
22.09,1551764483,281.54,51.44754688,7.48783544,249.85,13.75,0.05,187.22,1,-98.00,-6.00,19.00,8.00,34.00,13.00,12918809,429
23.09,1551764484,295.27,51.44743060,7.48782591,250.78,13.75,0.01,184.54,1,-98.00,-6.00,19.00,8.00,34.00,13.00,12918809,429
24.09,1551764485,309.04,51.44730597,7.48782607,252.00,13.60,-0.15,181.61,1,-95.00,-5.00,13.00,2.00,39.00,13.00,12918809,429
25.09,1551764486,322.63,51.44718722,7.48784026,253.39,13.30,-0.30,179.43,1,-95.00,-5.00,13.00,2.00,39.00,13.00,12918809,429
26.09,1551764487,335.96,51.44706277,7.48786768,254.66,13.79,0.49,176.65,1,-95.00,-8.00,13.00,2.00,35.00,13.00,12918809,429
27.09,1551764488,349.76,51.44693790,7.48790967,255.71,13.89,0.10,173.02,1,-95.00,-8.00,13.00,2.00,35.00,13.00,12918809,429
28.09,1551764489,363.64,51.44681396,7.48796960,256.83,14.15,0.26,170.13,1,-96.00,-7.00,11.00,2.00,35.00,13.00,12918809,429
29.09,1551764490,377.81,51.44669496,7.48802637,257.82,13.97,-0.18,167.59,1,-96.00,-7.00,11.00,2.00,35.00,13.00,12918809,429
30.09,1551764491,391.77,51.44657149,7.48809308,258.80,13.80,-0.17,164.46,1,-98.00,-7.00,16.00,2.00,34.00,13.00,12918809,429
31.09,1551764492,405.58,51.44645405,7.48817244,259.28,15.01,1.20,161.22,1,-98.00,-7.00,16.00,2.00,34.00,13.00,12918809,429
32.09,1551764493,420.54,51.44633741,7.48826237,259.78,14.69,-0.32,158.09,1,-95.00,-6.00,19.00,2.00,36.00,13.00,12918809,429
33.09,1551764494,435.23,51.44621409,7.48836797,260.18,14.99,0.30,154.30,1,-95.00,-6.00,19.00,2.00,36.00,13.00,12918809,429
34.09,1551764495,450.22,51.44610961,7.48848369,260.61,14.87,-0.12,150.37,1,-94.00,-6.00,21.00,2.00,37.00,13.00,12918809,429
35.09,1551764496,465.10,51.44598811,7.48862500,261.50,15.22,0.35,147.48,1,-94.00,-6.00,21.00,2.00,37.00,13.00,12918809,429
36.10,1551764497,480.44,51.44587174,7.48878127,262.37,15.26,0.04,144.60,1,-93.00,-6.00,16.00,2.00,39.00,13.00,12918809,429
37.09,1551764498,495.58,51.44576279,7.48894886,263.21,15.17,-0.09,141.20,1,-93.00,-6.00,16.00,2.00,39.00,13.00,12918809,429
38.09,1551764499,510.74,51.44566407,7.48912014,264.02,15.59,0.42,138.25,1,-93.00,-6.00,16.00,2.00,39.00,13.00,12918809,429
39.09,1551764500,526.33,51.44556497,7.48930692,264.28,15.60,0.01,135.23,1,-94.00,-6.00,19.00,2.00,37.00,13.00,12918809,429
40.09,1551764501,541.93,51.44548006,7.48949106,264.52,15.58,-0.02,132.44,1,-94.00,-6.00,19.00,2.00,37.00,13.00,12918809,429
41.09,1551764502,557.51,51.44539797,7.48967695,264.57,15.34,-0.24,129.91,1,-94.00,-6.00,10.00,2.00,36.00,13.00,12918809,429
42.09,1551764503,572.87,51.44531684,7.48986431,264.65,15.26,-0.08,128.64,1,-94.00,-6.00,10.00,2.00,36.00,13.00,12918809,429
43.09,1551764504,588.12,51.44523570,7.49004740,264.49,15.19,-0.06,127.74,1,-98.00,-6.00,12.00,2.00,32.00,13.00,12918809,429
44.09,1551764505,603.31,51.44516698,7.49022138,264.47,15.01,-0.18,126.68,1,-98.00,-6.00,12.00,2.00,32.00,13.00,12918809,429
45.09,1551764506,618.34,51.44508786,7.49041094,264.67,15.07,0.05,126.28,1,-98.00,-6.00,13.00,2.00,32.00,13.00,12918809,429
46.09,1551764507,633.39,51.44501797,7.49058568,264.69,14.47,-0.60,126.84,1,-98.00,-6.00,13.00,2.00,32.00,13.00,12918809,429
47.09,1551764508,647.86,51.44494756,7.49075331,265.02,13.95,-0.52,127.27,1,-99.00,-6.00,12.00,2.00,34.00,13.00,12918809,429
48.09,1551764509,661.81,51.44488408,7.49090634,265.16,12.87,-1.08,127.09,1,-99.00,-6.00,12.00,2.00,34.00,13.00,12918809,429
49.09,1551764510,674.69,51.44482570,7.49104636,265.64,11.29,-1.59,126.56,1,-100.00,-6.00,14.00,2.00,32.00,13.00,12918809,429
50.09,1551764511,685.97,51.44477536,7.49116461,266.10,9.75,-1.54,126.51,1,-100.00,-6.00,14.00,2.00,32.00,13.00,12918809,429
51.09,1551764512,695.73,51.44473110,7.49126457,266.79,8.09,-1.65,126.51,1,-102.00,-6.00,17.00,2.00,30.00,13.00,12918809,429
52.09,1551764513,703.82,51.44469160,7.49136307,267.15,6.30,-1.79,126.95,1,-102.00,-6.00,17.00,2.00,30.00,13.00,12918809,429
53.09,1551764514,710.11,51.44466324,7.49143730,267.58,4.38,-1.92,126.95,1,-103.00,-6.00,10.00,2.00,28.00,13.00,12918809,429
54.09,1551764515,714.50,51.44464557,7.49149111,267.61,2.29,-2.09,127.52,1,-103.00,-6.00,10.00,2.00,28.00,13.00,12918809,429
55.09,1551764516,716.79,51.44463701,7.49151399,267.67,1.48,-0.81,127.15,1,-102.00,-6.00,9.00,2.00,28.00,13.00,12918809,429
56.09,1551764517,718.27,51.44463496,7.49152047,267.73,0.47,-1.02,127.15,1,-102.00,-6.00,9.00,2.00,28.00,13.00,12918809,429
57.10,1551764518,718.74,51.44463496,7.49152047,267.74,0.00,-0.46,127.15,1,-102.00,-8.00,10.00,2.00,31.00,13.00,12918809,429
58.09,1551764519,718.74,51.44463496,7.49152047,267.74,0.00,0.00,127.15,1,-102.00,-8.00,10.00,2.00,31.00,13.00,12918809,429
59.09,1551764520,718.74,51.44463496,7.49152047,267.74,0.00,0.00,127.15,1,-102.00,-8.00,10.00,2.00,31.00,13.00,12918809,429
60.09,1551764521,718.74,51.44463496,7.49152047,267.75,0.00,0.00,127.15,1,-103.00,-9.00,11.00,2.00,31.00,13.00,12918809,429
61.09,1551764522,718.74,51.44463496,7.49152047,267.75,0.00,0.00,127.15,1,-103.00,-9.00,11.00,2.00,31.00,13.00,12918809,429
62.09,1551764523,718.74,51.44463496,7.49152047,267.75,0.00,0.00,127.15,1,-103.00,-9.00,9.00,2.00,32.00,13.00,12918809,429
63.09,1551764524,718.74,51.44463496,7.49152047,267.75,0.00,0.00,127.15,1,-103.00,-9.00,9.00,2.00,32.00,13.00,12918809,429
64.09,1551764525,718.74,51.44463496,7.49152047,267.75,0.00,0.00,127.15,1,-103.00,-7.00,12.00,9.00,29.00,7.00,12918809,429
65.09,1551764526,718.74,51.44463496,7.49152047,267.75,0.00,0.00,127.15,1,-103.00,-7.00,12.00,9.00,29.00,7.00,12918809,429
66.09,1551764527,718.74,51.44463496,7.49152047,267.76,0.00,0.00,120.03,1,-103.00,-6.00,20.00,4.00,29.00,7.00,12918809,429
67.09,1551764528,718.74,51.44463496,7.49152047,267.77,0.00,0.00,126.54,1,-103.00,-6.00,20.00,4.00,29.00,7.00,12918809,429
68.09,1551764529,718.74,51.44457854,7.49165737,268.11,5.71,0.00,128.05,1,-101.00,-7.00,24.00,10.00,28.00,7.00,12918809,429
69.09,1551764530,724.44,51.44454689,7.49171628,268.38,5.63,-0.08,131.34,1,-101.00,-7.00,24.00,10.00,28.00,7.00,12918809,429
70.09,1551764531,730.06,51.44449199,7.49172789,268.51,6.79,1.16,170.99,1,-96.00,-6.00,26.00,10.00,35.00,7.00,12918809,429
71.09,1551764532,736.85,51.44443036,7.49168797,269.09,8.34,1.54,202.15,1,-96.00,-6.00,26.00,10.00,35.00,7.00,12918809,429
72.09,1551764533,745.20,51.44436294,7.49163529,269.60,9.45,1.11,205.29,1,-92.00,-6.00,28.00,12.00,40.00,7.00,12918809,429
73.09,1551764534,754.64,51.44427836,7.49156453,270.11,10.48,1.04,208.42,1,-92.00,-6.00,28.00,12.00,40.00,7.00,12918809,429
74.09,1551764535,765.12,51.44419003,7.49147357,270.44,11.41,0.93,211.27,1,-93.00,-7.00,20.00,2.00,42.00,7.00,12918809,429
75.09,1551764536,776.53,51.44409820,7.49137036,270.61,12.54,1.13,212.34,1,-93.00,-7.00,20.00,2.00,42.00,7.00,12918809,429
76.09,1551764537,789.09,51.44399902,7.49125921,270.63,13.51,0.97,213.23,1,-91.00,-6.00,6.00,2.00,42.00,7.00,12918809,429
77.09,1551764538,802.60,51.44389316,7.49113747,270.67,14.30,0.79,214.00,1,-91.00,-6.00,6.00,2.00,42.00,7.00,12918809,429
78.10,1551764539,817.02,51.44378706,7.49101219,270.53,15.14,0.84,214.34,1,-87.00,-6.00,18.00,2.00,46.00,7.00,12918809,429
79.09,1551764540,832.03,51.44367727,7.49088547,270.92,15.69,0.55,214.75,1,-87.00,-6.00,18.00,2.00,46.00,7.00,12918809,429
80.09,1551764541,847.72,51.44356909,7.49075050,271.12,15.72,0.03,215.15,1,-87.00,-6.00,18.00,2.00,46.00,7.00,12918809,429
81.09,1551764542,863.44,51.44345093,7.49061008,271.24,15.76,0.04,215.58,1,-80.00,-6.00,17.00,2.00,52.00,7.00,12918809,429
82.09,1551764543,879.20,51.44334190,7.49047427,271.28,15.62,-0.14,216.06,1,-80.00,-6.00,17.00,2.00,52.00,7.00,12918809,429
83.09,1551764544,894.80,51.44323621,7.49033986,271.13,15.46,-0.16,216.16,1,-79.00,-5.00,14.00,2.00,53.00,7.00,12918809,429
84.09,1551764545,910.28,51.44312749,7.49020378,270.79,15.43,-0.03,216.38,1,-79.00,-5.00,14.00,2.00,53.00,7.00,12918809,429
85.09,1551764546,925.69,51.44301735,7.49006747,270.59,15.59,0.16,216.53,1,-86.00,-7.00,9.00,2.00,46.00,7.00,12918809,429
86.09,1551764547,941.30,51.44290895,7.48993446,270.80,15.67,0.08,216.14,1,-86.00,-7.00,9.00,2.00,46.00,7.00,12918809,429
87.09,1551764548,956.95,51.44279745,7.48979845,270.67,15.49,-0.18,217.10,1,-91.00,-7.00,15.00,2.00,42.00,7.00,12918809,429
88.09,1551764549,972.46,51.44269077,7.48966511,270.34,15.55,0.06,216.71,1,-91.00,-7.00,15.00,2.00,42.00,7.00,12918809,429
89.09,1551764550,988.00,51.44258460,7.48952847,270.25,15.16,-0.40,217.62,1,-90.00,-8.00,8.00,2.00,44.00,7.00,12918809,429
90.09,1551764551,1003.16,51.44247647,7.48939411,269.86,15.18,0.02,218.39,1,-90.00,-8.00,8.00,2.00,44.00,7.00,12918809,429
91.09,1551764552,1018.33,51.44237284,7.48925727,270.06,14.20,-0.97,219.31,1,-87.00,-9.00,9.00,2.00,47.00,7.00,12918809,429
92.09,1551764553,1032.55,51.44227457,7.48912953,269.91,13.95,-0.26,218.84,1,-87.00,-9.00,9.00,2.00,47.00,7.00,12918809,429
93.09,1551764554,1046.50,51.44216997,7.48900040,269.76,14.92,0.98,218.17,1,-83.00,-12.00,8.00,2.00,52.00,7.00,12918809,429
94.09,1551764555,1061.42,51.44205598,7.48885742,269.68,14.72,-0.21,219.15,1,-83.00,-12.00,8.00,2.00,52.00,7.00,12918809,429
95.09,1551764556,1076.13,51.44194979,7.48870806,270.08,15.06,0.35,220.01,1,-79.00,-9.00,-1.00,15.00,53.00,2.00,12918809,429
96.09,1551764557,1091.20,51.44185178,7.48856232,270.12,15.16,0.10,221.91,1,-79.00,-9.00,-1.00,15.00,53.00,2.00,12918809,429
97.09,1551764558,1106.36,51.44175201,7.48840835,270.31,14.72,-0.45,223.37,1,-80.00,-8.00,13.00,13.00,54.00,2.00,12918809,429
98.09,1551764559,1121.06,51.44166114,7.48825582,271.08,14.76,0.05,225.73,1,-80.00,-8.00,13.00,13.00,54.00,2.00,12918809,429
99.09,1551764560,1135.94,51.44157726,7.48809382,271.84,14.75,-0.01,227.44,1,-73.00,-8.00,6.00,6.00,61.00,2.00,12918810,431
100.09,1551764561,1150.59,51.44150117,7.48793697,272.54,14.79,0.04,229.01,1,-73.00,-8.00,6.00,6.00,61.00,2.00,12918810,431
101.09,1551764562,1165.38,51.44141727,7.48776861,273.31,14.98,0.18,230.08,1,-73.00,-8.00,6.00,6.00,61.00,2.00,12918810,431
102.09,1551764563,1180.36,51.44133053,7.48759822,274.11,15.15,0.17,230.75,1,-80.00,-5.00,28.00,15.00,51.00,2.00,12918810,431
103.08,1551764564,1195.46,51.44124701,7.48741869,274.97,15.21,0.06,231.99,1,-80.00,-5.00,28.00,15.00,51.00,2.00,12918810,431
104.09,1551764565,1210.70,51.44116727,7.48724647,275.93,15.25,0.04,232.94,1,-77.00,-6.00,19.00,15.00,55.00,2.00,12918810,431
105.09,1551764566,1225.94,51.44108851,7.48707563,276.70,15.21,-0.04,232.93,1,-77.00,-6.00,19.00,15.00,55.00,2.00,12918810,431
106.09,1551764567,1241.17,51.44100645,7.48689928,277.23,15.23,0.02,232.25,1,-78.00,-6.00,29.00,15.00,53.00,2.00,12918810,431
107.09,1551764568,1256.38,51.44092213,7.48671731,277.65,15.30,0.07,232.89,1,-78.00,-6.00,29.00,15.00,53.00,2.00,12918810,431
108.09,1551764569,1271.68,51.44084067,7.48652789,278.40,15.41,0.11,233.78,1,-78.00,-6.00,30.00,15.00,53.00,2.00,12918810,431
109.09,1551764570,1287.09,51.44076101,7.48634925,278.57,15.19,-0.22,234.34,1,-78.00,-6.00,30.00,15.00,53.00,2.00,12918810,431
110.09,1551764571,1302.28,51.44068512,7.48616966,279.23,14.90,-0.29,234.97,1,-75.00,-6.00,32.00,15.00,57.00,2.00,12918810,431
111.09,1551764572,1317.17,51.44060960,7.48599443,279.94,14.93,0.03,234.34,1,-75.00,-6.00,32.00,15.00,57.00,2.00,12918810,431
112.09,1551764573,1332.11,51.44052474,7.48581070,280.87,15.57,0.65,233.40,1,-81.00,-9.00,15.00,12.00,52.00,2.00,12918810,431
113.09,1551764574,1347.69,51.44043540,7.48561671,281.69,15.58,0.00,233.41,1,-81.00,-9.00,15.00,12.00,52.00,2.00,12918810,431
114.09,1551764575,1363.26,51.44035140,7.48542396,282.06,15.81,0.24,234.40,1,-83.00,-9.00,10.00,12.00,51.00,2.00,12918810,431
115.09,1551764576,1379.07,51.44027081,7.48523928,282.37,15.35,-0.46,233.50,1,-83.00,-9.00,10.00,12.00,51.00,2.00,12918810,431
116.09,1551764577,1394.44,51.44018930,7.48506205,282.34,15.42,0.07,232.95,1,-75.00,-9.00,7.00,6.00,60.00,3.00,12918811,430
117.08,1551764578,1409.78,51.44010925,7.48489148,281.95,15.01,-0.42,233.63,1,-75.00,-9.00,7.00,6.00,60.00,3.00,12918811,430
118.09,1551764579,1424.84,51.44002368,7.48470488,281.72,15.52,0.51,232.89,1,-75.00,-6.00,21.00,15.00,58.00,3.00,12918811,430
119.09,1551764580,1440.36,51.43993860,7.48452498,281.60,15.40,-0.12,232.11,1,-75.00,-6.00,21.00,15.00,58.00,3.00,12918811,430
120.09,1551764581,1455.87,51.43985278,7.48435695,281.49,15.40,-0.00,231.68,1,-77.00,-6.00,10.00,10.00,55.00,3.00,12918811,430
121.09,1551764582,1471.14,51.43976546,7.48418086,281.46,15.29,-0.11,232.46,1,-77.00,-6.00,10.00,10.00,55.00,3.00,12918811,430
122.09,1551764583,1486.43,51.43968494,7.48400027,281.22,15.44,0.15,233.35,1,-77.00,-6.00,10.00,10.00,55.00,3.00,12918811,430
123.09,1551764584,1501.87,51.43959815,7.48380281,280.49,15.71,0.27,234.51,1,-80.00,-6.00,21.00,12.00,51.00,3.00,12918811,430
124.09,1551764585,1517.59,51.43951297,7.48360447,279.92,15.53,-0.18,236.09,1,-80.00,-6.00,21.00,12.00,51.00,3.00,12918811,430
125.09,1551764586,1533.11,51.43943793,7.48342048,279.50,15.36,-0.17,237.53,1,-77.00,-6.00,29.00,15.00,53.00,3.00,12918811,430
126.09,1551764587,1548.47,51.43936336,7.48323166,280.18,15.65,0.29,238.43,1,-77.00,-6.00,29.00,15.00,53.00,3.00,12918811,430
127.09,1551764588,1564.14,51.43929649,7.48304733,280.80,16.01,0.36,239.90,1,-82.00,-6.00,27.00,13.00,49.00,3.00,12918811,430
128.09,1551764589,1580.14,51.43922689,7.48285507,281.58,15.44,-0.57,240.33,1,-82.00,-6.00,27.00,13.00,49.00,3.00,12918811,430
129.09,1551764590,1595.57,51.43914770,7.48264898,281.87,16.55,1.11,238.22,1,-86.00,-7.00,14.00,2.00,45.00,3.00,12918811,430
130.09,1551764591,1612.14,51.43907039,7.48244774,281.64,15.84,-0.71,238.76,1,-86.00,-7.00,14.00,2.00,45.00,3.00,12918811,430
131.09,1551764592,1627.96,51.43899333,7.48224197,280.81,16.14,0.31,239.34,1,-87.00,-6.00,19.00,2.00,43.00,3.00,12918811,430
132.09,1551764593,1644.10,51.43892408,7.48204479,280.78,15.90,-0.25,240.43,1,-87.00,-6.00,19.00,2.00,43.00,3.00,12918811,430
133.09,1551764594,1660.02,51.43885909,7.48184675,280.63,16.13,0.23,241.68,1,-90.00,-7.00,18.00,2.00,38.00,3.00,12918811,430
134.09,1551764595,1676.13,51.43878747,7.48163522,280.05,16.38,0.25,241.64,1,-90.00,-7.00,18.00,2.00,38.00,3.00,12918811,430
135.09,1551764596,1692.53,51.43871761,7.48142782,279.98,16.44,0.06,240.83,1,-98.00,-7.00,13.00,2.00,32.00,7.00,12918811,430
136.09,1551764597,1708.96,51.43864696,7.48120924,280.44,16.62,0.18,241.00,1,-98.00,-7.00,13.00,2.00,32.00,7.00,12918811,430
137.09,1551764598,1725.58,51.43857857,7.48099860,280.96,16.64,0.01,241.69,1,-104.00,-7.00,9.00,6.00,28.00,7.00,12918811,430
138.09,1551764599,1742.21,51.43850272,7.48076881,281.82,16.83,0.20,242.43,1,-104.00,-7.00,9.00,6.00,28.00,7.00,12918811,430
139.09,1551764600,1759.06,51.43843100,7.48054627,282.60,16.70,-0.14,242.85,1,-104.00,-8.00,9.00,11.00,28.00,7.00,12918811,430
140.09,1551764601,1775.76,51.43835753,7.48033587,283.09,17.11,0.41,241.28,1,-104.00,-8.00,9.00,11.00,28.00,7.00,12918811,430
141.09,1551764602,1792.99,51.43828594,7.48012449,283.81,16.49,-0.62,241.67,1,-104.00,-8.00,24.00,5.00,26.00,7.00,12918811,430
142.09,1551764603,1809.37,51.43822016,7.47991689,283.84,15.69,-0.81,242.37,1,-104.00,-8.00,24.00,5.00,26.00,7.00,12918811,430
143.09,1551764604,1825.05,51.43815462,7.47970653,284.45,15.99,0.30,242.17,1,-104.00,-8.00,24.00,5.00,26.00,7.00,12918811,430
144.09,1551764605,1841.04,51.43808602,7.47948854,284.47,15.78,-0.21,241.70,1,-108.00,-11.00,-2.00,6.00,27.00,7.00,12918811,430
145.09,1551764606,1856.82,51.43801636,7.47927756,283.75,15.80,0.02,241.28,1,-108.00,-11.00,-2.00,6.00,27.00,7.00,12918811,430
146.09,1551764607,1872.63,51.43794607,7.47906468,282.62,15.52,-0.28,240.32,1,-110.00,-12.00,-3.00,5.00,26.00,7.00,12918811,430
147.09,1551764608,1888.14,51.43788087,7.47886963,282.01,14.71,-0.82,240.98,1,-110.00,-12.00,-3.00,5.00,26.00,7.00,12918811,430
148.09,1551764609,1902.84,51.43782101,7.47869392,281.35,13.65,-1.05,241.69,1,-110.00,-11.00,1.00,4.00,26.00,7.00,12918811,430
149.09,1551764610,1916.51,51.43776416,7.47851856,281.17,13.81,0.16,242.11,1,-110.00,-11.00,1.00,4.00,26.00,7.00,12918811,430
150.09,1551764611,1930.32,51.43769740,7.47831577,281.10,14.88,1.07,241.33,1,-109.00,-11.00,-5.00,6.00,28.00,7.00,12918811,430
151.09,1551764612,1945.18,51.43763160,7.47811336,280.89,15.76,0.89,241.86,1,-109.00,-11.00,-5.00,6.00,28.00,7.00,12918811,430
152.09,1551764613,1960.99,51.43756817,7.47790475,280.60,15.68,-0.08,242.38,1,-111.00,-11.00,-4.00,5.00,25.00,7.00,12918811,430
153.09,1551764614,1976.67,51.43750436,7.47770035,280.40,14.89,-0.79,242.41,1,-111.00,-11.00,-4.00,5.00,25.00,7.00,12918811,430
154.09,1551764615,1991.56,51.43743776,7.47750183,280.34,15.18,0.29,242.78,1,-114.00,-13.00,-5.00,4.00,24.00,7.00,12918811,430
155.09,1551764616,2006.73,51.43737671,7.47731207,279.80,14.00,-1.18,244.16,1,-114.00,-13.00,-5.00,4.00,24.00,7.00,12918811,430
156.09,1551764617,2020.73,51.43731399,7.47710632,279.29,14.93,0.93,244.76,1,-113.00,-12.00,-5.00,5.00,24.00,7.00,12918811,430
157.09,1551764618,2035.66,51.43726113,7.47691505,279.76,14.59,-0.34,245.79,1,-113.00,-12.00,-5.00,5.00,24.00,7.00,12918811,430
158.09,1551764619,2050.25,51.43721642,7.47672573,280.17,13.66,-0.94,249.73,1,-111.00,-9.00,4.00,7.00,24.00,7.00,12918811,430
159.09,1551764620,2063.91,51.43721212,7.47655205,281.59,12.71,-0.95,268.14,1,-111.00,-9.00,4.00,7.00,24.00,7.00,12918811,430
160.09,1551764621,2076.57,51.43721294,7.47638080,282.65,11.63,-1.08,270.63,1,-109.00,-8.00,-1.00,8.00,25.00,7.00,12918811,430
161.09,1551764622,2088.20,51.43724342,7.47623415,283.31,9.65,-1.98,292.91,1,-109.00,-8.00,-1.00,8.00,25.00,7.00,12918811,430
162.10,1551764623,2097.92,51.43731659,7.47616116,283.79,9.13,-0.51,328.88,1,-106.00,-8.00,10.00,2.00,31.00,7.00,12918811,430
163.09,1551764624,2106.97,51.43741064,7.47613188,284.49,9.86,0.73,354.20,1,-106.00,-8.00,10.00,2.00,31.00,7.00,12918811,430
164.09,1551764625,2116.83,51.43749771,7.47618480,285.14,9.58,-0.28,27.58,1,-106.00,-8.00,10.00,2.00,31.00,7.00,12918811,430
165.09,1551764626,2126.42,51.43757068,7.47627882,285.36,10.49,0.91,45.39,1,-105.00,-7.00,21.00,2.00,26.00,7.00,12918811,430
166.09,1551764627,2136.90,51.43764620,7.47640199,285.60,11.14,0.65,47.68,1,-105.00,-7.00,21.00,2.00,26.00,7.00,12918811,430
167.09,1551764628,2148.04,51.43771955,7.47653898,285.89,12.43,1.29,49.76,1,-102.00,-7.00,27.00,2.00,29.00,7.00,12918811,430
168.09,1551764629,2160.47,51.43779293,7.47668945,286.21,13.40,0.97,51.08,1,-102.00,-7.00,27.00,2.00,29.00,7.00,12918811,430
169.09,1551764630,2173.89,51.43787102,7.47685600,286.41,14.62,1.22,52.48,1,-90.00,-6.00,23.00,2.00,41.00,7.00,12918811,430
170.09,1551764631,2188.51,51.43795250,7.47703424,286.30,15.76,1.14,52.87,1,-90.00,-6.00,23.00,2.00,41.00,7.00,12918811,430
171.09,1551764632,2204.25,51.43804333,7.47723324,286.11,16.55,0.79,53.61,1,-83.00,-6.00,24.00,2.00,48.00,7.00,12918811,430
172.09,1551764633,2220.80,51.43813447,7.47743436,286.18,17.31,0.76,54.09,1,-83.00,-6.00,24.00,2.00,48.00,7.00,12918811,430
173.09,1551764634,2238.11,51.43822727,7.47764922,286.19,18.16,0.85,54.71,1,-84.00,-6.00,25.00,2.00,47.00,7.00,12918811,430
174.09,1551764635,2256.30,51.43832210,7.47786893,286.31,19.06,0.90,55.08,1,-84.00,-6.00,25.00,2.00,47.00,7.00,12918811,430
175.08,1551764636,2275.27,51.43841461,7.47809777,286.31,19.77,0.72,55.91,1,-84.00,-5.00,26.00,15.00,47.00,9.00,12918811,430
176.09,1551764637,2295.12,51.43851134,7.47833587,286.04,20.28,0.51,56.28,1,-84.00,-5.00,26.00,15.00,47.00,9.00,12918811,430
177.09,1551764638,2315.44,51.43861480,7.47858803,285.77,21.18,0.90,56.68,1,-90.00,-6.00,26.00,15.00,42.00,9.00,12918811,430
178.09,1551764639,2336.56,51.43872375,7.47884884,285.82,22.07,0.89,56.22,1,-90.00,-6.00,26.00,15.00,42.00,9.00,12918811,430
179.09,1551764640,2358.63,51.43883311,7.47911297,285.71,22.79,0.73,55.94,1,-90.00,-6.00,27.00,15.00,42.00,9.00,12918811,430
180.09,1551764641,2381.45,51.43894455,7.47938151,285.45,23.44,0.65,55.78,1,-90.00,-6.00,27.00,15.00,42.00,9.00,12918811,430
181.09,1551764642,2404.87,51.43905839,7.47966199,284.99,23.57,0.12,55.64,1,-94.00,-6.00,17.00,12.00,38.00,9.00,12918811,430
182.09,1551764643,2428.43,51.43918129,7.47994391,284.67,23.39,-0.17,54.05,1,-94.00,-6.00,17.00,12.00,38.00,9.00,12918811,430
183.09,1551764644,2452.01,51.43929868,7.48021449,284.25,23.52,0.12,53.57,1,-95.00,-6.00,9.00,10.00,35.00,9.00,12918811,430
184.09,1551764645,2475.34,51.43942295,7.48049249,283.77,23.78,0.27,52.80,1,-95.00,-6.00,9.00,10.00,35.00,9.00,12918811,430
185.09,1551764646,2499.12,51.43954891,7.48077007,283.49,23.68,-0.11,52.45,1,-95.00,-6.00,9.00,10.00,35.00,9.00,12918811,430
186.09,1551764647,2522.83,51.43967505,7.48104501,283.42,23.46,-0.22,52.07,1,-95.00,-6.00,14.00,11.00,36.00,9.00,12918811,430
187.09,1551764648,2546.29,51.43980775,7.48131390,283.45,23.25,-0.22,50.77,1,-95.00,-6.00,14.00,11.00,36.00,9.00,12918811,430
188.09,1551764649,2569.51,51.43993441,7.48156354,283.43,22.95,-0.30,49.37,1,-91.00,-6.00,18.00,2.00,40.00,9.00,12918811,430
189.09,1551764650,2592.46,51.44006323,7.48179969,283.46,22.41,-0.54,47.46,1,-91.00,-6.00,18.00,2.00,40.00,9.00,12918811,430
190.09,1551764651,2614.87,51.44019736,7.48202345,283.23,22.09,-0.32,44.70,1,-92.00,-6.00,22.00,2.00,39.00,9.00,12918811,430
191.09,1551764652,2636.96,51.44033203,7.48224188,282.89,22.05,-0.04,43.60,1,-92.00,-6.00,22.00,2.00,39.00,9.00,12918811,430
192.09,1551764653,2659.01,51.44047171,7.48245737,282.19,21.72,-0.33,42.39,1,-90.00,-6.00,22.00,2.00,40.00,9.00,12918811,430
193.09,1551764654,2680.74,51.44061663,7.48266509,281.48,21.82,0.10,41.13,1,-90.00,-6.00,22.00,2.00,40.00,9.00,12918811,430
194.09,1551764655,2702.56,51.44076041,7.48286903,280.77,21.95,0.13,40.87,1,-88.00,-6.00,22.00,2.00,44.00,9.00,12918811,430
195.09,1551764656,2724.53,51.44091123,7.48307658,279.96,22.24,0.29,40.11,1,-88.00,-6.00,22.00,2.00,44.00,9.00,12918811,430
196.09,1551764657,2746.75,51.44107071,7.48327980,279.21,22.53,0.29,38.14,1,-84.00,-6.00,25.00,2.00,47.00,9.00,12918811,430
197.09,1551764658,2769.30,51.44122875,7.48347386,278.28,22.90,0.38,36.08,1,-84.00,-6.00,25.00,2.00,47.00,9.00,12918811,430
198.09,1551764659,2792.20,51.44139628,7.48366241,277.44,23.10,0.19,34.26,1,-84.00,-5.00,25.00,2.00,47.00,9.00,12918811,430
199.09,1551764660,2815.28,51.44156662,7.48384905,276.59,23.29,0.19,33.17,1,-84.00,-5.00,25.00,2.00,47.00,9.00,12918811,430
200.09,1551764661,2838.59,51.44174016,7.48403408,275.76,23.14,-0.15,32.38,1,-80.00,-7.00,26.00,2.00,51.00,9.00,12918811,430
201.09,1551764662,2861.71,51.44191870,7.48420489,274.95,23.08,-0.06,30.60,1,-80.00,-7.00,26.00,2.00,51.00,9.00,12918811,430
202.09,1551764663,2884.79,51.44210143,7.48436481,274.16,23.14,0.06,28.22,1,-81.00,-7.00,23.00,2.00,51.00,9.00,12918811,430
203.09,1551764664,2907.93,51.44228562,7.48451721,273.43,23.11,-0.03,27.01,1,-81.00,-7.00,23.00,2.00,51.00,9.00,12918811,430
204.10,1551764665,2931.27,51.44247067,7.48466086,272.83,23.18,0.07,25.80,1,-79.00,-7.00,10.00,2.00,53.00,9.00,12918811,430
205.09,1551764666,2954.22,51.44265555,7.48480306,272.26,22.87,-0.31,25.05,1,-79.00,-7.00,10.00,2.00,53.00,9.00,12918811,430
206.09,1551764667,2977.09,51.44284456,7.48493910,271.69,22.74,-0.14,24.71,1,-79.00,-7.00,10.00,2.00,53.00,9.00,12918811,430
207.09,1551764668,2999.83,51.44303454,7.48507410,271.08,22.60,-0.14,24.35,1,-77.00,-8.00,-2.00,2.00,56.00,9.00,12918811,430
208.09,1551764669,3022.46,51.44322320,7.48520094,270.65,22.43,-0.17,23.65,1,-77.00,-8.00,-2.00,2.00,56.00,9.00,12918811,430
209.09,1551764670,3044.88,51.44340468,7.48532605,270.10,21.99,-0.44,23.62,1,-79.00,-8.00,-1.00,2.00,54.00,9.00,12918811,430
210.09,1551764671,3066.87,51.44357593,7.48544469,269.52,21.09,-0.90,23.56,1,-79.00,-8.00,-1.00,2.00,54.00,9.00,12918811,430
211.09,1551764672,3087.97,51.44374172,7.48555712,268.89,19.72,-1.37,23.00,1,-80.00,-7.00,23.00,2.00,52.00,9.00,12918809,429
212.09,1551764673,3107.66,51.44389538,7.48565530,268.29,18.61,-1.11,21.94,1,-80.00,-7.00,23.00,2.00,52.00,9.00,12918809,429
213.09,1551764674,3126.28,51.44404969,7.48575001,267.72,17.12,-1.49,21.16,1,-73.00,-7.00,25.00,2.00,60.00,9.00,12918809,429
214.09,1551764675,3143.42,51.44419437,7.48583747,267.13,16.10,-1.02,21.17,1,-73.00,-7.00,25.00,2.00,60.00,9.00,12918809,429
215.09,1551764676,3159.52,51.44432737,7.48592314,266.77,14.64,-1.46,22.90,1,-71.00,-7.00,26.00,2.00,62.00,9.00,12918809,429
216.09,1551764677,3174.15,51.44444591,7.48601943,266.71,14.03,-0.61,26.24,1,-71.00,-7.00,26.00,2.00,62.00,9.00,12918809,429
217.09,1551764678,3188.16,51.44454190,7.48614529,266.47,13.58,-0.44,40.21,1,-70.00,-7.00,25.00,2.00,62.00,9.00,12918809,429
218.09,1551764679,3201.76,51.44462966,7.48627631,266.32,12.94,-0.65,43.56,1,-70.00,-7.00,25.00,2.00,62.00,9.00,12918809,429
219.09,1551764680,3214.69,51.44468814,7.48644930,266.09,12.94,0.01,63.88,1,-70.00,-7.00,30.00,2.00,62.00,9.00,12918809,429
220.09,1551764681,3227.64,51.44470971,7.48661496,265.30,12.92,-0.03,79.91,1,-70.00,-7.00,30.00,2.00,62.00,9.00,12918809,429
221.09,1551764682,3240.55,51.44470339,7.48679879,264.33,13.43,0.51,93.27,1,-74.00,-7.00,26.00,2.00,57.00,9.00,12918809,429
222.09,1551764683,3254.00,51.44468776,7.48698731,263.45,13.66,0.23,97.30,1,-74.00,-7.00,26.00,2.00,57.00,9.00,12918809,429
223.08,1551764684,3267.60,51.44462959,7.48716472,262.70,13.46,-0.19,120.96,1,-77.00,-6.00,23.00,15.00,53.00,4.00,12918809,429
224.08,1551764685,3281.08,51.44454875,7.48730199,261.94,13.34,-0.12,136.75,1,-77.00,-6.00,23.00,15.00,53.00,4.00,12918809,429
225.09,1551764686,3294.44,51.44444550,7.48739853,261.08,13.42,0.08,153.12,1,-72.00,-10.00,28.00,15.00,63.00,4.00,12918809,429
226.09,1551764687,3307.88,51.44434196,7.48748418,260.47,13.45,0.02,157.06,1,-72.00,-10.00,28.00,15.00,63.00,4.00,12918809,429
227.09,1551764688,3321.42,51.44422768,7.48749427,259.61,13.77,0.32,180.99,1,-64.00,-10.00,32.00,15.00,63.00,4.00,12918809,429
228.09,1551764689,3335.08,51.44411444,7.48745631,258.96,13.68,-0.09,195.64,1,-64.00,-10.00,32.00,15.00,63.00,4.00,12918809,429
229.09,1551764690,3348.77,51.44400007,7.48737718,258.71,13.18,-0.50,208.78,1,-64.00,-10.00,32.00,15.00,63.00,4.00,12918809,429
230.09,1551764691,3361.95,51.44390949,7.48725199,258.44,13.68,0.50,222.87,1,-71.00,-8.00,32.00,15.00,61.00,4.00,12918809,429
231.09,1551764692,3375.64,51.44380888,7.48710974,258.04,14.47,0.79,223.90,1,-71.00,-8.00,32.00,15.00,61.00,4.00,12918809,429
232.09,1551764693,3390.09,51.44377391,7.48692385,257.85,14.08,-0.39,257.04,1,-76.00,-9.00,30.00,15.00,60.00,4.00,12918809,429
233.09,1551764694,3404.17,51.44375163,7.48672463,257.98,14.75,0.67,260.75,1,-76.00,-9.00,30.00,15.00,60.00,4.00,12918809,429
234.09,1551764695,3418.92,51.44373676,7.48650769,258.46,15.48,0.73,263.61,1,-78.00,-9.00,30.00,15.00,58.00,4.00,12918809,429
235.09,1551764696,3434.40,51.44372768,7.48626824,259.10,16.33,0.85,265.40,1,-78.00,-9.00,30.00,15.00,58.00,4.00,12918809,429
236.09,1551764697,3450.73,51.44372127,7.48602980,259.84,17.30,0.97,266.35,1,-77.00,-5.00,31.00,15.00,53.00,4.00,12918809,429
237.09,1551764698,3468.04,51.44371519,7.48577014,260.64,18.11,0.80,266.91,1,-77.00,-5.00,31.00,15.00,53.00,4.00,12918809,429
238.09,1551764699,3486.20,51.44370854,7.48551762,261.43,18.87,0.76,267.66,1,-81.00,-5.00,30.00,15.00,50.00,4.00,12918809,429
239.09,1551764700,3505.05,51.44369909,7.48522224,262.04,17.55,-1.33,267.01,1,-81.00,-5.00,30.00,15.00,50.00,4.00,12918809,429
240.09,1551764701,3522.56,51.44368888,7.48492212,262.19,19.74,2.20,266.46,1,-87.00,-5.00,20.00,15.00,44.00,4.00,12918809,429
241.09,1551764702,3542.30,51.44368703,7.48461715,262.11,20.80,1.06,267.36,1,-87.00,-5.00,20.00,15.00,44.00,4.00,12918809,429
242.09,1551764703,3563.10,51.44368653,7.48429233,261.92,22.15,1.35,267.74,1,-83.00,-6.00,24.00,15.00,48.00,4.00,12918809,429
243.09,1551764704,3585.25,51.44369007,7.48398883,261.94,22.71,0.57,268.47,1,-83.00,-6.00,24.00,15.00,48.00,4.00,12918809,429
244.09,1551764705,3607.98,51.44369055,7.48366636,261.80,23.10,0.38,268.42,1,-78.00,-7.00,16.00,8.00,56.00,4.00,12918809,429
245.09,1551764706,3631.08,51.44369020,7.48333736,261.27,23.61,0.51,268.06,1,-78.00,-7.00,16.00,8.00,56.00,4.00,12918809,429
246.09,1551764707,3654.69,51.44368475,7.48299717,260.65,24.16,0.55,267.43,1,-88.00,-10.00,7.00,13.00,49.00,4.00,12918809,429
247.09,1551764708,3678.86,51.44367833,7.48265204,260.17,24.47,0.30,267.22,1,-88.00,-10.00,7.00,13.00,49.00,4.00,12918809,429
248.11,1551764709,3703.91,51.44367075,7.48230494,259.65,24.07,-0.39,267.22,1,-88.00,-9.00,1.00,10.00,47.00,4.00,12918811,429
249.09,1551764710,3727.40,51.44366333,7.48197085,259.11,23.62,-0.45,266.96,1,-88.00,-9.00,1.00,10.00,47.00,4.00,12918811,429
250.09,1551764711,3751.02,51.44365483,7.48162788,258.76,23.63,0.01,266.63,1,-88.00,-9.00,1.00,10.00,47.00,4.00,12918811,429
251.09,1551764712,3774.66,51.44363823,7.48127054,258.88,24.29,0.66,265.70,1,-92.00,-6.00,12.00,10.00,39.00,4.00,12918811,430
252.09,1551764713,3798.95,51.44362299,7.48091971,258.95,24.63,0.34,265.02,1,-92.00,-6.00,12.00,10.00,39.00,4.00,12918811,430
253.09,1551764714,3823.56,51.44360301,7.48057099,258.96,24.49,-0.14,264.48,1,-91.00,-6.00,9.00,12.00,39.00,4.00,12918811,430
254.09,1551764715,3848.05,51.44358154,7.48022065,259.10,24.24,-0.26,263.87,1,-91.00,-6.00,9.00,12.00,39.00,4.00,12918811,430
255.09,1551764716,3872.31,51.44355618,7.47987672,259.23,24.20,-0.03,263.04,1,-88.00,-6.00,23.00,12.00,41.00,4.00,12918811,430
256.09,1551764717,3896.49,51.44352938,7.47953247,259.06,24.27,0.06,262.78,1,-88.00,-6.00,23.00,12.00,41.00,4.00,12918811,430
257.09,1551764718,3920.75,51.44350165,7.47918068,258.88,24.20,-0.07,262.48,1,-87.00,-6.00,25.00,13.00,42.00,4.00,12918811,430
258.09,1551764719,3944.98,51.44347431,7.47883678,258.65,24.00,-0.19,262.61,1,-87.00,-6.00,25.00,13.00,42.00,4.00,12918811,430
259.09,1551764720,3968.96,51.44344742,7.47849408,258.31,24.12,0.12,262.63,1,-80.00,-4.00,20.00,2.00,46.00,4.00,12918811,430
260.09,1551764721,3993.08,51.44342082,7.47815033,257.85,24.44,0.32,263.08,1,-80.00,-4.00,20.00,2.00,46.00,4.00,12918811,430
261.09,1551764722,4017.54,51.44339381,7.47779841,257.24,24.91,0.47,263.02,1,-83.00,-6.00,19.00,2.00,46.00,4.00,12918811,430
262.09,1551764723,4042.43,51.44336634,7.47743834,256.49,25.52,0.61,262.34,1,-83.00,-6.00,19.00,2.00,46.00,4.00,12918811,430
263.09,1551764724,4067.92,51.44333745,7.47707374,255.76,25.51,-0.01,262.20,1,-84.00,-6.00,16.00,15.00,45.00,8.00,12918811,430
264.09,1551764725,4093.49,51.44330501,7.47671125,254.99,25.65,0.14,262.01,1,-84.00,-6.00,16.00,15.00,45.00,8.00,12918811,430
265.09,1551764726,4119.11,51.44327201,7.47634631,254.22,25.97,0.32,261.48,1,-82.00,-5.00,23.00,15.00,45.00,8.00,12918811,430
266.09,1551764727,4145.11,51.44323240,7.47597472,253.60,26.41,0.44,260.69,1,-82.00,-5.00,23.00,15.00,45.00,8.00,12918811,430
267.09,1551764728,4171.48,51.44319369,7.47560272,253.13,26.50,0.09,260.48,1,-84.00,-5.00,26.00,15.00,46.00,8.00,12918811,430
268.09,1551764729,4197.98,51.44315208,7.47523091,252.90,25.97,-0.52,259.66,1,-84.00,-5.00,26.00,15.00,46.00,8.00,12918811,430
269.09,1551764730,4224.16,51.44311022,7.47486329,252.77,25.80,-0.17,259.14,1,-92.00,-6.00,20.00,12.00,37.00,8.00,12918811,430
270.09,1551764731,4249.75,51.44306372,7.47449420,252.64,26.05,0.25,258.43,1,-92.00,-6.00,20.00,12.00,37.00,8.00,12918811,430
271.09,1551764732,4275.80,51.44301644,7.47412059,252.43,26.46,0.41,258.81,1,-92.00,-6.00,20.00,12.00,37.00,8.00,12918811,430
272.09,1551764733,4302.31,51.44296957,7.47374611,252.09,27.01,0.55,259.11,1,-102.00,-7.00,14.00,11.00,30.00,8.00,12918811,430
273.09,1551764734,4329.29,51.44292121,7.47335958,251.69,27.64,0.63,258.86,1,-102.00,-7.00,14.00,11.00,30.00,8.00,12918811,430
274.09,1551764735,4356.93,51.44287069,7.47296179,251.25,28.51,0.87,257.50,1,-107.00,-9.00,5.00,8.00,26.00,13.00,12935194,397
275.09,1551764736,4385.43,51.44281475,7.47255804,250.73,29.13,0.63,257.39,1,-107.00,-9.00,5.00,8.00,26.00,13.00,12935194,397
276.09,1551764737,4414.57,51.44275650,7.47214698,249.97,29.94,0.81,257.48,1,-103.00,-7.00,16.00,9.00,28.00,13.00,12935194,397
277.08,1551764738,4444.39,51.44269629,7.47172049,249.12,30.53,0.59,257.85,1,-103.00,-7.00,16.00,9.00,28.00,13.00,12935194,397
278.09,1551764739,4475.04,51.44263915,7.47127912,248.23,31.34,0.81,258.42,1,-109.00,-8.00,8.00,7.00,23.00,13.00,12935194,397
279.09,1551764740,4506.38,51.44258274,7.47082359,247.45,32.08,0.74,258.33,1,-109.00,-8.00,8.00,7.00,23.00,13.00,12935194,397
280.09,1551764741,4538.50,51.44252378,7.47036623,246.52,32.57,0.49,258.32,1,-112.00,-10.00,1.00,7.00,23.00,13.00,12935194,397
281.09,1551764742,4571.07,51.44246465,7.46989818,245.73,32.58,0.01,258.16,1,-112.00,-10.00,1.00,7.00,23.00,13.00,12935194,397
282.09,1551764743,4603.69,51.44240370,7.46943773,244.85,32.59,0.00,257.87,1,-98.00,-10.00,5.00,8.00,36.00,12.00,12935170,448
283.09,1551764744,4636.28,51.44234421,7.46898426,243.82,32.05,-0.54,258.13,1,-98.00,-10.00,5.00,8.00,36.00,12.00,12935170,448
284.09,1551764745,4668.23,51.44228507,7.46853144,242.75,31.97,-0.08,258.56,1,-97.00,-8.00,9.00,7.00,35.00,12.00,12935170,448
285.09,1551764746,4700.19,51.44222745,7.46808103,241.61,31.80,-0.16,258.90,1,-97.00,-8.00,9.00,7.00,35.00,12.00,12935170,448
286.09,1551764747,4732.03,51.44217497,7.46763288,240.50,31.48,-0.32,259.44,1,-98.00,-9.00,5.00,4.00,36.00,12.00,12935170,448
287.09,1551764748,4763.47,51.44212369,7.46719077,239.48,31.07,-0.41,259.78,1,-98.00,-9.00,5.00,4.00,36.00,12.00,12935170,448
288.09,1551764749,4794.57,51.44207298,7.46675438,238.52,30.73,-0.34,259.83,1,-100.00,-10.00,3.00,4.00,36.00,12.00,12935170,448
289.09,1551764750,4825.30,51.44202220,7.46631218,237.87,30.78,0.05,260.12,1,-100.00,-10.00,3.00,4.00,36.00,12.00,12935170,448
290.10,1551764751,4856.39,51.44197704,7.46588065,237.10,30.91,0.13,260.50,1,-98.00,-11.00,0.00,2.00,41.00,12.00,12935170,448
291.09,1551764752,4887.03,51.44193079,7.46544008,236.71,30.55,-0.37,260.88,1,-98.00,-11.00,0.00,2.00,41.00,12.00,12935170,448
292.09,1551764753,4917.49,51.44188743,7.46501663,236.01,30.16,-0.39,261.04,1,-98.00,-11.00,0.00,2.00,41.00,12.00,12935170,448
293.09,1551764754,4947.77,51.44185018,7.46459520,235.21,29.61,-0.55,261.73,1,-108.00,-12.00,1.00,2.00,29.00,12.00,14301721,72
294.09,1551764755,4977.38,51.44181198,7.46416822,234.69,29.32,-0.29,262.47,1,-108.00,-12.00,1.00,2.00,29.00,12.00,14301721,72
295.09,1551764756,5006.70,51.44178209,7.46375743,234.04,29.25,-0.06,263.13,1,-108.00,-10.00,7.00,2.00,27.00,20.00,14301721,72
296.09,1551764757,5035.92,51.44175064,7.46333165,233.70,29.27,0.01,263.71,1,-108.00,-10.00,7.00,2.00,27.00,20.00,14301721,72
297.09,1551764758,5065.22,51.44171999,7.46290796,233.62,29.34,0.07,263.92,1,-108.00,-8.00,4.00,8.00,25.00,20.00,14301721,72
298.09,1551764759,5094.58,51.44169601,7.46249947,232.98,29.45,0.11,264.22,1,-108.00,-8.00,4.00,8.00,25.00,20.00,14301721,72
299.09,1551764760,5124.03,51.44167136,7.46207969,232.39,29.65,0.20,264.70,1,-109.00,-9.00,3.00,6.00,26.00,20.00,14301721,72
300.09,1551764761,5153.68,51.44165089,7.46165554,231.77,29.83,0.18,265.30,1,-109.00,-9.00,3.00,6.00,26.00,20.00,14301721,72
301.09,1551764762,5183.45,51.44162989,7.46123298,231.15,29.49,-0.34,265.73,1,-104.00,-8.00,7.00,8.00,28.00,20.00,14301721,72
302.09,1551764763,5212.94,51.44161402,7.46081292,230.51,29.15,-0.34,266.51,1,-104.00,-8.00,7.00,8.00,28.00,20.00,14301721,72
303.09,1551764764,5242.12,51.44159820,7.46039458,229.96,29.08,-0.07,266.65,1,-96.00,-5.00,15.00,13.00,34.00,20.00,14301721,72
304.09,1551764765,5271.19,51.44158317,7.45997493,229.53,29.11,0.04,267.09,1,-96.00,-5.00,15.00,13.00,34.00,20.00,14301721,72
305.09,1551764766,5300.22,51.44157356,7.45955434,229.18,29.09,-0.02,267.77,1,-88.00,-6.00,19.00,2.00,43.00,20.00,14301721,72
306.09,1551764767,5329.31,51.44156398,7.45913881,228.86,28.66,-0.43,268.50,1,-88.00,-6.00,19.00,2.00,43.00,20.00,14301721,72
307.09,1551764768,5357.98,51.44155898,7.45872655,228.60,28.45,-0.21,268.83,1,-85.00,-6.00,22.00,15.00,46.00,16.00,14301721,72
308.09,1551764769,5386.42,51.44155352,7.45831974,228.21,28.46,0.01,269.13,1,-85.00,-6.00,22.00,15.00,46.00,16.00,14301721,72
309.09,1551764770,5414.91,51.44154929,7.45790536,227.95,28.63,0.17,269.60,1,-85.00,-5.00,25.00,12.00,45.00,16.00,14301721,72
310.09,1551764771,5443.54,51.44154563,7.45749576,227.74,28.62,-0.01,269.66,1,-85.00,-5.00,25.00,12.00,45.00,16.00,14301721,72
311.10,1551764772,5472.40,51.44154640,7.45707991,227.80,28.51,-0.11,269.97,1,-83.00,-5.00,28.00,12.00,46.00,16.00,14301721,72
312.09,1551764773,5500.65,51.44154723,7.45666756,228.04,28.54,0.03,270.35,1,-83.00,-5.00,28.00,12.00,46.00,16.00,14301721,72
313.09,1551764774,5529.19,51.44154796,7.45625311,228.41,28.58,0.04,270.40,1,-83.00,-5.00,28.00,12.00,46.00,16.00,14301721,72
314.09,1551764775,5557.80,51.44154874,7.45583923,228.92,28.60,0.02,270.46,1,-83.00,-4.00,24.00,13.00,45.00,16.00,14301721,72
315.09,1551764776,5586.40,51.44155580,7.45542455,229.48,28.66,0.06,271.49,1,-83.00,-4.00,24.00,13.00,45.00,16.00,14301721,72
316.09,1551764777,5615.09,51.44156259,7.45501509,229.86,28.61,-0.05,272.38,1,-80.00,-5.00,27.00,14.00,47.00,16.00,14301721,72
317.09,1551764778,5643.70,51.44157540,7.45460146,230.10,28.74,0.13,272.74,1,-80.00,-5.00,27.00,14.00,47.00,16.00,14301721,72
318.09,1551764779,5672.41,51.44158853,7.45418930,230.23,28.50,-0.24,273.33,1,-85.00,-5.00,17.00,2.00,44.00,16.00,14301721,72
319.09,1551764780,5700.91,51.44160769,7.45377693,230.42,28.01,-0.49,274.34,1,-85.00,-5.00,17.00,2.00,44.00,16.00,14301721,72
320.09,1551764781,5728.89,51.44162711,7.45337300,230.58,27.80,-0.22,274.76,1,-85.00,-5.00,21.00,2.00,44.00,16.00,14301721,72
321.09,1551764782,5756.72,51.44164550,7.45297194,230.86,27.51,-0.29,275.14,1,-85.00,-5.00,21.00,2.00,44.00,16.00,14301721,72
322.09,1551764783,5784.20,51.44166837,7.45258031,230.98,27.27,-0.24,275.38,1,-83.00,-5.00,24.00,2.00,46.00,16.00,14301721,72
323.09,1551764784,5811.47,51.44169173,7.45218917,231.19,27.17,-0.10,275.71,1,-83.00,-5.00,24.00,2.00,46.00,16.00,14301721,72
324.09,1551764785,5838.66,51.44171603,7.45181023,231.03,26.97,-0.19,276.11,1,-82.00,-6.00,22.00,2.00,49.00,16.00,14301721,72
325.09,1551764786,5865.64,51.44174704,7.45142800,230.86,26.64,-0.33,277.06,1,-82.00,-6.00,22.00,2.00,49.00,16.00,14301721,72
326.08,1551764787,5892.20,51.44177803,7.45105127,230.64,26.47,-0.18,277.26,1,-78.00,-6.00,25.00,15.00,55.00,9.00,14301721,72
327.09,1551764788,5918.73,51.44180961,7.45068002,230.19,26.60,0.13,277.76,1,-78.00,-6.00,25.00,15.00,55.00,9.00,14301721,72
328.09,1551764789,5945.32,51.44184230,7.45030262,229.63,26.79,0.19,277.70,1,-77.00,-5.00,36.00,15.00,54.00,9.00,14301721,72
329.09,1551764790,5972.11,51.44187470,7.44992548,229.07,27.08,0.29,277.94,1,-77.00,-5.00,36.00,15.00,54.00,9.00,14301721,72
330.09,1551764791,5999.20,51.44191242,7.44953519,228.49,27.29,0.21,278.14,1,-74.00,-6.00,38.00,14.00,57.00,9.00,14301721,72
331.09,1551764792,6026.51,51.44194957,7.44915274,227.95,26.93,-0.36,278.81,1,-74.00,-6.00,38.00,14.00,57.00,9.00,14301721,72
332.09,1551764793,6053.60,51.44198532,7.44878408,227.51,26.50,-0.43,279.00,1,-72.00,-5.00,40.00,15.00,57.00,9.00,14301721,72
333.09,1551764794,6079.94,51.44202199,7.44840638,227.01,26.06,-0.44,278.95,1,-72.00,-5.00,40.00,15.00,57.00,9.00,14301721,72
334.09,1551764795,6106.00,51.44206406,7.44804888,226.64,25.83,-0.23,279.63,1,-72.00,-5.00,40.00,15.00,57.00,9.00,14301721,72
335.09,1551764796,6131.80,51.44210547,7.44768787,226.29,26.00,0.18,280.14,1,-74.00,-7.00,38.00,14.00,49.00,9.00,14301721,72
336.09,1551764797,6157.80,51.44215818,7.44729888,226.17,26.33,0.32,282.22,1,-74.00,-7.00,38.00,14.00,49.00,9.00,14301721,72
337.09,1551764798,6184.13,51.44220673,7.44692557,226.11,26.52,0.19,281.94,1,-77.00,-6.00,22.00,2.00,53.00,9.00,14301721,72
338.09,1551764799,6210.67,51.44225940,7.44654022,226.21,26.86,0.34,282.22,1,-77.00,-6.00,22.00,2.00,53.00,9.00,14301721,72
339.09,1551764800,6237.50,51.44231108,7.44615202,226.54,27.14,0.28,282.09,1,-79.00,-5.00,30.00,2.00,50.00,9.00,14301721,72
340.09,1551764801,6264.64,51.44236186,7.44576079,227.00,27.39,0.25,283.06,1,-79.00,-5.00,30.00,2.00,50.00,9.00,14301721,72
341.09,1551764802,6292.03,51.44241410,7.44537389,227.33,27.49,0.11,282.89,1,-74.00,-5.00,28.00,2.00,55.00,9.00,14301721,72
342.09,1551764803,6319.52,51.44246753,7.44498453,227.62,27.94,0.45,282.84,1,-74.00,-5.00,28.00,2.00,55.00,9.00,14301721,72
343.09,1551764804,6347.46,51.44252122,7.44459018,227.90,28.15,0.21,282.62,1,-72.00,-5.00,26.00,2.00,59.00,9.00,14301721,72
344.09,1551764805,6375.64,51.44257786,7.44420494,228.05,27.72,-0.43,283.28,1,-72.00,-5.00,26.00,2.00,59.00,9.00,14301721,72
345.09,1551764806,6403.36,51.44263565,7.44381203,228.20,27.63,-0.09,284.26,1,-73.00,-5.00,28.00,2.00,57.00,9.00,14301721,72
346.09,1551764807,6430.96,51.44269918,7.44342852,228.25,27.57,-0.06,284.72,1,-73.00,-5.00,28.00,2.00,57.00,9.00,14301721,72
347.09,1551764808,6458.53,51.44276414,7.44303621,228.31,28.10,0.53,284.98,1,-70.00,-5.00,25.00,2.00,60.00,9.00,14301721,72
348.09,1551764809,6486.63,51.44282947,7.44263899,228.42,28.49,0.39,285.23,1,-70.00,-5.00,25.00,2.00,60.00,9.00,14301721,72
349.09,1551764810,6515.11,51.44290175,7.44224245,228.47,28.87,0.39,286.19,1,-70.00,-6.00,15.00,2.00,61.00,9.00,14301721,72
350.09,1551764811,6543.98,51.44297439,7.44183973,228.41,29.08,0.20,286.23,1,-70.00,-6.00,15.00,2.00,61.00,9.00,14301721,72
351.09,1551764812,6573.09,51.44304694,7.44144472,228.25,28.59,-0.48,286.38,1,-74.00,-7.00,-1.00,2.00,58.00,9.00,14301721,72
352.09,1551764813,6601.65,51.44311835,7.44105881,228.02,27.79,-0.80,287.12,1,-74.00,-7.00,-1.00,2.00,58.00,9.00,14301721,72
353.09,1551764814,6629.66,51.44319369,7.44068289,227.73,27.36,-0.42,287.58,1,-75.00,-6.00,19.00,2.00,59.00,9.00,14301723,74
354.09,1551764815,6656.84,51.44326925,7.44032936,226.79,27.03,-0.33,288.20,1,-75.00,-6.00,19.00,2.00,59.00,9.00,14301723,74
355.09,1551764816,6683.87,51.44334546,7.43996457,225.91,26.88,-0.15,288.32,1,-75.00,-6.00,19.00,2.00,59.00,9.00,14301723,74
356.09,1551764817,6710.75,51.44342410,7.43960648,224.97,26.62,-0.26,288.96,1,-73.00,-5.00,21.00,2.00,60.00,9.00,14301723,74
357.09,1551764818,6737.35,51.44350315,7.43924195,224.35,26.37,-0.25,289.06,1,-73.00,-5.00,21.00,2.00,60.00,9.00,14301723,74
358.09,1551764819,6763.75,51.44358045,7.43888804,223.86,25.91,-0.47,289.76,1,-76.00,-6.00,31.00,2.00,56.00,9.00,14301723,74
359.09,1551764820,6789.66,51.44365364,7.43856112,222.81,25.57,-0.34,290.07,1,-76.00,-6.00,31.00,2.00,56.00,9.00,14301723,74
360.09,1551764821,6815.25,51.44373284,7.43821687,221.75,25.24,-0.33,290.52,1,-74.00,-6.00,32.00,2.00,56.00,3.00,14301723,74
361.08,1551764822,6840.40,51.44380996,7.43787881,220.57,25.30,0.06,290.29,1,-74.00,-6.00,32.00,2.00,56.00,3.00,14301723,74
362.08,1551764823,6865.70,51.44388876,7.43753389,219.42,25.80,0.50,291.02,1,-73.00,-5.00,32.00,15.00,58.00,3.00,14301723,74
363.09,1551764824,6891.55,51.44397065,7.43719067,218.30,26.14,0.34,291.20,1,-73.00,-5.00,32.00,15.00,58.00,3.00,14301723,74
364.09,1551764825,6917.72,51.44405584,7.43683813,216.94,26.82,0.68,291.80,1,-73.00,-5.00,29.00,15.00,57.00,3.00,14301723,74
365.09,1551764826,6944.54,51.44414353,7.43647868,215.45,27.21,0.39,291.33,1,-73.00,-5.00,29.00,15.00,57.00,3.00,14301723,74
366.09,1551764827,6971.73,51.44423573,7.43611138,213.75,28.03,0.81,292.34,1,-80.00,-5.00,30.00,14.00,50.00,3.00,14301723,74
367.09,1551764828,6999.76,51.44433142,7.43572572,212.46,28.21,0.19,292.19,1,-80.00,-5.00,30.00,14.00,50.00,3.00,14301723,74
368.09,1551764829,7027.97,51.44443132,7.43535278,211.17,28.27,0.06,293.37,1,-84.00,-6.00,25.00,14.00,46.00,3.00,14301723,74
369.09,1551764830,7056.24,51.44453332,7.43497935,210.06,28.32,0.05,294.01,1,-84.00,-6.00,25.00,14.00,46.00,3.00,14301723,74
370.09,1551764831,7084.57,51.44464170,7.43461289,209.09,27.98,-0.34,294.73,1,-85.00,-7.00,29.00,15.00,48.00,3.00,14301723,74
371.09,1551764832,7112.55,51.44475638,7.43424585,208.54,27.56,-0.42,295.99,1,-85.00,-7.00,29.00,15.00,48.00,3.00,14301723,74
372.09,1551764833,7140.11,51.44486684,7.43389258,208.09,27.67,0.11,296.66,1,-86.00,-6.00,26.00,2.00,48.00,3.00,14301723,74
373.09,1551764834,7167.77,51.44498044,7.43354175,207.53,28.00,0.33,297.09,1,-86.00,-6.00,26.00,2.00,48.00,3.00,14301723,74
374.10,1551764835,7196.05,51.44509756,7.43319124,206.98,28.53,0.53,298.21,1,-85.00,-6.00,23.00,2.00,45.00,3.00,14301723,74
375.09,1551764836,7224.32,51.44522853,7.43282606,206.29,29.46,0.94,299.95,1,-85.00,-6.00,23.00,2.00,45.00,3.00,14301723,74
376.09,1551764837,7253.78,51.44536105,7.43245688,205.47,30.05,0.59,300.75,1,-85.00,-6.00,23.00,2.00,45.00,3.00,14301723,74
377.09,1551764838,7283.83,51.44550566,7.43208357,204.51,30.83,0.77,302.11,1,-86.00,-6.00,19.00,2.00,45.00,3.00,14301723,74
378.09,1551764839,7314.63,51.44566150,7.43170031,203.70,31.36,0.53,303.19,1,-86.00,-6.00,19.00,2.00,45.00,3.00,14301723,74
379.09,1551764840,7345.98,51.44582734,7.43131761,203.16,32.10,0.74,304.68,1,-87.00,-6.00,23.00,2.00,44.00,3.00,14301723,74
380.09,1551764841,7378.08,51.44600377,7.43092428,202.81,32.94,0.84,306.04,1,-87.00,-6.00,23.00,2.00,44.00,3.00,14301723,74
381.09,1551764842,7411.02,51.44618360,7.43054980,202.42,33.58,0.64,307.70,1,-89.00,-7.00,22.00,2.00,43.00,3.00,14301723,74
382.09,1551764843,7444.63,51.44637549,7.43016531,201.99,34.40,0.82,308.99,1,-89.00,-7.00,22.00,2.00,43.00,3.00,14301723,74
383.09,1551764844,7479.00,51.44657858,7.42977579,201.62,34.73,0.33,310.36,1,-89.00,-7.00,23.00,2.00,43.00,3.00,14301723,74
384.09,1551764845,7513.77,51.44678906,7.42939318,201.14,35.18,0.44,311.67,1,-89.00,-7.00,23.00,2.00,43.00,3.00,14301723,74
385.09,1551764846,7548.91,51.44699837,7.42903509,200.47,34.81,-0.37,313.11,1,-92.00,-8.00,17.00,2.00,41.00,3.00,14301723,74
386.09,1551764847,7583.75,51.44721321,7.42868777,199.57,34.22,-0.59,314.30,1,-92.00,-8.00,17.00,2.00,41.00,3.00,14301723,74
387.09,1551764848,7617.97,51.44743573,7.42835549,198.58,33.92,-0.30,316.64,1,-95.00,-7.00,18.00,2.00,37.00,3.00,14301723,74
388.09,1551764849,7651.86,51.44766243,7.42802117,197.53,33.96,0.05,317.67,1,-95.00,-7.00,18.00,2.00,37.00,3.00,14301723,74
389.09,1551764850,7685.82,51.44789376,7.42769603,196.37,34.20,0.23,318.71,1,-100.00,-7.00,1.00,2.00,31.00,3.00,14301723,74
390.09,1551764851,7720.02,51.44813514,7.42738646,194.96,34.60,0.40,321.28,1,-100.00,-7.00,1.00,2.00,31.00,3.00,14301723,74
391.09,1551764852,7754.68,51.44837736,7.42707578,193.65,34.71,0.12,322.11,1,-102.00,-7.00,1.00,2.00,29.00,3.00,14301723,74
392.09,1551764853,7789.36,51.44862750,7.42677446,192.36,34.63,-0.09,322.68,1,-102.00,-7.00,1.00,2.00,29.00,3.00,14301723,74
393.09,1551764854,7824.02,51.44888357,7.42648930,190.88,34.71,0.09,324.67,1,-106.00,-9.00,5.00,2.00,25.00,3.00,14301723,74
394.09,1551764855,7858.70,51.44914344,7.42621575,189.32,34.56,-0.15,326.20,1,-106.00,-9.00,5.00,2.00,25.00,3.00,14301723,74
395.10,1551764856,7893.61,51.44940728,7.42595131,187.73,34.54,-0.02,327.57,1,-109.00,-10.00,-4.00,2.00,25.00,3.00,14301723,74
396.09,1551764857,7927.88,51.44966669,7.42570622,185.69,34.57,0.03,328.84,1,-109.00,-10.00,-4.00,2.00,25.00,3.00,14301723,74
397.09,1551764858,7962.45,51.44993863,7.42545923,183.74,34.66,0.08,330.43,1,-109.00,-10.00,-4.00,2.00,25.00,3.00,14301723,74
398.09,1551764859,7997.07,51.45021860,7.42521457,182.14,34.78,0.12,331.58,1,-110.00,-11.00,-10.00,2.00,25.00,3.00,14301723,74
399.09,1551764860,8031.85,51.45049873,7.42498914,180.75,34.96,0.18,333.31,1,-110.00,-11.00,-10.00,2.00,25.00,3.00,14301723,74
400.09,1551764861,8066.77,51.45077899,7.42478083,179.60,35.34,0.38,335.24,1,-108.00,-11.00,4.00,2.00,28.00,3.00,13884185,27
401.09,1551764862,8102.14,51.45107158,7.42458171,178.57,35.90,0.57,336.95,1,-108.00,-11.00,4.00,2.00,28.00,3.00,13884185,27
402.09,1551764863,8138.04,51.45137723,7.42439458,177.48,36.24,0.34,339.15,1,-102.00,-10.00,-6.00,2.00,33.00,3.00,13884185,27
403.09,1551764864,8174.25,51.45168005,7.42420909,175.98,35.57,-0.68,340.13,1,-102.00,-10.00,-6.00,2.00,33.00,3.00,13884185,27
404.09,1551764865,8209.85,51.45198304,7.42403784,174.47,35.09,-0.47,340.53,1,-101.00,-12.00,4.00,2.00,35.00,3.00,13884185,27
405.09,1551764866,8244.94,51.45227715,7.42387588,172.73,35.12,0.03,341.27,1,-101.00,-12.00,4.00,2.00,35.00,3.00,13884185,27
406.09,1551764867,8279.99,51.45257388,7.42372926,170.77,35.19,0.07,342.19,1,-96.00,-10.00,10.00,2.00,39.00,3.00,12897051,119
407.09,1551764868,8315.18,51.45287708,7.42357904,168.81,35.39,0.20,342.86,1,-96.00,-10.00,10.00,2.00,39.00,3.00,12897051,119
408.09,1551764869,8350.61,51.45318469,7.42343988,166.85,35.51,0.12,343.56,1,-91.00,-8.00,10.00,2.00,42.00,3.00,12897051,119
409.09,1551764870,8386.12,51.45349087,7.42330045,165.09,35.43,-0.08,343.77,1,-91.00,-8.00,10.00,2.00,42.00,3.00,12897051,119
410.09,1551764871,8421.51,51.45380156,7.42315808,163.69,35.64,0.21,343.57,1,-87.00,-7.00,1.00,2.00,45.00,3.00,12897051,119
411.09,1551764872,8457.15,51.45411480,7.42301478,162.59,35.81,0.17,343.81,1,-87.00,-7.00,1.00,2.00,45.00,3.00,12897051,119
412.09,1551764873,8492.99,51.45442838,7.42287181,161.68,36.01,0.20,344.02,1,-86.00,-8.00,9.00,2.00,47.00,3.00,12897051,119
413.09,1551764874,8529.00,51.45473992,7.42272950,160.91,35.93,-0.08,343.68,1,-86.00,-8.00,9.00,2.00,47.00,3.00,12897051,119
414.09,1551764875,8564.93,51.45504878,7.42258708,160.19,35.91,-0.02,343.41,1,-87.00,-9.00,5.00,2.00,47.00,3.00,12897051,119
415.09,1551764876,8600.85,51.45535397,7.42244352,159.50,35.80,-0.12,342.85,1,-87.00,-9.00,5.00,2.00,47.00,3.00,12897051,119
416.10,1551764877,8636.93,51.45565509,7.42228811,158.83,35.29,-0.50,341.96,1,-85.00,-8.00,8.00,2.00,48.00,3.00,12897051,119
417.09,1551764878,8671.90,51.45595333,7.42213315,158.16,34.93,-0.36,341.20,1,-85.00,-8.00,8.00,2.00,48.00,3.00,12897051,119
418.09,1551764879,8706.84,51.45624700,7.42196807,157.57,34.69,-0.24,340.60,1,-85.00,-8.00,8.00,2.00,48.00,3.00,12897051,119
419.09,1551764880,8741.57,51.45653478,7.42179622,156.93,34.53,-0.16,339.39,1,-85.00,-8.00,6.00,2.00,46.00,3.00,12897051,119
420.09,1551764881,8776.13,51.45682376,7.42162295,156.30,34.65,0.12,338.93,1,-85.00,-8.00,6.00,2.00,46.00,3.00,12897051,119
421.09,1551764882,8810.78,51.45710507,7.42143468,155.65,34.44,-0.21,337.04,1,-86.00,-9.00,5.00,2.00,47.00,3.00,12897051,119
422.09,1551764883,8845.22,51.45738530,7.42124291,155.03,34.39,-0.05,336.30,1,-86.00,-9.00,5.00,2.00,47.00,3.00,12897051,119
423.09,1551764884,8879.61,51.45766311,7.42103525,154.51,34.32,-0.06,335.06,1,-87.00,-10.00,18.00,2.00,48.00,3.00,12897051,119
424.09,1551764885,8913.90,51.45794022,7.42082799,154.00,34.38,0.05,334.30,1,-87.00,-10.00,18.00,2.00,48.00,3.00,12897051,119
425.09,1551764886,8948.24,51.45821010,7.42060900,153.38,33.62,-0.76,333.26,1,-87.00,-9.00,14.00,2.00,48.00,3.00,12897051,119
426.09,1551764887,8981.86,51.45848144,7.42038970,152.78,33.59,-0.03,332.45,1,-87.00,-9.00,14.00,2.00,48.00,3.00,12897051,119
427.09,1551764888,9015.48,51.45874321,7.42016103,152.14,33.76,0.17,331.50,1,-87.00,-7.00,5.00,2.00,45.00,3.00,12897051,119
428.09,1551764889,9049.27,51.45901119,7.41992031,151.58,33.84,0.08,330.42,1,-87.00,-7.00,5.00,2.00,45.00,3.00,12897051,119
429.09,1551764890,9083.04,51.45927866,7.41967576,151.26,33.86,0.02,329.45,1,-87.00,-7.00,8.00,2.00,46.00,3.00,12897051,119
430.09,1551764891,9116.90,51.45953924,7.41942384,150.96,34.10,0.24,328.48,1,-87.00,-7.00,8.00,2.00,46.00,3.00,12897051,119
431.09,1551764892,9151.03,51.45979972,7.41916241,150.73,34.15,0.05,327.47,1,-85.00,-8.00,13.00,2.00,48.00,3.00,12897051,119
432.09,1551764893,9185.18,51.46005748,7.41890143,150.49,33.74,-0.40,326.49,1,-85.00,-8.00,13.00,2.00,48.00,3.00,12897051,119
433.09,1551764894,9218.92,51.46030795,7.41862924,150.26,33.74,0.00,325.28,1,-86.00,-7.00,11.00,2.00,47.00,3.00,12897051,119
434.08,1551764895,9252.56,51.46056654,7.41835149,149.91,33.92,0.18,324.72,1,-86.00,-7.00,11.00,2.00,47.00,3.00,12897051,119
435.09,1551764896,9286.55,51.46081744,7.41806509,149.55,33.97,0.05,323.67,1,-79.00,-6.00,1.00,6.00,53.00,7.00,13806105,39
436.09,1551764897,9320.52,51.46106939,7.41775934,149.57,33.97,-0.00,322.55,1,-79.00,-6.00,1.00,6.00,53.00,7.00,13806105,39
437.10,1551764898,9354.94,51.46131579,7.41745725,149.84,34.09,0.12,321.80,1,-78.00,-6.00,11.00,10.00,52.00,7.00,13806105,39
438.08,1551764899,9388.52,51.46155579,7.41714490,150.26,34.35,0.27,321.09,1,-78.00,-6.00,11.00,10.00,52.00,7.00,13806105,39
439.09,1551764900,9422.94,51.46178738,7.41682767,150.81,34.37,0.02,319.95,1,-78.00,-6.00,11.00,10.00,52.00,7.00,13806105,39
440.09,1551764901,9457.31,51.46202047,7.41650580,151.29,34.35,-0.02,318.97,1,-87.00,-7.00,11.00,8.00,46.00,7.00,13806105,39
441.09,1551764902,9491.66,51.46224400,7.41617844,151.72,34.43,0.07,318.16,1,-87.00,-7.00,11.00,8.00,46.00,7.00,13806105,39
442.09,1551764903,9526.09,51.46246844,7.41583857,152.07,34.49,0.06,316.96,1,-82.00,-6.00,19.00,15.00,50.00,7.00,13806105,39
443.09,1551764904,9560.61,51.46269434,7.41548276,152.41,34.42,-0.07,315.74,1,-82.00,-6.00,19.00,15.00,50.00,7.00,13806105,39
444.09,1551764905,9595.00,51.46291721,7.41512953,152.75,34.68,0.26,314.85,1,-82.00,-6.00,7.00,8.00,50.00,7.00,13806105,39
445.09,1551764906,9629.68,51.46313378,7.41476831,153.03,34.77,0.09,313.90,1,-82.00,-6.00,7.00,8.00,50.00,7.00,13806105,39
446.09,1551764907,9664.45,51.46334998,7.41440269,153.22,34.76,-0.01,312.81,1,-89.00,-9.00,3.00,8.00,45.00,7.00,13806105,39
447.09,1551764908,9699.21,51.46356703,7.41403723,153.42,34.83,0.07,312.50,1,-89.00,-9.00,3.00,8.00,45.00,7.00,13806105,39
448.09,1551764909,9734.05,51.46377309,7.41366635,153.49,34.82,-0.01,311.24,1,-84.00,-5.00,19.00,13.00,46.00,7.00,13806105,39
449.09,1551764910,9768.87,51.46398583,7.41328492,153.51,34.83,0.00,310.42,1,-84.00,-5.00,19.00,13.00,46.00,7.00,13806105,39
450.09,1551764911,9803.74,51.46418728,7.41290257,153.55,34.85,0.02,310.00,1,-91.00,-6.00,6.00,2.00,44.00,7.00,13806105,39
451.09,1551764912,9838.62,51.46438894,7.41252282,153.49,34.78,-0.07,309.56,1,-91.00,-6.00,6.00,2.00,44.00,7.00,13806105,39
452.09,1551764913,9873.40,51.46458290,7.41213135,153.49,34.84,0.06,308.78,1,-100.00,-9.00,-1.00,2.00,35.00,7.00,13806105,39
453.09,1551764914,9908.23,51.46477439,7.41174597,153.44,34.95,0.11,308.60,1,-100.00,-9.00,-1.00,2.00,35.00,7.00,13806105,39
454.09,1551764915,9943.18,51.46496737,7.41135712,153.33,34.96,0.01,308.38,1,-99.00,-10.00,3.00,2.00,36.00,7.00,13806105,39
455.09,1551764916,9978.11,51.46516295,7.41096100,153.25,35.05,0.10,308.41,1,-99.00,-10.00,3.00,2.00,36.00,7.00,13806105,39
456.09,1551764917,10013.23,51.46535661,7.41057047,153.20,35.15,0.09,308.29,1,-103.00,-13.00,-3.00,2.00,36.00,7.00,12896795,377
457.09,1551764918,10048.34,51.46555296,7.41016785,153.08,35.16,0.01,308.17,1,-103.00,-13.00,-3.00,2.00,36.00,7.00,12896795,377
458.10,1551764919,10083.74,51.46574824,7.40976825,153.11,35.11,-0.04,307.82,1,-103.00,-13.00,-4.00,2.00,36.00,7.00,12896795,377
459.09,1551764920,10118.57,51.46594330,7.40936714,153.10,35.11,0.00,308.03,1,-103.00,-13.00,-4.00,2.00,36.00,7.00,12896795,377
460.09,1551764921,10153.69,51.46613584,7.40897570,153.24,35.13,0.01,308.16,1,-103.00,-13.00,-4.00,2.00,36.00,7.00,12896795,377
461.09,1551764922,10188.88,51.46633162,7.40857841,153.40,35.19,0.07,308.37,1,-101.00,-14.00,2.00,2.00,38.00,7.00,13884443,458
462.09,1551764923,10224.04,51.46652659,7.40818143,153.57,35.02,-0.17,308.76,1,-101.00,-14.00,2.00,2.00,38.00,7.00,13884443,458
463.09,1551764924,10259.06,51.46671700,7.40779526,153.71,34.04,-0.98,308.79,1,-96.00,-11.00,6.00,2.00,41.00,7.00,13884443,458
464.09,1551764925,10293.14,51.46690775,7.40741236,153.84,34.04,-0.01,309.32,1,-96.00,-11.00,6.00,2.00,41.00,7.00,13884443,458
465.09,1551764926,10327.15,51.46709913,7.40703027,153.98,33.98,-0.06,309.65,1,-95.00,-11.00,-2.00,2.00,42.00,7.00,13884443,458
466.09,1551764927,10361.09,51.46729016,7.40664752,154.10,33.92,-0.06,309.62,1,-95.00,-11.00,-2.00,2.00,42.00,7.00,13884443,458
467.09,1551764928,10395.04,51.46748587,7.40627740,154.34,33.91,-0.00,310.02,1,-96.00,-11.00,-10.00,2.00,41.00,7.00,13884443,458
468.09,1551764929,10428.92,51.46768249,7.40590571,154.57,33.89,-0.03,310.46,1,-96.00,-11.00,-10.00,2.00,41.00,7.00,13884443,458
469.09,1551764930,10462.77,51.46787796,7.40553650,154.70,33.45,-0.44,310.60,1,-91.00,-7.00,1.00,2.00,41.00,7.00,12896795,377
470.09,1551764931,10496.25,51.46807409,7.40518080,154.87,32.78,-0.66,311.24,1,-91.00,-7.00,1.00,2.00,41.00,7.00,12896795,377
471.09,1551764932,10529.07,51.46826865,7.40482452,154.99,32.61,-0.17,311.56,1,-93.00,-9.00,-2.00,2.00,41.00,7.00,12896795,377
472.09,1551764933,10561.71,51.46846685,7.40447781,155.26,32.73,0.12,312.44,1,-93.00,-9.00,-2.00,2.00,41.00,7.00,12896795,377
473.09,1551764934,10594.41,51.46866563,7.40413066,155.56,32.74,0.01,312.58,1,-102.00,-12.00,4.00,2.00,36.00,50.00,14301723,74
474.09,1551764935,10627.18,51.46886924,7.40378657,155.92,32.91,0.17,313.46,1,-102.00,-12.00,4.00,2.00,36.00,50.00,14301723,74
475.09,1551764936,10660.09,51.46907812,7.40345185,156.24,32.70,-0.21,314.70,1,-99.00,-8.00,1.00,8.00,32.00,50.00,14301723,74
476.09,1551764937,10692.79,51.46927967,7.40312192,156.52,32.29,-0.41,315.19,1,-99.00,-8.00,1.00,8.00,32.00,50.00,14301723,74
477.09,1551764938,10725.11,51.46948818,7.40278599,156.84,33.16,0.86,315.03,1,-105.00,-11.00,-2.00,5.00,34.00,50.00,14301723,74
478.09,1551764939,10758.27,51.46970543,7.40243615,157.38,33.84,0.68,315.30,1,-105.00,-11.00,-2.00,5.00,34.00,50.00,14301723,74
479.09,1551764940,10792.10,51.46991704,7.40209425,157.97,33.77,-0.07,315.06,1,-102.00,-10.00,-3.00,6.00,34.00,50.00,14301723,74
480.09,1551764941,10825.87,51.47013063,7.40175340,158.86,33.19,-0.58,314.82,1,-102.00,-10.00,-3.00,6.00,34.00,50.00,14301723,74
481.09,1551764942,10859.06,51.47034322,7.40141293,159.95,33.25,0.06,315.07,1,-102.00,-10.00,-3.00,6.00,34.00,50.00,14301723,74
482.09,1551764943,10892.38,51.47055308,7.40108788,160.82,33.06,-0.19,316.47,1,-102.00,-13.00,-3.00,7.00,35.00,50.00,14301723,74
483.09,1551764944,10925.44,51.47076105,7.40076786,161.76,32.15,-0.91,317.03,1,-102.00,-13.00,-3.00,7.00,35.00,50.00,14301723,74
484.09,1551764945,10957.43,51.47096299,7.40045080,162.21,31.94,-0.21,317.30,1,-100.00,-11.00,2.00,7.00,35.00,50.00,14301723,74
485.09,1551764946,10989.40,51.47117154,7.40013331,162.91,31.67,-0.27,317.24,1,-100.00,-11.00,2.00,7.00,35.00,50.00,14301723,74
486.09,1551764947,11021.07,51.47138064,7.39982935,163.70,31.53,-0.14,317.73,1,-99.00,-7.00,7.00,11.00,32.00,50.00,14301723,74
487.09,1551764948,11052.60,51.47158432,7.39952966,164.34,31.11,-0.41,317.94,1,-99.00,-7.00,7.00,11.00,32.00,50.00,14301723,74
488.09,1551764949,11083.71,51.47178958,7.39922744,164.96,30.76,-0.35,318.36,1,-99.00,-7.00,14.00,10.00,32.00,50.00,14301723,74
489.09,1551764950,11114.48,51.47199503,7.39892788,165.32,30.64,-0.13,318.54,1,-99.00,-7.00,14.00,10.00,32.00,50.00,14301723,74
490.09,1551764951,11145.12,51.47220510,7.39863653,165.65,30.46,-0.18,319.03,1,-90.00,-6.00,19.00,10.00,38.00,50.00,14301723,74
491.09,1551764952,11175.55,51.47240783,7.39835552,166.08,29.40,-1.06,319.41,1,-90.00,-6.00,19.00,10.00,38.00,50.00,14301723,74
492.09,1551764953,11204.98,51.47260554,7.39808239,166.75,28.65,-0.76,319.86,1,-90.00,-5.00,24.00,12.00,39.00,50.00,14301723,74
493.09,1551764954,11233.63,51.47279527,7.39781781,167.38,27.96,-0.68,319.87,1,-90.00,-5.00,24.00,12.00,39.00,50.00,14301723,74
494.09,1551764955,11261.56,51.47298845,7.39756383,168.01,27.51,-0.46,320.11,1,-93.00,-5.00,13.00,10.00,36.00,50.00,14301723,74
495.09,1551764956,11289.10,51.47317610,7.39731686,168.58,26.82,-0.68,320.37,1,-93.00,-5.00,13.00,10.00,36.00,50.00,14301723,74
496.09,1551764957,11315.92,51.47335875,7.39707594,169.02,26.35,-0.47,320.54,1,-94.00,-5.00,18.00,12.00,34.00,58.00,14301723,74
497.09,1551764958,11342.27,51.47353627,7.39684183,169.35,25.83,-0.51,320.84,1,-94.00,-5.00,18.00,12.00,34.00,58.00,14301723,74
498.09,1551764959,11368.10,51.47371644,7.39661066,169.68,25.76,-0.07,321.61,1,-95.00,-6.00,16.00,12.00,35.00,58.00,14301723,74
499.09,1551764960,11393.84,51.47390202,7.39638495,170.23,25.78,0.01,322.65,1,-95.00,-6.00,16.00,12.00,35.00,58.00,14301723,74
500.10,1551764961,11419.82,51.47408816,7.39616256,170.79,25.29,-0.49,323.22,1,-100.00,-6.00,13.00,11.00,30.00,58.00,14301723,74
501.09,1551764962,11444.93,51.47426520,7.39595150,171.27,24.53,-0.76,323.17,1,-100.00,-6.00,13.00,11.00,30.00,58.00,14301723,74
502.09,1551764963,11469.46,51.47444158,7.39574233,171.78,24.05,-0.48,323.64,1,-100.00,-6.00,13.00,11.00,30.00,58.00,14301723,74
503.09,1551764964,11493.54,51.47461977,7.39553524,172.23,24.03,-0.02,323.85,1,-112.00,-11.00,-3.00,5.00,25.00,58.00,14301723,74
504.09,1551764965,11517.57,51.47479829,7.39533350,172.68,24.16,0.13,324.91,1,-112.00,-11.00,-3.00,5.00,25.00,58.00,14301723,74
505.09,1551764966,11541.71,51.47498232,7.39513918,173.33,24.32,0.16,326.71,1,-110.00,-10.00,-2.00,6.00,26.00,42.00,13043481,120
506.09,1551764967,11566.03,51.47516743,7.39495504,174.05,24.48,0.16,328.27,1,-110.00,-10.00,-2.00,6.00,26.00,42.00,13043481,120
507.09,1551764968,11590.49,51.47535224,7.39477089,174.56,24.73,0.25,329.04,1,-108.00,-11.00,2.00,9.00,28.00,42.00,13043481,120
508.09,1551764969,11615.24,51.47554294,7.39458492,175.10,24.86,0.13,328.65,1,-108.00,-11.00,2.00,9.00,28.00,42.00,13043481,120
509.09,1551764970,11640.11,51.47573386,7.39440261,175.64,24.63,-0.23,329.30,1,-110.00,-14.00,-2.00,5.00,28.00,42.00,13043481,120
510.09,1551764971,11664.71,51.47592207,7.39423163,176.06,24.13,-0.50,330.38,1,-110.00,-14.00,-2.00,5.00,28.00,42.00,13043481,120
511.09,1551764972,11688.84,51.47611624,7.39406498,176.37,24.03,-0.10,331.81,nan,nan,nan,nan,nan,nan,nan,nan,nan
512.09,1551764973,11712.86,51.47630411,7.39390426,176.66,23.92,-0.11,332.07,nan,nan,nan,nan,nan,nan,nan,nan,nan
513.09,1551764974,11736.78,51.47648717,7.39375014,176.64,23.89,-0.02,332.72,nan,nan,nan,nan,nan,nan,nan,nan,nan
514.09,1551764975,11760.67,51.47667836,7.39360739,176.56,23.96,0.06,334.37,nan,nan,nan,nan,nan,nan,nan,nan,nan
515.09,1551764976,11784.66,51.47687838,7.39346714,176.77,23.71,-0.25,335.99,nan,nan,nan,nan,nan,nan,nan,nan,nan
516.02,1551764977,11806.66,51.47707625,7.39334015,177.17,23.12,-0.64,337.73,nan,nan,nan,nan,nan,nan,nan,nan,nan
517.02,1551764978,11829.78,51.47726844,7.39322660,177.57,22.61,-0.51,339.98,nan,nan,nan,nan,nan,nan,nan,nan,nan
518.02,1551764979,11852.37,51.47746147,7.39313409,178.10,21.30,-1.32,344.28,nan,nan,nan,nan,nan,nan,nan,nan,nan
519.02,1551764980,11873.68,51.47764686,7.39307167,178.64,20.39,-0.90,348.91,nan,nan,nan,nan,nan,nan,nan,nan,nan
520.02,1551764981,11894.07,51.47782217,7.39304004,179.17,19.87,-0.52,354.95,nan,nan,nan,nan,nan,nan,nan,nan,nan
521.03,1551764982,11914.14,51.47799362,7.39304183,179.82,19.43,-0.44,1.92,nan,nan,nan,nan,nan,nan,nan,nan,nan
522.02,1551764983,11933.37,51.47816035,7.39308310,180.31,19.22,-0.21,10.36,nan,nan,nan,nan,nan,nan,nan,nan,nan
523.41,1551764985,11960.16,51.47834141,7.39314458,180.51,19.32,0.07,13.04,1,-102.00,-7.00,7.00,2.00,32.00,11.00,13884187,449
524.33,1551764986,11977.95,51.47851203,7.39322774,180.62,19.58,0.29,16.83,1,-102.00,-7.00,7.00,2.00,32.00,11.00,13884187,449
525.33,1551764987,11997.55,51.47866513,7.39337166,180.37,18.78,-0.80,31.99,1,-102.00,-7.00,7.00,2.00,32.00,11.00,13884187,449
526.33,1551764988,12016.33,51.47880999,7.39350946,180.56,17.78,-1.00,32.45,1,-102.00,-7.00,3.00,7.00,30.00,11.00,13884187,449
527.33,1551764989,12034.13,51.47893638,7.39363597,180.77,15.78,-2.00,32.71,1,-102.00,-7.00,3.00,7.00,30.00,11.00,13884187,449
528.33,1551764990,12049.91,51.47904235,7.39374643,180.82,13.51,-2.27,30.23,1,-99.00,-6.00,12.00,8.00,32.00,11.00,13884187,449
529.33,1551764991,12063.42,51.47915167,7.39379929,181.11,12.99,-0.51,14.54,1,-99.00,-6.00,12.00,8.00,32.00,11.00,13884187,449
530.33,1551764992,12076.41,51.47926135,7.39383243,181.34,13.23,0.24,10.88,1,-96.00,-6.00,12.00,9.00,34.00,11.00,13884187,449
531.33,1551764993,12089.65,51.47937177,7.39380964,181.88,13.39,0.15,351.04,1,-96.00,-6.00,12.00,9.00,34.00,11.00,13884187,449
532.33,1551764994,12103.03,51.47947855,7.39377105,182.55,13.50,0.12,347.38,1,-89.00,-6.00,20.00,10.00,42.00,11.00,13884187,449
533.33,1551764995,12116.54,51.47959010,7.39368689,183.58,13.78,0.27,333.79,1,-89.00,-6.00,20.00,10.00,42.00,11.00,13884187,449
534.33,1551764996,12130.31,51.47970202,7.39360094,184.58,13.90,0.12,333.19,1,-84.00,-5.00,26.00,15.00,46.00,11.00,13884187,449
535.33,1551764997,12144.21,51.47981303,7.39351747,185.46,13.35,-0.55,334.09,1,-84.00,-5.00,26.00,15.00,46.00,11.00,13884187,449
536.33,1551764998,12157.54,51.47991746,7.39344227,186.21,12.61,-0.74,335.47,1,-87.00,-5.00,15.00,14.00,42.00,11.00,13884187,449
537.33,1551764999,12170.17,51.48001617,7.39341210,186.56,11.23,-1.38,350.36,1,-87.00,-5.00,15.00,14.00,42.00,11.00,13884187,449
538.33,1551765000,12181.35,51.48011947,7.39342417,187.23,10.33,-0.90,7.90,1,-84.00,-5.00,14.00,12.00,48.00,11.00,13884187,449
539.33,1551765001,12191.72,51.48020546,7.39348388,187.71,10.44,0.11,26.92,1,-84.00,-5.00,14.00,12.00,48.00,11.00,13884187,449
540.33,1551765002,12202.16,51.48027988,7.39359813,188.52,11.85,1.41,48.75,1,-95.00,-6.00,11.00,10.00,36.00,11.00,13884187,449
541.33,1551765003,12214.00,51.48034863,7.39372956,189.08,12.57,0.72,51.57,1,-95.00,-6.00,11.00,10.00,36.00,11.00,13884187,449
542.33,1551765004,12226.56,51.48041330,7.39387551,189.60,13.89,1.32,53.77,1,-94.00,-6.00,16.00,10.00,37.00,11.00,13884187,449
543.33,1551765005,12240.45,51.48048341,7.39403858,189.91,14.70,0.81,54.54,1,-94.00,-6.00,16.00,10.00,37.00,11.00,13884187,449
544.34,1551765006,12255.29,51.48056066,7.39421953,190.30,15.65,0.94,55.26,1,-78.00,-5.00,22.00,2.00,52.00,11.00,13884187,449
545.33,1551765007,12270.80,51.48064104,7.39441171,190.48,16.27,0.63,56.38,1,-78.00,-5.00,22.00,2.00,52.00,11.00,13884187,449
546.33,1551765008,12287.07,51.48072434,7.39461388,190.44,16.71,0.44,57.26,1,-78.00,-5.00,22.00,2.00,52.00,11.00,13884187,449
547.33,1551765009,12303.78,51.48080848,7.39482764,190.59,16.91,0.19,57.86,1,-81.00,-5.00,16.00,2.00,51.00,11.00,13884187,449
548.33,1551765010,12320.69,51.48089458,7.39504857,190.74,17.20,0.29,58.51,1,-81.00,-5.00,16.00,2.00,51.00,11.00,13884187,449
549.33,1551765011,12337.88,51.48097408,7.39526057,191.13,17.23,0.03,59.09,1,-84.00,-6.00,11.00,2.00,49.00,11.00,13884187,449
550.33,1551765012,12355.12,51.48105417,7.39547341,191.54,17.01,-0.22,59.49,1,-84.00,-6.00,11.00,2.00,49.00,11.00,13884187,449
551.33,1551765013,12372.13,51.48113303,7.39568553,191.84,16.92,-0.09,59.23,1,-90.00,-6.00,15.00,2.00,42.00,11.00,13884187,449
552.33,1551765014,12389.05,51.48120931,7.39589338,192.03,16.65,-0.27,59.80,1,-90.00,-6.00,15.00,2.00,42.00,11.00,13884187,449
553.33,1551765015,12405.69,51.48128614,7.39609615,192.59,16.21,-0.44,60.09,1,-93.00,-6.00,10.00,2.00,38.00,11.00,13884187,449
554.33,1551765016,12421.91,51.48136063,7.39629175,192.99,15.82,-0.39,60.00,1,-93.00,-6.00,10.00,2.00,38.00,11.00,13884187,449
555.33,1551765017,12437.72,51.48143258,7.39648454,193.15,15.39,-0.43,59.20,1,-92.00,-6.00,11.00,2.00,40.00,11.00,13884187,449
556.33,1551765018,12453.13,51.48150428,7.39667721,193.41,15.05,-0.34,58.65,1,-92.00,-6.00,11.00,2.00,40.00,11.00,13884187,449
557.33,1551765019,12468.17,51.48157527,7.39686482,193.71,14.73,-0.32,58.19,1,-95.00,-7.00,21.00,10.00,38.00,7.00,13884187,449
558.33,1551765020,12482.90,51.48164326,7.39704476,193.86,14.32,-0.40,57.65,1,-95.00,-7.00,21.00,10.00,38.00,7.00,13884187,449
559.33,1551765021,12497.24,51.48171051,7.39721599,194.19,13.89,-0.44,56.94,1,-100.00,-8.00,8.00,9.00,33.00,7.00,13884187,449
560.33,1551765022,12511.08,51.48177836,7.39737916,194.37,13.59,-0.30,56.19,1,-100.00,-8.00,8.00,9.00,33.00,7.00,13884187,449
561.33,1551765023,12524.72,51.48184391,7.39753570,194.19,13.10,-0.49,55.43,1,-101.00,-9.00,4.00,9.00,33.00,7.00,13884187,449
562.33,1551765024,12537.82,51.48190818,7.39767989,193.75,12.82,-0.27,54.57,1,-101.00,-9.00,4.00,9.00,33.00,7.00,13884187,449
563.33,1551765025,12550.64,51.48197372,7.39781982,193.13,12.33,-0.50,53.67,1,-100.00,-8.00,6.00,7.00,34.00,7.00,13884187,449
564.34,1551765026,12562.98,51.48204093,7.39795020,192.18,11.97,-0.36,52.48,1,-100.00,-8.00,6.00,7.00,34.00,7.00,13884187,449
565.34,1551765027,12575.05,51.48210080,7.39806310,191.26,10.93,-1.02,51.42,1,-92.00,-7.00,13.00,10.00,40.00,7.00,13884187,449
566.33,1551765028,12585.88,51.48215952,7.39816800,190.32,9.79,-1.15,50.11,1,-92.00,-7.00,13.00,10.00,40.00,7.00,13884187,449
567.33,1551765029,12595.67,51.48221532,7.39826757,189.48,8.62,-1.17,48.65,1,-92.00,-7.00,13.00,10.00,40.00,7.00,13884187,449
568.33,1551765030,12604.29,51.48227157,7.39836155,188.90,7.09,-1.53,47.16,1,-91.00,-8.00,8.00,10.00,43.00,7.00,13884187,449
569.33,1551765031,12611.38,51.48231148,7.39842032,188.48,5.22,-1.87,45.11,1,-91.00,-8.00,8.00,10.00,43.00,7.00,13884187,449
570.33,1551765032,12616.60,51.48233687,7.39846219,188.44,2.84,-2.38,44.41,1,-95.00,-8.00,14.00,8.00,38.00,7.00,13884187,449
571.33,1551765033,12619.44,51.48234735,7.39848121,188.36,1.55,-1.29,43.25,1,-95.00,-8.00,14.00,8.00,38.00,7.00,13884187,449
572.33,1551765034,12620.98,51.48235421,7.39848841,188.32,0.73,-0.83,43.25,1,-100.00,-10.00,1.00,8.00,35.00,7.00,13884187,449
573.33,1551765035,12621.72,51.48235421,7.39848841,188.31,0.00,-0.73,43.25,1,-100.00,-10.00,1.00,8.00,35.00,7.00,13884187,449
574.33,1551765036,12621.72,51.48235421,7.39848841,188.30,0.00,0.00,43.25,1,-97.00,-8.00,2.00,2.00,38.00,7.00,13884187,449
575.33,1551765037,12621.72,51.48235421,7.39848841,188.30,0.00,0.00,43.25,1,-97.00,-8.00,2.00,2.00,38.00,7.00,13884187,449
576.33,1551765038,12621.72,51.48235421,7.39848841,188.29,0.00,0.00,43.25,1,-99.00,-10.00,3.00,2.00,36.00,7.00,13884187,449
577.33,1551765039,12621.72,51.48235421,7.39848841,188.28,0.00,0.00,43.25,1,-99.00,-10.00,3.00,2.00,36.00,7.00,13884187,449
578.33,1551765040,12621.72,51.48235421,7.39848841,188.28,0.00,0.00,43.25,1,-98.00,-10.00,1.00,2.00,37.00,7.00,13884187,449
579.33,1551765041,12621.72,51.48235421,7.39848841,188.27,0.00,0.00,43.25,1,-98.00,-10.00,1.00,2.00,37.00,7.00,13884187,449
580.33,1551765042,12621.72,51.48235421,7.39848841,188.26,0.00,0.00,43.25,1,-99.00,-10.00,4.00,2.00,35.00,7.00,13884187,449
581.33,1551765043,12621.72,51.48235421,7.39848841,188.25,0.00,0.00,43.25,1,-99.00,-10.00,4.00,2.00,35.00,7.00,13884187,449
582.33,1551765044,12621.72,51.48235421,7.39848841,188.23,0.00,0.00,43.25,1,-99.00,-9.00,3.00,2.00,35.00,7.00,13884187,449
583.33,1551765045,12621.72,51.48235421,7.39848841,188.21,0.00,0.00,43.25,1,-99.00,-9.00,3.00,2.00,35.00,7.00,13884187,449
584.33,1551765046,12621.72,51.48235421,7.39848841,188.20,0.00,0.00,43.25,1,-98.00,-9.00,2.00,2.00,34.00,7.00,13884187,449
585.33,1551765047,12621.72,51.48235421,7.39848841,188.18,0.00,0.00,43.25,1,-98.00,-9.00,2.00,2.00,34.00,7.00,13884187,449
586.34,1551765048,12621.72,51.48235421,7.39848841,188.16,0.00,0.00,43.25,1,-97.00,-8.00,4.00,2.00,35.00,7.00,13884187,449
587.33,1551765049,12621.72,51.48235421,7.39848841,188.14,0.00,0.00,43.25,1,-97.00,-8.00,4.00,2.00,35.00,7.00,13884187,449
588.33,1551765050,12621.72,51.48235421,7.39848841,188.13,0.00,0.00,43.25,1,-97.00,-8.00,4.00,2.00,35.00,7.00,13884187,449
589.33,1551765051,12621.72,51.48235421,7.39848841,188.11,0.00,0.00,43.25,1,-98.00,-9.00,4.00,2.00,34.00,7.00,13884187,449
590.33,1551765052,12621.72,51.48235421,7.39848841,188.10,0.00,0.00,43.25,1,-98.00,-9.00,4.00,2.00,34.00,7.00,13884187,449
591.33,1551765053,12621.72,51.48235421,7.39848841,188.09,0.00,0.00,43.25,1,-99.00,-9.00,4.00,2.00,34.00,7.00,13884187,449
592.33,1551765054,12621.72,51.48235421,7.39848841,188.09,0.00,0.00,43.25,1,-99.00,-9.00,4.00,2.00,34.00,7.00,13884187,449
593.34,1551765055,12621.72,51.48235421,7.39848841,188.08,0.00,0.00,43.25,1,-98.00,-9.00,2.00,2.00,35.00,7.00,13884187,449
594.34,1551765056,12621.72,51.48235421,7.39848841,188.07,0.00,0.00,43.25,1,-98.00,-9.00,2.00,2.00,35.00,7.00,13884187,449
595.33,1551765057,12621.72,51.48235421,7.39848841,187.97,0.00,0.00,43.25,1,-98.00,-9.00,6.00,2.00,35.00,6.00,13884187,449
596.34,1551765058,12621.72,51.48235421,7.39848841,187.30,0.00,0.00,40.06,1,-98.00,-9.00,6.00,2.00,35.00,6.00,13884187,449
597.34,1551765059,12621.72,51.48244110,7.39859971,186.72,0.00,0.00,39.46,1,-100.00,-10.00,5.00,5.00,35.00,6.00,13884187,449
598.33,1551765060,12621.72,51.48249948,7.39867124,186.23,8.24,0.00,38.68,1,-100.00,-10.00,5.00,5.00,35.00,6.00,13884187,449
599.33,1551765061,12629.99,51.48255938,7.39874404,186.46,8.80,0.56,38.11,1,-100.00,-10.00,17.00,8.00,35.00,6.00,13884187,449
600.33,1551765062,12638.79,51.48262748,7.39882474,186.90,9.83,1.04,37.46,1,-100.00,-10.00,17.00,8.00,35.00,6.00,13884187,449
601.33,1551765063,12648.62,51.48269726,7.39890426,187.55,9.80,-0.04,37.03,1,-89.00,-9.00,22.00,10.00,46.00,6.00,13884187,449
602.33,1551765064,12658.42,51.48276820,7.39898533,188.08,9.95,0.16,36.63,1,-89.00,-9.00,22.00,10.00,46.00,6.00,13884187,449
603.33,1551765065,12668.37,51.48285319,7.39907611,188.16,11.08,1.13,35.71,1,-92.00,-11.00,4.00,9.00,41.00,6.00,13884187,449
604.33,1551765066,12679.45,51.48293553,7.39917042,188.57,12.12,1.04,34.82,1,-92.00,-11.00,4.00,9.00,41.00,6.00,13884187,449
605.33,1551765067,12691.57,51.48302893,7.39927580,189.02,12.74,0.62,34.80,1,-89.00,-12.00,3.00,8.00,45.00,6.00,13884187,449
606.33,1551765068,12704.31,51.48313226,7.39938891,189.50,14.48,1.74,34.23,1,-89.00,-12.00,3.00,8.00,45.00,6.00,13884187,449
607.34,1551765069,12718.89,51.48323193,7.39949693,189.87,13.92,-0.56,33.33,1,-86.00,-6.00,20.00,10.00,44.00,5.00,13884186,448
608.33,1551765070,12732.70,51.48333643,7.39960956,189.90,14.19,0.27,33.92,1,-86.00,-6.00,20.00,10.00,44.00,5.00,13884186,448
609.33,1551765071,12746.90,51.48344238,7.39972430,189.75,14.65,0.46,34.04,1,-86.00,-6.00,20.00,10.00,44.00,5.00,13884186,448
610.33,1551765072,12761.54,51.48355377,7.39984279,189.62,14.77,0.12,34.13,1,-94.00,-8.00,6.00,7.00,37.00,5.00,13884186,448
611.33,1551765073,12776.30,51.48366409,7.39996249,189.55,14.58,-0.18,34.77,1,-94.00,-8.00,6.00,7.00,37.00,5.00,13884186,448
612.33,1551765074,12790.89,51.48376580,7.40007923,189.31,14.39,-0.19,35.71,1,-92.00,-6.00,9.00,11.00,38.00,5.00,13884186,448
613.33,1551765075,12805.28,51.48387077,7.40019829,189.18,14.55,0.16,36.14,1,-92.00,-6.00,9.00,11.00,38.00,5.00,13884186,448
614.33,1551765076,12819.82,51.48397776,7.40032489,189.08,14.65,0.10,36.78,1,-84.00,-5.00,16.00,14.00,46.00,5.00,13884186,448
615.33,1551765077,12834.46,51.48409366,7.40045825,189.01,14.70,0.05,37.57,1,-84.00,-5.00,16.00,14.00,46.00,5.00,13884186,448
616.33,1551765078,12849.19,51.48420064,7.40058979,188.99,14.70,-0.00,38.31,1,-93.00,-6.00,7.00,2.00,41.00,5.00,13884186,448
617.33,1551765079,12863.88,51.48430478,7.40072208,189.03,14.47,-0.23,39.13,1,-93.00,-6.00,7.00,2.00,41.00,5.00,13884186,448
618.33,1551765080,12878.36,51.48440876,7.40086314,188.70,14.46,-0.02,39.93,1,-94.00,-7.00,10.00,2.00,38.00,5.00,13884186,448
619.33,1551765081,12892.82,51.48450322,7.40099612,188.35,14.35,-0.11,40.69,1,-94.00,-7.00,10.00,2.00,38.00,5.00,13884186,448
620.33,1551765082,12907.17,51.48459719,7.40113616,187.73,14.26,-0.09,41.46,1,-94.00,-7.00,3.00,2.00,38.00,5.00,13884186,448
621.33,1551765083,12921.42,51.48469530,7.40128175,186.84,14.22,-0.03,42.11,1,-94.00,-7.00,3.00,2.00,38.00,5.00,13884186,448
622.33,1551765084,12935.66,51.48478919,7.40142736,185.54,14.16,-0.06,42.76,1,-94.00,-7.00,7.00,2.00,39.00,5.00,13884186,448
623.33,1551765085,12949.82,51.48487838,7.40156446,184.61,13.98,-0.19,42.06,1,-94.00,-7.00,7.00,2.00,39.00,5.00,13884186,448
624.33,1551765086,12963.80,51.48496897,7.40169801,183.75,14.04,0.06,41.73,1,-94.00,-8.00,8.00,2.00,37.00,5.00,13884186,448
625.33,1551765087,12977.84,51.48506068,7.40183235,183.19,14.14,0.10,42.26,1,-94.00,-8.00,8.00,2.00,37.00,5.00,13884186,448
626.33,1551765088,12991.98,51.48514907,7.40197130,182.49,13.80,-0.34,43.58,1,-96.00,-8.00,6.00,2.00,36.00,5.00,13884186,448
627.33,1551765089,13005.78,51.48523424,7.40211161,182.14,13.44,-0.36,44.93,1,-96.00,-8.00,6.00,2.00,36.00,5.00,13884186,448
628.34,1551765090,13019.34,51.48531449,7.40224634,181.95,12.09,-1.33,46.31,1,-96.00,-7.00,11.00,2.00,37.00,5.00,13884186,448
629.33,1551765091,13031.33,51.48538603,7.40236561,181.92,11.08,-1.02,47.05,1,-96.00,-7.00,11.00,2.00,37.00,5.00,13884186,448
630.33,1551765092,13042.41,51.48545712,7.40249025,181.63,9.95,-1.13,47.87,1,-96.00,-7.00,11.00,2.00,37.00,5.00,13884186,448
631.33,1551765093,13052.36,51.48551614,7.40259514,181.54,8.71,-1.24,48.76,1,-94.00,-6.00,11.00,2.00,38.00,5.00,13884186,448
632.33,1551765094,13061.07,51.48556644,7.40269356,181.85,7.70,-1.01,49.74,1,-94.00,-6.00,11.00,2.00,38.00,5.00,13884186,448
633.33,1551765095,13068.76,51.48560479,7.40276640,182.02,6.91,-0.80,46.04,1,-93.00,-6.00,8.00,2.00,40.00,5.00,13884186,448
634.33,1551765096,13075.67,51.48566313,7.40278849,182.24,7.15,0.24,10.09,1,-93.00,-6.00,8.00,2.00,40.00,5.00,13884186,448
635.33,1551765097,13082.82,51.48571031,7.40277148,182.83,7.29,0.13,344.12,1,-90.00,-6.00,10.00,2.00,43.00,5.00,13884186,448
636.33,1551765098,13090.10,51.48575849,7.40271919,183.37,8.13,0.85,327.66,1,-90.00,-6.00,10.00,2.00,43.00,5.00,13884186,448
637.33,1551765099,13098.24,51.48581727,7.40265397,183.85,9.06,0.92,326.15,1,-89.00,-6.00,9.00,2.00,44.00,5.00,13884186,448
638.33,1551765100,13107.29,51.48588993,7.40256907,184.33,10.20,1.14,324.73,1,-89.00,-6.00,9.00,2.00,44.00,5.00,13884186,448
639.33,1551765101,13117.50,51.48597472,7.40247069,184.87,11.07,0.87,324.36,1,-91.00,-7.00,8.00,2.00,42.00,5.00,13884186,448
640.33,1551765102,13128.56,51.48606628,7.40236151,185.34,12.50,1.43,325.34,1,-91.00,-7.00,8.00,2.00,42.00,5.00,13884186,448
641.33,1551765103,13141.06,51.48615028,7.40226254,185.85,12.10,-0.40,326.40,1,-95.00,-8.00,7.00,2.00,38.00,5.00,13884186,448
642.33,1551765104,13153.16,51.48623613,7.40216856,186.28,11.49,-0.61,327.34,1,-95.00,-8.00,7.00,2.00,38.00,5.00,13884186,448
643.33,1551765105,13164.65,51.48632178,7.40208882,186.67,11.10,-0.39,329.58,1,-96.00,-8.00,-2.00,2.00,37.00,5.00,13884186,448
644.33,1551765106,13175.75,51.48640938,7.40201516,186.98,10.95,-0.15,331.82,1,-96.00,-8.00,-2.00,2.00,37.00,5.00,13884186,448
645.34,1551765107,13186.72,51.48649753,7.40194842,187.25,10.64,-0.31,334.21,1,-96.00,-8.00,2.00,2.00,35.00,5.00,13884186,448
646.34,1551765108,13197.36,51.48658641,7.40188858,187.50,10.45,-0.19,336.23,1,-96.00,-8.00,2.00,2.00,35.00,5.00,13884186,448
647.34,1551765109,13207.81,51.48667724,7.40183232,187.86,10.16,-0.29,338.22,1,-98.00,-10.00,4.00,2.00,37.00,5.00,12895513,313
648.34,1551765110,13217.96,51.48676212,7.40179120,188.17,9.97,-0.19,340.31,1,-98.00,-10.00,4.00,2.00,37.00,5.00,12895513,313
649.34,1551765111,13228.02,51.48684878,7.40176430,188.14,9.90,-0.07,342.60,1,-98.00,-10.00,1.00,2.00,37.00,5.00,12895513,313
650.33,1551765112,13237.82,51.48693475,7.40174425,187.95,9.96,0.07,344.57,1,-98.00,-10.00,1.00,2.00,37.00,5.00,12895513,313
651.34,1551765113,13247.79,51.48702103,7.40172780,187.64,10.10,0.14,346.42,1,-98.00,-10.00,1.00,2.00,37.00,5.00,12895513,313
652.33,1551765114,13257.88,51.48710822,7.40170665,187.05,10.48,0.37,348.33,1,-95.00,-9.00,1.00,2.00,38.00,5.00,12895513,313
653.33,1551765115,13268.35,51.48720093,7.40168730,186.60,10.77,0.29,350.18,1,-95.00,-9.00,1.00,2.00,38.00,5.00,12895513,313
654.33,1551765116,13279.12,51.48729658,7.40167735,186.10,11.06,0.29,351.99,1,-93.00,-9.00,7.00,2.00,41.00,5.00,12895513,313
655.33,1551765117,13290.19,51.48740966,7.40166561,185.54,11.58,0.51,354.27,1,-93.00,-9.00,7.00,2.00,41.00,5.00,12895513,313
656.33,1551765118,13301.76,51.48752212,7.40165864,184.73,11.71,0.13,355.82,1,-92.00,-9.00,4.00,2.00,42.00,5.00,12895513,313
657.33,1551765119,13313.48,51.48762904,7.40165852,183.93,11.77,0.06,357.09,1,-92.00,-9.00,4.00,2.00,42.00,5.00,12895513,313
658.33,1551765120,13325.23,51.48773338,7.40165602,183.12,11.66,-0.11,358.08,1,-90.00,-8.00,7.00,2.00,43.00,5.00,12895513,313
659.33,1551765121,13336.87,51.48783990,7.40165888,182.24,11.46,-0.20,358.78,1,-90.00,-8.00,7.00,2.00,43.00,5.00,12895513,313
660.33,1551765122,13348.37,51.48794304,7.40166356,181.29,11.43,-0.03,359.44,1,-90.00,-11.00,3.00,10.00,47.00,16.00,12895513,313
661.33,1551765123,13359.81,51.48804355,7.40167161,180.51,11.08,-0.34,359.93,1,-90.00,-11.00,3.00,10.00,47.00,16.00,12895513,313
662.33,1551765124,13370.87,51.48814458,7.40168004,179.90,10.66,-0.42,0.81,1,-84.00,-6.00,0.00,6.00,47.00,3.00,13828123,451
663.33,1551765125,13381.53,51.48823923,7.40168770,179.36,10.13,-0.53,0.23,1,-84.00,-6.00,0.00,6.00,47.00,3.00,13828123,451
664.33,1551765126,13391.67,51.48832595,7.40169691,178.91,9.61,-0.52,0.90,1,-79.00,-5.00,20.00,14.00,49.00,3.00,13828123,451
665.33,1551765127,13401.28,51.48840468,7.40170545,178.45,9.03,-0.58,0.62,1,-79.00,-5.00,20.00,14.00,49.00,3.00,13828123,451
666.33,1551765128,13410.31,51.48847515,7.40171320,177.89,7.58,-1.44,0.18,1,-84.00,-6.00,19.00,10.00,46.00,3.00,13828123,451
667.33,1551765129,13417.89,51.48853318,7.40171730,177.59,6.66,-0.92,359.06,1,-84.00,-6.00,19.00,10.00,46.00,3.00,13828123,451
668.33,1551765130,13424.55,51.48858582,7.40171630,177.33,6.51,-0.15,0.25,1,-87.00,-6.00,14.00,10.00,43.00,3.00,13828123,451
669.33,1551765131,13431.06,51.48864481,7.40171821,177.19,6.25,-0.26,359.79,1,-87.00,-6.00,14.00,10.00,43.00,3.00,13828123,451
670.34,1551765132,13437.36,51.48870864,7.40172099,177.02,6.36,0.11,359.54,1,-82.00,-6.00,10.00,9.00,49.00,3.00,13828123,451
671.33,1551765133,13443.67,51.48877343,7.40172502,176.83,6.66,0.30,359.37,1,-82.00,-6.00,10.00,9.00,49.00,3.00,13828123,451
672.33,1551765134,13450.33,51.48882929,7.40172871,176.67,5.91,-0.75,359.58,1,-82.00,-6.00,10.00,9.00,49.00,3.00,13828123,451
673.33,1551765135,13456.24,51.48887744,7.40173201,176.49,5.00,-0.91,359.39,1,-87.00,-8.00,7.00,2.00,49.00,3.00,13828123,451
674.33,1551765136,13461.24,51.48891785,7.40173405,176.17,4.98,-0.02,359.85,1,-87.00,-8.00,7.00,2.00,49.00,3.00,13828123,451
675.33,1551765137,13466.23,51.48896047,7.40173745,176.00,4.66,-0.32,0.23,1,-86.00,-8.00,8.00,2.00,47.00,4.00,13828123,451
676.33,1551765138,13470.89,51.48900106,7.40174010,175.90,4.52,-0.13,0.36,1,-86.00,-8.00,8.00,2.00,47.00,4.00,13828123,451
677.33,1551765139,13475.41,51.48903676,7.40174393,175.86,4.52,0.00,0.62,1,-88.00,-8.00,7.00,11.00,46.00,4.00,13828123,451
678.33,1551765140,13479.92,51.48906965,7.40174649,175.85,3.62,-0.91,359.88,1,-88.00,-8.00,7.00,11.00,46.00,4.00,13828123,451
679.33,1551765141,13483.53,51.48908964,7.40174799,175.84,2.71,-0.91,0.37,1,-89.00,-9.00,16.00,8.00,46.00,4.00,13828123,451
680.33,1551765142,13486.25,51.48913093,7.40174560,175.84,2.97,0.26,0.07,1,-89.00,-9.00,16.00,8.00,46.00,4.00,13828123,451
681.33,1551765143,13489.23,51.48917100,7.40174176,175.87,3.97,0.99,0.51,1,-87.00,-8.00,8.00,13.00,46.00,4.00,13828123,451
682.33,1551765144,13493.19,51.48920462,7.40174044,176.01,4.84,0.88,1.13,1,-87.00,-8.00,8.00,13.00,46.00,4.00,13828123,451
683.33,1551765145,13498.04,51.48924178,7.40174257,175.90,5.62,0.78,1.93,1,-87.00,-11.00,-2.00,7.00,49.00,4.00,13828123,451
684.33,1551765146,13503.66,51.48929304,7.40174596,175.93,6.07,0.45,2.80,1,-87.00,-11.00,-2.00,7.00,49.00,4.00,13828123,451
685.33,1551765147,13509.73,51.48934149,7.40178280,176.03,5.79,-0.29,27.25,1,-88.00,-15.00,-2.00,5.00,51.00,4.00,13828123,451
686.33,1551765148,13515.51,51.48938131,7.40185163,175.68,6.89,1.11,56.14,1,-88.00,-15.00,-2.00,5.00,51.00,4.00,13828123,451
687.33,1551765149,13522.40,51.48939633,7.40194761,175.38,7.98,1.09,86.87,1,-83.00,-10.00,13.00,14.00,48.00,4.00,13828123,451
688.33,1551765150,13530.38,51.48940397,7.40206669,175.27,8.86,0.89,89.15,1,-83.00,-10.00,13.00,14.00,48.00,4.00,13828123,451
689.33,1551765151,13539.24,51.48940464,7.40220758,175.48,10.20,1.34,90.24,1,-90.00,-11.00,10.00,10.00,46.00,4.00,13828123,451
690.33,1551765152,13549.46,51.48940287,7.40235083,175.62,11.46,1.25,89.64,1,-90.00,-11.00,10.00,10.00,46.00,4.00,13828123,451
691.34,1551765153,13560.99,51.48940175,7.40252374,175.93,12.31,0.85,90.00,1,-90.00,-13.00,4.00,2.00,51.00,4.00,13828123,451
692.33,1551765154,13573.20,51.48940353,7.40270450,176.25,12.45,0.14,90.75,1,-90.00,-13.00,4.00,2.00,51.00,4.00,13828123,451
693.33,1551765155,13585.66,51.48940462,7.40288130,176.43,11.93,-0.52,91.26,1,-90.00,-13.00,4.00,2.00,51.00,4.00,13828123,451
694.33,1551765156,13597.55,51.48940605,7.40304736,176.44,11.38,-0.55,91.05,1,-85.00,-9.00,8.00,2.00,49.00,4.00,13828121,450
695.34,1551765157,13608.99,51.48940608,7.40319774,176.63,10.93,-0.45,91.64,1,-85.00,-9.00,8.00,2.00,49.00,4.00,13828121,450
696.34,1551765158,13619.94,51.48940609,7.40336549,176.84,10.88,-0.05,91.56,1,-84.00,-8.00,7.00,2.00,48.00,4.00,13828121,450
697.34,1551765159,13630.82,51.48940670,7.40353146,177.19,11.23,0.35,89.90,1,-84.00,-8.00,7.00,2.00,48.00,4.00,13828121,450
698.33,1551765160,13641.99,51.48941118,7.40369566,177.72,11.68,0.45,88.42,1,-84.00,-8.00,10.00,2.00,48.00,4.00,13828121,450
699.34,1551765161,13653.73,51.48941620,7.40386199,178.12,11.65,-0.03,88.25,1,-84.00,-8.00,10.00,2.00,48.00,4.00,13828121,450
700.34,1551765162,13665.37,51.48941788,7.40403410,178.36,11.61,-0.05,90.06,1,-83.00,-8.00,20.00,2.00,49.00,4.00,13828121,450
701.34,1551765163,13676.98,51.48941335,7.40421089,178.73,11.64,0.04,92.32,1,-83.00,-8.00,20.00,2.00,49.00,4.00,13828121,450
702.33,1551765164,13688.59,51.48940702,7.40438535,179.21,11.79,0.15,92.87,1,-112.00,-19.00,-4.00,2.00,36.00,4.00,12893478,112
703.33,1551765165,13700.37,51.48940126,7.40454095,179.45,12.23,0.44,92.37,1,-112.00,-19.00,-4.00,2.00,36.00,4.00,12893478,112
704.34,1551765166,13712.65,51.48939540,7.40471271,179.63,12.71,0.47,91.54,1,-78.00,-7.00,20.00,2.00,56.00,4.00,13828121,450
705.34,1551765167,13725.36,51.48939199,7.40488950,179.77,12.71,0.01,91.06,1,-78.00,-7.00,20.00,2.00,56.00,4.00,13828121,450
706.33,1551765168,13738.03,51.48939028,7.40507328,179.82,12.60,-0.12,90.33,1,-74.00,-7.00,10.00,2.00,60.00,4.00,13828121,450
707.33,1551765169,13750.63,51.48939243,7.40525525,180.05,12.46,-0.14,88.86,1,-74.00,-7.00,10.00,2.00,60.00,4.00,13828121,450
708.33,1551765170,13763.08,51.48939849,7.40544153,180.55,12.50,0.04,86.96,1,-73.00,-8.00,9.00,2.00,61.00,4.00,13828121,450
709.33,1551765171,13775.58,51.48940783,7.40562699,180.96,12.39,-0.11,85.03,1,-73.00,-8.00,9.00,2.00,61.00,4.00,13828121,450
710.33,1551765172,13787.98,51.48942268,7.40581103,181.14,12.59,0.21,83.17,1,-74.00,-9.00,6.00,2.00,60.00,4.00,13828121,450
711.33,1551765173,13800.57,51.48944213,7.40598009,181.11,12.67,0.08,81.32,1,-74.00,-9.00,6.00,2.00,60.00,4.00,13828121,450
712.34,1551765174,13813.36,51.48946673,7.40616327,181.08,12.73,0.06,80.02,1,-76.00,-9.00,7.00,2.00,58.00,4.00,13828121,450
713.33,1551765175,13825.98,51.48949310,7.40634264,180.86,12.86,0.13,79.11,1,-76.00,-9.00,7.00,2.00,58.00,4.00,13828121,450
714.33,1551765176,13838.77,51.48952482,7.40652757,180.48,12.98,0.12,78.42,1,-76.00,-9.00,7.00,2.00,58.00,4.00,13828121,450
715.33,1551765177,13851.78,51.48955261,7.40670493,180.08,13.10,0.12,78.06,1,-77.00,-9.00,13.00,11.00,56.00,2.00,13828121,450
716.33,1551765178,13864.92,51.48958204,7.40688624,179.62,13.01,-0.09,78.95,1,-77.00,-9.00,13.00,11.00,56.00,2.00,13828121,450
717.33,1551765179,13877.93,51.48960939,7.40706645,179.35,13.03,0.02,78.51,1,-75.00,-12.00,11.00,9.00,62.00,2.00,13828121,450
718.33,1551765180,13890.90,51.48963660,7.40725398,179.25,13.22,0.19,78.71,1,-75.00,-12.00,11.00,9.00,62.00,2.00,13828121,450
719.33,1551765181,13904.16,51.48966275,7.40743803,179.14,13.31,0.10,78.89,1,-76.00,-8.00,8.00,14.00,57.00,2.00,13828121,450
720.33,1551765182,13917.49,51.48968948,7.40762853,179.00,13.34,0.02,78.86,1,-76.00,-8.00,8.00,14.00,57.00,2.00,13828121,450
721.33,1551765183,13930.80,51.48971468,7.40781526,178.63,13.39,0.05,78.83,1,-74.00,-6.00,5.00,6.00,55.00,7.00,13821978,171
722.33,1551765184,13944.21,51.48974065,7.40800832,178.25,13.61,0.22,78.77,1,-74.00,-6.00,5.00,6.00,55.00,7.00,13821978,171
723.33,1551765185,13957.82,51.48976607,7.40819734,177.82,13.69,0.08,78.45,1,-73.00,-6.00,14.00,15.00,55.00,7.00,13821978,171
724.33,1551765186,13971.50,51.48979261,7.40839619,177.48,14.00,0.31,77.78,1,-73.00,-6.00,14.00,15.00,55.00,7.00,13821978,171
725.33,1551765187,13985.49,51.48982147,7.40859029,177.24,14.07,0.07,77.33,1,-72.00,-5.00,11.00,12.00,54.00,7.00,13821978,171
726.33,1551765188,13999.58,51.48984935,7.40879191,176.88,14.21,0.14,77.20,1,-72.00,-5.00,11.00,12.00,54.00,7.00,13821978,171
727.33,1551765189,14013.79,51.48987556,7.40898900,176.64,14.18,-0.03,77.04,1,-73.00,-6.00,16.00,12.00,53.00,7.00,13821978,171
728.33,1551765190,14027.95,51.48990205,7.40919382,176.31,14.16,-0.02,77.93,1,-73.00,-6.00,16.00,12.00,53.00,7.00,13821978,171
729.33,1551765191,14042.11,51.48992858,7.40939284,175.83,14.19,0.02,78.05,1,-69.00,-5.00,22.00,15.00,60.00,7.00,13821978,171
730.33,1551765192,14056.30,51.48995319,7.40959106,175.22,14.09,-0.10,78.38,1,-69.00,-5.00,22.00,15.00,60.00,7.00,13821978,171
731.33,1551765193,14070.40,51.48997774,7.40978815,174.47,13.78,-0.31,78.56,1,-75.00,-5.00,11.00,2.00,57.00,7.00,13821978,171
732.33,1551765194,14084.19,51.49000119,7.40998941,173.73,13.34,-0.44,79.11,1,-75.00,-5.00,11.00,2.00,57.00,7.00,13821978,171
733.34,1551765195,14097.67,51.49002125,7.41017768,172.69,13.05,-0.28,79.62,1,-116.00,-19.00,-8.00,2.00,29.00,7.00,14299943,209
734.33,1551765196,14110.55,51.49004079,7.41035810,171.73,13.04,-0.01,79.51,1,-116.00,-19.00,-8.00,2.00,29.00,7.00,14299943,209
735.34,1551765197,14123.65,51.49006344,7.41053107,170.95,12.75,-0.30,78.54,1,-116.00,-19.00,-8.00,2.00,29.00,7.00,14299943,209
736.33,1551765198,14136.38,51.49008527,7.41070451,170.23,12.47,-0.28,78.05,1,-119.00,-19.00,-4.00,3.00,27.00,75.00,14299943,209
737.33,1551765199,14148.84,51.49010873,7.41087895,169.52,12.29,-0.17,77.74,1,-119.00,-19.00,-4.00,3.00,27.00,75.00,14299943,209
