0.06,1551417977,0.02,51.45006479,7.48821867,247.73,8.10,0.00,171.84,0,-99.00,-9.00,0.00,0.00,42.00,0.00,0,67
0.06,1551417977,0.02,51.45006479,7.48821867,247.73,8.10,0.00,171.84,0,-97.00,-8.00,0.00,0.00,40.00,0.00,0,157
1.06,1551417978,8.16,51.44998119,7.48823730,247.92,9.71,0.00,171.38,0,-99.00,-9.00,0.00,0.00,42.00,0.00,0,67
1.06,1551417978,8.16,51.44998119,7.48823730,247.92,9.71,0.00,171.38,0,-97.00,-8.00,0.00,0.00,40.00,0.00,0,157
2.07,1551417979,17.94,51.44987105,7.48826943,248.23,10.85,0.00,170.77,0,-101.00,-10.00,0.00,0.00,40.00,0.00,0,67
2.07,1551417979,17.95,51.44987105,7.48826943,248.23,10.85,0.00,170.77,0,-96.00,-7.00,0.00,0.00,40.00,0.00,0,157
3.06,1551417980,28.71,51.44976130,7.48830206,248.53,11.80,0.00,171.67,0,-101.00,-10.00,0.00,0.00,40.00,0.00,0,67
3.06,1551417980,28.71,51.44976130,7.48830206,248.53,11.80,0.00,171.67,0,-96.00,-7.00,0.00,0.00,40.00,0.00,0,157
4.06,1551417981,40.51,51.44965014,7.48833572,249.05,12.69,0.00,172.60,0,-101.00,-10.00,0.00,0.00,40.00,0.00,0,67
4.06,1551417981,40.51,51.44965014,7.48833572,249.05,12.69,0.00,172.60,0,-96.00,-7.00,0.00,0.00,40.00,0.00,0,157
5.06,1551417982,53.19,51.44953986,7.48836088,249.39,13.43,0.00,174.23,0,-101.00,-10.00,0.00,0.00,41.00,0.00,0,67
5.06,1551417982,53.20,51.44953986,7.48836088,249.39,13.43,0.00,174.23,0,-98.00,-9.00,0.00,0.00,40.00,0.00,0,157
6.06,1551417983,66.63,51.44941597,7.48837396,249.88,14.10,0.00,176.50,0,-101.00,-10.00,0.00,0.00,41.00,0.00,0,67
6.06,1551417983,66.65,51.44941597,7.48837396,249.88,14.10,0.00,176.50,0,-98.00,-9.00,0.00,0.00,40.00,0.00,0,157
7.06,1551417984,80.64,51.44928781,7.48837255,250.46,14.41,0.00,178.35,0,-103.00,-10.00,0.00,0.00,39.00,0.00,0,67
7.06,1551417984,80.64,51.44928781,7.48837255,250.46,14.41,0.00,178.35,0,-99.00,-9.00,0.00,0.00,38.00,0.00,0,157
8.06,1551417985,95.05,51.44915755,7.48836899,250.93,14.73,0.00,180.00,0,-103.00,-10.00,0.00,0.00,39.00,0.00,0,67
8.06,1551417985,95.05,51.44915755,7.48836899,250.93,14.73,0.00,180.00,0,-99.00,-9.00,0.00,0.00,38.00,0.00,0,157
9.06,1551417986,109.78,51.44903629,7.48835641,251.91,14.45,0.00,181.94,0,-102.00,-10.00,0.00,0.00,40.00,0.00,0,67
9.06,1551417986,109.79,51.44903629,7.48835641,251.91,14.45,0.00,181.94,0,-99.00,-9.00,0.00,0.00,39.00,0.00,0,157
10.06,1551417987,124.22,51.44892085,7.48833629,252.54,13.38,0.00,184.90,0,-102.00,-10.00,0.00,0.00,40.00,0.00,0,67
10.06,1551417987,124.22,51.44892085,7.48833629,252.54,13.38,0.00,184.90,0,-99.00,-9.00,0.00,0.00,39.00,0.00,0,157
11.06,1551417988,137.69,51.44878480,7.48830173,252.76,14.63,0.00,187.74,0,-104.00,-10.00,0.00,0.00,37.00,0.00,0,67
11.06,1551417988,137.71,51.44878480,7.48830173,252.76,14.63,0.00,187.74,0,-110.00,-13.00,0.00,0.00,35.00,0.00,0,280
11.07,1551417988,137.72,51.44878480,7.48830173,252.76,14.63,0.00,187.74,0,-101.00,-9.00,0.00,0.00,37.00,0.00,0,157
12.06,1551417989,152.32,51.44864383,7.48825698,253.29,15.18,0.00,190.00,0,-104.00,-10.00,0.00,0.00,37.00,0.00,0,67
12.06,1551417989,152.34,51.44864383,7.48825698,253.29,15.18,0.00,190.00,0,-110.00,-13.00,0.00,0.00,35.00,0.00,0,280
12.07,1551417989,152.35,51.44864383,7.48825698,253.29,15.18,0.00,190.00,0,-101.00,-9.00,0.00,0.00,37.00,0.00,0,157
13.07,1551417990,167.53,51.44850603,7.48820453,254.12,14.94,0.00,191.46,0,-108.00,-11.00,0.00,0.00,35.00,0.00,0,67
13.07,1551417990,167.53,51.44850603,7.48820453,254.12,14.94,0.00,191.46,0,-109.00,-10.00,0.00,0.00,33.00,0.00,0,195
13.07,1551417990,167.55,51.44850603,7.48820453,254.12,14.94,0.00,191.46,0,-110.00,-12.00,0.00,0.00,34.00,0.00,0,280
13.07,1551417990,167.56,51.44850603,7.48820453,254.12,14.94,0.00,191.46,0,-104.00,-10.00,0.00,0.00,34.00,0.00,0,157
13.07,1551417990,167.56,51.44850603,7.48820453,254.12,14.94,0.00,191.46,0,-108.00,-12.00,0.00,0.00,32.00,0.00,0,318
14.07,1551417991,182.47,51.44836683,7.48814834,254.63,14.88,0.00,192.52,0,-108.00,-11.00,0.00,0.00,35.00,0.00,0,67
14.07,1551417991,182.48,51.44836683,7.48814834,254.63,14.88,0.00,192.52,0,-109.00,-10.00,0.00,0.00,33.00,0.00,0,195
14.07,1551417991,182.48,51.44836683,7.48814834,254.63,14.88,0.00,192.52,0,-110.00,-12.00,0.00,0.00,34.00,0.00,0,280
14.07,1551417991,182.50,51.44836683,7.48814834,254.63,14.88,0.00,192.52,0,-104.00,-10.00,0.00,0.00,34.00,0.00,0,157
14.07,1551417991,182.51,51.44836683,7.48814834,254.63,14.88,0.00,192.52,0,-108.00,-12.00,0.00,0.00,32.00,0.00,0,318
15.07,1551417992,197.35,51.44823572,7.48810073,255.31,14.79,0.00,193.33,0,-109.00,-12.00,0.00,0.00,35.00,0.00,0,271
15.07,1551417992,197.35,51.44823572,7.48810073,255.31,14.79,0.00,193.33,0,-109.00,-12.00,0.00,0.00,35.00,0.00,0,195
15.07,1551417992,197.37,51.44823572,7.48810073,255.31,14.79,0.00,193.33,0,-111.00,-13.00,0.00,0.00,34.00,0.00,0,280
15.07,1551417992,197.38,51.44823572,7.48810073,255.31,14.79,0.00,193.33,0,-108.00,-10.00,0.00,0.00,31.00,0.00,0,318
15.07,1551417992,197.38,51.44823572,7.48810073,255.31,14.79,0.00,193.33,0,-108.00,-11.00,0.00,0.00,31.00,0.00,0,157
16.07,1551417993,212.14,51.44810894,7.48804687,256.07,14.56,0.00,193.95,0,-109.00,-12.00,0.00,0.00,35.00,0.00,0,271
16.07,1551417993,212.16,51.44810894,7.48804687,256.07,14.56,0.00,193.95,0,-109.00,-12.00,0.00,0.00,35.00,0.00,0,195
16.07,1551417993,212.16,51.44810894,7.48804687,256.07,14.56,0.00,193.95,0,-111.00,-13.00,0.00,0.00,34.00,0.00,0,280
16.07,1551417993,212.17,51.44810894,7.48804687,256.07,14.56,0.00,193.95,0,-108.00,-10.00,0.00,0.00,31.00,0.00,0,318
16.07,1551417993,212.19,51.44810894,7.48804687,256.07,14.56,0.00,193.95,0,-108.00,-11.00,0.00,0.00,31.00,0.00,0,157
17.07,1551417994,226.74,51.44797985,7.48799684,256.85,14.91,0.00,193.55,0,-108.00,-10.00,0.00,0.00,34.00,0.00,0,271
17.07,1551417994,226.74,51.44797985,7.48799684,256.85,14.91,0.00,193.55,0,-111.00,-13.00,0.00,0.00,33.00,0.00,0,280
17.07,1551417994,226.76,51.44797985,7.48799684,256.85,14.91,0.00,193.55,0,-112.00,-14.00,0.00,0.00,33.00,0.00,0,67
17.07,1551417994,226.77,51.44797985,7.48799684,256.85,14.91,0.00,193.55,0,-109.00,-10.00,0.00,0.00,29.00,0.00,0,318
17.07,1551417994,226.77,51.44797985,7.48799684,256.85,14.91,0.00,193.55,0,-110.00,-11.00,0.00,0.00,30.00,0.00,0,157
17.07,1551417994,226.79,51.44797985,7.48799684,256.85,14.91,0.00,193.55,0,-123.00,-12.00,0.00,0.00,21.00,0.00,0,475
17.07,1551417994,226.80,51.44797985,7.48799684,256.85,14.91,0.00,193.55,0,-124.00,-12.00,0.00,0.00,21.00,0.00,0,489
17.07,1551417994,226.80,51.44797985,7.48799684,256.85,14.91,0.00,193.55,0,-127.00,-16.00,0.00,0.00,21.00,0.00,0,361
17.07,1551417994,226.82,51.44797985,7.48799684,256.85,14.91,0.00,193.55,0,-92.00,-7.00,0.00,0.00,44.00,0.00,0,486
18.07,1551417995,241.64,51.44785259,7.48795480,257.34,14.32,0.00,192.30,0,-108.00,-10.00,0.00,0.00,34.00,0.00,0,271
18.07,1551417995,241.65,51.44785259,7.48795480,257.34,14.32,0.00,192.30,0,-111.00,-13.00,0.00,0.00,33.00,0.00,0,280
18.07,1551417995,241.67,51.44785259,7.48795480,257.34,14.32,0.00,192.30,0,-112.00,-14.00,0.00,0.00,33.00,0.00,0,67
18.07,1551417995,241.67,51.44785259,7.48795480,257.34,14.32,0.00,192.30,0,-109.00,-10.00,0.00,0.00,29.00,0.00,0,318
18.07,1551417995,241.68,51.44785259,7.48795480,257.34,14.32,0.00,192.30,0,-110.00,-11.00,0.00,0.00,30.00,0.00,0,157
18.07,1551417995,241.70,51.44785259,7.48795480,257.34,14.32,0.00,192.30,0,-123.00,-12.00,0.00,0.00,21.00,0.00,0,475
18.07,1551417995,241.70,51.44785259,7.48795480,257.34,14.32,0.00,192.30,0,-124.00,-12.00,0.00,0.00,21.00,0.00,0,489
18.07,1551417995,241.71,51.44785259,7.48795480,257.34,14.32,0.00,192.30,0,-127.00,-16.00,0.00,0.00,21.00,0.00,0,361
18.07,1551417995,241.73,51.44785259,7.48795480,257.34,14.32,0.00,192.30,0,-92.00,-7.00,0.00,0.00,44.00,0.00,0,486
19.06,1551417996,255.83,51.44772481,7.48791463,257.16,14.85,0.00,191.49,0,-111.00,-14.00,0.00,0.00,35.00,0.00,0,272
19.06,1551417996,255.84,51.44772481,7.48791463,257.16,14.85,0.00,191.49,0,-111.00,-13.00,0.00,0.00,33.00,0.00,0,280
19.06,1551417996,255.84,51.44772481,7.48791463,257.16,14.85,0.00,191.49,0,-112.00,-14.00,0.00,0.00,34.00,0.00,0,195
20.06,1551417997,270.75,51.44760916,7.48789058,257.09,14.01,0.00,188.69,0,-111.00,-14.00,0.00,0.00,35.00,0.00,0,272
20.06,1551417997,270.76,51.44760916,7.48789058,257.09,14.01,0.00,188.69,0,-111.00,-13.00,0.00,0.00,33.00,0.00,0,280
20.07,1551417997,270.78,51.44760916,7.48789058,257.09,14.01,0.00,188.69,0,-112.00,-14.00,0.00,0.00,34.00,0.00,0,195
21.06,1551417998,284.76,51.44747783,7.48786836,257.44,13.12,0.00,186.69,0,-109.00,-11.00,0.00,0.00,33.00,0.00,0,195
21.06,1551417998,284.77,51.44747783,7.48786836,257.44,13.12,0.00,186.69,0,-111.00,-14.00,0.00,0.00,34.00,0.00,0,272
21.06,1551417998,284.77,51.44747783,7.48786836,257.44,13.12,0.00,186.69,0,-112.00,-12.00,0.00,0.00,31.00,0.00,0,280
22.06,1551417999,297.89,51.44736599,7.48785445,257.22,13.73,0.00,184.08,0,-109.00,-11.00,0.00,0.00,33.00,0.00,0,195
22.06,1551417999,297.89,51.44736599,7.48785445,257.22,13.73,0.00,184.08,0,-111.00,-14.00,0.00,0.00,34.00,0.00,0,272
22.07,1551417999,297.91,51.44736599,7.48785445,257.22,13.73,0.00,184.08,0,-112.00,-12.00,0.00,0.00,31.00,0.00,0,280
23.07,1551418000,311.72,51.44724788,7.48785287,256.84,13.44,0.00,181.17,0,-108.00,-11.00,0.00,0.00,35.00,0.00,0,195
23.07,1551418000,311.72,51.44724788,7.48785287,256.84,13.44,0.00,181.17,0,-108.00,-12.00,0.00,0.00,35.00,0.00,0,272
24.06,1551418001,325.04,51.44712383,7.48786788,256.98,14.15,0.00,177.17,0,-108.00,-11.00,0.00,0.00,35.00,0.00,0,195
24.06,1551418001,325.05,51.44712383,7.48786788,256.98,14.15,0.00,177.17,0,-108.00,-12.00,0.00,0.00,35.00,0.00,0,272
25.06,1551418002,339.19,51.44698739,7.48790483,257.28,14.67,0.00,173.94,0,-108.00,-11.00,0.00,0.00,35.00,0.00,0,195
25.06,1551418002,339.20,51.44698739,7.48790483,257.28,14.67,0.00,173.94,0,-108.00,-12.00,0.00,0.00,35.00,0.00,0,272
26.06,1551418003,353.87,51.44684624,7.48795155,257.83,14.87,0.00,170.88,0,-108.00,-11.00,0.00,0.00,35.00,0.00,0,195
26.06,1551418003,353.87,51.44684624,7.48795155,257.83,14.87,0.00,170.88,0,-110.00,-14.00,0.00,0.00,36.00,0.00,0,272
27.06,1551418004,368.74,51.44469320,7.48222950,258.21,15.13,0.00,167.22,0,-108.00,-11.00,0.00,0.00,35.00,0.00,0,195
27.06,1551418004,368.76,51.44469320,7.48222950,258.21,15.13,0.00,167.22,0,-110.00,-14.00,0.00,0.00,36.00,0.00,0,272
28.06,1551418005,383.87,51.44655262,7.48809244,258.69,15.05,0.00,163.89,0,-109.00,-13.00,0.00,0.00,36.00,0.00,0,272
28.06,1551418005,383.88,51.44655262,7.48809244,258.69,15.05,0.00,163.89,0,-111.00,-14.00,0.00,0.00,35.00,0.00,0,195
29.06,1551418006,398.90,51.44641614,7.48817962,259.32,14.77,0.00,160.19,0,-109.00,-13.00,0.00,0.00,36.00,0.00,0,272
29.06,1551418006,398.91,51.44641614,7.48817962,259.32,14.77,0.00,160.19,0,-111.00,-14.00,0.00,0.00,35.00,0.00,0,195
30.06,1551418007,413.68,51.44629421,7.48827469,260.03,14.89,0.00,156.72,0,-106.00,-11.00,0.00,0.00,37.00,0.00,0,272
30.06,1551418007,413.70,51.44629421,7.48827469,260.03,14.89,0.00,156.72,0,-107.00,-10.00,0.00,0.00,35.00,0.00,0,66
30.07,1551418007,413.71,51.44629421,7.48827469,260.03,14.89,0.00,156.72,0,-109.00,-13.00,0.00,0.00,36.00,0.00,0,67
31.06,1551418008,428.57,51.44617337,7.48838352,260.67,15.37,0.00,153.08,0,-106.00,-11.00,0.00,0.00,37.00,0.00,0,272
31.06,1551418008,428.58,51.44617337,7.48838352,260.67,15.37,0.00,153.08,0,-107.00,-10.00,0.00,0.00,35.00,0.00,0,66
31.07,1551418008,428.60,51.44617337,7.48838352,260.67,15.37,0.00,153.08,0,-109.00,-13.00,0.00,0.00,36.00,0.00,0,67
32.06,1551418009,443.94,51.44605397,7.48851059,261.59,14.93,0.00,149.43,0,-104.00,-9.00,0.00,0.00,36.00,0.00,0,66
32.06,1551418009,443.96,51.44605397,7.48851059,261.59,14.93,0.00,149.43,0,-106.00,-11.00,0.00,0.00,37.00,0.00,0,67
32.07,1551418009,443.97,51.44605397,7.48851059,261.59,14.93,0.00,149.43,0,-106.00,-10.00,0.00,0.00,36.00,0.00,0,272
33.06,1551418010,458.89,51.44593129,7.48866088,261.79,14.89,0.00,145.97,0,-104.00,-9.00,0.00,0.00,36.00,0.00,0,66
33.06,1551418010,458.89,51.44593129,7.48866088,261.79,14.89,0.00,145.97,0,-106.00,-11.00,0.00,0.00,37.00,0.00,0,67
33.07,1551418010,458.90,51.44593129,7.48866088,261.79,14.89,0.00,145.97,0,-106.00,-10.00,0.00,0.00,36.00,0.00,0,272
34.06,1551418011,473.77,51.44581328,7.48882773,261.80,15.51,0.00,142.56,0,-104.00,-8.00,0.00,0.00,36.00,0.00,0,66
34.06,1551418011,473.78,51.44581328,7.48882773,261.80,15.51,0.00,142.56,0,-105.00,-10.00,0.00,0.00,36.00,0.00,0,272
34.06,1551418011,473.78,51.44581328,7.48882773,261.80,15.51,0.00,142.56,0,-106.00,-11.00,0.00,0.00,36.00,0.00,0,67
35.06,1551418012,489.28,51.44570506,7.48899914,262.32,15.46,0.00,139.16,0,-104.00,-8.00,0.00,0.00,36.00,0.00,0,66
35.06,1551418012,489.30,51.44570506,7.48899914,262.32,15.46,0.00,139.16,0,-105.00,-10.00,0.00,0.00,36.00,0.00,0,272
35.07,1551418012,489.31,51.44570506,7.48899914,262.32,15.46,0.00,139.16,0,-106.00,-11.00,0.00,0.00,36.00,0.00,0,67
36.06,1551418013,504.75,51.44560530,7.48917752,263.10,15.55,0.00,135.84,0,-106.00,-10.00,0.00,0.00,36.00,0.00,0,272
36.06,1551418013,504.76,51.44560530,7.48917752,263.10,15.55,0.00,135.84,0,-106.00,-9.00,0.00,0.00,34.00,0.00,0,66
36.06,1551418013,504.76,51.44560530,7.48917752,263.10,15.55,0.00,135.84,0,-110.00,-13.00,0.00,0.00,35.00,0.00,0,67
37.06,1551418014,520.29,51.44551552,7.48935673,264.06,15.57,0.00,133.35,0,-106.00,-10.00,0.00,0.00,36.00,0.00,0,272
37.06,1551418014,520.31,51.44551552,7.48935673,264.06,15.57,0.00,133.35,0,-106.00,-9.00,0.00,0.00,34.00,0.00,0,66
37.07,1551418014,520.33,51.44551552,7.48935673,264.06,15.57,0.00,133.35,0,-110.00,-13.00,0.00,0.00,35.00,0.00,0,67
38.06,1551418015,535.88,51.44543015,7.48954116,265.03,15.65,0.00,131.47,0,-105.00,-9.00,0.00,0.00,36.00,0.00,0,66
38.06,1551418015,535.88,51.44543015,7.48954116,265.03,15.65,0.00,131.47,0,-105.00,-10.00,0.00,0.00,36.00,0.00,0,272
38.07,1551418015,535.89,51.44543015,7.48954116,265.03,15.65,0.00,131.47,0,-110.00,-12.00,0.00,0.00,33.00,0.00,0,67
39.06,1551418016,551.52,51.44534655,7.48973198,265.90,15.79,0.00,129.87,0,-105.00,-9.00,0.00,0.00,36.00,0.00,0,66
39.06,1551418016,551.52,51.44534655,7.48973198,265.90,15.79,0.00,129.87,0,-105.00,-10.00,0.00,0.00,36.00,0.00,0,272
39.07,1551418016,551.54,51.44534655,7.48973198,265.90,15.79,0.00,129.87,0,-110.00,-12.00,0.00,0.00,33.00,0.00,0,67
42.06,1551418019,598.90,51.44512071,7.49027992,268.80,13.87,0.00,127.29,0,-107.00,-12.00,0.00,0.00,36.00,0.00,0,272
42.06,1551418019,598.92,51.44512071,7.49027992,268.80,13.87,0.00,127.29,0,-110.00,-14.00,0.00,0.00,35.00,0.00,0,67
42.07,1551418019,598.93,51.44512071,7.49027992,268.80,13.87,0.00,127.29,0,-109.00,-13.00,0.00,0.00,35.00,0.00,0,271
43.06,1551418020,612.77,51.44504998,7.49043696,269.63,12.88,0.00,128.79,0,-107.00,-12.00,0.00,0.00,36.00,0.00,0,272
43.06,1551418020,612.78,51.44504998,7.49043696,269.63,12.88,0.00,128.79,0,-110.00,-14.00,0.00,0.00,35.00,0.00,0,67
43.07,1551418020,612.79,51.44504998,7.49043696,269.63,12.88,0.00,128.79,0,-109.00,-13.00,0.00,0.00,35.00,0.00,0,271
44.07,1551418021,625.77,51.44497978,7.49058238,270.25,11.80,0.00,129.95,0,-107.00,-10.00,0.00,0.00,35.00,0.00,0,272
44.07,1551418021,625.78,51.44497978,7.49058238,270.25,11.80,0.00,129.95,0,-111.00,-14.00,0.00,0.00,34.00,0.00,0,271
44.07,1551418021,625.79,51.44497978,7.49058238,270.25,11.80,0.00,129.95,0,-111.00,-13.00,0.00,0.00,33.00,0.00,0,67
45.06,1551418022,637.46,51.44492689,7.49070453,271.13,10.91,0.00,128.07,0,-107.00,-10.00,0.00,0.00,35.00,0.00,0,272
45.06,1551418022,637.47,51.44492689,7.49070453,271.13,10.91,0.00,128.07,0,-111.00,-14.00,0.00,0.00,34.00,0.00,0,271
45.07,1551418022,637.48,51.44492689,7.49070453,271.13,10.91,0.00,128.07,0,-111.00,-13.00,0.00,0.00,33.00,0.00,0,67
46.06,1551418023,648.38,51.44487644,7.49083610,271.94,10.64,0.00,126.24,0,-107.00,-10.00,0.00,0.00,35.00,0.00,0,272
46.06,1551418023,648.39,51.44487644,7.49083610,271.94,10.64,0.00,126.24,0,-111.00,-14.00,0.00,0.00,34.00,0.00,0,271
46.07,1551418023,648.40,51.44487644,7.49083610,271.94,10.64,0.00,126.24,0,-111.00,-13.00,0.00,0.00,33.00,0.00,0,67
47.06,1551418024,659.02,51.44482374,7.49097542,272.39,10.24,0.00,125.49,0,-108.00,-10.00,0.00,0.00,34.00,0.00,0,272
47.06,1551418024,659.03,51.44482374,7.49097542,272.39,10.24,0.00,125.49,0,-112.00,-14.00,0.00,0.00,34.00,0.00,0,271
47.07,1551418024,659.04,51.44482374,7.49097542,272.39,10.24,0.00,125.49,0,-115.00,-16.00,0.00,0.00,32.00,0.00,0,167
48.06,1551418025,669.27,51.44478539,7.49109624,272.87,9.53,0.00,126.63,0,-108.00,-10.00,0.00,0.00,34.00,0.00,0,272
48.06,1551418025,669.27,51.44478539,7.49109624,272.87,9.53,0.00,126.63,0,-112.00,-14.00,0.00,0.00,34.00,0.00,0,271
48.07,1551418025,669.28,51.44478539,7.49109624,272.87,9.53,0.00,126.63,0,-115.00,-16.00,0.00,0.00,32.00,0.00,0,167
49.06,1551418026,678.79,51.44473711,7.49120815,273.11,8.90,0.00,129.30,0,-107.00,-9.00,0.00,0.00,33.00,0.00,0,272
49.06,1551418026,678.79,51.44473711,7.49120815,273.11,8.90,0.00,129.30,0,-113.00,-15.00,0.00,0.00,33.00,0.00,0,271
49.06,1551418026,678.79,51.44473711,7.49120815,273.11,8.90,0.00,129.30,0,-116.00,-15.00,0.00,0.00,31.00,0.00,0,167
50.06,1551418027,687.68,51.44471390,7.49127660,273.38,6.47,0.00,128.82,0,-107.00,-9.00,0.00,0.00,33.00,0.00,0,272
50.06,1551418027,687.69,51.44471390,7.49127660,273.38,6.47,0.00,128.82,0,-113.00,-15.00,0.00,0.00,33.00,0.00,0,271
50.07,1551418027,687.70,51.44471390,7.49127660,273.38,6.47,0.00,128.82,0,-116.00,-15.00,0.00,0.00,31.00,0.00,0,167
51.06,1551418028,694.15,51.44469873,7.49132510,273.39,4.05,0.00,127.51,0,-109.00,-9.00,0.00,0.00,31.00,0.00,0,272
51.06,1551418028,694.15,51.44469873,7.49132510,273.39,4.05,0.00,127.51,0,-114.00,-10.00,0.00,0.00,27.00,0.00,0,288
51.07,1551418028,694.16,51.44469873,7.49132510,273.39,4.05,0.00,127.51,0,-116.00,-15.00,0.00,0.00,31.00,0.00,0,271
52.06,1551418029,698.20,51.44467909,7.49137992,273.38,1.77,0.00,125.34,0,-109.00,-9.00,0.00,0.00,31.00,0.00,0,272
52.06,1551418029,698.20,51.44467909,7.49137992,273.38,1.77,0.00,125.34,0,-114.00,-10.00,0.00,0.00,27.00,0.00,0,288
52.07,1551418029,698.20,51.44467909,7.49137992,273.38,1.77,0.00,125.34,0,-116.00,-15.00,0.00,0.00,31.00,0.00,0,271
53.06,1551418030,699.96,51.44467066,7.49140600,273.37,0.71,0.00,125.34,0,-117.00,-12.00,0.00,0.00,26.00,0.00,0,66
54.06,1551418031,700.67,51.44467066,7.49140600,273.37,0.00,0.00,125.34,0,-117.00,-12.00,0.00,0.00,26.00,0.00,0,66
101.06,1551418078,1205.78,51.44108467,7.48711056,281.18,14.95,0.00,233.02,0,-70.00,-10.00,0.00,0.00,63.00,0.00,0,488
102.06,1551418079,1220.73,51.44100025,7.48693008,281.33,15.35,0.00,233.91,0,-70.00,-10.00,0.00,0.00,63.00,0.00,0,488
133.06,1551418110,1725.17,51.43843257,7.48080668,288.43,17.05,0.00,238.24,0,-94.00,-6.00,0.00,0.00,41.00,0.00,0,270
133.07,1551418110,1725.19,51.43843257,7.48080668,288.43,17.05,0.00,238.24,0,-125.00,-13.00,0.00,0.00,20.00,0.00,0,144
133.07,1551418110,1725.21,51.43843257,7.48080668,288.43,17.05,0.00,238.24,0,-127.00,-13.00,0.00,0.00,19.00,0.00,0,211
133.07,1551418110,1725.21,51.43843257,7.48080668,288.43,17.05,0.00,238.24,0,-129.00,-15.00,0.00,0.00,20.00,0.00,0,227
134.06,1551418111,1742.22,51.43835027,7.48059772,288.11,17.13,0.00,238.27,0,-94.00,-6.00,0.00,0.00,41.00,0.00,0,270
134.06,1551418111,1742.22,51.43835027,7.48059772,288.11,17.13,0.00,238.27,0,-125.00,-13.00,0.00,0.00,20.00,0.00,0,144
134.07,1551418111,1742.24,51.43835027,7.48059772,288.11,17.13,0.00,238.27,0,-127.00,-13.00,0.00,0.00,19.00,0.00,0,211
134.07,1551418111,1742.25,51.43835027,7.48059772,288.11,17.13,0.00,238.27,0,-129.00,-15.00,0.00,0.00,20.00,0.00,0,227
145.06,1551418122,1929.03,51.43755149,7.47817452,287.02,16.81,0.00,241.65,0,-110.00,-10.00,0.00,0.00,31.00,0.00,0,261
145.06,1551418122,1929.05,51.43755149,7.47817452,287.02,16.81,0.00,241.65,0,-110.00,-9.00,0.00,0.00,30.00,0.00,0,205
145.07,1551418122,1929.06,51.43755149,7.47817452,287.02,16.81,0.00,241.65,0,-111.00,-11.00,0.00,0.00,30.00,0.00,0,178
146.06,1551418123,1945.84,51.43748217,7.47796286,286.95,16.35,0.00,241.32,0,-110.00,-10.00,0.00,0.00,31.00,0.00,0,261
146.06,1551418123,1945.86,51.43748217,7.47796286,286.95,16.35,0.00,241.32,0,-110.00,-9.00,0.00,0.00,30.00,0.00,0,205
146.06,1551418123,1945.86,51.43748217,7.47796286,286.95,16.35,0.00,241.32,0,-111.00,-11.00,0.00,0.00,30.00,0.00,0,178
147.06,1551418124,1962.19,51.43741467,7.47775658,286.71,15.82,0.00,241.83,0,-112.00,-11.00,0.00,0.00,30.00,0.00,0,205
147.06,1551418124,1962.19,51.43741467,7.47775658,286.71,15.82,0.00,241.83,0,-112.00,-11.00,0.00,0.00,30.00,0.00,0,261
148.06,1551418125,1978.00,51.43734899,7.47755525,286.68,15.23,0.00,241.48,0,-112.00,-11.00,0.00,0.00,30.00,0.00,0,205
148.06,1551418125,1978.02,51.43734899,7.47755525,286.68,15.23,0.00,241.48,0,-112.00,-11.00,0.00,0.00,30.00,0.00,0,261
149.07,1551418126,1993.34,51.43728803,7.47736347,287.12,14.28,0.00,241.99,0,-111.00,-10.00,0.00,0.00,31.00,0.00,0,261
149.07,1551418126,1993.36,51.43728803,7.47736347,287.12,14.28,0.00,241.99,0,-111.00,-10.00,0.00,0.00,31.00,0.00,0,205
150.06,1551418127,2007.51,51.43723661,7.47717888,287.79,13.67,0.00,243.08,0,-111.00,-10.00,0.00,0.00,31.00,0.00,0,261
150.06,1551418127,2007.52,51.43723661,7.47717888,287.79,13.67,0.00,243.08,0,-111.00,-10.00,0.00,0.00,31.00,0.00,0,205
151.06,1551418128,2021.20,51.43718462,7.47698991,288.18,13.49,0.00,245.71,0,-111.00,-10.00,0.00,0.00,31.00,0.00,0,261
151.06,1551418128,2021.20,51.43718462,7.47698991,288.18,13.49,0.00,245.71,0,-111.00,-10.00,0.00,0.00,31.00,0.00,0,205
152.06,1551418129,2034.67,51.43713877,7.47679666,288.42,12.55,0.00,248.83,0,-113.00,-10.00,0.00,0.00,29.00,0.00,0,261
152.06,1551418129,2034.69,51.43713877,7.47679666,288.42,12.55,0.00,248.83,0,-113.00,-10.00,0.00,0.00,29.00,0.00,0,205
153.06,1551418130,2047.23,51.43712644,7.47660796,288.64,11.79,0.00,265.09,0,-113.00,-10.00,0.00,0.00,29.00,0.00,0,261
153.06,1551418130,2047.24,51.43712644,7.47660796,288.64,11.79,0.00,265.09,0,-113.00,-10.00,0.00,0.00,29.00,0.00,0,205
196.06,1551418173,2837.45,51.44188212,7.48416325,280.51,22.37,0.00,30.14,0,-91.00,-9.00,0.00,0.00,50.00,0.00,0,271
197.06,1551418174,2859.85,51.44206308,7.48431940,280.49,22.63,0.00,28.14,0,-91.00,-9.00,0.00,0.00,50.00,0.00,0,271
198.06,1551418175,2882.50,51.44224972,7.48446987,280.35,22.98,0.00,26.70,0,-87.00,-8.00,0.00,0.00,52.00,0.00,0,271
198.06,1551418175,2882.50,51.44224972,7.48446987,280.35,22.98,0.00,26.70,0,-92.00,-14.00,0.00,0.00,53.00,0.00,0,272
199.06,1551418176,2905.48,51.44243127,7.48461803,280.02,22.83,0.00,26.13,0,-87.00,-8.00,0.00,0.00,52.00,0.00,0,271
199.06,1551418176,2905.48,51.44243127,7.48461803,280.02,22.83,0.00,26.13,0,-92.00,-14.00,0.00,0.00,53.00,0.00,0,272
259.06,1551418236,4127.61,51.44321224,7.47581009,256.72,29.93,0.00,261.50,0,-96.00,-11.00,0.00,0.00,47.00,0.00,0,270
260.06,1551418237,4157.54,51.44316249,7.47537662,256.27,30.57,0.00,259.93,0,-96.00,-11.00,0.00,0.00,47.00,0.00,0,270
261.06,1551418238,4188.10,51.44311315,7.47493861,255.74,31.03,0.00,259.62,0,-92.00,-10.00,0.00,0.00,50.00,0.00,0,270
262.06,1551418239,4219.10,51.44306265,7.47450521,255.09,30.97,0.00,259.26,0,-92.00,-10.00,0.00,0.00,50.00,0.00,0,270
263.06,1551418240,4250.13,51.44301279,7.47407675,254.35,30.73,0.00,259.20,0,-105.00,-7.00,0.00,0.00,34.00,0.00,0,155
263.06,1551418240,4250.16,51.44301279,7.47407675,254.35,30.73,0.00,259.20,0,-108.00,-12.00,0.00,0.00,35.00,0.00,0,195
263.07,1551418240,4250.19,51.44301279,7.47407675,254.35,30.73,0.00,259.20,0,-109.00,-12.00,0.00,0.00,35.00,0.00,0,376
264.06,1551418241,4280.87,51.44296228,7.47364779,253.64,30.33,0.00,258.94,0,-105.00,-7.00,0.00,0.00,34.00,0.00,0,155
264.06,1551418241,4280.87,51.44296228,7.47364779,253.64,30.33,0.00,258.94,0,-108.00,-12.00,0.00,0.00,35.00,0.00,0,195
264.06,1551418241,4280.90,51.44296228,7.47364779,253.64,30.33,0.00,258.94,0,-109.00,-12.00,0.00,0.00,35.00,0.00,0,376
265.06,1551418242,4311.14,51.44290892,7.47323065,252.87,29.97,0.00,258.91,0,-104.00,-8.00,0.00,0.00,36.00,0.00,0,195
266.06,1551418243,4341.14,51.44285717,7.47281413,252.05,29.64,0.00,259.10,0,-104.00,-8.00,0.00,0.00,36.00,0.00,0,195
271.06,1551418248,4493.61,51.44255436,7.47068718,247.46,31.09,0.00,257.18,0,-114.00,-11.00,0.00,0.00,28.00,0.00,0,195
272.06,1551418249,4524.70,51.44249211,7.47025653,246.47,30.74,0.00,257.42,0,-114.00,-11.00,0.00,0.00,28.00,0.00,0,195
273.06,1551418250,4555.41,51.44243070,7.46981527,245.59,31.09,0.00,257.56,0,-112.00,-12.00,0.00,0.00,31.00,0.00,0,195
274.06,1551418251,4586.54,51.44237074,7.46937410,244.47,31.38,0.00,257.55,0,-112.00,-12.00,0.00,0.00,31.00,0.00,0,195
275.07,1551418252,4618.20,51.44231571,7.46893262,243.41,31.85,0.00,258.04,0,-110.00,-12.00,0.00,0.00,33.00,0.00,0,195
275.07,1551418252,4618.23,51.44231571,7.46893262,243.41,31.85,0.00,258.04,0,-111.00,-12.00,0.00,0.00,33.00,0.00,0,270
275.07,1551418252,4618.26,51.44231571,7.46893262,243.41,31.85,0.00,258.04,0,-115.00,-16.00,0.00,0.00,33.00,0.00,0,376
276.06,1551418253,4649.79,51.44226081,7.46848246,242.35,32.24,0.00,258.32,0,-110.00,-12.00,0.00,0.00,33.00,0.00,0,195
276.06,1551418253,4649.82,51.44226081,7.46848246,242.35,32.24,0.00,258.32,0,-111.00,-12.00,0.00,0.00,33.00,0.00,0,270
276.06,1551418253,4649.82,51.44226081,7.46848246,242.35,32.24,0.00,258.32,0,-115.00,-16.00,0.00,0.00,33.00,0.00,0,376
277.06,1551418254,4682.07,51.44220368,7.46801188,241.48,32.75,0.00,258.82,0,-110.00,-12.00,0.00,0.00,33.00,0.00,0,195
277.07,1551418254,4682.10,51.44220368,7.46801188,241.48,32.75,0.00,258.82,0,-111.00,-12.00,0.00,0.00,33.00,0.00,0,270
277.07,1551418254,4682.10,51.44220368,7.46801188,241.48,32.75,0.00,258.82,0,-115.00,-16.00,0.00,0.00,33.00,0.00,0,376
284.06,1551418261,4909.54,51.44184581,7.46476091,236.79,32.87,0.00,261.25,0,-104.00,-13.00,0.00,0.00,34.00,0.00,0,13
285.06,1551418262,4942.41,51.44180476,7.46428606,236.44,33.30,0.00,261.84,0,-104.00,-13.00,0.00,0.00,34.00,0.00,0,13
343.06,1551418320,6921.27,51.44420057,7.43632988,215.67,35.44,0.00,291.88,0,-68.00,-7.00,0.00,0.00,63.00,0.00,0,449
344.06,1551418321,6956.71,51.44432711,7.43586114,214.86,35.45,0.00,291.91,0,-68.00,-7.00,0.00,0.00,63.00,0.00,0,449
345.07,1551418322,6992.27,51.44444776,7.43539517,213.68,35.41,0.00,291.36,0,-80.00,-6.00,0.00,0.00,57.00,0.00,0,375
345.07,1551418322,6992.31,51.44444776,7.43539517,213.68,35.41,0.00,291.36,0,-126.00,-14.00,0.00,0.00,18.00,0.00,0,274
345.07,1551418322,6992.31,51.44444776,7.43539517,213.68,35.41,0.00,291.36,0,-102.00,-11.00,0.00,0.00,37.00,0.00,0,89
345.07,1551418322,6992.34,51.44444776,7.43539517,213.68,35.41,0.00,291.36,0,-105.00,-13.00,0.00,0.00,36.00,0.00,0,308
345.07,1551418322,6992.38,51.44444776,7.43539517,213.68,35.41,0.00,291.36,0,-106.00,-14.00,0.00,0.00,36.00,0.00,0,287
346.07,1551418323,7027.68,51.44457076,7.43493103,212.38,35.21,0.00,292.43,0,-80.00,-6.00,0.00,0.00,57.00,0.00,0,375
346.07,1551418323,7027.68,51.44457076,7.43493103,212.38,35.21,0.00,292.43,0,-126.00,-14.00,0.00,0.00,18.00,0.00,0,274
346.07,1551418323,7027.72,51.44457076,7.43493103,212.38,35.21,0.00,292.43,0,-102.00,-11.00,0.00,0.00,37.00,0.00,0,89
346.07,1551418323,7027.75,51.44457076,7.43493103,212.38,35.21,0.00,292.43,0,-105.00,-13.00,0.00,0.00,36.00,0.00,0,308
346.07,1551418323,7027.79,51.44457076,7.43493103,212.38,35.21,0.00,292.43,0,-106.00,-14.00,0.00,0.00,36.00,0.00,0,287
347.06,1551418324,7062.61,51.44471111,7.43447446,211.30,35.04,0.00,295.38,0,-88.00,-6.00,0.00,0.00,51.00,0.00,0,249
348.06,1551418325,7097.68,51.44485311,7.43401724,210.32,34.75,0.00,295.15,0,-88.00,-6.00,0.00,0.00,51.00,0.00,0,249
364.06,1551418341,7657.67,51.44795996,7.42769982,185.20,34.91,0.00,319.37,0,-88.00,-8.00,0.00,0.00,52.00,0.00,0,49
365.06,1551418342,7692.54,51.44820194,7.42738420,183.76,34.75,0.00,320.78,0,-88.00,-8.00,0.00,0.00,52.00,0.00,0,49
366.06,1551418343,7727.29,51.44845373,7.42707564,182.15,34.43,0.00,322.23,0,-86.00,-10.00,0.00,0.00,52.00,0.00,0,49
367.06,1551418344,7761.72,51.44871155,7.42678043,180.44,34.39,0.00,323.98,0,-86.00,-10.00,0.00,0.00,52.00,0.00,0,49
368.06,1551418345,7796.14,51.44895910,7.42649396,178.92,34.34,0.00,324.90,0,-90.00,-9.00,0.00,0.00,50.00,0.00,0,49
369.06,1551418346,7830.48,51.44921320,7.42622107,177.49,34.61,0.00,326.17,0,-90.00,-9.00,0.00,0.00,50.00,0.00,0,49
370.06,1551418347,7865.06,51.44947330,7.42595533,176.12,34.86,0.00,327.57,0,-94.00,-8.00,0.00,0.00,47.00,0.00,0,49
371.06,1551418348,7899.92,51.44973495,7.42570065,174.84,34.76,0.00,329.07,0,-94.00,-8.00,0.00,0.00,47.00,0.00,0,49
372.06,1551418349,7934.72,51.45000714,7.42545604,174.11,34.82,0.00,330.89,0,-98.00,-9.00,0.00,0.00,44.00,0.00,0,49
373.06,1551418350,7969.50,51.45028573,7.42521845,173.49,34.64,0.00,332.27,0,-98.00,-9.00,0.00,0.00,44.00,0.00,0,49
374.06,1551418351,8004.00,51.45056464,7.42499736,172.80,34.68,0.00,333.63,0,-100.00,-11.00,0.00,0.00,42.00,0.00,0,49
375.06,1551418352,8038.85,51.45085649,7.42477817,172.09,34.99,0.00,335.48,0,-100.00,-11.00,0.00,0.00,42.00,0.00,0,49
376.06,1551418353,8073.88,51.45114906,7.42457389,171.59,35.64,0.00,337.04,0,-102.00,-12.00,0.00,0.00,41.00,0.00,0,49
376.06,1551418353,8073.92,51.45114906,7.42457389,171.59,35.64,0.00,337.04,0,-105.00,-11.00,0.00,0.00,38.00,0.00,0,249
377.06,1551418354,8109.52,51.45143841,7.42438668,170.92,35.78,0.00,338.26,0,-102.00,-12.00,0.00,0.00,41.00,0.00,0,49
377.06,1551418354,8109.56,51.45143841,7.42438668,170.92,35.78,0.00,338.26,0,-105.00,-11.00,0.00,0.00,38.00,0.00,0,249
378.06,1551418355,8145.31,51.45174015,7.42421074,169.87,35.55,0.00,339.79,0,-99.00,-11.00,0.00,0.00,43.00,0.00,0,414
378.06,1551418355,8145.34,51.45174015,7.42421074,169.87,35.55,0.00,339.79,0,-103.00,-12.00,0.00,0.00,41.00,0.00,0,49
378.06,1551418355,8145.34,51.45174015,7.42421074,169.87,35.55,0.00,339.79,0,-104.00,-12.00,0.00,0.00,39.00,0.00,0,97
379.06,1551418356,8180.89,51.45203328,7.42403686,168.53,35.07,0.00,340.41,0,-99.00,-11.00,0.00,0.00,43.00,0.00,0,414
379.06,1551418356,8180.89,51.45203328,7.42403686,168.53,35.07,0.00,340.41,0,-103.00,-12.00,0.00,0.00,41.00,0.00,0,49
379.07,1551418356,8180.93,51.45203328,7.42403686,168.53,35.07,0.00,340.41,0,-104.00,-12.00,0.00,0.00,39.00,0.00,0,97
380.08,1551418357,8216.42,51.45233195,7.42387747,167.46,35.50,0.00,341.23,0,-100.00,-12.00,0.00,0.00,41.00,0.00,0,224
380.08,1551418357,8216.46,51.45233195,7.42387747,167.46,35.50,0.00,341.23,0,-104.00,-13.00,0.00,0.00,41.00,0.00,0,35
380.08,1551418357,8216.49,51.45233195,7.42387747,167.46,35.50,0.00,341.23,0,-102.00,-13.00,0.00,0.00,42.00,0.00,0,49
380.08,1551418357,8216.49,51.45233195,7.42387747,167.46,35.50,0.00,341.23,0,-115.00,-8.00,0.00,0.00,24.00,0.00,0,491
380.08,1551418357,8216.53,51.45233195,7.42387747,167.46,35.50,0.00,341.23,0,-121.00,-11.00,0.00,0.00,21.00,0.00,0,74
380.08,1551418357,8216.56,51.45233195,7.42387747,167.46,35.50,0.00,341.23,0,-90.00,-8.00,0.00,0.00,47.00,0.00,0,287
380.08,1551418357,8216.56,51.45233195,7.42387747,167.46,35.50,0.00,341.23,0,-91.00,-10.00,0.00,0.00,47.00,0.00,0,308
380.08,1551418357,8216.60,51.45233195,7.42387747,167.46,35.50,0.00,341.23,0,-86.00,-6.00,0.00,0.00,45.00,0.00,0,274
380.08,1551418357,8216.63,51.45233195,7.42387747,167.46,35.50,0.00,341.23,0,0.00,0.00,0.00,0.00,63.00,0.00,0,493
381.07,1551418358,8251.56,51.45263812,7.42371513,166.28,35.60,0.00,342.17,0,-100.00,-12.00,0.00,0.00,41.00,0.00,0,224
381.07,1551418358,8251.60,51.45263812,7.42371513,166.28,35.60,0.00,342.17,0,-104.00,-13.00,0.00,0.00,41.00,0.00,0,35
381.07,1551418358,8251.63,51.45263812,7.42371513,166.28,35.60,0.00,342.17,0,-102.00,-13.00,0.00,0.00,42.00,0.00,0,49
381.07,1551418358,8251.63,51.45263812,7.42371513,166.28,35.60,0.00,342.17,0,-115.00,-8.00,0.00,0.00,24.00,0.00,0,491
381.07,1551418358,8251.67,51.45263812,7.42371513,166.28,35.60,0.00,342.17,0,-121.00,-11.00,0.00,0.00,21.00,0.00,0,74
381.07,1551418358,8251.71,51.45263812,7.42371513,166.28,35.60,0.00,342.17,0,-90.00,-8.00,0.00,0.00,47.00,0.00,0,287
381.07,1551418358,8251.71,51.45263812,7.42371513,166.28,35.60,0.00,342.17,0,-91.00,-10.00,0.00,0.00,47.00,0.00,0,308
381.07,1551418358,8251.74,51.45263812,7.42371513,166.28,35.60,0.00,342.17,0,-86.00,-6.00,0.00,0.00,45.00,0.00,0,274
381.07,1551418358,8251.78,51.45263812,7.42371513,166.28,35.60,0.00,342.17,0,0.00,0.00,0.00,0.00,63.00,0.00,0,493
382.07,1551418359,8287.16,51.45294804,7.42356730,164.94,35.79,0.00,343.06,0,-100.00,-12.00,0.00,0.00,41.00,0.00,0,224
382.07,1551418359,8287.16,51.45294804,7.42356730,164.94,35.79,0.00,343.06,0,-104.00,-13.00,0.00,0.00,41.00,0.00,0,35
382.07,1551418359,8287.20,51.45294804,7.42356730,164.94,35.79,0.00,343.06,0,-102.00,-13.00,0.00,0.00,42.00,0.00,0,49
382.07,1551418359,8287.24,51.45294804,7.42356730,164.94,35.79,0.00,343.06,0,-115.00,-8.00,0.00,0.00,24.00,0.00,0,491
382.07,1551418359,8287.24,51.45294804,7.42356730,164.94,35.79,0.00,343.06,0,-121.00,-11.00,0.00,0.00,21.00,0.00,0,74
382.07,1551418359,8287.27,51.45294804,7.42356730,164.94,35.79,0.00,343.06,0,-90.00,-8.00,0.00,0.00,47.00,0.00,0,287
382.07,1551418359,8287.31,51.45294804,7.42356730,164.94,35.79,0.00,343.06,0,-91.00,-10.00,0.00,0.00,47.00,0.00,0,308
382.07,1551418359,8287.31,51.45294804,7.42356730,164.94,35.79,0.00,343.06,0,-86.00,-6.00,0.00,0.00,45.00,0.00,0,274
382.07,1551418359,8287.34,51.45294804,7.42356730,164.94,35.79,0.00,343.06,0,0.00,0.00,0.00,0.00,63.00,0.00,0,493
383.07,1551418360,8322.96,51.45325441,7.42341516,163.57,35.86,0.00,343.92,0,-100.00,-13.00,0.00,0.00,45.00,0.00,0,414
383.07,1551418360,8322.99,51.45325441,7.42341516,163.57,35.86,0.00,343.92,0,-102.00,-13.00,0.00,0.00,43.00,0.00,0,49
383.07,1551418360,8323.03,51.45325441,7.42341516,163.57,35.86,0.00,343.92,0,-103.00,-13.00,0.00,0.00,42.00,0.00,0,35
383.07,1551418360,8323.06,51.45325441,7.42341516,163.57,35.86,0.00,343.92,0,-111.00,-7.00,0.00,0.00,27.00,0.00,0,491
383.07,1551418360,8323.06,51.45325441,7.42341516,163.57,35.86,0.00,343.92,0,-114.00,-7.00,0.00,0.00,25.00,0.00,0,74
383.07,1551418360,8323.10,51.45325441,7.42341516,163.57,35.86,0.00,343.92,0,-85.00,-7.00,0.00,0.00,49.00,0.00,0,287
383.07,1551418360,8323.14,51.45325441,7.42341516,163.57,35.86,0.00,343.92,0,-89.00,-8.00,0.00,0.00,44.00,0.00,0,274
383.07,1551418360,8323.14,51.45325441,7.42341516,163.57,35.86,0.00,343.92,0,-93.00,-10.00,0.00,0.00,43.00,0.00,0,13
383.07,1551418360,8323.17,51.45325441,7.42341516,163.57,35.86,0.00,343.92,0,-94.00,-13.00,0.00,0.00,44.00,0.00,0,335
383.07,1551418360,8323.21,51.45325441,7.42341516,163.57,35.86,0.00,343.92,0,0.00,0.00,0.00,0.00,63.00,0.00,0,207
384.07,1551418361,8358.85,51.45355531,7.42326737,162.30,35.63,0.00,344.00,0,-100.00,-13.00,0.00,0.00,45.00,0.00,0,414
384.07,1551418361,8358.89,51.45355531,7.42326737,162.30,35.63,0.00,344.00,0,-102.00,-13.00,0.00,0.00,43.00,0.00,0,49
384.07,1551418361,8358.93,51.45355531,7.42326737,162.30,35.63,0.00,344.00,0,-103.00,-13.00,0.00,0.00,42.00,0.00,0,35
384.07,1551418361,8358.96,51.45355531,7.42326737,162.30,35.63,0.00,344.00,0,-111.00,-7.00,0.00,0.00,27.00,0.00,0,491
384.07,1551418361,8359.00,51.45355531,7.42326737,162.30,35.63,0.00,344.00,0,-114.00,-7.00,0.00,0.00,25.00,0.00,0,74
384.07,1551418361,8359.03,51.45355531,7.42326737,162.30,35.63,0.00,344.00,0,-85.00,-7.00,0.00,0.00,49.00,0.00,0,287
384.07,1551418361,8359.07,51.45355531,7.42326737,162.30,35.63,0.00,344.00,0,-89.00,-8.00,0.00,0.00,44.00,0.00,0,274
384.07,1551418361,8359.07,51.45355531,7.42326737,162.30,35.63,0.00,344.00,0,-93.00,-10.00,0.00,0.00,43.00,0.00,0,13
384.08,1551418361,8359.10,51.45355531,7.42326737,162.30,35.63,0.00,344.00,0,-94.00,-13.00,0.00,0.00,44.00,0.00,0,335
384.08,1551418361,8359.10,51.45355531,7.42326737,162.30,35.63,0.00,344.00,0,0.00,0.00,0.00,0.00,63.00,0.00,0,207
387.06,1551418364,8464.24,51.45445663,7.42284060,159.27,34.28,0.00,343.66,0,-100.00,-12.00,0.00,0.00,44.00,0.00,0,414
387.06,1551418364,8464.27,51.45445663,7.42284060,159.27,34.28,0.00,343.66,0,-102.00,-14.00,0.00,0.00,44.00,0.00,0,35
387.06,1551418364,8464.27,51.45445663,7.42284060,159.27,34.28,0.00,343.66,0,-104.00,-13.00,0.00,0.00,42.00,0.00,0,224
388.06,1551418365,8498.51,51.45474631,7.42270480,158.44,34.15,0.00,343.28,0,-100.00,-12.00,0.00,0.00,44.00,0.00,0,414
388.06,1551418365,8498.55,51.45474631,7.42270480,158.44,34.15,0.00,343.28,0,-102.00,-14.00,0.00,0.00,44.00,0.00,0,35
388.06,1551418365,8498.55,51.45474631,7.42270480,158.44,34.15,0.00,343.28,0,-104.00,-13.00,0.00,0.00,42.00,0.00,0,224
389.06,1551418366,8532.70,51.45503730,7.42256954,157.74,34.12,0.00,342.97,0,-102.00,-13.00,0.00,0.00,43.00,0.00,0,249
389.06,1551418366,8532.70,51.45503730,7.42256954,157.74,34.12,0.00,342.97,0,-99.00,-12.00,0.00,0.00,45.00,0.00,0,414
389.07,1551418366,8532.74,51.45503730,7.42256954,157.74,34.12,0.00,342.97,0,-103.00,-13.00,0.00,0.00,41.00,0.00,0,97
389.07,1551418366,8532.77,51.45503730,7.42256954,157.74,34.12,0.00,342.97,0,-106.00,-6.00,0.00,0.00,32.00,0.00,0,491
390.06,1551418367,8566.83,51.45533978,7.42242451,157.03,34.40,0.00,342.30,0,-102.00,-13.00,0.00,0.00,43.00,0.00,0,249
390.06,1551418367,8566.83,51.45533978,7.42242451,157.03,34.40,0.00,342.30,0,-99.00,-12.00,0.00,0.00,45.00,0.00,0,414
390.07,1551418367,8566.86,51.45533978,7.42242451,157.03,34.40,0.00,342.30,0,-103.00,-13.00,0.00,0.00,41.00,0.00,0,97
390.07,1551418367,8566.89,51.45533978,7.42242451,157.03,34.40,0.00,342.30,0,-106.00,-6.00,0.00,0.00,32.00,0.00,0,491
395.06,1551418372,8737.04,51.45679026,7.42163183,154.41,33.17,0.00,338.43,0,-98.00,-14.00,0.00,0.00,47.00,0.00,0,35
395.06,1551418372,8737.07,51.45679026,7.42163183,154.41,33.17,0.00,338.43,0,-100.00,-16.00,0.00,0.00,47.00,0.00,0,375
395.07,1551418372,8737.10,51.45679026,7.42163183,154.41,33.17,0.00,338.43,0,-96.00,-10.00,0.00,0.00,46.00,0.00,0,249
396.06,1551418373,8770.25,51.45707116,7.42145698,153.80,33.57,0.00,337.48,0,-98.00,-14.00,0.00,0.00,47.00,0.00,0,35
396.07,1551418373,8770.28,51.45707116,7.42145698,153.80,33.57,0.00,337.48,0,-100.00,-16.00,0.00,0.00,47.00,0.00,0,375
396.07,1551418373,8770.28,51.45707116,7.42145698,153.80,33.57,0.00,337.48,0,-96.00,-10.00,0.00,0.00,46.00,0.00,0,249
399.06,1551418376,8870.61,51.45788547,7.42087018,152.46,32.84,0.00,334.13,0,-90.00,-10.00,0.00,0.00,52.00,0.00,0,375
399.07,1551418376,8870.64,51.45788547,7.42087018,152.46,32.84,0.00,334.13,0,-93.00,-12.00,0.00,0.00,51.00,0.00,0,35
399.07,1551418376,8870.64,51.45788547,7.42087018,152.46,32.84,0.00,334.13,0,-90.00,-9.00,0.00,0.00,48.00,0.00,0,209
399.07,1551418376,8870.67,51.45788547,7.42087018,152.46,32.84,0.00,334.13,0,-91.00,-10.00,0.00,0.00,49.00,0.00,0,270
400.06,1551418377,8903.45,51.45814721,7.42066152,152.22,32.82,0.00,333.44,0,-90.00,-10.00,0.00,0.00,52.00,0.00,0,375
400.07,1551418377,8903.48,51.45814721,7.42066152,152.22,32.82,0.00,333.44,0,-93.00,-12.00,0.00,0.00,51.00,0.00,0,35
400.07,1551418377,8903.52,51.45814721,7.42066152,152.22,32.82,0.00,333.44,0,-90.00,-9.00,0.00,0.00,48.00,0.00,0,209
400.07,1551418377,8903.52,51.45814721,7.42066152,152.22,32.82,0.00,333.44,0,-91.00,-10.00,0.00,0.00,49.00,0.00,0,270
404.06,1551418381,9034.20,51.45918843,7.41976146,152.66,31.64,0.00,329.69,0,-88.00,-10.00,0.00,0.00,54.00,0.00,0,370
404.06,1551418381,9034.23,51.45918843,7.41976146,152.66,31.64,0.00,329.69,0,-87.00,-11.00,0.00,0.00,53.00,0.00,0,114
404.07,1551418381,9034.26,51.45918843,7.41976146,152.66,31.64,0.00,329.69,0,-87.00,-10.00,0.00,0.00,52.00,0.00,0,209
405.06,1551418382,9065.87,51.45943995,7.41953322,153.10,31.47,0.00,329.63,0,-88.00,-10.00,0.00,0.00,54.00,0.00,0,370
405.06,1551418382,9065.87,51.45943995,7.41953322,153.10,31.47,0.00,329.63,0,-87.00,-11.00,0.00,0.00,53.00,0.00,0,114
405.07,1551418382,9065.90,51.45943995,7.41953322,153.10,31.47,0.00,329.63,0,-87.00,-10.00,0.00,0.00,52.00,0.00,0,209
406.06,1551418383,9097.33,51.45968883,7.41928905,153.62,31.93,0.00,328.29,0,-84.00,-9.00,0.00,0.00,58.00,0.00,0,370
406.07,1551418383,9097.37,51.45968883,7.41928905,153.62,31.93,0.00,328.29,0,-86.00,-12.00,0.00,0.00,57.00,0.00,0,375
406.07,1551418383,9097.40,51.45968883,7.41928905,153.62,31.93,0.00,328.29,0,-84.00,-9.00,0.00,0.00,55.00,0.00,0,209
406.07,1551418383,9097.40,51.45968883,7.41928905,153.62,31.93,0.00,328.29,0,-84.00,-10.00,0.00,0.00,55.00,0.00,0,114
407.06,1551418384,9129.26,51.45992304,7.41905435,153.63,31.84,0.00,327.03,0,-84.00,-9.00,0.00,0.00,58.00,0.00,0,370
407.07,1551418384,9129.29,51.45992304,7.41905435,153.63,31.84,0.00,327.03,0,-86.00,-12.00,0.00,0.00,57.00,0.00,0,375
407.07,1551418384,9129.33,51.45992304,7.41905435,153.63,31.84,0.00,327.03,0,-84.00,-9.00,0.00,0.00,55.00,0.00,0,209
407.07,1551418384,9129.33,51.45992304,7.41905435,153.63,31.84,0.00,327.03,0,-84.00,-10.00,0.00,0.00,55.00,0.00,0,114
412.06,1551418389,9290.62,51.46110997,7.41773208,152.51,33.11,0.00,322.89,0,-82.00,-9.00,0.00,0.00,58.00,0.00,0,375
412.06,1551418389,9290.62,51.46110997,7.41773208,152.51,33.11,0.00,322.89,0,-87.00,-13.00,0.00,0.00,57.00,0.00,0,370
412.07,1551418389,9290.66,51.46110997,7.41773208,152.51,33.11,0.00,322.89,0,-81.00,-8.00,0.00,0.00,57.00,0.00,0,209
412.07,1551418389,9290.69,51.46110997,7.41773208,152.51,33.11,0.00,322.89,0,-85.00,-11.00,0.00,0.00,57.00,0.00,0,114
413.06,1551418390,9323.70,51.46134723,7.41743575,152.24,33.20,0.00,321.98,0,-82.00,-9.00,0.00,0.00,58.00,0.00,0,375
413.06,1551418390,9323.73,51.46134723,7.41743575,152.24,33.20,0.00,321.98,0,-87.00,-13.00,0.00,0.00,57.00,0.00,0,370
413.07,1551418390,9323.76,51.46134723,7.41743575,152.24,33.20,0.00,321.98,0,-81.00,-8.00,0.00,0.00,57.00,0.00,0,209
413.07,1551418390,9323.80,51.46134723,7.41743575,152.24,33.20,0.00,321.98,0,-85.00,-11.00,0.00,0.00,57.00,0.00,0,114
414.06,1551418391,9356.86,51.46157934,7.41713027,152.18,33.85,0.00,320.68,0,-82.00,-11.00,0.00,0.00,59.00,0.00,0,209
415.06,1551418392,9390.71,51.46181546,7.41682027,152.06,33.95,0.00,319.78,0,-82.00,-11.00,0.00,0.00,59.00,0.00,0,209
420.08,1551418397,9559.92,51.46292156,7.41516085,152.49,32.75,0.00,314.91,0,-89.00,-14.00,0.00,0.00,57.00,0.00,0,375
420.08,1551418397,9559.95,51.46292156,7.41516085,152.49,32.75,0.00,314.91,0,-90.00,-15.00,0.00,0.00,57.00,0.00,0,370
420.08,1551418397,9559.95,51.46292156,7.41516085,152.49,32.75,0.00,314.91,0,-87.00,-13.00,0.00,0.00,55.00,0.00,0,209
421.06,1551418398,9592.08,51.46312815,7.41482135,152.24,32.61,0.00,314.02,0,-89.00,-14.00,0.00,0.00,57.00,0.00,0,375
421.06,1551418398,9592.11,51.46312815,7.41482135,152.24,32.61,0.00,314.02,0,-90.00,-15.00,0.00,0.00,57.00,0.00,0,370
421.06,1551418398,9592.11,51.46312815,7.41482135,152.24,32.61,0.00,314.02,0,-87.00,-13.00,0.00,0.00,55.00,0.00,0,209
422.07,1551418399,9624.85,51.46333826,7.41447854,151.64,32.68,0.00,313.10,0,-89.00,-14.00,0.00,0.00,57.00,0.00,0,375
422.07,1551418399,9624.89,51.46333826,7.41447854,151.64,32.68,0.00,313.10,0,-90.00,-15.00,0.00,0.00,57.00,0.00,0,370
422.07,1551418399,9624.92,51.46333826,7.41447854,151.64,32.68,0.00,313.10,0,-87.00,-13.00,0.00,0.00,55.00,0.00,0,209
431.06,1551418408,9912.83,51.46499847,7.41131998,150.01,32.15,0.00,308.28,0,-91.00,-9.00,0.00,0.00,49.00,0.00,0,33
431.06,1551418408,9912.86,51.46499847,7.41131998,150.01,32.15,0.00,308.28,0,-93.00,-10.00,0.00,0.00,46.00,0.00,0,271
431.07,1551418408,9912.89,51.46499847,7.41131998,150.01,32.15,0.00,308.28,0,-97.00,-13.00,0.00,0.00,45.00,0.00,0,209
432.06,1551418409,9945.00,51.46518076,7.41095238,150.16,32.01,0.00,308.45,0,-91.00,-9.00,0.00,0.00,49.00,0.00,0,33
432.06,1551418409,9945.00,51.46518076,7.41095238,150.16,32.01,0.00,308.45,0,-93.00,-10.00,0.00,0.00,46.00,0.00,0,271
432.07,1551418409,9945.04,51.46518076,7.41095238,150.16,32.01,0.00,308.45,0,-97.00,-13.00,0.00,0.00,45.00,0.00,0,209
433.06,1551418410,9976.95,51.46535787,7.41059400,150.46,31.83,0.00,308.19,0,-99.00,-12.00,0.00,0.00,41.00,0.00,0,270
433.06,1551418410,9976.98,51.46535787,7.41059400,150.46,31.83,0.00,308.19,0,-102.00,-15.00,0.00,0.00,41.00,0.00,0,209
434.06,1551418411,10008.78,51.46552945,7.41023619,150.84,31.94,0.00,308.02,0,-99.00,-12.00,0.00,0.00,41.00,0.00,0,270
434.06,1551418411,10008.81,51.46552945,7.41023619,150.84,31.94,0.00,308.02,0,-102.00,-15.00,0.00,0.00,41.00,0.00,0,209
435.06,1551418412,10040.73,51.46570325,7.40987475,151.27,32.03,0.00,307.91,0,-98.00,-10.00,0.00,0.00,44.00,0.00,0,97
436.06,1551418413,10072.76,51.46588201,7.40950509,151.57,32.19,0.00,307.90,0,-98.00,-10.00,0.00,0.00,44.00,0.00,0,97
450.06,1551418427,10520.19,51.46843121,7.40457597,156.13,28.97,0.00,311.59,0,-88.00,-12.00,0.00,0.00,56.00,0.00,0,49
451.06,1551418428,10549.16,51.46860595,7.40426275,156.33,29.13,0.00,312.12,0,-88.00,-12.00,0.00,0.00,56.00,0.00,0,49
452.06,1551418429,10578.33,51.46878100,7.40394727,156.91,29.45,0.00,312.72,0,-83.00,-10.00,0.00,0.00,56.00,0.00,0,49
453.06,1551418430,10607.75,51.46895964,7.40363702,157.19,29.33,0.00,312.79,0,-83.00,-10.00,0.00,0.00,56.00,0.00,0,49
454.06,1551418431,10637.11,51.46913313,7.40334077,157.33,28.26,0.00,312.96,0,-91.00,-9.00,0.00,0.00,54.00,0.00,0,33
455.06,1551418432,10665.34,51.46930710,7.40305886,157.59,27.48,0.00,312.14,0,-91.00,-9.00,0.00,0.00,54.00,0.00,0,33
458.06,1551418435,10743.57,51.46977895,7.40227814,158.94,24.44,0.00,314.09,0,-89.00,-10.00,0.00,0.00,49.00,0.00,0,286
459.06,1551418436,10767.99,51.46992944,7.40203752,159.26,24.05,0.00,315.66,0,-89.00,-10.00,0.00,0.00,49.00,0.00,0,286
465.06,1551418442,10900.93,51.47081924,7.40074050,161.06,20.45,0.00,316.56,0,-92.00,-11.00,0.00,0.00,49.00,0.00,0,286
465.06,1551418442,10900.95,51.47081924,7.40074050,161.06,20.45,0.00,316.56,0,-93.00,-13.00,0.00,0.00,49.00,0.00,0,307
466.06,1551418443,10921.40,51.47095010,7.40053760,161.64,20.52,0.00,316.45,0,-92.00,-11.00,0.00,0.00,49.00,0.00,0,286
466.06,1551418443,10921.40,51.47095010,7.40053760,161.64,20.52,0.00,316.45,0,-93.00,-13.00,0.00,0.00,49.00,0.00,0,307
467.06,1551418444,10941.88,51.47108803,7.40034031,162.05,20.65,0.00,318.36,0,-93.00,-13.00,0.00,0.00,49.00,0.00,0,307
468.06,1551418445,10962.56,51.47122156,7.40013977,162.39,20.99,0.00,316.65,0,-93.00,-13.00,0.00,0.00,49.00,0.00,0,307
469.06,1551418446,10983.57,51.46833490,7.40117920,162.34,21.25,0.00,316.74,0,-91.00,-12.00,0.00,0.00,50.00,0.00,0,307
470.06,1551418447,11004.78,51.47150151,7.39971750,162.55,20.97,0.00,316.51,0,-91.00,-12.00,0.00,0.00,50.00,0.00,0,307
471.06,1551418448,11025.77,51.47164169,7.39951883,162.32,20.70,0.00,317.74,0,-89.00,-12.00,0.00,0.00,51.00,0.00,0,307
472.06,1551418449,11046.45,51.47177394,7.39933498,162.22,20.32,0.00,318.85,0,-89.00,-12.00,0.00,0.00,51.00,0.00,0,307
473.06,1551418450,11066.79,51.47190631,7.39914635,162.45,19.63,0.00,318.67,0,-93.00,-11.00,0.00,0.00,50.00,0.00,0,375
474.06,1551418451,11086.41,51.47203853,7.39896415,162.28,19.29,0.00,318.65,0,-93.00,-11.00,0.00,0.00,50.00,0.00,0,375
475.06,1551418452,11105.70,51.47217005,7.39878096,161.98,18.97,0.00,319.05,0,-94.00,-10.00,0.00,0.00,47.00,0.00,0,375
476.06,1551418453,11124.67,51.47229745,7.39860262,161.79,18.78,0.00,319.20,0,-94.00,-10.00,0.00,0.00,47.00,0.00,0,375
481.06,1551418458,11219.61,51.47294056,7.39770661,163.93,18.94,0.00,319.59,0,-94.00,-9.00,0.00,0.00,47.00,0.00,0,375
482.06,1551418459,11238.55,51.47307469,7.39752606,164.20,18.82,0.00,319.99,0,-94.00,-9.00,0.00,0.00,47.00,0.00,0,375
483.07,1551418460,11257.53,51.47320236,7.39735466,164.58,18.92,0.00,320.09,0,-93.00,-7.00,0.00,0.00,46.00,0.00,0,375
484.06,1551418461,11276.28,51.47333511,7.39717558,164.72,19.58,0.00,320.43,0,-93.00,-7.00,0.00,0.00,46.00,0.00,0,375
485.06,1551418462,11295.86,51.47347289,7.39699573,165.19,19.94,0.00,321.21,0,-93.00,-7.00,0.00,0.00,46.00,0.00,0,375
488.06,1551418465,11357.22,51.47390667,7.39644782,165.64,21.19,0.00,322.22,0,-91.00,-9.00,0.00,0.00,50.00,0.00,0,375
489.06,1551418466,11378.44,51.46831560,7.39104690,165.81,21.81,0.00,322.45,0,-91.00,-9.00,0.00,0.00,50.00,0.00,0,375
490.06,1551418467,11400.25,51.47422666,7.39605857,166.15,22.15,0.00,322.73,0,-89.00,-6.00,0.00,0.00,50.00,0.00,0,375
491.06,1551418468,11422.40,51.47438558,7.39587469,166.69,22.08,0.00,323.82,0,-89.00,-6.00,0.00,0.00,50.00,0.00,0,375
492.06,1551418469,11444.48,51.47455184,7.39568135,167.33,21.96,0.00,323.76,0,-85.00,-5.00,0.00,0.00,52.00,0.00,0,375
493.06,1551418470,11466.45,51.47471909,7.39548097,167.90,22.42,0.00,324.67,0,-85.00,-5.00,0.00,0.00,52.00,0.00,0,375
494.06,1551418471,11488.87,51.47487804,7.39530548,168.61,22.19,0.00,325.94,0,-90.00,-9.00,0.00,0.00,51.00,0.00,0,375
495.06,1551418472,11511.04,51.47504746,7.39513155,169.12,22.20,0.00,327.42,0,-90.00,-9.00,0.00,0.00,51.00,0.00,0,375
500.06,1551418477,11624.64,51.47591856,7.39427346,170.60,23.59,0.00,329.51,0,-80.00,-13.00,0.00,0.00,62.00,0.00,0,307
501.06,1551418478,11648.22,51.47610402,7.39411416,170.79,23.94,0.00,332.42,0,-80.00,-13.00,0.00,0.00,62.00,0.00,0,307
502.06,1551418479,11672.18,51.47629621,7.39394325,171.21,23.33,0.00,332.41,0,-83.00,-9.00,0.00,0.00,58.00,0.00,0,48
502.06,1551418479,11672.18,51.47629621,7.39394325,171.21,23.33,0.00,332.41,0,-76.00,-12.00,0.00,0.00,63.00,0.00,0,307
503.06,1551418480,11695.51,51.47648876,7.39378733,171.78,22.72,0.00,333.56,0,-83.00,-9.00,0.00,0.00,58.00,0.00,0,48
503.06,1551418480,11695.53,51.47648876,7.39378733,171.78,22.72,0.00,333.56,0,-76.00,-12.00,0.00,0.00,63.00,0.00,0,307
504.07,1551418481,11718.39,51.47667556,7.39364508,172.35,22.32,0.00,334.81,0,-80.00,-11.00,0.00,0.00,62.00,0.00,0,48
504.07,1551418481,11718.41,51.47667556,7.39364508,172.35,22.32,0.00,334.81,0,-67.00,-12.00,0.00,0.00,63.00,0.00,0,307
505.06,1551418482,11740.55,51.47685900,7.39350934,173.07,22.61,0.00,336.00,0,-80.00,-11.00,0.00,0.00,62.00,0.00,0,48
505.06,1551418482,11740.55,51.47685900,7.39350934,173.07,22.61,0.00,336.00,0,-67.00,-12.00,0.00,0.00,63.00,0.00,0,307
506.06,1551418483,11763.14,51.47704253,7.39337653,173.61,22.41,0.00,336.23,0,-80.00,-11.00,0.00,0.00,62.00,0.00,0,48
506.06,1551418483,11763.16,51.47704253,7.39337653,173.61,22.41,0.00,336.23,0,-67.00,-12.00,0.00,0.00,63.00,0.00,0,307
507.06,1551418484,11785.55,51.47721960,7.39325860,174.06,21.77,0.00,338.47,0,-89.00,-10.00,0.00,0.00,53.00,0.00,0,48
507.06,1551418484,11785.57,51.47721960,7.39325860,174.06,21.77,0.00,338.47,0,-75.00,-11.00,0.00,0.00,63.00,0.00,0,307
508.06,1551418485,11807.34,51.47739327,7.39316691,174.73,20.33,0.00,342.21,0,-89.00,-10.00,0.00,0.00,53.00,0.00,0,48
508.06,1551418485,11807.36,51.47739327,7.39316691,174.73,20.33,0.00,342.21,0,-75.00,-11.00,0.00,0.00,63.00,0.00,0,307
509.06,1551418486,11827.63,51.48093370,7.40031670,175.27,19.37,0.00,346.54,0,-83.00,-8.00,0.00,0.00,57.00,0.00,0,48
509.06,1551418486,11827.65,51.48093370,7.40031670,175.27,19.37,0.00,346.54,0,-71.00,-7.00,0.00,0.00,63.00,0.00,0,307
510.06,1551418487,11847.02,51.47773495,7.39304448,175.52,18.90,0.00,348.77,0,-83.00,-8.00,0.00,0.00,57.00,0.00,0,48
510.06,1551418487,11847.03,51.47773495,7.39304448,175.52,18.90,0.00,348.77,0,-71.00,-7.00,0.00,0.00,63.00,0.00,0,307
513.06,1551418490,11903.81,51.47825510,7.39308169,176.96,19.34,0.00,7.92,0,-70.00,-8.00,0.00,0.00,63.00,0.00,0,308
514.06,1551418491,11923.15,51.47842296,7.39314311,177.40,19.04,0.00,12.02,0,-70.00,-8.00,0.00,0.00,63.00,0.00,0,308
525.07,1551418502,12095.89,51.47977443,7.39357588,183.10,13.23,0.00,335.24,0,-92.00,-10.00,0.00,0.00,49.00,0.00,0,48
526.06,1551418503,12109.02,51.47988175,7.39349560,183.86,11.87,0.00,336.16,0,-92.00,-10.00,0.00,0.00,49.00,0.00,0,48
527.06,1551418504,12120.88,51.47998160,7.39343178,184.45,10.93,0.00,339.64,0,-92.00,-10.00,0.00,0.00,49.00,0.00,0,48
528.06,1551418505,12131.81,51.48008605,7.39343272,184.98,10.42,0.00,0.61,0,-89.00,-6.00,0.00,0.00,48.00,0.00,0,48
529.06,1551418506,12142.24,51.48168810,7.39882910,185.36,10.57,0.00,21.22,0,-89.00,-6.00,0.00,0.00,48.00,0.00,0,48
549.06,1551418526,12436.83,51.47992390,7.39540410,183.52,13.85,0.00,57.77,0,-88.00,-7.00,0.00,0.00,52.00,0.00,0,157
550.06,1551418527,12450.74,51.48166493,7.39723645,183.14,13.56,0.00,57.22,0,-88.00,-7.00,0.00,0.00,52.00,0.00,0,157
567.07,1551418544,12628.23,51.48276838,7.39904612,181.51,8.97,0.00,36.79,0,-95.00,-8.00,0.00,0.00,45.00,0.00,0,223
568.06,1551418545,12637.13,51.48284233,7.39913096,181.61,9.51,0.00,36.27,0,-95.00,-8.00,0.00,0.00,45.00,0.00,0,223
569.07,1551418546,12646.68,51.48291726,7.39921638,182.10,10.08,0.00,36.43,0,-95.00,-8.00,0.00,0.00,45.00,0.00,0,223
570.06,1551418547,12656.70,51.48299967,7.39931008,182.71,12.13,0.00,35.52,0,-91.00,-8.00,0.00,0.00,48.00,0.00,0,223
571.06,1551418548,12668.85,51.48309247,7.39941089,183.04,13.05,0.00,34.92,0,-91.00,-8.00,0.00,0.00,48.00,0.00,0,223
572.06,1551418549,12681.90,51.48319839,7.39952150,183.24,14.03,0.00,34.38,0,-91.00,-8.00,0.00,0.00,48.00,0.00,0,223
573.06,1551418550,12695.92,51.48330441,7.39962892,183.35,14.43,0.00,34.00,0,-91.00,-8.00,0.00,0.00,48.00,0.00,0,223
578.06,1551418555,12765.07,51.48381518,7.40018300,186.01,13.22,0.00,36.00,0,-97.00,-9.00,0.00,0.00,44.00,0.00,0,223
578.06,1551418555,12765.07,51.48381518,7.40018300,186.01,13.22,0.00,36.00,0,-103.00,-15.00,0.00,0.00,44.00,0.00,0,128
579.06,1551418556,12778.29,51.48391692,7.40030000,185.94,13.10,0.00,36.95,0,-97.00,-9.00,0.00,0.00,44.00,0.00,0,223
579.06,1551418556,12778.30,51.48391692,7.40030000,185.94,13.10,0.00,36.95,0,-103.00,-15.00,0.00,0.00,44.00,0.00,0,128
580.06,1551418557,12791.38,51.48401383,7.40041976,185.77,12.76,0.00,37.60,0,-95.00,-8.00,0.00,0.00,44.00,0.00,0,223
580.06,1551418557,12791.39,51.48401383,7.40041976,185.77,12.76,0.00,37.60,0,-103.00,-13.00,0.00,0.00,42.00,0.00,0,128
581.06,1551418558,12804.15,51.48410024,7.40052958,185.75,12.58,0.00,38.50,0,-95.00,-8.00,0.00,0.00,44.00,0.00,0,223
581.06,1551418558,12804.16,51.48410024,7.40052958,185.75,12.58,0.00,38.50,0,-103.00,-13.00,0.00,0.00,42.00,0.00,0,128
582.06,1551418559,12816.74,51.48419343,7.40065199,185.55,12.77,0.00,39.50,0,-97.00,-7.00,0.00,0.00,41.00,0.00,0,48
582.06,1551418559,12816.75,51.48419343,7.40065199,185.55,12.77,0.00,39.50,0,-103.00,-12.00,0.00,0.00,40.00,0.00,0,128
583.06,1551418560,12829.50,51.48428307,7.40077163,185.37,12.20,0.00,40.16,0,-97.00,-7.00,0.00,0.00,41.00,0.00,0,48
583.06,1551418560,12829.51,51.48428307,7.40077163,185.37,12.20,0.00,40.16,0,-103.00,-12.00,0.00,0.00,40.00,0.00,0,128
584.06,1551418561,12841.71,51.48437044,7.40089134,185.16,12.46,0.00,40.65,0,-98.00,-8.00,0.00,0.00,40.00,0.00,0,48
584.06,1551418561,12841.71,51.48437044,7.40089134,185.16,12.46,0.00,40.65,0,-101.00,-11.00,0.00,0.00,40.00,0.00,0,128
585.06,1551418562,12854.16,51.48445085,7.40100503,185.04,12.60,0.00,41.11,0,-98.00,-8.00,0.00,0.00,40.00,0.00,0,48
585.06,1551418562,12854.17,51.48445085,7.40100503,185.04,12.60,0.00,41.11,0,-101.00,-11.00,0.00,0.00,40.00,0.00,0,128
586.06,1551418563,12866.77,51.48452132,7.40111344,184.86,12.19,0.00,42.08,0,-98.00,-9.00,0.00,0.00,42.00,0.00,0,167
586.06,1551418563,12866.78,51.48452132,7.40111344,184.86,12.19,0.00,42.08,0,-99.00,-8.00,0.00,0.00,40.00,0.00,0,48
586.07,1551418563,12866.79,51.48452132,7.40111344,184.86,12.19,0.00,42.08,0,-103.00,-12.00,0.00,0.00,40.00,0.00,0,128
587.06,1551418564,12878.97,51.48460196,7.40122661,184.38,12.23,0.00,42.56,0,-98.00,-9.00,0.00,0.00,42.00,0.00,0,167
587.06,1551418564,12878.97,51.48460196,7.40122661,184.38,12.23,0.00,42.56,0,-99.00,-8.00,0.00,0.00,40.00,0.00,0,48
587.07,1551418564,12878.98,51.48460196,7.40122661,184.38,12.23,0.00,42.56,0,-103.00,-12.00,0.00,0.00,40.00,0.00,0,128
588.07,1551418565,12891.31,51.48468443,7.40135594,184.04,12.23,0.00,43.47,0,-100.00,-8.00,0.00,0.00,40.00,0.00,0,48
588.07,1551418565,12891.32,51.48468443,7.40135594,184.04,12.23,0.00,43.47,0,-102.00,-10.00,0.00,0.00,40.00,0.00,0,167
588.08,1551418565,12891.33,51.48468443,7.40135594,184.04,12.23,0.00,43.47,0,-105.00,-12.00,0.00,0.00,39.00,0.00,0,128
589.07,1551418566,12903.44,51.48476436,7.40148111,183.48,11.95,0.00,42.78,0,-100.00,-8.00,0.00,0.00,40.00,0.00,0,48
589.07,1551418566,12903.45,51.48476436,7.40148111,183.48,11.95,0.00,42.78,0,-102.00,-10.00,0.00,0.00,40.00,0.00,0,167
589.07,1551418566,12903.46,51.48476436,7.40148111,183.48,11.95,0.00,42.78,0,-105.00,-12.00,0.00,0.00,39.00,0.00,0,128
590.06,1551418567,12915.38,51.48483454,7.40159056,183.43,11.89,0.00,41.48,0,-100.00,-8.00,0.00,0.00,40.00,0.00,0,48
590.06,1551418567,12915.38,51.48483454,7.40159056,183.43,11.89,0.00,41.48,0,-102.00,-10.00,0.00,0.00,40.00,0.00,0,167
590.07,1551418567,12915.39,51.48483454,7.40159056,183.43,11.89,0.00,41.48,0,-105.00,-12.00,0.00,0.00,39.00,0.00,0,128
593.06,1551418570,12950.96,51.48509178,7.40195156,182.44,11.39,0.00,42.81,0,-103.00,-9.00,0.00,0.00,37.00,0.00,0,128
593.06,1551418570,12950.98,51.48509178,7.40195156,182.44,11.39,0.00,42.81,0,-105.00,-10.00,0.00,0.00,37.00,0.00,0,48
594.06,1551418571,12962.34,51.48516168,7.40205489,182.42,11.12,0.00,43.73,0,-103.00,-9.00,0.00,0.00,37.00,0.00,0,128
594.06,1551418571,12962.35,51.48516168,7.40205489,182.42,11.12,0.00,43.73,0,-105.00,-10.00,0.00,0.00,37.00,0.00,0,48
595.06,1551418572,12973.48,51.48523404,7.40216812,182.15,10.83,0.00,44.73,0,-104.00,-12.00,0.00,0.00,39.00,0.00,0,167
595.06,1551418572,12973.48,51.48523404,7.40216812,182.15,10.83,0.00,44.73,0,-105.00,-11.00,0.00,0.00,38.00,0.00,0,128
595.07,1551418572,12973.49,51.48523404,7.40216812,182.15,10.83,0.00,44.73,0,-101.00,-11.00,0.00,0.00,38.00,0.00,0,291
595.07,1551418572,12973.50,51.48523404,7.40216812,182.15,10.83,0.00,44.73,0,-101.00,-9.00,0.00,0.00,36.00,0.00,0,246
596.06,1551418573,12984.31,51.48528757,7.40226558,182.18,10.42,0.00,46.39,0,-104.00,-12.00,0.00,0.00,39.00,0.00,0,167
596.07,1551418573,12984.32,51.48528757,7.40226558,182.18,10.42,0.00,46.39,0,-105.00,-11.00,0.00,0.00,38.00,0.00,0,128
596.07,1551418573,12984.33,51.48528757,7.40226558,182.18,10.42,0.00,46.39,0,-101.00,-11.00,0.00,0.00,38.00,0.00,0,291
596.07,1551418573,12984.33,51.48528757,7.40226558,182.18,10.42,0.00,46.39,0,-101.00,-9.00,0.00,0.00,36.00,0.00,0,246
597.06,1551418574,12994.72,51.48535067,7.40237510,182.21,10.20,0.00,47.51,0,-100.00,-8.00,0.00,0.00,40.00,0.00,0,167
597.06,1551418574,12994.73,51.48535067,7.40237510,182.21,10.20,0.00,47.51,0,-101.00,-11.00,0.00,0.00,38.00,0.00,0,291
597.06,1551418574,12994.73,51.48535067,7.40237510,182.21,10.20,0.00,47.51,0,-102.00,-10.00,0.00,0.00,36.00,0.00,0,246
598.06,1551418575,13004.92,51.48541375,7.40248204,182.48,9.61,0.00,48.45,0,-100.00,-8.00,0.00,0.00,40.00,0.00,0,167
598.06,1551418575,13004.93,51.48541375,7.40248204,182.48,9.61,0.00,48.45,0,-101.00,-11.00,0.00,0.00,38.00,0.00,0,291
598.07,1551418575,13004.94,51.48541375,7.40248204,182.48,9.61,0.00,48.45,0,-102.00,-10.00,0.00,0.00,36.00,0.00,0,246
599.06,1551418576,13014.54,51.48546560,7.40258349,182.64,8.41,0.00,49.60,0,-98.00,-7.00,0.00,0.00,41.00,0.00,0,167
599.07,1551418576,13014.54,51.48546560,7.40258349,182.64,8.41,0.00,49.60,0,-102.00,-11.00,0.00,0.00,40.00,0.00,0,128
599.07,1551418576,13014.54,51.48546560,7.40258349,182.64,8.41,0.00,49.60,0,-98.00,-8.00,0.00,0.00,39.00,0.00,0,291
599.07,1551418576,13014.55,51.48546560,7.40258349,182.64,8.41,0.00,49.60,0,-101.00,-10.00,0.00,0.00,37.00,0.00,0,246
600.06,1551418577,13022.94,51.48551281,7.40267405,182.93,7.51,0.00,49.97,0,-98.00,-7.00,0.00,0.00,41.00,0.00,0,167
600.07,1551418577,13022.95,51.48551281,7.40267405,182.93,7.51,0.00,49.97,0,-102.00,-11.00,0.00,0.00,40.00,0.00,0,128
600.07,1551418577,13022.95,51.48551281,7.40267405,182.93,7.51,0.00,49.97,0,-98.00,-8.00,0.00,0.00,39.00,0.00,0,291
600.07,1551418577,13022.96,51.48551281,7.40267405,182.93,7.51,0.00,49.97,0,-101.00,-10.00,0.00,0.00,37.00,0.00,0,246
601.06,1551418578,13030.45,51.48554908,7.40274700,182.97,6.42,0.00,49.19,0,-103.00,-10.00,0.00,0.00,38.00,0.00,0,167
601.06,1551418578,13030.45,51.48554908,7.40274700,182.97,6.42,0.00,49.19,0,-103.00,-10.00,0.00,0.00,38.00,0.00,0,128
601.07,1551418578,13030.46,51.48554908,7.40274700,182.97,6.42,0.00,49.19,0,-100.00,-9.00,0.00,0.00,38.00,0.00,0,291
601.07,1551418578,13030.46,51.48554908,7.40274700,182.97,6.42,0.00,49.19,0,-103.00,-11.00,0.00,0.00,36.00,0.00,0,246
602.06,1551418579,13036.86,51.48560116,7.40279232,182.98,6.45,0.00,25.11,0,-103.00,-10.00,0.00,0.00,38.00,0.00,0,167
602.06,1551418579,13036.87,51.48560116,7.40279232,182.98,6.45,0.00,25.11,0,-103.00,-10.00,0.00,0.00,38.00,0.00,0,128
602.07,1551418579,13036.88,51.48560116,7.40279232,182.98,6.45,0.00,25.11,0,-100.00,-9.00,0.00,0.00,38.00,0.00,0,291
602.07,1551418579,13036.88,51.48560116,7.40279232,182.98,6.45,0.00,25.11,0,-103.00,-11.00,0.00,0.00,36.00,0.00,0,246
603.06,1551418580,13043.30,51.48565114,7.40280080,183.10,6.45,0.00,2.27,0,-96.00,-7.00,0.00,0.00,42.00,0.00,0,167
603.06,1551418580,13043.31,51.48565114,7.40280080,183.10,6.45,0.00,2.27,0,-94.00,-7.00,0.00,0.00,41.00,0.00,0,291
604.06,1551418581,13049.76,51.48570252,7.40277809,183.11,6.60,0.00,342.45,0,-96.00,-7.00,0.00,0.00,42.00,0.00,0,167
604.06,1551418581,13049.76,51.48570252,7.40277809,183.11,6.60,0.00,342.45,0,-94.00,-7.00,0.00,0.00,41.00,0.00,0,291
607.06,1551418584,13073.13,51.48586246,7.40262145,182.89,8.40,0.00,324.77,0,-105.00,-11.00,0.00,0.00,39.00,0.00,0,93
607.06,1551418584,13073.13,51.48586246,7.40262145,182.89,8.40,0.00,324.77,0,-105.00,-9.00,0.00,0.00,36.00,0.00,0,48
608.06,1551418585,13081.53,51.48592810,7.40255043,182.64,9.96,0.00,323.84,0,-105.00,-11.00,0.00,0.00,39.00,0.00,0,93
608.06,1551418585,13081.54,51.48592810,7.40255043,182.64,9.96,0.00,323.84,0,-105.00,-9.00,0.00,0.00,36.00,0.00,0,48
609.06,1551418586,13091.49,51.48599790,7.40246671,182.38,10.44,0.00,323.16,0,-102.00,-10.00,0.00,0.00,39.00,0.00,0,93
609.06,1551418586,13091.51,51.48599790,7.40246671,182.38,10.44,0.00,323.16,0,-102.00,-9.00,0.00,0.00,39.00,0.00,0,48
609.07,1551418586,13091.52,51.48599790,7.40246671,182.38,10.44,0.00,323.16,0,-103.00,-11.00,0.00,0.00,39.00,0.00,0,128
609.07,1551418586,13091.53,51.48599790,7.40246671,182.38,10.44,0.00,323.16,0,-102.00,-10.00,0.00,0.00,36.00,0.00,0,470
610.06,1551418587,13101.95,51.48609765,7.40235166,182.13,11.34,0.00,323.98,0,-102.00,-10.00,0.00,0.00,39.00,0.00,0,93
610.07,1551418587,13101.96,51.48609765,7.40235166,182.13,11.34,0.00,323.98,0,-102.00,-9.00,0.00,0.00,39.00,0.00,0,48
610.07,1551418587,13101.97,51.48609765,7.40235166,182.13,11.34,0.00,323.98,0,-103.00,-11.00,0.00,0.00,39.00,0.00,0,128
610.07,1551418587,13101.98,51.48609765,7.40235166,182.13,11.34,0.00,323.98,0,-102.00,-10.00,0.00,0.00,36.00,0.00,0,470
611.07,1551418588,13113.39,51.48619886,7.40224100,181.83,12.72,0.00,325.83,0,-100.00,-10.00,0.00,0.00,42.00,0.00,0,166
611.07,1551418588,13113.41,51.48619886,7.40224100,181.83,12.72,0.00,325.83,0,-101.00,-10.00,0.00,0.00,41.00,0.00,0,128
611.07,1551418588,13113.41,51.48619886,7.40224100,181.83,12.72,0.00,325.83,0,-103.00,-10.00,0.00,0.00,39.00,0.00,0,93
611.08,1551418588,13113.42,51.48619886,7.40224100,181.83,12.72,0.00,325.83,0,-98.00,-9.00,0.00,0.00,38.00,0.00,0,246
611.08,1551418588,13113.43,51.48619886,7.40224100,181.83,12.72,0.00,325.83,0,-100.00,-9.00,0.00,0.00,38.00,0.00,0,293
612.07,1551418589,13126.01,51.48629830,7.40214178,181.87,12.59,0.00,328.55,0,-100.00,-10.00,0.00,0.00,42.00,0.00,0,166
612.07,1551418589,13126.01,51.48629830,7.40214178,181.87,12.59,0.00,328.55,0,-101.00,-10.00,0.00,0.00,41.00,0.00,0,128
612.07,1551418589,13126.03,51.48629830,7.40214178,181.87,12.59,0.00,328.55,0,-103.00,-10.00,0.00,0.00,39.00,0.00,0,93
612.07,1551418589,13126.04,51.48629830,7.40214178,181.87,12.59,0.00,328.55,0,-98.00,-9.00,0.00,0.00,38.00,0.00,0,246
612.07,1551418589,13126.04,51.48629830,7.40214178,181.87,12.59,0.00,328.55,0,-100.00,-9.00,0.00,0.00,38.00,0.00,0,293
613.06,1551418590,13138.59,51.48640182,7.40205002,181.99,12.59,0.00,331.59,0,-100.00,-10.00,0.00,0.00,42.00,0.00,0,166
613.07,1551418590,13138.60,51.48640182,7.40205002,181.99,12.59,0.00,331.59,0,-101.00,-10.00,0.00,0.00,41.00,0.00,0,128
613.07,1551418590,13138.62,51.48640182,7.40205002,181.99,12.59,0.00,331.59,0,-103.00,-10.00,0.00,0.00,39.00,0.00,0,93
613.07,1551418590,13138.62,51.48640182,7.40205002,181.99,12.59,0.00,331.59,0,-98.00,-9.00,0.00,0.00,38.00,0.00,0,246
613.07,1551418590,13138.63,51.48640182,7.40205002,181.99,12.59,0.00,331.59,0,-100.00,-9.00,0.00,0.00,38.00,0.00,0,293
614.07,1551418591,13151.19,51.48649232,7.40198233,181.93,11.67,0.00,333.89,0,-98.00,-8.00,0.00,0.00,41.00,0.00,0,93
614.07,1551418591,13151.19,51.48649232,7.40198233,181.93,11.67,0.00,333.89,0,-100.00,-9.00,0.00,0.00,41.00,0.00,0,128
614.07,1551418591,13151.20,51.48649232,7.40198233,181.93,11.67,0.00,333.89,0,-103.00,-10.00,0.00,0.00,39.00,0.00,0,48
614.07,1551418591,13151.21,51.48649232,7.40198233,181.93,11.67,0.00,333.89,0,-96.00,-7.00,0.00,0.00,40.00,0.00,0,470
614.07,1551418591,13151.21,51.48649232,7.40198233,181.93,11.67,0.00,333.89,0,-98.00,-9.00,0.00,0.00,39.00,0.00,0,246
615.06,1551418592,13162.85,51.48660392,7.40190886,181.70,12.42,0.00,336.79,0,-98.00,-8.00,0.00,0.00,41.00,0.00,0,93
615.07,1551418592,13162.86,51.48660392,7.40190886,181.70,12.42,0.00,336.79,0,-100.00,-9.00,0.00,0.00,41.00,0.00,0,128
615.07,1551418592,13162.88,51.48660392,7.40190886,181.70,12.42,0.00,336.79,0,-103.00,-10.00,0.00,0.00,39.00,0.00,0,48
615.07,1551418592,13162.88,51.48660392,7.40190886,181.70,12.42,0.00,336.79,0,-96.00,-7.00,0.00,0.00,40.00,0.00,0,470
615.07,1551418592,13162.89,51.48660392,7.40190886,181.70,12.42,0.00,336.79,0,-98.00,-9.00,0.00,0.00,39.00,0.00,0,246
616.06,1551418593,13175.26,51.48671941,7.40184532,181.92,12.49,0.00,339.61,0,-97.00,-9.00,0.00,0.00,44.00,0.00,0,128
616.06,1551418593,13175.27,51.48671941,7.40184532,181.92,12.49,0.00,339.61,0,-99.00,-13.00,0.00,0.00,43.00,0.00,0,15
616.07,1551418593,13175.28,51.48671941,7.40184532,181.92,12.49,0.00,339.61,0,-100.00,-9.00,0.00,0.00,42.00,0.00,0,48
617.06,1551418594,13187.74,51.48682250,7.40179881,182.20,11.97,0.00,342.03,0,-97.00,-9.00,0.00,0.00,44.00,0.00,0,128
617.06,1551418594,13187.76,51.48682250,7.40179881,182.20,11.97,0.00,342.03,0,-99.00,-13.00,0.00,0.00,43.00,0.00,0,15
617.06,1551418594,13187.76,51.48682250,7.40179881,182.20,11.97,0.00,342.03,0,-100.00,-9.00,0.00,0.00,42.00,0.00,0,48
618.06,1551418595,13199.73,51.48693803,7.40175554,182.72,12.15,0.00,344.41,0,-99.00,-9.00,0.00,0.00,42.00,0.00,0,93
618.07,1551418595,13199.74,51.48693803,7.40175554,182.72,12.15,0.00,344.41,0,-100.00,-10.00,0.00,0.00,42.00,0.00,0,128
618.07,1551418595,13199.75,51.48693803,7.40175554,182.72,12.15,0.00,344.41,0,-101.00,-12.00,0.00,0.00,42.00,0.00,0,15
618.07,1551418595,13199.75,51.48693803,7.40175554,182.72,12.15,0.00,344.41,0,-80.00,-6.00,0.00,0.00,54.00,0.00,0,409
619.06,1551418596,13211.88,51.48703537,7.40172707,182.86,12.17,0.00,346.44,0,-99.00,-9.00,0.00,0.00,42.00,0.00,0,93
619.07,1551418596,13211.89,51.48703537,7.40172707,182.86,12.17,0.00,346.44,0,-100.00,-10.00,0.00,0.00,42.00,0.00,0,128
619.07,1551418596,13211.89,51.48703537,7.40172707,182.86,12.17,0.00,346.44,0,-101.00,-12.00,0.00,0.00,42.00,0.00,0,15
619.07,1551418596,13211.90,51.48703537,7.40172707,182.86,12.17,0.00,346.44,0,-80.00,-6.00,0.00,0.00,54.00,0.00,0,409
620.06,1551418597,13224.02,51.48714510,7.40170120,182.69,11.99,0.00,348.92,0,-79.00,-6.00,0.00,0.00,55.00,0.00,0,409
621.06,1551418598,13236.00,51.48723677,7.40169173,182.14,12.00,0.00,350.99,0,-79.00,-6.00,0.00,0.00,55.00,0.00,0,409
639.06,1551418616,13398.15,51.48868380,7.40177930,180.18,4.15,0.00,0.88,0,-94.00,-9.00,0.00,0.00,46.00,0.00,0,427
640.06,1551418617,13402.30,51.48872826,7.40177314,180.80,4.47,0.00,0.11,0,-94.00,-9.00,0.00,0.00,46.00,0.00,0,427
641.06,1551418618,13406.77,51.48876378,7.40177107,180.83,3.47,0.00,1.28,0,-92.00,-8.00,0.00,0.00,47.00,0.00,0,427
642.06,1551418619,13410.24,51.48880495,7.40177346,181.06,4.14,0.00,1.94,0,-92.00,-8.00,0.00,0.00,47.00,0.00,0,427
643.06,1551418620,13414.39,51.48884908,7.40177630,181.20,4.55,0.00,1.11,0,-85.00,-9.00,0.00,0.00,55.00,0.00,0,94
643.06,1551418620,13414.39,51.48884908,7.40177630,181.20,4.55,0.00,1.11,0,-91.00,-7.00,0.00,0.00,47.00,0.00,0,427
644.06,1551418621,13418.94,51.48888975,7.40178167,181.13,5.16,0.00,0.58,0,-85.00,-9.00,0.00,0.00,55.00,0.00,0,94
644.06,1551418621,13418.95,51.48888975,7.40178167,181.13,5.16,0.00,0.58,0,-91.00,-7.00,0.00,0.00,47.00,0.00,0,427
645.06,1551418622,13424.11,51.48893927,7.40178425,180.99,5.46,0.00,0.55,0,-82.00,-7.00,0.00,0.00,57.00,0.00,0,94
645.06,1551418622,13424.12,51.48893927,7.40178425,180.99,5.46,0.00,0.55,0,-88.00,-6.00,0.00,0.00,49.00,0.00,0,427
646.06,1551418623,13429.58,51.48899841,7.40178721,180.66,6.82,0.00,359.97,0,-82.00,-7.00,0.00,0.00,57.00,0.00,0,94
646.06,1551418623,13429.58,51.48899841,7.40178721,180.66,6.82,0.00,359.97,0,-88.00,-6.00,0.00,0.00,49.00,0.00,0,427
647.06,1551418624,13436.38,51.48906789,7.40178931,180.22,8.82,0.00,359.29,0,-79.00,-5.00,0.00,0.00,59.00,0.00,0,94
648.06,1551418625,13445.20,51.48913435,7.40179157,179.61,8.23,0.00,0.14,0,-79.00,-5.00,0.00,0.00,59.00,0.00,0,94
666.06,1551418643,13645.99,51.48940515,7.40441829,177.90,14.15,0.00,91.59,0,-80.00,-9.00,0.00,0.00,60.00,0.00,0,95
666.06,1551418643,13646.00,51.48940515,7.40441829,177.90,14.15,0.00,91.59,0,-83.00,-9.00,0.00,0.00,58.00,0.00,0,426
667.06,1551418644,13660.13,51.48940134,7.40462358,178.25,13.57,0.00,92.15,0,-80.00,-9.00,0.00,0.00,60.00,0.00,0,95
667.06,1551418644,13660.14,51.48940134,7.40462358,178.25,13.57,0.00,92.15,0,-83.00,-9.00,0.00,0.00,58.00,0.00,0,426
