0.03,1551330838,0.00,51.45000508,7.48830762,249.09,9.00,0.00,164.00,1,-99.00,-11.00,10.00,12.00,42.00,6.00,28371201,66
1.02,1551330839,8.95,51.44992698,7.48833989,249.45,9.64,0.65,166.17,1,-98.00,-10.00,6.00,8.00,42.00,6.00,28371201,66
2.02,1551330840,18.60,51.44984561,7.48836664,249.72,10.50,0.86,167.59,1,-98.00,-10.00,6.00,8.00,42.00,6.00,28371201,66
3.02,1551330841,29.10,51.44974305,7.48839381,249.83,11.29,0.79,169.80,1,-100.00,-9.00,7.00,11.00,40.00,6.00,28371201,66
4.02,1551330842,40.39,51.44963984,7.48841533,249.55,11.58,0.29,171.43,1,-100.00,-9.00,7.00,11.00,40.00,6.00,28371201,66
5.02,1551330843,51.96,51.44952103,7.48843431,249.15,12.02,0.45,172.98,1,-101.00,-9.00,3.00,6.00,39.00,6.00,28371201,66
6.02,1551330844,63.98,51.44940899,7.48844546,248.64,12.55,0.53,175.33,1,-101.00,-9.00,3.00,6.00,39.00,6.00,28371201,66
7.02,1551330845,76.53,51.44930172,7.48844122,248.38,12.46,-0.09,177.95,1,-101.00,-9.00,5.00,12.00,40.00,6.00,28371201,66
8.02,1551330846,88.99,51.44919584,7.48843116,248.27,11.98,-0.48,180.10,1,-101.00,-9.00,5.00,12.00,40.00,6.00,28371201,66
9.03,1551330847,101.07,51.44908541,7.48841995,248.08,12.57,0.58,181.71,1,-103.00,-10.00,4.00,9.00,38.00,6.00,28371201,66
10.02,1551330848,113.54,51.44896774,7.48840320,247.72,13.19,0.63,184.32,1,-103.00,-10.00,4.00,9.00,38.00,6.00,28371201,66
11.02,1551330849,126.74,51.44884188,7.48837209,247.73,13.77,0.58,186.70,1,-103.00,-10.00,4.00,9.00,38.00,6.00,28371201,66
12.03,1551330850,140.55,51.44871705,7.48832640,247.73,14.56,0.79,188.79,1,-104.00,-11.00,3.00,5.00,38.00,6.00,28371201,66
13.03,1551330851,155.11,51.44858491,7.48828052,247.59,13.99,-0.56,190.94,1,-104.00,-11.00,3.00,5.00,38.00,6.00,28371201,66
14.03,1551330852,169.09,51.44844687,7.48823198,247.75,13.63,-0.37,191.85,1,-108.00,-13.00,-5.00,6.00,36.00,6.00,28371201,66
15.03,1551330853,182.72,51.44830759,7.48817103,247.71,14.30,0.67,192.87,1,-108.00,-13.00,-5.00,6.00,36.00,6.00,28371201,66
16.03,1551330854,197.04,51.44816877,7.48810949,247.71,14.68,0.38,193.27,1,-109.00,-12.00,-1.00,6.00,33.00,6.00,28371201,66
17.03,1551330855,211.70,51.44802763,7.48804228,247.97,14.98,0.30,193.74,1,-109.00,-12.00,-1.00,6.00,33.00,6.00,28371201,66
18.02,1551330856,226.65,51.44789681,7.48798033,247.63,15.39,0.42,193.00,1,-104.00,-9.00,1.00,8.00,36.00,9.00,27771909,271
19.02,1551330857,242.06,51.44776657,7.48793232,248.10,14.89,-0.51,192.08,1,-104.00,-9.00,1.00,8.00,36.00,9.00,27771909,271
20.02,1551330858,256.93,51.44762822,7.48788727,249.24,14.93,0.04,189.87,1,-104.00,-10.00,3.00,8.00,36.00,9.00,27771909,271
21.02,1551330859,271.86,51.44749068,7.48786342,250.12,14.73,-0.20,187.11,1,-104.00,-10.00,3.00,8.00,36.00,9.00,27771909,271
22.03,1551330860,286.62,51.44735254,7.48785021,251.25,14.90,0.17,184.61,1,-106.00,-11.00,2.00,8.00,36.00,9.00,27771909,271
23.02,1551330861,301.50,51.44721870,7.48785851,252.30,15.72,0.82,180.90,1,-106.00,-11.00,2.00,8.00,36.00,9.00,27771909,271
24.02,1551330862,317.20,51.44710014,7.48788146,253.02,14.90,-0.82,177.25,1,-103.00,-10.00,3.00,9.00,38.00,9.00,27771909,271
25.02,1551330863,332.09,51.44697277,7.48792128,253.89,14.88,-0.02,174.20,1,-103.00,-10.00,3.00,9.00,38.00,9.00,27771909,271
26.02,1551330864,347.00,51.44682851,7.48798066,254.70,15.04,0.16,171.06,1,-104.00,-9.00,6.00,9.00,36.00,9.00,27771909,271
27.02,1551330865,362.02,51.44669335,7.48805418,255.78,14.99,-0.05,167.77,1,-104.00,-9.00,6.00,9.00,36.00,9.00,27771909,271
28.02,1551330866,377.01,51.44657352,7.48812488,256.81,15.21,0.22,164.65,1,-103.00,-9.00,19.00,9.00,36.00,9.00,27771909,271
29.02,1551330867,392.22,51.44644413,7.48821231,257.85,15.43,0.22,161.35,1,-103.00,-9.00,19.00,9.00,36.00,9.00,27771909,271
30.03,1551330868,407.80,51.44632123,7.48832024,258.70,15.66,0.22,157.43,1,-103.00,-12.00,17.00,9.00,39.00,9.00,27771909,271
31.02,1551330869,423.33,51.44620481,7.48843613,259.44,15.67,0.02,154.19,1,-103.00,-12.00,17.00,9.00,39.00,9.00,27771909,271
32.02,1551330870,439.00,51.44608545,7.48856812,260.25,15.60,-0.08,150.67,1,-103.00,-12.00,17.00,9.00,39.00,9.00,27771909,271
33.02,1551330871,454.60,51.44597115,7.48872093,260.83,16.04,0.44,146.98,1,-104.00,-12.00,18.00,9.00,38.00,9.00,27771909,271
34.03,1551330872,470.65,51.44588037,7.48890135,261.38,15.79,-0.25,134.47,1,-104.00,-12.00,18.00,9.00,38.00,9.00,27771909,271
35.02,1551330873,486.42,51.44579259,7.48907967,261.70,15.94,0.15,134.05,1,-100.00,-7.00,24.00,12.00,38.00,9.00,27771909,271
36.02,1551330874,502.36,51.44570441,7.48926470,262.13,15.90,-0.03,132.93,1,-100.00,-7.00,24.00,12.00,38.00,9.00,27771909,271
37.02,1551330875,518.26,51.44561139,7.48945503,262.87,15.96,0.06,131.19,1,-106.00,-12.00,13.00,8.00,36.00,9.00,27771909,271
38.02,1551330876,534.22,51.44552195,7.48964544,263.36,16.34,0.38,130.13,1,-106.00,-12.00,13.00,8.00,36.00,9.00,27771909,271
39.02,1551330877,550.56,51.44542485,7.48984183,264.13,16.31,-0.03,129.19,1,-107.00,-11.00,19.00,9.00,35.00,9.00,27771909,271
40.02,1551330878,566.87,51.44533861,7.49003003,265.31,16.09,-0.21,128.32,1,-107.00,-11.00,19.00,9.00,35.00,9.00,27771909,271
41.02,1551330879,582.96,51.44524516,7.49022471,266.42,15.72,-0.38,127.98,1,-104.00,-10.00,5.00,9.00,36.00,13.00,28371201,66
42.02,1551330880,598.67,51.44517347,7.49038906,267.99,15.31,-0.40,128.34,1,-104.00,-10.00,5.00,9.00,36.00,13.00,28371201,66
43.03,1551330881,614.00,51.44509843,7.49056085,269.35,14.33,-0.99,128.11,1,-105.00,-9.00,6.00,7.00,35.00,13.00,28371201,66
44.02,1551330882,628.32,51.44502391,7.49072541,270.60,13.93,-0.40,127.82,1,-105.00,-9.00,6.00,7.00,35.00,13.00,28371201,66
45.02,1551330883,642.24,51.44495679,7.49087984,271.62,13.21,-0.72,127.40,1,-106.00,-8.00,5.00,9.00,33.00,13.00,28371201,66
46.02,1551330884,655.45,51.44489562,7.49102648,272.76,12.37,-0.84,126.84,1,-106.00,-8.00,5.00,9.00,33.00,13.00,28371201,66
47.02,1551330885,667.82,51.44483803,7.49116325,273.76,10.84,-1.53,126.26,1,-109.00,-9.00,5.00,4.00,31.00,13.00,28371201,66
48.02,1551330886,678.66,51.44478886,7.49128469,274.56,9.51,-1.33,125.41,1,-109.00,-9.00,5.00,4.00,31.00,13.00,28371201,66
49.02,1551330887,688.15,51.44478886,7.49128469,274.56,9.51,0.00,125.41,1,-108.00,-8.00,9.00,9.00,31.00,6.00,27771907,272
50.03,1551330888,697.69,51.44470227,7.49148462,275.18,6.92,-2.58,127.39,1,-108.00,-8.00,9.00,9.00,31.00,6.00,27771907,272
51.03,1551330889,704.66,51.44466944,7.49154780,274.41,4.27,-2.63,127.92,1,-109.00,-9.00,3.00,8.00,31.00,6.00,27771907,272
52.02,1551330890,708.89,51.44464317,7.49159491,274.31,2.20,-2.09,128.06,1,-109.00,-9.00,3.00,8.00,31.00,6.00,27771907,272
53.02,1551330891,711.09,51.44463549,7.49160395,274.19,0.52,-1.68,128.06,1,-109.00,-9.00,3.00,8.00,31.00,6.00,27771907,272
54.02,1551330892,711.61,51.44463549,7.49160395,274.18,0.00,-0.52,128.06,1,-107.00,-7.00,3.00,8.00,31.00,6.00,27771907,272
55.02,1551330893,711.61,51.44463549,7.49160395,274.17,0.00,0.00,128.06,1,-107.00,-7.00,3.00,8.00,31.00,6.00,27771907,272
56.02,1551330894,711.61,51.44463549,7.49160395,274.15,0.00,0.00,128.06,1,-107.00,-8.00,7.00,9.00,32.00,6.00,27771907,272
57.02,1551330895,711.61,51.44463549,7.49160395,274.13,0.00,0.00,128.06,1,-107.00,-8.00,7.00,9.00,32.00,6.00,27771907,272
58.02,1551330896,711.61,51.44463549,7.49160395,274.11,0.00,0.00,128.06,1,-106.00,-8.00,8.00,7.00,33.00,6.00,27771907,272
59.02,1551330897,711.61,51.44463549,7.49160395,274.08,0.00,0.00,128.06,1,-106.00,-8.00,8.00,7.00,33.00,6.00,27771907,272
60.02,1551330898,711.61,51.44463549,7.49160395,274.05,0.00,0.00,128.06,1,-107.00,-8.00,7.00,9.00,32.00,6.00,27771907,272
61.02,1551330899,711.61,51.44463549,7.49160395,273.71,0.00,0.00,128.06,1,-107.00,-8.00,7.00,9.00,32.00,6.00,27771907,272
62.02,1551330900,711.61,51.44463549,7.49160395,273.34,0.00,0.00,127.95,1,-107.00,-8.00,0.00,7.00,32.00,6.00,27771907,272
63.02,1551330901,711.61,51.44463549,7.49160395,269.72,0.00,0.00,131.72,1,-107.00,-8.00,0.00,7.00,32.00,6.00,27771907,272
64.02,1551330902,711.61,51.44454567,7.49170102,266.90,5.35,0.00,149.39,1,-103.00,-7.00,8.00,2.00,34.00,6.00,27771907,272
65.02,1551330903,716.96,51.44450306,7.49174091,264.76,4.29,-1.07,152.79,1,-103.00,-7.00,8.00,2.00,34.00,6.00,27771907,272
66.02,1551330904,721.24,51.44442900,7.49169306,263.30,8.38,4.09,207.56,1,-105.00,-8.00,19.00,2.00,33.00,6.00,27771907,272
67.02,1551330905,729.62,51.44436309,7.49162393,262.78,9.03,0.65,211.44,1,-105.00,-8.00,19.00,2.00,33.00,6.00,27771907,272
68.02,1551330906,738.65,51.44427895,7.49153353,263.01,10.82,1.79,212.81,1,-99.00,-7.00,8.00,2.00,39.00,6.00,27771907,272
69.02,1551330907,749.47,51.44418904,7.49143763,263.84,11.70,0.88,213.88,1,-99.00,-7.00,8.00,2.00,39.00,6.00,27771907,272
70.12,1551330909,762.30,51.44409024,7.49133632,264.55,12.85,1.05,214.84,1,-88.00,-6.00,22.00,10.00,50.00,5.00,27771907,272
71.12,1551330910,775.18,51.44398830,7.49122410,265.42,12.78,-0.07,214.56,1,-88.00,-6.00,22.00,10.00,50.00,5.00,27771907,272
72.12,1551330911,787.99,51.44388727,7.49110661,266.35,14.23,1.45,214.73,1,-74.00,-5.00,25.00,15.00,63.00,5.00,27771907,272
73.13,1551330912,802.23,51.44377148,7.49097085,267.36,15.59,1.36,215.10,1,-74.00,-5.00,25.00,15.00,63.00,5.00,27771907,272
74.13,1551330913,817.92,51.44366127,7.49082473,268.49,15.73,0.14,215.66,1,-71.00,-5.00,29.00,15.00,63.00,5.00,27771907,272
75.12,1551330914,833.54,51.44355955,7.49069727,269.02,15.86,0.13,216.40,1,-71.00,-5.00,29.00,15.00,63.00,5.00,27771907,272
76.12,1551330915,849.40,51.44345047,7.49056238,269.41,15.82,-0.04,216.78,1,-71.00,-5.00,29.00,15.00,63.00,5.00,27771907,272
77.12,1551330916,865.22,51.44333696,7.49042364,269.97,15.80,-0.03,216.57,1,-74.00,-4.00,32.00,15.00,63.00,5.00,27771907,272
78.12,1551330917,881.02,51.44321525,7.49027963,270.29,15.80,0.01,216.48,1,-74.00,-4.00,32.00,15.00,63.00,5.00,27771907,272
79.13,1551330918,896.86,51.44310192,7.49014207,270.66,15.67,-0.13,216.48,1,-91.00,-6.00,19.00,15.00,47.00,5.00,27771907,272
80.13,1551330919,912.51,51.44298866,7.49000764,270.90,15.83,0.16,216.12,1,-91.00,-6.00,19.00,15.00,47.00,5.00,27771907,272
81.13,1551330920,928.35,51.44287209,7.48986641,271.30,15.75,-0.08,216.17,1,-86.00,-6.00,26.00,15.00,51.00,5.00,27771907,272
82.13,1551330921,944.12,51.44275652,7.48973084,271.44,15.37,-0.38,216.94,1,-86.00,-6.00,26.00,15.00,51.00,5.00,27771907,272
83.13,1551330922,959.47,51.44263330,7.48959130,271.56,15.80,0.43,216.32,1,-81.00,-5.00,28.00,15.00,56.00,5.00,27771907,272
84.13,1551330923,975.28,51.44251196,7.48945101,271.93,16.00,0.19,215.68,1,-81.00,-5.00,28.00,15.00,56.00,5.00,27771907,272
85.13,1551330924,991.28,51.44240499,7.48932642,272.78,15.19,-0.81,216.39,1,-69.00,-5.00,31.00,15.00,63.00,5.00,27771907,272
86.13,1551330925,1006.48,51.44230077,7.48919840,273.46,14.44,-0.75,217.42,1,-69.00,-5.00,31.00,15.00,63.00,5.00,27771907,272
87.13,1551330926,1020.91,51.44219647,7.48906987,273.51,15.36,0.92,217.95,1,-71.00,-5.00,29.00,15.00,63.00,5.00,27771907,272
88.13,1551330927,1036.27,51.44209214,7.48893287,273.98,15.25,-0.11,218.77,1,-71.00,-5.00,29.00,15.00,63.00,5.00,27771907,272
89.13,1551330928,1051.55,51.44198734,7.48878950,274.02,14.61,-0.64,219.93,1,-72.00,-5.00,25.00,15.00,63.00,5.00,27771907,272
90.12,1551330929,1066.12,51.44188005,7.48863609,274.69,15.06,0.45,221.48,1,-72.00,-5.00,25.00,15.00,63.00,5.00,27771907,272
91.12,1551330930,1081.18,51.44177449,7.48847405,274.63,15.20,0.14,223.41,1,-65.00,-4.00,30.00,15.00,63.00,5.00,27771907,272
92.12,1551330931,1096.38,51.44167919,7.48831311,275.07,14.32,-0.88,225.82,1,-65.00,-4.00,30.00,15.00,63.00,5.00,27771907,272
93.12,1551330932,1110.69,51.44159147,7.48814225,275.42,14.45,0.14,228.06,1,-68.00,-5.00,28.00,15.00,63.00,5.00,27771907,272
94.12,1551330933,1125.13,51.44151910,7.48798813,275.49,14.11,-0.35,229.53,1,-68.00,-5.00,28.00,15.00,63.00,5.00,27771907,272
95.13,1551330934,1139.38,51.44143367,7.48781588,275.90,14.28,0.17,230.49,1,-76.00,-5.00,24.00,15.00,60.00,5.00,27771907,272
96.12,1551330935,1153.53,51.44135034,7.48764314,276.39,14.70,0.42,230.90,1,-76.00,-5.00,24.00,15.00,60.00,5.00,27771907,272
97.12,1551330936,1168.23,51.44126385,7.48746613,276.71,14.83,0.13,231.43,1,-76.00,-5.00,24.00,15.00,60.00,5.00,27771907,272
98.12,1551330937,1183.07,51.44117514,7.48727493,276.92,14.90,0.07,232.08,1,-82.00,-7.00,20.00,15.00,56.00,5.00,27771907,272
99.13,1551330938,1198.00,51.44109155,7.48709327,277.02,15.07,0.16,232.90,1,-82.00,-7.00,20.00,15.00,56.00,5.00,27771907,272
100.13,1551330939,1213.05,51.44101313,7.48692304,277.41,15.05,-0.01,233.06,1,-84.00,-6.00,27.00,15.00,53.00,5.00,27771907,272
101.13,1551330940,1228.11,51.44094111,7.48675989,277.78,14.89,-0.17,233.29,1,-84.00,-6.00,27.00,15.00,53.00,5.00,27771907,272
102.13,1551330941,1242.99,51.44086731,7.48659883,277.87,14.60,-0.29,234.07,1,-88.00,-9.00,15.00,15.00,53.00,5.00,27771907,272
103.13,1551330942,1257.61,51.44079161,7.48643333,278.04,14.64,0.04,234.06,1,-88.00,-9.00,15.00,15.00,53.00,5.00,27771907,272
104.13,1551330943,1272.23,51.44071426,7.48626189,278.38,14.88,0.24,233.19,1,-86.00,-10.00,7.00,15.00,56.00,5.00,27771907,272
105.13,1551330944,1287.12,51.44063815,7.48609667,278.83,14.44,-0.43,233.57,1,-86.00,-10.00,7.00,15.00,56.00,5.00,27771907,272
106.13,1551330945,1301.57,51.44054573,7.48590308,279.45,15.02,0.58,233.24,1,-80.00,-7.00,16.00,15.00,58.00,1.00,27771908,270
107.13,1551330946,1316.59,51.44045980,7.48571951,280.08,14.93,-0.10,232.73,1,-80.00,-7.00,16.00,15.00,58.00,1.00,27771908,270
108.13,1551330947,1331.50,51.44037891,7.48553945,280.41,14.88,-0.04,232.82,1,-79.00,-5.00,29.00,15.00,58.00,1.00,27771908,270
109.13,1551330948,1346.39,51.44029214,7.48536002,280.53,14.91,0.03,232.11,1,-79.00,-5.00,29.00,15.00,58.00,1.00,27771908,270
110.13,1551330949,1361.30,51.44020436,7.48517463,281.15,15.21,0.29,231.90,1,-77.00,-6.00,21.00,15.00,60.00,1.00,27771908,270
111.13,1551330950,1376.51,51.44012098,7.48500043,281.60,15.30,0.10,232.79,1,-77.00,-6.00,21.00,15.00,60.00,1.00,27771908,270
112.13,1551330951,1391.81,51.44003686,7.48482014,282.11,15.17,-0.14,232.16,1,-75.00,-6.00,24.00,15.00,62.00,1.00,27771908,270
113.13,1551330952,1406.98,51.43995341,7.48464911,282.34,15.68,0.51,231.51,1,-75.00,-6.00,24.00,15.00,62.00,1.00,27771908,270
114.13,1551330953,1422.66,51.43986577,7.48446229,282.25,16.02,0.34,232.16,1,-72.00,-6.00,31.00,14.00,63.00,1.00,27771908,270
115.13,1551330954,1438.68,51.43978700,7.48428794,282.47,15.69,-0.33,231.84,1,-72.00,-6.00,31.00,14.00,63.00,1.00,27771908,270
116.13,1551330955,1454.51,51.43969556,7.48409725,282.43,15.23,-0.45,232.28,1,-69.00,-5.00,27.00,15.00,63.00,1.00,27771908,270
117.13,1551330956,1469.61,51.43961295,7.48391657,282.51,15.64,0.41,233.41,1,-69.00,-5.00,27.00,15.00,63.00,1.00,27771908,270
118.13,1551330957,1485.25,51.43951857,7.48370803,282.37,15.66,0.02,234.28,1,-69.00,-5.00,27.00,15.00,63.00,1.00,27771908,270
119.13,1551330958,1500.91,51.43943379,7.48351152,281.97,15.95,0.29,234.26,1,-74.00,-5.00,29.00,15.00,63.00,1.00,27771908,270
120.13,1551330959,1516.88,51.43935452,7.48332628,281.74,15.40,-0.56,235.53,1,-74.00,-5.00,29.00,15.00,63.00,1.00,27771908,270
121.12,1551330960,1532.23,51.43927932,7.48313703,281.99,15.88,0.48,236.29,1,-76.00,-5.00,30.00,15.00,61.00,1.00,27771908,270
122.12,1551330961,1548.04,51.43920613,7.48294404,281.88,16.30,0.42,236.71,1,-76.00,-5.00,30.00,15.00,61.00,1.00,27771908,270
123.13,1551330962,1564.46,51.43913122,7.48272883,282.03,15.93,-0.37,237.88,1,-77.00,-5.00,31.00,13.00,60.00,1.00,27771908,270
124.12,1551330963,1580.32,51.43905664,7.48251970,281.95,16.50,0.58,238.31,1,-77.00,-5.00,31.00,13.00,60.00,1.00,27771908,270
125.12,1551330964,1596.83,51.43898185,7.48230423,282.23,16.24,-0.27,239.10,1,-83.00,-5.00,29.00,15.00,53.00,1.00,27771908,270
126.12,1551330965,1613.06,51.43890296,7.48207669,282.51,16.60,0.36,240.30,1,-83.00,-5.00,29.00,15.00,53.00,1.00,27771908,270
127.12,1551330966,1629.66,51.43883651,7.48186755,282.86,16.70,0.11,240.93,1,-88.00,-5.00,21.00,15.00,49.00,1.00,27771908,270
128.12,1551330967,1646.36,51.43877333,7.48166726,283.19,16.34,-0.36,240.18,1,-88.00,-5.00,21.00,15.00,49.00,1.00,27771908,270
129.12,1551330968,1662.70,51.43870474,7.48145974,283.44,16.38,0.04,239.82,1,-94.00,-6.00,26.00,12.00,42.00,1.00,27771908,270
130.12,1551330969,1679.09,51.43863625,7.48126485,283.97,16.54,0.16,238.64,1,-94.00,-6.00,26.00,12.00,42.00,1.00,27771908,270
131.12,1551330970,1695.66,51.43856251,7.48106004,284.39,16.41,-0.13,239.50,1,-96.00,-6.00,20.00,12.00,39.00,1.00,27771908,270
132.12,1551330971,1712.05,51.43848659,7.48083453,284.69,16.67,0.26,240.47,1,-96.00,-6.00,20.00,12.00,39.00,1.00,27771908,270
133.12,1551330972,1728.71,51.43841544,7.48061851,284.90,16.70,0.03,241.27,1,-97.00,-6.00,19.00,11.00,38.00,1.00,27771908,270
134.13,1551330973,1745.45,51.43834875,7.48041279,284.81,16.05,-0.65,241.43,1,-97.00,-6.00,19.00,11.00,38.00,1.00,27771908,270
135.13,1551330974,1761.49,51.43828070,7.48019885,284.17,16.75,0.70,242.02,1,-100.00,-6.00,13.00,10.00,36.00,1.00,27771908,270
136.13,1551330975,1778.24,51.43821819,7.48000211,283.71,16.77,0.02,241.08,1,-100.00,-6.00,13.00,10.00,36.00,1.00,27771908,270
137.13,1551330976,1795.13,51.43815241,7.47979501,283.40,16.39,-0.38,241.92,1,-103.00,-7.00,14.00,14.00,33.00,1.00,27771908,270
138.13,1551330977,1811.40,51.43808236,7.47957824,283.12,17.04,0.66,241.69,1,-103.00,-7.00,14.00,14.00,33.00,1.00,27771908,270
139.13,1551330978,1828.44,51.43800990,7.47935841,282.93,16.56,-0.49,241.34,1,-103.00,-7.00,14.00,14.00,33.00,1.00,27771908,270
140.13,1551330979,1845.00,51.43793827,7.47914594,282.56,16.62,0.07,241.21,1,-104.00,-7.00,10.00,10.00,34.00,1.00,27771908,270
141.13,1551330980,1861.62,51.43785870,7.47889971,282.52,16.25,-0.38,241.90,1,-104.00,-7.00,10.00,10.00,34.00,1.00,27771908,270
142.13,1551330981,1877.87,51.43778837,7.47869350,282.74,15.34,-0.91,242.63,1,-101.00,-6.00,9.00,2.00,33.00,1.00,27771908,270
143.13,1551330982,1893.21,51.43772218,7.47850075,282.93,15.15,-0.19,241.75,1,-101.00,-6.00,9.00,2.00,33.00,1.00,27771908,270
144.13,1551330983,1908.36,51.43765096,7.47829442,283.35,14.91,-0.24,242.37,1,-104.00,-7.00,7.00,2.00,34.00,1.00,27771908,270
145.13,1551330984,1923.29,51.43758124,7.47808245,283.75,15.56,0.65,242.13,1,-104.00,-7.00,7.00,2.00,34.00,1.00,27771908,270
146.13,1551330985,1938.85,51.43752079,7.47788765,284.25,15.48,-0.08,242.69,1,-105.00,-7.00,7.00,2.00,33.00,1.00,27771908,270
147.13,1551330986,1954.33,51.43745824,7.47769139,284.40,15.38,-0.10,242.43,1,-105.00,-7.00,7.00,2.00,33.00,1.00,27771908,270
148.13,1551330987,1969.71,51.43739140,7.47749219,284.41,15.07,-0.31,242.56,1,-107.00,-8.00,6.00,2.00,31.00,1.00,27771908,270
149.13,1551330988,1984.79,51.43732965,7.47730888,284.36,14.30,-0.78,243.18,1,-107.00,-8.00,6.00,2.00,31.00,1.00,27771908,270
150.13,1551330989,1999.08,51.43726820,7.47710466,284.56,14.93,0.63,244.00,1,-108.00,-8.00,7.00,2.00,30.00,1.00,27771908,270
151.13,1551330990,2014.01,51.43721758,7.47689756,284.72,14.07,-0.86,247.12,1,-108.00,-8.00,7.00,2.00,30.00,1.00,27771908,270
152.13,1551330991,2028.08,51.43719850,7.47669474,285.18,13.29,-0.77,262.43,1,-109.00,-8.00,10.00,2.00,30.00,1.00,27771908,270
153.13,1551330992,2041.37,51.43718181,7.47649925,285.33,11.83,-1.46,263.70,1,-109.00,-8.00,10.00,2.00,30.00,1.00,27771908,270
154.13,1551330993,2053.19,51.43720921,7.47635684,285.44,9.87,-1.96,287.87,1,-107.00,-8.00,14.00,2.00,32.00,1.00,27771908,270
155.13,1551330994,2063.06,51.43726574,7.47623926,285.26,8.48,-1.39,313.46,1,-107.00,-8.00,14.00,2.00,32.00,1.00,27771908,270
156.13,1551330995,2071.54,51.43735568,7.47615819,285.58,8.95,0.47,336.79,1,-102.00,-7.00,18.00,2.00,36.00,1.00,27771908,270
157.13,1551330996,2080.49,51.43743493,7.47613550,286.30,9.13,0.18,358.85,1,-102.00,-7.00,18.00,2.00,36.00,1.00,27771908,270
158.13,1551330997,2089.69,51.43750040,7.47616902,286.91,9.26,0.13,23.06,1,-97.00,-6.00,25.00,2.00,41.00,1.00,27771908,270
159.13,1551330998,2098.87,51.43756633,7.47625817,287.01,9.87,0.62,42.46,1,-97.00,-6.00,25.00,2.00,41.00,1.00,27771908,270
160.13,1551330999,2108.74,51.43763053,7.47636233,286.88,10.86,0.98,46.24,1,-97.00,-6.00,25.00,2.00,41.00,1.00,27771908,270
161.13,1551331000,2119.60,51.43770126,7.47649065,286.74,11.24,0.38,48.36,1,-91.00,-6.00,27.00,2.00,46.00,1.00,27771908,270
162.13,1551331001,2130.84,51.43778583,7.47665244,286.93,13.16,1.93,49.44,1,-91.00,-6.00,27.00,2.00,46.00,1.00,27771908,270
163.13,1551331002,2144.00,51.43786886,7.47682538,287.17,14.78,1.62,50.96,1,-88.00,-5.00,26.00,2.00,48.00,1.00,27771908,270
164.13,1551331003,2158.79,51.43795751,7.47700842,287.62,15.77,0.99,52.11,1,-88.00,-5.00,26.00,2.00,48.00,1.00,27771908,270
165.13,1551331004,2174.56,51.43804636,7.47720129,287.72,16.52,0.74,53.08,1,-81.00,-4.00,28.00,2.00,54.00,1.00,27771908,270
166.13,1551331005,2191.08,51.43813710,7.47741201,288.01,17.50,0.99,53.82,1,-81.00,-4.00,28.00,2.00,54.00,1.00,27771908,270
167.13,1551331006,2208.58,51.43823350,7.47763579,288.42,18.35,0.84,54.59,1,-81.00,-4.00,32.00,2.00,55.00,1.00,27771908,270
168.13,1551331007,2226.93,51.43833612,7.47787469,288.99,19.75,1.40,55.14,1,-81.00,-4.00,32.00,2.00,55.00,1.00,27771908,270
169.13,1551331008,2246.70,51.43844066,7.47811661,289.42,20.26,0.51,55.48,1,-77.00,-4.00,32.00,2.00,58.00,1.00,27771908,270
170.12,1551331009,2266.91,51.43854535,7.47835879,289.56,21.00,0.74,54.95,1,-77.00,-4.00,32.00,2.00,58.00,1.00,27771908,270
171.12,1551331010,2287.88,51.43864533,7.47861055,289.97,21.21,0.22,56.94,1,-77.00,-5.00,31.00,15.00,61.00,8.00,27771908,270
172.12,1551331011,2309.12,51.43874491,7.47887872,289.89,22.13,0.92,58.38,1,-77.00,-5.00,31.00,15.00,61.00,8.00,27771908,270
173.12,1551331012,2331.23,51.43884873,7.47916163,289.41,22.83,0.70,58.33,1,-85.00,-5.00,32.00,15.00,53.00,8.00,27771908,270
174.12,1551331013,2354.09,51.43896880,7.47946507,288.21,24.11,1.27,56.86,1,-85.00,-5.00,32.00,15.00,53.00,8.00,27771908,270
175.12,1551331014,2378.18,51.43908844,7.47976369,287.69,24.50,0.39,56.52,1,-88.00,-5.00,17.00,12.00,50.00,8.00,27771908,270
176.13,1551331015,2402.73,51.43922125,7.48008322,287.29,25.62,1.11,54.38,1,-88.00,-5.00,17.00,12.00,50.00,8.00,27771908,270
177.12,1551331016,2428.30,51.43935232,7.48038752,287.10,25.35,-0.27,54.10,1,-88.00,-8.00,27.00,13.00,52.00,8.00,27771908,270
178.12,1551331017,2453.67,51.43948946,7.48068112,287.02,24.92,-0.43,52.78,1,-88.00,-8.00,27.00,13.00,52.00,8.00,27771908,270
179.13,1551331018,2478.82,51.43962199,7.48095552,286.85,24.54,-0.38,52.67,1,-87.00,-5.00,15.00,14.00,50.00,8.00,27771908,270
180.13,1551331019,2503.16,51.43975404,7.48122753,286.64,24.30,-0.24,53.47,1,-87.00,-5.00,15.00,14.00,50.00,8.00,27771908,270
181.12,1551331020,2527.31,51.43988882,7.48149453,286.58,24.19,-0.11,51.44,1,-87.00,-5.00,15.00,14.00,50.00,8.00,27771908,270
182.13,1551331021,2551.64,51.44003425,7.48174916,286.80,24.17,-0.02,47.47,1,-87.00,-5.00,24.00,12.00,50.00,8.00,27771908,270
183.12,1551331022,2575.79,51.44017804,7.48200325,286.34,24.17,-0.00,46.56,1,-87.00,-5.00,24.00,12.00,50.00,8.00,27771908,270
184.13,1551331023,2599.98,51.44033577,7.48224594,285.90,24.71,0.54,44.04,1,-85.00,-8.00,22.00,12.00,53.00,8.00,27771908,270
185.13,1551331024,2624.69,51.44049848,7.48249150,285.04,24.55,-0.16,42.83,1,-85.00,-8.00,22.00,12.00,53.00,8.00,27771908,270
186.13,1551331025,2649.24,51.44066649,7.48274495,284.02,24.40,-0.14,42.29,1,-84.00,-5.00,22.00,13.00,52.00,8.00,27771908,270
187.13,1551331026,2673.64,51.44083685,7.48298960,283.07,24.32,-0.08,40.67,1,-84.00,-5.00,22.00,13.00,52.00,8.00,27771908,270
188.13,1551331027,2697.96,51.44101032,7.48321997,282.04,24.40,0.08,38.21,1,-84.00,-5.00,10.00,12.00,53.00,8.00,27771908,270
189.13,1551331028,2722.36,51.44118545,7.48344035,280.94,24.41,0.01,36.83,1,-84.00,-5.00,10.00,12.00,53.00,8.00,27771908,270
190.13,1551331029,2746.77,51.44135842,7.48364436,279.68,24.46,0.04,34.80,1,-84.00,-6.00,11.00,12.00,52.00,8.00,27771908,270
191.13,1551331030,2771.23,51.44153807,7.48383945,278.38,24.61,0.15,32.56,1,-84.00,-6.00,11.00,12.00,52.00,8.00,27771908,270
192.13,1551331031,2795.84,51.44172347,7.48402500,277.15,24.88,0.27,30.83,1,-86.00,-7.00,13.00,10.00,52.00,8.00,27771908,270
193.13,1551331032,2820.72,51.44191344,7.48420702,276.20,24.98,0.10,29.64,1,-86.00,-7.00,13.00,10.00,52.00,8.00,27771908,270
194.13,1551331033,2845.73,51.44210257,7.48438146,275.41,25.23,0.25,28.30,1,-93.00,-11.00,2.00,11.00,49.00,8.00,27771908,270
195.13,1551331034,2870.96,51.44229557,7.48454482,274.66,25.14,-0.09,27.05,1,-93.00,-11.00,2.00,11.00,49.00,8.00,27771908,270
196.12,1551331035,2896.05,51.44249320,7.48470048,274.18,24.98,-0.16,26.27,1,-86.00,-8.00,21.00,15.00,53.00,2.00,27771909,271
197.13,1551331036,2921.05,51.44269733,7.48485279,273.55,24.90,-0.08,24.65,1,-86.00,-8.00,21.00,15.00,53.00,2.00,27771909,271
198.13,1551331037,2945.95,51.44289648,7.48500001,272.87,24.86,-0.04,24.15,1,-82.00,-6.00,7.00,12.00,56.00,2.00,27771909,271
199.13,1551331038,2970.81,51.44309444,7.48514340,272.22,24.67,-0.19,23.72,1,-82.00,-6.00,7.00,12.00,56.00,2.00,27771909,271
200.13,1551331039,2995.68,51.44329528,7.48527945,271.58,24.76,0.09,23.43,1,-70.00,-5.00,30.00,15.00,63.00,2.00,27771909,271
201.13,1551331040,3020.25,51.44348715,7.48540056,271.11,23.81,-0.96,23.14,1,-70.00,-5.00,30.00,15.00,63.00,2.00,27771909,271
202.13,1551331041,3044.05,51.44367397,7.48551571,270.75,22.69,-1.12,22.28,1,-70.00,-5.00,30.00,15.00,63.00,2.00,27771909,271
203.13,1551331042,3066.74,51.44385647,7.48563114,270.32,21.50,-1.19,21.22,1,-65.00,-6.00,32.00,13.00,63.00,2.00,27771909,271
204.13,1551331043,3088.24,51.44402015,7.48573600,269.91,19.65,-1.85,21.68,1,-65.00,-6.00,32.00,13.00,63.00,2.00,27771909,271
205.13,1551331044,3107.89,51.44416768,7.48582683,269.71,18.08,-1.57,21.90,1,-67.00,-5.00,30.00,15.00,63.00,2.00,27771909,271
206.13,1551331045,3125.97,51.44431204,7.48592470,269.14,15.56,-2.52,23.24,1,-67.00,-5.00,30.00,15.00,63.00,2.00,27771909,271
207.13,1551331046,3141.54,51.44444109,7.48602937,269.14,14.58,-0.99,26.86,1,-71.00,-5.00,32.00,15.00,63.00,2.00,27771909,271
208.13,1551331047,3156.11,51.44453884,7.48616438,268.92,14.20,-0.37,42.25,1,-71.00,-5.00,32.00,15.00,63.00,2.00,27771909,271
209.13,1551331048,3170.33,51.44463294,7.48631132,268.48,13.83,-0.37,45.17,1,-75.00,-5.00,29.00,14.00,61.00,2.00,27771909,271
210.13,1551331049,3184.14,51.44467827,7.48647689,268.09,13.59,-0.23,67.20,1,-75.00,-5.00,29.00,14.00,61.00,2.00,27771909,271
211.13,1551331050,3197.75,51.44470385,7.48668661,267.74,13.52,-0.08,84.30,1,-74.00,-5.00,30.00,2.00,62.00,2.00,27771909,271
212.13,1551331051,3211.25,51.44470118,7.48689772,267.40,13.84,0.32,97.11,1,-74.00,-5.00,30.00,2.00,62.00,2.00,27771909,271
213.13,1551331052,3225.11,51.44468382,7.48711358,266.50,13.88,0.04,99.72,1,-79.00,-5.00,19.00,2.00,58.00,2.00,27771909,271
214.13,1551331053,3238.99,51.44460851,7.48729112,265.33,13.96,0.07,127.76,1,-79.00,-5.00,19.00,2.00,58.00,2.00,27771909,271
215.13,1551331054,3252.93,51.44450345,7.48742629,264.59,14.25,0.29,145.63,1,-80.00,-5.00,22.00,2.00,57.00,2.00,27771909,271
216.13,1551331055,3267.18,51.44437769,7.48751081,263.88,14.90,0.65,158.51,1,-80.00,-5.00,22.00,2.00,57.00,2.00,27771909,271
217.13,1551331056,3282.08,51.44424761,7.48753834,263.39,14.80,-0.10,174.58,1,-78.00,-5.00,21.00,2.00,57.00,2.00,27771909,271
218.13,1551331057,3296.88,51.44411763,7.48749674,262.73,14.25,-0.55,194.08,1,-78.00,-5.00,21.00,2.00,57.00,2.00,27771909,271
219.13,1551331058,3311.13,51.44399850,7.48743590,262.29,14.71,0.46,197.52,1,-73.00,-5.00,19.00,2.00,63.00,2.00,27771909,271
220.13,1551331059,3325.84,51.44390123,7.48728815,262.18,14.49,-0.22,229.03,1,-73.00,-5.00,19.00,2.00,63.00,2.00,27771909,271
221.13,1551331060,3340.46,51.44382048,7.48709879,262.29,14.42,-0.07,241.54,1,-82.00,-5.00,25.00,14.00,54.00,3.00,27771909,271
222.13,1551331061,3354.77,51.44377950,7.48689664,262.35,14.78,0.36,255.37,1,-82.00,-5.00,25.00,14.00,54.00,3.00,27771909,271
223.13,1551331062,3369.54,51.44374927,7.48667721,262.60,15.63,0.84,259.20,1,-82.00,-5.00,25.00,14.00,54.00,3.00,27771909,271
224.13,1551331063,3385.16,51.44372689,7.48641332,262.91,16.80,1.18,262.25,1,-82.00,-6.00,24.00,14.00,55.00,3.00,27771909,271
225.13,1551331064,3401.97,51.44371339,7.48614865,263.25,17.68,0.87,264.10,1,-82.00,-6.00,24.00,14.00,55.00,3.00,27771909,271
226.13,1551331065,3419.65,51.44370458,7.48587428,263.57,18.72,1.04,265.18,1,-80.00,-5.00,27.00,14.00,56.00,3.00,27771909,271
227.13,1551331066,3438.36,51.44369588,7.48560776,263.84,19.61,0.89,266.08,1,-80.00,-5.00,27.00,14.00,56.00,3.00,27771909,271
228.12,1551331067,3457.87,51.44368779,7.48531740,263.34,20.73,1.12,266.61,1,-82.00,-6.00,26.00,13.00,53.00,3.00,27771909,271
229.12,1551331068,3478.60,51.44367968,7.48502394,262.61,21.79,1.06,267.96,1,-82.00,-6.00,26.00,13.00,53.00,3.00,27771909,271
230.12,1551331069,3500.38,51.44367508,7.48471415,263.41,21.85,0.06,267.78,1,-91.00,-6.00,24.00,13.00,47.00,3.00,27771909,271
231.12,1551331070,3522.32,51.44367296,7.48442450,264.54,22.94,1.09,268.84,1,-91.00,-6.00,24.00,13.00,47.00,3.00,27771909,271
232.12,1551331071,3545.23,51.44366903,7.48409620,265.65,24.03,1.09,268.72,1,-67.00,-4.00,31.00,15.00,63.00,3.00,27771909,271
233.12,1551331072,3569.28,51.44366559,7.48374875,266.18,24.69,0.67,268.37,1,-67.00,-4.00,31.00,15.00,63.00,3.00,27771909,271
234.13,1551331073,3594.03,51.44366245,7.48338007,266.66,25.35,0.65,268.49,1,-66.00,-5.00,32.00,15.00,63.00,3.00,27771909,271
235.12,1551331074,3619.25,51.44366039,7.48300748,266.79,25.96,0.61,267.35,1,-66.00,-5.00,32.00,15.00,63.00,3.00,27771909,271
236.12,1551331075,3645.16,51.44365312,7.48262804,266.97,26.44,0.48,266.92,1,-80.00,-10.00,33.00,15.00,60.00,3.00,27771909,271
237.12,1551331076,3671.67,51.44364256,7.48224464,267.18,27.02,0.59,266.76,1,-80.00,-10.00,33.00,15.00,60.00,3.00,27771909,271
238.12,1551331077,3698.75,51.44362913,7.48184488,267.51,27.47,0.44,266.49,1,-83.00,-6.00,29.00,13.00,54.00,3.00,27771909,271
239.12,1551331078,3726.19,51.44361658,7.48145212,267.73,28.04,0.57,266.13,1,-83.00,-6.00,29.00,13.00,54.00,3.00,27771909,271
240.12,1551331079,3754.27,51.44359788,7.48104989,267.80,28.47,0.43,265.72,1,-90.00,-5.00,11.00,12.00,47.00,3.00,27771909,271
241.13,1551331080,3782.88,51.44357982,7.48063498,267.61,29.07,0.60,265.00,1,-90.00,-5.00,11.00,12.00,47.00,3.00,27771909,271
242.13,1551331081,3812.04,51.44355390,7.48021636,267.20,29.53,0.46,263.84,1,-90.00,-5.00,11.00,12.00,47.00,3.00,27771909,271
243.12,1551331082,3841.30,51.44352532,7.47979648,266.56,30.11,0.59,262.68,1,-90.00,-5.00,11.00,12.00,47.00,3.00,27771909,271
244.13,1551331083,3871.48,51.44349530,7.47936397,265.76,30.66,0.54,262.40,1,-90.00,-5.00,11.00,12.00,47.00,3.00,27771909,271
245.13,1551331084,3902.14,51.44346219,7.47892770,264.94,31.16,0.50,261.88,1,-89.00,-6.00,20.00,12.00,48.00,3.00,27771909,271
246.13,1551331085,3933.29,51.44342437,7.47847047,264.36,31.43,0.28,262.41,1,-89.00,-6.00,20.00,12.00,48.00,3.00,27771909,271
247.12,1551331086,3964.70,51.44338906,7.47801640,263.84,30.93,-0.51,262.71,1,-88.00,-6.00,16.00,15.00,48.00,3.00,27771909,271
248.13,1551331087,3995.66,51.44335410,7.47757068,263.44,30.36,-0.57,262.72,1,-88.00,-6.00,16.00,15.00,48.00,3.00,27771909,271
249.13,1551331088,4026.02,51.44331973,7.47713080,262.99,30.52,0.16,262.07,1,-92.00,-7.00,11.00,14.00,47.00,3.00,27771909,271
250.13,1551331089,4056.53,51.44328627,7.47669773,262.59,30.52,0.00,261.79,1,-92.00,-7.00,11.00,14.00,47.00,3.00,27771909,271
251.13,1551331090,4087.08,51.44324621,7.47626390,262.15,30.63,0.12,261.25,1,-90.00,-7.00,16.00,10.00,49.00,3.00,27771909,271
252.13,1551331091,4117.71,51.44320495,7.47583209,261.52,30.55,-0.09,260.63,1,-90.00,-7.00,16.00,10.00,49.00,3.00,27771909,271
253.13,1551331092,4148.23,51.44315660,7.47540265,260.79,30.42,-0.13,259.67,1,-90.00,-6.00,16.00,2.00,48.00,3.00,27771909,271
254.13,1551331093,4178.65,51.44310214,7.47496205,260.24,30.01,-0.41,258.37,1,-90.00,-6.00,16.00,2.00,48.00,3.00,27771909,271
255.13,1551331094,4208.69,51.44305264,7.47454873,259.71,29.89,-0.12,258.15,1,-90.00,-7.00,-1.00,2.00,49.00,3.00,27771909,271
256.13,1551331095,4238.58,51.44300054,7.47413231,259.06,29.62,-0.27,257.74,1,-90.00,-7.00,-1.00,2.00,49.00,3.00,27771909,271
257.13,1551331096,4268.17,51.44294797,7.47372392,258.44,28.89,-0.73,258.08,1,-100.00,-9.00,-7.00,2.00,41.00,3.00,27771909,271
258.12,1551331097,4296.92,51.44289665,7.47332056,257.88,28.27,-0.62,257.95,1,-100.00,-9.00,-7.00,2.00,41.00,3.00,27771909,271
259.13,1551331098,4325.33,51.44284545,7.47292408,257.36,27.89,-0.38,258.86,1,-96.00,-5.00,11.00,2.00,40.00,3.00,30422273,155
260.12,1551331099,4353.20,51.44279499,7.47252887,256.86,27.79,-0.10,259.02,1,-96.00,-5.00,11.00,2.00,40.00,3.00,30422273,155
261.13,1551331100,4381.02,51.44274725,7.47213646,256.29,27.50,-0.29,258.84,1,-98.00,-5.00,10.00,2.00,37.00,3.00,30422273,155
262.13,1551331101,4408.51,51.44270130,7.47175827,255.53,27.24,-0.26,258.09,1,-98.00,-5.00,10.00,2.00,37.00,3.00,30422273,155
263.13,1551331102,4435.99,51.44265034,7.47137202,254.68,27.50,0.26,257.19,1,-102.00,-6.00,1.00,2.00,35.00,3.00,30422273,155
264.12,1551331103,4463.22,51.44259370,7.47098599,253.77,28.14,0.65,256.00,1,-102.00,-6.00,1.00,2.00,35.00,3.00,30422273,155
265.13,1551331104,4491.39,51.44253468,7.47059231,252.92,28.03,-0.11,255.96,1,-102.00,-6.00,1.00,2.00,35.00,3.00,30422273,155
266.13,1551331105,4519.45,51.44247420,7.47020950,252.10,27.93,-0.10,256.16,1,-107.00,-7.00,8.00,2.00,32.00,3.00,30422273,155
267.13,1551331106,4547.35,51.44241667,7.46981891,251.31,28.07,0.14,256.89,1,-107.00,-7.00,8.00,2.00,32.00,3.00,30422273,155
268.13,1551331107,4575.45,51.44236342,7.46942146,250.48,28.11,0.04,257.66,1,-108.00,-8.00,4.00,2.00,31.00,3.00,30422273,155
269.13,1551331108,4603.56,51.44231937,7.46902878,249.53,27.82,-0.29,259.11,1,-108.00,-8.00,4.00,2.00,31.00,3.00,30422273,155
270.13,1551331109,4631.37,51.44227808,7.46863636,248.46,27.96,0.15,258.20,1,-109.00,-8.00,8.00,2.00,31.00,3.00,30422273,155
271.13,1551331110,4659.34,51.44223350,7.46823810,247.46,28.04,0.08,258.24,1,-109.00,-8.00,8.00,2.00,31.00,3.00,30422273,155
272.13,1551331111,4687.41,51.44219317,7.46784165,246.49,28.16,0.12,258.61,1,-108.00,-8.00,7.00,2.00,31.00,3.00,30422273,155
273.13,1551331112,4715.53,51.44214940,7.46744890,245.45,28.17,0.01,258.97,1,-108.00,-8.00,7.00,2.00,31.00,3.00,30422273,155
274.13,1551331113,4743.70,51.44210968,7.46704830,244.40,28.21,0.04,259.03,1,-108.00,-9.00,0.00,2.00,32.00,3.00,30422273,155
275.13,1551331114,4771.94,51.44206852,7.46665266,243.37,27.92,-0.29,259.38,1,-108.00,-9.00,0.00,2.00,32.00,3.00,30422273,155
276.13,1551331115,4799.80,51.44202413,7.46626493,242.42,27.64,-0.28,259.72,1,-104.00,-8.00,10.00,2.00,34.00,3.00,31281409,195
277.13,1551331116,4827.45,51.44197748,7.46587501,241.67,27.61,-0.03,259.96,1,-104.00,-8.00,10.00,2.00,34.00,3.00,31281409,195
278.13,1551331117,4855.06,51.44193565,7.46547657,241.10,27.84,0.22,260.45,1,-100.00,-8.00,10.00,2.00,37.00,3.00,31281409,195
279.13,1551331118,4882.90,51.44189333,7.46508643,240.64,27.83,-0.01,260.98,1,-100.00,-8.00,10.00,2.00,37.00,3.00,31281409,195
280.13,1551331119,4910.73,51.44185673,7.46469367,240.11,27.84,0.01,261.62,1,-99.00,-7.00,9.00,2.00,39.00,3.00,31281409,195
281.13,1551331120,4938.57,51.44182132,7.46428885,239.77,27.49,-0.35,262.16,1,-99.00,-7.00,9.00,2.00,39.00,3.00,31281409,195
282.13,1551331121,4966.06,51.44178344,7.46390354,239.48,27.12,-0.36,262.00,1,-100.00,-7.00,11.00,2.00,38.00,3.00,31281409,195
283.13,1551331122,4993.18,51.44175289,7.46351580,239.21,26.73,-0.39,263.55,1,-100.00,-7.00,11.00,2.00,38.00,3.00,31281409,195
284.13,1551331123,5020.13,51.44172209,7.46313602,238.91,26.58,-0.15,263.64,1,-101.00,-7.00,10.00,2.00,36.00,3.00,31281409,195
285.12,1551331124,5046.46,51.44169406,7.46275447,238.71,26.47,-0.11,263.54,1,-101.00,-7.00,10.00,2.00,36.00,3.00,31281409,195
286.13,1551331125,5072.95,51.44166483,7.46237771,238.51,26.53,0.06,263.96,1,-101.00,-7.00,10.00,2.00,36.00,3.00,31281409,195
287.13,1551331126,5099.48,51.44163845,7.46199148,238.41,26.75,0.22,264.30,1,-103.00,-7.00,8.00,2.00,34.00,3.00,31281409,195
288.13,1551331127,5126.26,51.44162180,7.46160450,238.51,26.46,-0.29,264.99,1,-103.00,-7.00,8.00,2.00,34.00,3.00,31281409,195
289.13,1551331128,5152.70,51.44160320,7.46122655,238.48,26.53,0.07,265.24,1,-104.00,-7.00,10.00,2.00,34.00,3.00,31281409,195
290.13,1551331129,5179.25,51.44158839,7.46084742,238.20,26.85,0.32,266.23,1,-104.00,-7.00,10.00,2.00,34.00,3.00,31281409,195
291.13,1551331130,5206.07,51.44157274,7.46046894,237.82,27.18,0.34,266.61,1,-103.00,-7.00,12.00,2.00,35.00,3.00,31281409,195
292.13,1551331131,5233.25,51.44155731,7.46007306,237.46,27.79,0.60,267.07,1,-103.00,-7.00,12.00,2.00,35.00,3.00,31281409,195
293.12,1551331132,5261.01,51.44154663,7.45966479,237.24,28.39,0.60,267.87,1,-102.00,-7.00,6.00,2.00,36.00,3.00,31281409,195
294.12,1551331133,5289.40,51.44153720,7.45924882,237.10,29.01,0.62,267.35,1,-102.00,-7.00,6.00,2.00,36.00,3.00,31281409,195
295.13,1551331134,5318.44,51.44152596,7.45882821,236.97,29.68,0.67,268.21,1,-103.00,-8.00,5.00,2.00,36.00,3.00,31281409,195
296.13,1551331135,5348.12,51.44151839,7.45840133,236.66,30.35,0.67,268.76,1,-103.00,-8.00,5.00,2.00,36.00,3.00,31281409,195
297.13,1551331136,5378.53,51.44151493,7.45796089,236.32,30.93,0.58,269.25,1,-105.00,-9.00,8.00,2.00,35.00,3.00,31281409,195
298.13,1551331137,5409.45,51.44150988,7.45751113,235.98,31.51,0.58,269.80,1,-105.00,-9.00,8.00,2.00,35.00,3.00,31281409,195
299.13,1551331138,5440.94,51.44150814,7.45705679,235.71,31.99,0.48,269.98,1,-104.00,-9.00,2.00,2.00,36.00,3.00,31281409,195
300.13,1551331139,5472.93,51.44150537,7.45659385,235.42,32.51,0.51,270.20,1,-104.00,-9.00,2.00,2.00,36.00,3.00,31281409,195
301.13,1551331140,5505.53,51.44150731,7.45611137,234.79,33.19,0.68,270.52,1,-101.00,-8.00,14.00,2.00,38.00,3.00,33527552,376
302.13,1551331141,5538.59,51.44151251,7.45562288,234.14,33.68,0.50,271.21,1,-101.00,-8.00,14.00,2.00,38.00,3.00,33527552,376
303.13,1551331142,5572.27,51.44152404,7.45513993,233.56,34.06,0.38,271.94,1,-99.00,-7.00,16.00,2.00,40.00,3.00,33527552,376
304.13,1551331143,5606.61,51.44153754,7.45464573,232.91,34.26,0.20,272.82,1,-99.00,-7.00,16.00,2.00,40.00,3.00,33527552,376
305.13,1551331144,5640.69,51.44155848,7.45413309,231.69,34.76,0.50,273.50,1,-84.00,-5.00,22.00,15.00,54.00,16.00,33527552,376
306.12,1551331145,5675.21,51.44157743,7.45362484,230.69,35.01,0.26,274.20,1,-84.00,-5.00,22.00,15.00,54.00,16.00,33527552,376
307.12,1551331146,5710.33,51.44160597,7.45312497,230.04,35.42,0.40,274.73,1,-84.00,-5.00,22.00,15.00,54.00,16.00,33527552,376
308.12,1551331147,5745.71,51.44163543,7.45262461,229.59,35.68,0.26,275.31,1,-82.00,-4.00,22.00,14.00,54.00,16.00,33527552,376
309.12,1551331148,5781.42,51.44166896,7.45212590,229.45,35.49,-0.19,275.52,1,-82.00,-4.00,22.00,14.00,54.00,16.00,33527552,376
310.12,1551331149,5816.91,51.44170789,7.45162895,229.34,34.95,-0.54,276.29,1,-84.00,-5.00,25.00,15.00,51.00,16.00,33527552,376
311.12,1551331150,5851.86,51.44174723,7.45112706,229.29,34.97,0.02,276.86,1,-84.00,-5.00,25.00,15.00,51.00,16.00,33527552,376
312.12,1551331151,5886.83,51.44178972,7.45062934,229.25,35.01,0.04,277.32,1,-85.00,-5.00,26.00,15.00,49.00,16.00,33527552,376
313.12,1551331152,5921.85,51.44183333,7.45012875,229.22,35.07,0.06,277.86,1,-85.00,-5.00,26.00,15.00,49.00,16.00,33527552,376
314.13,1551331153,5956.95,51.44187921,7.44962316,229.37,34.80,-0.27,278.49,1,-82.00,-5.00,28.00,1.00,53.00,16.00,33527552,376
315.13,1551331154,5991.75,51.44192518,7.44913667,229.44,34.08,-0.72,278.72,1,-82.00,-5.00,28.00,1.00,53.00,16.00,33527552,376
316.13,1551331155,6025.82,51.44197232,7.44865240,229.37,33.70,-0.37,278.80,1,-80.00,-4.00,30.00,1.00,56.00,16.00,33527552,376
317.13,1551331156,6059.53,51.44202268,7.44816428,229.39,33.47,-0.24,279.58,1,-80.00,-4.00,30.00,1.00,56.00,16.00,33527552,376
318.13,1551331157,6092.99,51.44207610,7.44769510,229.10,33.46,-0.01,280.08,1,-78.00,-5.00,32.00,15.00,60.00,16.00,33527552,376
319.13,1551331158,6126.52,51.44213413,7.44721445,228.97,33.59,0.13,281.01,1,-78.00,-5.00,32.00,15.00,60.00,16.00,33527552,376
320.12,1551331159,6160.01,51.44219107,7.44673664,228.96,33.74,0.15,281.71,1,-76.00,-6.00,32.00,11.00,62.00,16.00,33527552,376
321.12,1551331160,6193.62,51.44225808,7.44627556,228.65,33.88,0.14,282.39,1,-76.00,-6.00,32.00,11.00,62.00,16.00,33527552,376
322.12,1551331161,6227.63,51.44232355,7.44581276,228.02,34.04,0.16,282.86,1,-75.00,-5.00,33.00,12.00,63.00,16.00,33527552,376
323.12,1551331162,6261.67,51.44239555,7.44533547,227.26,34.35,0.31,283.37,1,-75.00,-5.00,33.00,12.00,63.00,16.00,33527552,376
324.12,1551331163,6295.99,51.44248523,7.44483132,226.51,35.59,1.24,284.88,1,-72.00,-4.00,31.00,15.00,63.00,16.00,33527552,376
325.12,1551331164,6331.61,51.44256680,7.44433166,226.06,35.49,-0.10,285.19,1,-72.00,-4.00,31.00,15.00,63.00,16.00,33527552,376
326.13,1551331165,6367.42,51.44264462,7.44384320,225.76,35.45,-0.04,285.43,1,-71.00,-5.00,32.00,14.00,63.00,16.00,33527552,376
327.12,1551331166,6402.55,51.44272173,7.44335988,225.57,34.97,-0.49,285.02,1,-71.00,-5.00,32.00,14.00,63.00,16.00,33527552,376
328.12,1551331167,6437.52,51.44280762,7.44286681,225.62,35.03,0.07,286.02,1,-71.00,-5.00,32.00,14.00,63.00,16.00,33527552,376
329.13,1551331168,6472.59,51.44289335,7.44238496,225.32,34.87,-0.16,285.90,1,-69.00,-4.00,31.00,10.00,63.00,16.00,33527552,376
330.13,1551331169,6507.46,51.44298089,7.44189463,225.09,35.03,0.16,286.08,1,-69.00,-4.00,31.00,10.00,63.00,16.00,33527552,376
331.13,1551331170,6542.49,51.44306378,7.44141635,225.14,35.33,0.31,286.84,1,-69.00,-5.00,30.00,15.00,63.00,16.00,33527552,376
332.13,1551331171,6577.82,51.44315238,7.44093849,225.19,35.08,-0.25,287.13,1,-69.00,-5.00,30.00,15.00,63.00,16.00,33527552,376
333.13,1551331172,6612.90,51.44324183,7.44046549,225.08,34.93,-0.15,287.54,1,-78.00,-5.00,12.00,12.00,59.00,16.00,33527552,376
334.13,1551331173,6647.84,51.44333978,7.43999052,224.81,34.68,-0.25,288.59,1,-78.00,-5.00,12.00,12.00,59.00,16.00,33527552,376
335.13,1551331174,6682.52,51.44344374,7.43948938,223.82,34.55,-0.13,288.71,1,-79.00,-4.00,24.00,12.00,54.00,16.00,33527552,376
336.13,1551331175,6717.07,51.44354706,7.43900050,222.41,34.80,0.25,288.48,1,-79.00,-4.00,24.00,12.00,54.00,16.00,33527552,376
337.12,1551331176,6751.83,51.44365200,7.43851989,220.92,35.06,0.27,288.33,1,-77.00,-6.00,28.00,13.00,60.00,16.00,33527552,376
338.13,1551331177,6786.93,51.44377307,7.43803069,219.39,35.14,0.07,290.79,1,-77.00,-6.00,28.00,13.00,60.00,16.00,33527552,376
339.13,1551331178,6822.07,51.44389006,7.43755624,217.76,34.75,-0.39,291.13,1,-83.00,-6.00,16.00,12.00,55.00,16.00,33527552,376
340.13,1551331179,6856.82,51.44400878,7.43709063,216.02,34.79,0.04,291.97,1,-83.00,-6.00,16.00,12.00,55.00,16.00,33527552,376
341.13,1551331180,6891.61,51.44412729,7.43662350,214.35,34.89,0.10,292.39,1,-81.00,-6.00,6.00,6.00,57.00,1.00,33527554,375
342.13,1551331181,6926.50,51.44424879,7.43616939,213.05,35.13,0.24,293.10,1,-81.00,-6.00,6.00,6.00,57.00,1.00,33527554,375
343.13,1551331182,6961.63,51.44437136,7.43571334,211.92,35.03,-0.11,293.43,1,-85.00,-6.00,9.00,12.00,51.00,1.00,33527554,375
344.13,1551331183,6996.66,51.44449845,7.43525000,210.65,35.04,0.01,293.66,1,-85.00,-6.00,9.00,12.00,51.00,1.00,33527554,375
345.12,1551331184,7031.66,51.44463188,7.43478075,209.43,34.79,-0.25,294.17,1,-78.00,-5.00,29.00,13.00,57.00,1.00,33527554,375
346.13,1551331185,7066.48,51.44476520,7.43431843,208.57,34.67,-0.12,294.78,1,-78.00,-5.00,29.00,13.00,57.00,1.00,33527554,375
347.13,1551331186,7101.46,51.44491336,7.43386191,207.57,35.05,0.38,297.44,1,-85.00,-6.00,17.00,12.00,52.00,1.00,33527554,375
348.13,1551331187,7136.23,51.44505790,7.43342625,206.50,34.99,-0.06,297.17,1,-85.00,-6.00,17.00,12.00,52.00,1.00,33527554,375
349.13,1551331188,7171.21,51.44521451,7.43298315,205.54,35.35,0.36,299.37,1,-85.00,-6.00,17.00,12.00,52.00,1.00,33527554,375
350.13,1551331189,7206.56,51.44537894,7.43254025,204.77,35.35,0.01,300.44,1,-86.00,-5.00,9.00,11.00,50.00,1.00,33527554,375
351.13,1551331190,7241.88,51.44554873,7.43209705,204.03,35.23,-0.12,301.61,1,-86.00,-5.00,9.00,11.00,50.00,1.00,33527554,375
352.13,1551331191,7277.11,51.44572666,7.43166014,203.44,35.29,0.06,303.30,1,-83.00,-6.00,10.00,12.00,54.00,1.00,33527554,375
353.13,1551331192,7312.40,51.44591173,7.43122971,202.78,35.79,0.50,304.89,1,-83.00,-6.00,10.00,12.00,54.00,1.00,33527554,375
354.13,1551331193,7348.18,51.44610857,7.43080888,202.35,35.80,0.02,306.89,1,-82.00,-5.00,25.00,13.00,56.00,1.00,33527554,375
355.13,1551331194,7383.99,51.44631343,7.43039306,202.09,35.94,0.13,308.44,1,-82.00,-5.00,25.00,13.00,56.00,1.00,33527554,375
356.13,1551331195,7419.93,51.44651711,7.42999615,201.51,35.71,-0.23,309.68,1,-79.00,-5.00,24.00,2.00,54.00,1.00,33527554,375
357.13,1551331196,7455.64,51.44672365,7.42961096,200.80,35.83,0.12,310.76,1,-79.00,-5.00,24.00,2.00,54.00,1.00,33527554,375
358.13,1551331197,7491.46,51.44694119,7.42924344,199.79,36.09,0.27,312.64,1,-75.00,-5.00,20.00,2.00,59.00,1.00,33527554,375
359.13,1551331198,7527.56,51.44715699,7.42889110,197.91,35.78,-0.31,314.07,1,-75.00,-5.00,20.00,2.00,59.00,1.00,33527554,375
360.13,1551331199,7563.41,51.44737494,7.42853390,195.88,35.78,-0.00,314.69,1,-77.00,-4.00,11.00,2.00,58.00,1.00,33527554,375
361.12,1551331200,7599.04,51.44760126,7.42818209,193.88,35.59,-0.19,315.46,1,-77.00,-4.00,11.00,2.00,58.00,1.00,33527554,375
362.13,1551331201,7634.70,51.44783570,7.42782931,191.94,35.75,0.16,316.56,1,-88.00,-10.00,2.00,11.00,54.00,10.00,33527554,375
363.12,1551331202,7670.42,51.44807369,7.42749345,190.38,35.96,0.21,318.57,1,-88.00,-10.00,2.00,11.00,54.00,10.00,33527554,375
364.13,1551331203,7706.42,51.44832501,7.42715946,188.43,36.29,0.33,320.32,1,-90.00,-8.00,5.00,10.00,48.00,10.00,33527554,375
365.12,1551331204,7742.67,51.44858366,7.42683934,186.68,36.37,0.08,322.37,1,-90.00,-8.00,5.00,10.00,48.00,10.00,33527554,375
366.13,1551331205,7779.07,51.44884877,7.42653038,185.02,36.85,0.48,323.91,1,-91.00,-9.00,-4.00,9.00,52.00,10.00,33527554,375
367.12,1551331206,7815.88,51.44912413,7.42623360,183.45,37.04,0.19,325.84,1,-91.00,-9.00,-4.00,9.00,52.00,10.00,33527554,375
368.13,1551331207,7853.21,51.44941212,7.42594611,181.85,36.77,-0.27,327.88,1,-93.00,-8.00,7.00,10.00,46.00,10.00,33527554,375
369.12,1551331208,7889.69,51.44969367,7.42567497,180.55,36.82,0.05,329.43,1,-93.00,-8.00,7.00,10.00,46.00,10.00,33527554,375
370.13,1551331209,7926.54,51.44999086,7.42540510,178.82,37.49,0.67,330.74,1,-93.00,-8.00,7.00,10.00,46.00,10.00,33527554,375
371.13,1551331210,7964.07,51.45028544,7.42515584,177.08,37.90,0.41,332.50,1,-95.00,-8.00,14.00,9.00,44.00,10.00,33527554,375
372.13,1551331211,8001.93,51.45058830,7.42491624,175.95,38.03,0.13,333.90,1,-95.00,-8.00,14.00,9.00,44.00,10.00,33527554,375
373.13,1551331212,8039.99,51.45090214,7.42468308,174.69,38.66,0.64,335.28,1,-100.00,-11.00,22.00,7.00,41.00,10.00,33527554,375
374.13,1551331213,8078.70,51.45122745,7.42446911,173.48,38.38,-0.28,337.18,1,-100.00,-11.00,22.00,7.00,41.00,10.00,33527554,375
375.13,1551331214,8117.12,51.45155506,7.42427143,172.10,38.60,0.22,338.64,1,-101.00,-11.00,0.00,7.00,41.00,37.00,29568770,414
376.13,1551331215,8155.72,51.45189254,7.42408462,170.76,38.86,0.26,340.41,1,-101.00,-11.00,0.00,7.00,41.00,37.00,29568770,414
377.13,1551331216,8194.58,51.45222409,7.42389854,169.47,39.05,0.19,340.96,1,-107.00,-16.00,-6.00,3.00,40.00,37.00,29568770,414
378.13,1551331217,8233.59,51.45256353,7.42372545,168.06,38.81,-0.24,342.06,1,-107.00,-16.00,-6.00,3.00,40.00,37.00,29568770,414
379.13,1551331218,8272.40,51.45289402,7.42356041,166.54,38.91,0.10,342.77,1,-97.00,-11.00,-5.00,7.00,44.00,37.00,29568770,414
380.13,1551331219,8311.31,51.45323879,7.42339883,165.01,38.96,0.05,343.19,1,-97.00,-11.00,-5.00,7.00,44.00,37.00,29568770,414
381.13,1551331220,8350.27,51.45357565,7.42324227,163.48,39.03,0.07,343.54,1,-94.00,-11.00,-3.00,8.00,47.00,47.00,27771140,49
382.13,1551331221,8389.26,51.45390824,7.42308917,162.04,38.72,-0.31,343.50,1,-94.00,-11.00,-3.00,8.00,47.00,47.00,27771140,49
383.13,1551331222,8428.06,51.45423898,7.42293067,160.43,38.41,-0.31,343.72,1,-100.00,-13.00,-2.00,6.00,44.00,47.00,27771140,49
384.13,1551331223,8466.47,51.45457209,7.42277152,158.91,38.32,-0.10,343.67,1,-100.00,-13.00,-2.00,6.00,44.00,47.00,27771140,49
385.13,1551331224,8504.75,51.45490067,7.42261671,157.52,38.30,-0.01,343.44,1,-99.00,-13.00,-6.00,6.00,45.00,13.00,33837570,370
386.13,1551331225,8543.05,51.45522848,7.42246158,156.29,38.52,0.21,342.87,1,-99.00,-13.00,-6.00,6.00,45.00,13.00,33837570,370
387.13,1551331226,8581.57,51.45555823,7.42230126,155.30,38.57,0.06,342.40,1,-95.00,-10.00,-1.00,9.00,47.00,13.00,33837570,370
388.13,1551331227,8620.15,51.45588824,7.42212637,154.42,38.82,0.25,341.46,1,-95.00,-10.00,-1.00,9.00,47.00,13.00,33837570,370
389.13,1551331228,8659.27,51.45622627,7.42195214,153.81,38.91,0.09,340.51,1,-93.00,-9.00,0.00,9.00,48.00,13.00,33837570,370
390.13,1551331229,8697.83,51.45655688,7.42175733,153.40,38.94,0.03,339.25,1,-93.00,-9.00,0.00,9.00,48.00,13.00,33837570,370
391.13,1551331230,8736.81,51.45688363,7.42156109,153.14,39.33,0.39,338.51,1,-93.00,-9.00,0.00,9.00,48.00,13.00,33837570,370
392.13,1551331231,8776.14,51.45720833,7.42134162,152.94,39.05,-0.28,336.85,1,-92.00,-10.00,-2.00,9.00,48.00,13.00,33837570,370
393.13,1551331232,8815.19,51.45753109,7.42111185,152.71,39.20,0.15,335.54,1,-92.00,-10.00,-2.00,9.00,48.00,13.00,33837570,370
394.13,1551331233,8854.31,51.45784536,7.42087812,152.43,38.76,-0.44,334.51,1,-92.00,-10.00,3.00,11.00,48.00,13.00,33837570,370
395.12,1551331234,8892.88,51.45815548,7.42063901,152.01,38.79,0.03,333.47,1,-92.00,-10.00,3.00,11.00,48.00,13.00,33837570,370
396.13,1551331235,8931.86,51.45846439,7.42039808,151.64,38.63,-0.16,332.69,1,-85.00,-7.00,3.00,7.00,50.00,13.00,33837570,370
397.13,1551331236,8970.49,51.45877312,7.42013708,151.35,38.51,-0.12,331.97,1,-85.00,-7.00,3.00,7.00,50.00,13.00,33837570,370
398.13,1551331237,9009.11,51.45908920,7.41985670,150.95,38.72,0.21,330.43,1,-86.00,-8.00,5.00,13.00,54.00,13.00,33837570,370
399.13,1551331238,9047.79,51.45938863,7.41957137,150.44,38.70,-0.01,329.13,1,-86.00,-8.00,5.00,13.00,54.00,13.00,33837570,370
400.13,1551331239,9086.50,51.45968504,7.41927412,150.10,38.86,0.15,328.12,1,-84.00,-8.00,1.00,9.00,55.00,13.00,33837570,370
401.13,1551331240,9125.35,51.45997697,7.41898250,150.00,38.97,0.11,327.46,1,-84.00,-8.00,1.00,9.00,55.00,13.00,33837570,370
402.13,1551331241,9164.28,51.46027004,7.41867000,149.84,38.87,-0.10,325.82,1,-82.00,-8.00,6.00,9.00,51.00,13.00,33837570,370
403.13,1551331242,9203.15,51.46055141,7.41835358,149.88,38.84,-0.03,324.64,1,-82.00,-8.00,6.00,9.00,51.00,13.00,33837570,370
404.13,1551331243,9241.99,51.46083328,7.41802592,149.86,38.87,0.03,323.61,1,-82.00,-8.00,1.00,6.00,53.00,8.00,27770883,35
405.13,1551331244,9280.86,51.46110545,7.41769266,149.73,38.80,-0.07,322.27,1,-82.00,-8.00,1.00,6.00,53.00,8.00,27770883,35
406.13,1551331245,9319.69,51.46138284,7.41734189,149.54,38.95,0.15,321.23,1,-82.00,-9.00,5.00,8.00,58.00,8.00,27770883,35
407.13,1551331246,9358.64,51.46165536,7.41698358,149.53,38.77,-0.17,319.87,1,-82.00,-9.00,5.00,8.00,58.00,8.00,27770883,35
408.13,1551331247,9397.45,51.46192860,7.41662232,149.32,38.37,-0.40,319.12,1,-83.00,-8.00,8.00,11.00,56.00,8.00,27770883,35
409.13,1551331248,9435.82,51.46218211,7.41626447,149.31,38.15,-0.22,318.19,1,-83.00,-8.00,8.00,11.00,56.00,8.00,27770883,35
410.13,1551331249,9473.86,51.46243223,7.41589328,149.41,37.99,-0.16,316.97,1,-78.00,-7.00,34.00,12.00,60.00,8.00,27770883,35
411.13,1551331250,9511.85,51.46267869,7.41552166,149.90,37.89,-0.10,316.20,1,-78.00,-7.00,34.00,12.00,60.00,8.00,27770883,35
412.13,1551331251,9550.01,51.46292241,7.41512580,150.18,38.01,0.12,314.94,1,-80.00,-6.00,29.00,14.00,58.00,8.00,27770883,35
413.13,1551331252,9587.83,51.46316082,7.41472630,150.38,38.12,0.11,313.84,1,-80.00,-6.00,29.00,14.00,58.00,8.00,27770883,35
414.12,1551331253,9625.84,51.46339977,7.41432349,150.48,38.18,0.06,312.90,1,-80.00,-6.00,29.00,14.00,58.00,8.00,27770883,35
415.13,1551331254,9664.05,51.46362589,7.41391589,150.57,38.23,0.05,311.50,1,-74.00,-6.00,26.00,13.00,63.00,8.00,27770883,35
416.13,1551331255,9702.28,51.46385071,7.41350835,150.74,38.29,0.07,311.03,1,-74.00,-6.00,26.00,13.00,63.00,8.00,27770883,35
417.13,1551331256,9740.57,51.46406834,7.41309750,150.95,38.25,-0.05,310.27,1,-88.00,-6.00,6.00,6.00,50.00,15.00,29563905,97
418.12,1551331257,9778.78,51.46428556,7.41268275,151.44,38.33,0.08,309.72,1,-88.00,-6.00,6.00,6.00,50.00,15.00,29563905,97
419.12,1551331258,9817.10,51.46450015,7.41225686,151.83,38.42,0.09,309.08,1,-76.00,-7.00,13.00,12.00,54.00,4.00,27770883,35
420.12,1551331259,9855.52,51.46471625,7.41182776,152.17,38.40,-0.02,308.84,1,-76.00,-7.00,13.00,12.00,54.00,4.00,27770883,35
421.13,1551331260,9894.04,51.46493610,7.41139232,152.27,38.52,0.12,308.58,1,-96.00,-11.00,7.00,11.00,46.00,4.00,27770883,35
422.13,1551331261,9932.56,51.46515148,7.41096303,152.41,38.57,0.06,309.02,1,-96.00,-11.00,7.00,11.00,46.00,4.00,27770883,35
423.13,1551331262,9971.13,51.46536913,7.41053476,152.46,38.85,0.27,309.80,1,-98.00,-10.00,5.00,11.00,43.00,4.00,27770885,33
424.13,1551331263,10009.98,51.46559050,7.41009798,152.71,38.87,0.02,309.58,1,-98.00,-10.00,5.00,11.00,43.00,4.00,27770885,33
425.13,1551331264,10048.77,51.46581220,7.40966223,153.01,38.91,0.04,309.17,1,-80.00,-8.00,24.00,15.00,59.00,4.00,27770885,33
426.13,1551331265,10087.72,51.46603072,7.40923006,153.29,38.93,0.02,308.90,1,-80.00,-8.00,24.00,15.00,59.00,4.00,27770885,33
427.13,1551331266,10126.61,51.46624973,7.40879676,153.59,38.81,-0.12,308.60,1,-79.00,-7.00,35.00,12.00,56.00,4.00,27770885,33
428.13,1551331267,10165.42,51.46646971,7.40836166,153.82,38.72,-0.09,308.88,1,-79.00,-7.00,35.00,12.00,56.00,4.00,27770885,33
429.13,1551331268,10204.18,51.46668610,7.40792887,154.14,38.42,-0.30,308.71,1,-92.00,-8.00,11.00,12.00,46.00,4.00,27770885,33
430.13,1551331269,10242.60,51.46690030,7.40750020,154.48,38.40,-0.02,308.97,1,-92.00,-8.00,11.00,12.00,46.00,4.00,27770885,33
431.12,1551331270,10280.93,51.46711542,7.40707383,154.82,37.99,-0.42,309.31,1,-81.00,-6.00,17.00,12.00,56.00,4.00,27770885,33
432.13,1551331271,10318.95,51.46732710,7.40665876,155.22,37.60,-0.38,309.72,1,-81.00,-6.00,17.00,12.00,56.00,4.00,27770885,33
433.13,1551331272,10356.89,51.46754406,7.40625065,155.62,37.25,-0.36,310.44,1,-80.00,-7.00,29.00,13.00,58.00,4.00,27770885,33
434.13,1551331273,10393.88,51.46775784,7.40584969,156.06,36.31,-0.94,310.88,1,-80.00,-7.00,29.00,13.00,58.00,4.00,27770885,33
435.13,1551331274,10430.44,51.46796518,7.40546360,156.73,35.51,-0.80,310.96,1,-80.00,-7.00,29.00,13.00,58.00,4.00,27770885,33
436.12,1551331275,10465.45,51.46817547,7.40508409,157.16,35.01,-0.50,311.67,1,-85.00,-8.00,18.00,11.00,51.00,4.00,27770885,33
437.12,1551331276,10500.57,51.46838415,7.40470317,157.54,34.80,-0.21,311.84,1,-85.00,-8.00,18.00,11.00,51.00,4.00,27770885,33
438.12,1551331277,10535.41,51.46859168,7.40432606,157.91,34.78,-0.03,312.32,1,-85.00,-7.00,15.00,13.00,54.00,4.00,27770885,33
439.12,1551331278,10570.15,51.46880422,7.40395532,158.39,34.67,-0.11,312.83,1,-85.00,-7.00,15.00,13.00,54.00,4.00,27770885,33
440.13,1551331279,10604.89,51.46901612,7.40358799,158.79,34.31,-0.36,313.18,1,-86.00,-9.00,4.00,6.00,50.00,19.00,27771140,49
441.13,1551331280,10639.20,51.46922697,7.40321734,159.10,33.74,-0.57,313.67,1,-86.00,-9.00,4.00,6.00,50.00,19.00,27771140,49
442.12,1551331281,10672.90,51.46943738,7.40286309,159.60,32.83,-0.91,313.94,1,-84.00,-9.00,17.00,15.00,55.00,19.00,27771140,49
443.12,1551331282,10705.73,51.46964541,7.40251400,159.91,32.32,-0.50,314.34,1,-84.00,-9.00,17.00,15.00,55.00,19.00,27771140,49
444.13,1551331283,10738.08,51.46984585,7.40217126,159.94,31.58,-0.74,314.55,1,-85.00,-11.00,13.00,15.00,55.00,19.00,27771140,49
445.13,1551331284,10769.67,51.47003679,7.40184785,159.96,31.01,-0.57,314.59,1,-85.00,-11.00,13.00,15.00,55.00,19.00,27771140,49
446.13,1551331285,10800.68,51.47022271,7.40153829,159.88,30.31,-0.70,314.86,1,-84.00,-11.00,15.00,15.00,58.00,19.00,27771140,49
447.13,1551331286,10830.99,51.47040875,7.40125191,160.18,29.42,-0.89,316.36,1,-84.00,-11.00,15.00,15.00,58.00,19.00,27771140,49
448.12,1551331287,10860.37,51.47059455,7.40097000,160.70,28.77,-0.65,316.47,1,-82.00,-9.00,23.00,15.00,59.00,19.00,27771140,49
449.13,1551331288,10889.17,51.47077106,7.40070211,161.52,27.84,-0.93,316.54,1,-82.00,-9.00,23.00,15.00,59.00,19.00,27771140,49
450.13,1551331289,10917.01,51.47094755,7.40043447,162.33,27.24,-0.60,316.47,1,-82.00,-9.00,23.00,12.00,59.00,19.00,27771140,49
451.13,1551331290,10944.25,51.47111968,7.40017271,162.98,26.60,-0.64,317.22,1,-82.00,-9.00,23.00,12.00,59.00,19.00,27771140,49
452.13,1551331291,10970.86,51.47129856,7.39991148,163.22,26.10,-0.50,317.50,1,-84.00,-9.00,24.00,15.00,57.00,19.00,27771140,49
453.13,1551331292,10996.96,51.47147044,7.39965931,163.37,25.48,-0.62,317.78,1,-84.00,-9.00,24.00,15.00,57.00,19.00,27771140,49
454.13,1551331293,11022.64,51.47164110,7.39941120,163.61,25.26,-0.21,317.90,1,-81.00,-7.00,19.00,2.00,57.00,19.00,27771140,49
455.13,1551331294,11047.71,51.47180890,7.39917356,163.94,25.04,-0.23,318.60,1,-81.00,-7.00,19.00,2.00,57.00,19.00,27771140,49
456.12,1551331295,11072.72,51.47197459,7.39894011,164.40,25.08,0.04,318.90,1,-81.00,-7.00,19.00,2.00,57.00,19.00,27771140,49
457.13,1551331296,11097.83,51.47214083,7.39870556,165.14,25.28,0.20,318.99,1,-84.00,-9.00,22.00,2.00,58.00,19.00,27771140,49
458.13,1551331297,11123.10,51.47231332,7.39846217,165.70,25.55,0.27,319.05,1,-84.00,-9.00,22.00,2.00,58.00,19.00,27771140,49
459.13,1551331298,11148.65,51.47248964,7.39822579,165.92,25.67,0.12,319.68,1,-83.00,-8.00,22.00,2.00,58.00,19.00,27771140,49
460.13,1551331299,11174.32,51.47266665,7.39798819,166.10,25.69,0.02,319.84,1,-83.00,-8.00,22.00,2.00,58.00,19.00,27771140,49
461.13,1551331300,11200.01,51.47284126,7.39775812,166.32,25.60,-0.09,319.93,1,-83.00,-8.00,16.00,2.00,58.00,19.00,27771140,49
462.13,1551331301,11225.61,51.47301589,7.39751954,166.83,25.19,-0.41,320.21,1,-83.00,-8.00,16.00,2.00,58.00,19.00,27771140,49
463.13,1551331302,11250.80,51.47318650,7.39728656,167.36,25.10,-0.09,320.24,1,-85.00,-8.00,15.00,2.00,55.00,19.00,27771140,49
464.13,1551331303,11275.94,51.47335894,7.39705082,167.90,25.15,0.05,320.36,1,-85.00,-8.00,15.00,2.00,55.00,19.00,27771140,49
465.12,1551331304,11301.01,51.47353834,7.39681610,168.27,25.50,0.36,320.92,1,-89.00,-9.00,14.00,12.00,50.00,10.00,27771140,49
466.12,1551331305,11326.49,51.47371817,7.39658007,168.57,25.65,0.15,321.38,1,-89.00,-9.00,14.00,12.00,50.00,10.00,27771140,49
467.12,1551331306,11352.16,51.47390308,7.39634973,168.70,25.30,-0.35,322.29,1,-86.00,-9.00,13.00,12.00,54.00,10.00,27771140,49
468.13,1551331307,11377.49,51.47408560,7.39612387,168.71,25.10,-0.20,322.67,1,-86.00,-9.00,13.00,12.00,54.00,10.00,27771140,49
469.13,1551331308,11402.58,51.47426186,7.39591625,168.78,24.93,-0.17,323.60,1,-86.00,-9.00,17.00,10.00,54.00,10.00,27771140,49
470.12,1551331309,11427.49,51.47444475,7.39569971,168.98,25.08,0.15,324.15,1,-86.00,-9.00,17.00,10.00,54.00,10.00,27771140,49
471.12,1551331310,11452.57,51.47462704,7.39548694,169.14,25.41,0.33,324.48,1,-84.00,-9.00,16.00,12.00,56.00,10.00,27771140,49
472.12,1551331311,11477.98,51.47482419,7.39527462,169.57,25.79,0.38,325.86,1,-84.00,-9.00,16.00,12.00,56.00,10.00,27771140,49
473.12,1551331312,11503.77,51.47501588,7.39506765,170.11,25.49,-0.30,325.62,1,-81.00,-9.00,25.00,14.00,59.00,10.00,27771140,49
474.13,1551331313,11529.29,51.47522218,7.39488567,170.67,26.53,1.04,330.82,1,-81.00,-9.00,25.00,14.00,59.00,10.00,27771140,49
475.13,1551331314,11556.03,51.47542932,7.39470030,171.55,26.20,-0.33,330.49,1,-79.00,-9.00,23.00,15.00,62.00,10.00,27771140,49
476.13,1551331315,11582.02,51.47563138,7.39451878,172.29,25.91,-0.29,330.25,1,-79.00,-9.00,23.00,15.00,62.00,10.00,27771140,49
477.13,1551331316,11607.93,51.47582782,7.39433948,172.92,25.00,-0.90,330.15,1,-79.00,-9.00,23.00,15.00,62.00,10.00,27771140,49
478.12,1551331317,11632.91,51.47602750,7.39415863,173.50,24.98,-0.02,330.65,1,-83.00,-9.00,26.00,15.00,57.00,10.00,27771140,49
479.13,1551331318,11657.91,51.47623078,7.39398239,174.24,24.90,-0.08,331.93,1,-83.00,-9.00,26.00,15.00,57.00,10.00,27771140,49
480.12,1551331319,11682.79,51.47642776,7.39382950,174.68,24.97,0.07,333.30,1,-79.00,-8.00,22.00,15.00,61.00,10.00,27771140,49
481.13,1551331320,11707.88,51.47662692,7.39366837,175.11,24.90,-0.07,333.92,1,-79.00,-8.00,22.00,15.00,61.00,10.00,27771140,49
482.13,1551331321,11732.68,51.47682604,7.39351322,175.31,24.76,-0.13,335.02,1,-83.00,-10.00,18.00,2.00,59.00,10.00,27771140,49
483.13,1551331322,11757.44,51.47702674,7.39336525,175.60,23.55,-1.22,336.69,1,-83.00,-10.00,18.00,2.00,59.00,10.00,27771140,49
484.13,1551331323,11780.99,51.47722426,7.39322342,176.12,21.72,-1.83,337.35,1,-81.00,-10.00,14.00,2.00,61.00,10.00,27771140,49
485.13,1551331324,11802.71,51.47739862,7.39311759,176.41,20.15,-1.57,339.79,1,-81.00,-10.00,14.00,2.00,61.00,10.00,27771140,49
486.13,1551331325,11822.86,51.47755952,7.39304754,176.43,18.07,-2.08,345.26,1,-82.00,-10.00,9.00,2.00,60.00,10.00,27771140,49
487.13,1551331326,11840.93,51.47772744,7.39299211,176.43,18.75,0.68,347.88,1,-82.00,-10.00,9.00,2.00,60.00,10.00,27771140,49
488.13,1551331327,11859.68,51.47790067,7.39295332,176.43,19.00,0.25,351.99,1,-84.00,-10.00,4.00,2.00,58.00,10.00,27771140,49
489.13,1551331328,11878.68,51.47807331,7.39299238,176.30,19.43,0.43,6.68,1,-84.00,-10.00,4.00,2.00,58.00,10.00,27771140,49
490.13,1551331329,11898.10,51.47824257,7.39304358,176.20,19.63,0.21,8.30,1,-82.00,-7.00,7.00,2.00,57.00,10.00,27771139,48
491.13,1551331330,11917.74,51.47840263,7.39313739,176.18,18.44,-1.19,21.02,1,-82.00,-7.00,7.00,2.00,57.00,10.00,27771139,48
492.13,1551331331,11936.18,51.47855576,7.39325136,176.23,20.79,2.34,23.09,1,-83.00,-7.00,18.00,2.00,55.00,10.00,27771139,48
493.13,1551331332,11956.97,51.47870552,7.39337784,176.21,18.91,-1.87,26.55,1,-83.00,-7.00,18.00,2.00,55.00,10.00,27771139,48
494.13,1551331333,11975.88,51.47884003,7.39350915,176.81,17.55,-1.37,28.83,1,-82.00,-6.00,17.00,2.00,56.00,10.00,27771139,48
495.13,1551331334,11993.43,51.47897604,7.39363647,177.36,16.08,-1.47,29.09,1,-82.00,-6.00,17.00,2.00,56.00,10.00,27771139,48
496.13,1551331335,12009.65,51.47909397,7.39374452,178.12,15.09,-0.98,25.47,1,-81.00,-5.00,17.00,2.00,56.00,10.00,27771139,48
497.13,1551331336,12024.61,51.47922434,7.39377687,179.02,14.02,-1.09,4.90,1,-81.00,-5.00,17.00,2.00,56.00,10.00,27771139,48
498.12,1551331337,12038.61,51.47936097,7.39379159,179.71,14.16,0.14,1.09,1,-81.00,-5.00,17.00,2.00,56.00,10.00,27771139,48
499.13,1551331338,12052.78,51.47948766,7.39373517,180.35,13.48,-0.68,340.05,1,-86.00,-6.00,7.00,2.00,51.00,10.00,27771139,48
500.13,1551331339,12066.26,51.47960854,7.39366177,180.93,14.63,1.15,338.41,1,-86.00,-6.00,7.00,2.00,51.00,10.00,27771139,48
501.13,1551331340,12080.89,51.47974453,7.39357163,181.50,15.07,0.44,336.93,1,-89.00,-7.00,14.00,2.00,49.00,10.00,27771139,48
502.13,1551331341,12095.98,51.47986855,7.39348979,181.60,13.84,-1.24,335.99,1,-89.00,-7.00,14.00,2.00,49.00,10.00,27771139,48
503.13,1551331342,12109.81,51.47997183,7.39341823,181.68,12.17,-1.67,337.29,1,-94.00,-8.00,16.00,2.00,44.00,10.00,27771139,48
504.13,1551331343,12121.99,51.48007202,7.39338310,181.73,11.17,-1.00,349.81,1,-94.00,-8.00,16.00,2.00,44.00,10.00,27771139,48
505.13,1551331344,12133.15,51.48017331,7.39340961,181.74,10.52,-0.65,14.63,1,-93.00,-7.00,19.00,2.00,46.00,10.00,27771139,48
506.13,1551331345,12143.68,51.48024026,7.39349031,181.53,10.94,0.41,33.80,1,-93.00,-7.00,19.00,2.00,46.00,10.00,27771139,48
507.13,1551331346,12154.61,51.48031602,7.39361019,181.39,12.02,1.08,48.51,1,-89.00,-6.00,25.00,2.00,48.00,10.00,27771139,48
508.13,1551331347,12166.65,51.48038369,7.39375517,181.45,13.23,1.21,52.09,1,-89.00,-6.00,25.00,2.00,48.00,10.00,27771139,48
509.12,1551331348,12179.77,51.48045064,7.39391700,181.60,14.19,0.98,54.36,1,-86.00,-6.00,22.00,12.00,52.00,6.00,27771139,48
510.12,1551331349,12193.98,51.48052759,7.39410082,182.20,15.23,1.03,55.31,1,-86.00,-6.00,22.00,12.00,52.00,6.00,27771139,48
511.13,1551331350,12209.28,51.48060428,7.39428697,182.58,16.11,0.88,56.21,1,-80.00,-4.00,13.00,6.00,56.00,14.00,28365058,223
512.13,1551331351,12225.38,51.48069280,7.39449488,183.35,16.38,0.28,56.95,1,-80.00,-4.00,13.00,6.00,56.00,14.00,28365058,223
513.12,1551331352,12241.74,51.48077942,7.39470997,183.59,17.36,0.98,57.41,1,-88.00,-6.00,4.00,6.00,50.00,6.00,27771139,48
514.12,1551331353,12259.09,51.48086141,7.39491280,183.84,17.10,-0.26,58.05,1,-88.00,-6.00,4.00,6.00,50.00,6.00,27771139,48
515.12,1551331354,12276.21,51.48093570,7.39511964,183.82,17.05,-0.05,58.47,1,-85.00,-5.00,22.00,10.00,52.00,6.00,27771139,48
516.12,1551331355,12293.26,51.48100953,7.39533027,183.78,16.96,-0.09,58.94,1,-85.00,-5.00,22.00,10.00,52.00,6.00,27771139,48
517.13,1551331356,12310.37,51.48108491,7.39554461,183.81,16.86,-0.10,59.28,1,-85.00,-6.00,8.00,10.00,51.00,6.00,27771139,48
518.13,1551331357,12327.10,51.48116005,7.39575587,184.11,16.89,0.03,59.52,1,-85.00,-6.00,8.00,10.00,51.00,6.00,27771139,48
519.12,1551331358,12343.97,51.48123338,7.39596705,184.35,16.69,-0.20,60.22,1,-85.00,-6.00,8.00,10.00,51.00,6.00,27771139,48
520.13,1551331359,12360.67,51.48130498,7.39617428,184.73,16.42,-0.27,60.66,1,-86.00,-7.00,3.00,11.00,50.00,6.00,27771139,48
521.13,1551331360,12377.09,51.48138155,7.39639048,184.96,16.39,-0.02,60.26,1,-86.00,-7.00,3.00,11.00,50.00,6.00,27771139,48
522.13,1551331361,12393.53,51.48145262,7.39659362,184.98,16.33,-0.07,59.76,1,-86.00,-6.00,13.00,11.00,52.00,6.00,27771139,48
523.12,1551331362,12409.73,51.48153295,7.39679910,185.02,16.31,-0.02,59.20,1,-86.00,-6.00,13.00,11.00,52.00,6.00,27771139,48
524.12,1551331363,12426.03,51.48160783,7.39699716,185.00,16.30,-0.00,58.33,1,-89.00,-6.00,11.00,11.00,49.00,6.00,27771139,48
525.12,1551331364,12442.38,51.48168462,7.39718713,185.03,16.01,-0.29,57.50,1,-89.00,-6.00,11.00,11.00,49.00,6.00,27771139,48
526.12,1551331365,12458.39,51.48175966,7.39737030,184.89,15.71,-0.30,56.75,1,-87.00,-6.00,13.00,15.00,51.00,6.00,27771139,48
527.12,1551331366,12474.12,51.48183843,7.39754728,184.99,15.21,-0.50,55.79,1,-87.00,-6.00,13.00,15.00,51.00,6.00,27771139,48
528.12,1551331367,12489.33,51.48191930,7.39771986,185.24,14.40,-0.81,54.68,1,-85.00,-5.00,19.00,12.00,52.00,6.00,27771139,48
529.12,1551331368,12503.73,51.48199303,7.39787447,185.39,13.09,-1.31,53.22,1,-85.00,-5.00,19.00,12.00,52.00,6.00,27771139,48
530.12,1551331369,12516.82,51.48205565,7.39800867,185.39,11.51,-1.58,51.72,1,-80.00,-6.00,22.00,11.00,55.00,6.00,27771139,48
531.12,1551331370,12528.33,51.48212770,7.39813083,185.51,10.01,-1.50,50.34,1,-80.00,-6.00,22.00,11.00,55.00,6.00,27771139,48
532.13,1551331371,12538.35,51.48218279,7.39822597,185.57,8.15,-1.85,49.48,1,-77.00,-6.00,20.00,1.00,53.00,6.00,27771139,48
533.13,1551331372,12546.50,51.48222692,7.39829310,185.45,6.86,-1.29,48.32,1,-77.00,-6.00,20.00,1.00,53.00,6.00,27771139,48
534.13,1551331373,12553.36,51.48226799,7.39835627,185.21,5.29,-1.58,46.52,1,-80.00,-6.00,18.00,13.00,52.00,6.00,27771139,48
535.13,1551331374,12558.65,51.48230388,7.39840502,185.19,3.69,-1.60,45.12,1,-80.00,-6.00,18.00,13.00,52.00,6.00,27771139,48
536.13,1551331375,12562.33,51.48232261,7.39842386,185.19,2.16,-1.53,44.42,1,-84.00,-5.00,21.00,10.00,53.00,6.00,27771139,48
537.13,1551331376,12564.49,51.48233146,7.39843094,185.19,0.59,-1.56,44.42,1,-84.00,-5.00,21.00,10.00,53.00,6.00,27771139,48
538.13,1551331377,12565.09,51.48233146,7.39843094,185.19,0.00,-0.59,44.42,1,-83.00,-5.00,22.00,12.00,54.00,6.00,27771139,48
539.13,1551331378,12565.09,51.48233146,7.39843094,185.18,0.00,0.00,44.42,1,-83.00,-5.00,22.00,12.00,54.00,6.00,27771139,48
540.13,1551331379,12565.09,51.48233146,7.39843094,185.17,0.00,0.00,44.42,1,-83.00,-5.00,22.00,12.00,54.00,6.00,27771139,48
541.13,1551331380,12565.09,51.48233146,7.39843094,185.16,0.00,0.00,44.42,1,-83.00,-6.00,20.00,2.00,54.00,6.00,27771139,48
542.13,1551331381,12565.09,51.48233146,7.39843094,185.15,0.00,0.00,44.42,1,-83.00,-6.00,20.00,2.00,54.00,6.00,27771139,48
543.13,1551331382,12565.09,51.48233146,7.39843094,185.13,0.00,0.00,44.42,1,-85.00,-5.00,22.00,2.00,53.00,6.00,27771139,48
544.13,1551331383,12565.09,51.48233146,7.39843094,185.12,0.00,0.00,44.42,1,-85.00,-5.00,22.00,2.00,53.00,6.00,27771139,48
545.13,1551331384,12565.09,51.48233146,7.39843094,185.10,0.00,0.00,44.42,1,-84.00,-5.00,21.00,2.00,53.00,6.00,27771139,48
546.13,1551331385,12565.09,51.48233146,7.39843094,185.08,0.00,0.00,44.42,1,-84.00,-5.00,21.00,2.00,53.00,6.00,27771139,48
547.13,1551331386,12565.09,51.48233146,7.39843094,185.05,0.00,0.00,44.42,1,-84.00,-6.00,22.00,2.00,53.00,6.00,27771139,48
548.13,1551331387,12565.09,51.48233146,7.39843094,185.03,0.00,0.00,44.42,1,-84.00,-6.00,22.00,2.00,53.00,6.00,27771139,48
549.13,1551331388,12565.09,51.48233146,7.39843094,185.00,0.00,0.00,44.42,1,-84.00,-6.00,23.00,2.00,53.00,6.00,27771139,48
550.12,1551331389,12565.09,51.48233146,7.39843094,184.98,0.00,0.00,44.42,1,-84.00,-6.00,23.00,2.00,53.00,6.00,27771139,48
551.13,1551331390,12565.09,51.48233146,7.39843094,184.95,0.00,0.00,44.42,1,-84.00,-6.00,21.00,2.00,54.00,6.00,27771139,48
552.13,1551331391,12565.09,51.48233146,7.39843094,184.92,0.00,0.00,44.42,1,-84.00,-6.00,21.00,2.00,54.00,6.00,27771139,48
553.13,1551331392,12565.09,51.48233146,7.39843094,184.89,0.00,0.00,44.42,1,-83.00,-6.00,24.00,2.00,54.00,6.00,27771139,48
554.13,1551331393,12565.09,51.48233146,7.39843094,184.87,0.00,0.00,44.42,1,-83.00,-6.00,24.00,2.00,54.00,6.00,27771139,48
555.13,1551331394,12565.09,51.48233146,7.39843094,184.84,0.00,0.00,44.42,1,-84.00,-6.00,22.00,2.00,54.00,6.00,27771139,48
556.13,1551331395,12565.09,51.48233146,7.39843094,184.81,0.00,0.00,44.42,1,-84.00,-6.00,22.00,2.00,54.00,6.00,27771139,48
557.13,1551331396,12565.09,51.48233146,7.39843094,184.79,0.00,0.00,44.42,1,-83.00,-6.00,21.00,2.00,54.00,6.00,27771139,48
558.13,1551331397,12565.09,51.48233146,7.39843094,184.76,0.00,0.00,44.42,1,-83.00,-6.00,21.00,2.00,54.00,6.00,27771139,48
559.13,1551331398,12565.09,51.48233146,7.39843094,184.74,0.00,0.00,44.42,1,-84.00,-6.00,21.00,2.00,54.00,6.00,27771139,48
560.13,1551331399,12565.09,51.48233146,7.39843094,184.71,0.00,0.00,44.42,1,-84.00,-6.00,21.00,2.00,54.00,6.00,27771139,48
561.13,1551331400,12565.09,51.48233146,7.39843094,184.69,0.00,0.00,44.42,1,-84.00,-6.00,23.00,2.00,54.00,6.00,27771139,48
562.13,1551331401,12565.09,51.48233146,7.39843094,184.67,0.00,0.00,44.42,1,-84.00,-6.00,23.00,2.00,54.00,6.00,27771139,48
563.13,1551331402,12565.09,51.48233146,7.39843094,184.65,0.00,0.00,44.42,1,-84.00,-6.00,23.00,2.00,54.00,6.00,27771139,48
564.12,1551331403,12565.09,51.48233146,7.39843094,184.44,0.00,0.00,43.08,1,-84.00,-6.00,21.00,2.00,54.00,6.00,27771139,48
565.13,1551331404,12565.09,51.48237234,7.39850394,182.79,0.00,0.00,41.99,1,-84.00,-6.00,21.00,2.00,54.00,6.00,27771139,48
566.13,1551331405,12565.09,51.48241637,7.39856348,182.25,6.14,0.00,41.08,1,-83.00,-6.00,22.00,2.00,54.00,6.00,27771139,48
567.13,1551331406,12571.23,51.48246478,7.39862264,182.46,7.15,1.02,40.64,1,-83.00,-6.00,22.00,2.00,54.00,6.00,27771139,48
568.13,1551331407,12578.38,51.48251229,7.39868235,182.86,8.09,0.94,40.01,1,-83.00,-6.00,19.00,2.00,54.00,6.00,27771139,48
569.13,1551331408,12586.47,51.48257497,7.39875542,183.46,9.08,0.99,39.52,1,-83.00,-6.00,19.00,2.00,54.00,6.00,27771139,48
570.13,1551331409,12595.56,51.48264894,7.39884208,183.95,10.21,1.13,38.17,1,-86.00,-6.00,13.00,2.00,51.00,6.00,27771139,48
571.13,1551331410,12605.76,51.48272036,7.39892961,184.22,11.01,0.80,37.26,1,-86.00,-6.00,13.00,2.00,51.00,6.00,27771139,48
572.13,1551331411,12616.77,51.48280284,7.39902278,184.56,11.50,0.49,35.67,1,-88.00,-5.00,17.00,2.00,49.00,6.00,27771139,48
573.13,1551331412,12628.27,51.48288642,7.39912211,184.74,12.34,0.84,35.33,1,-88.00,-5.00,17.00,2.00,49.00,6.00,27771139,48
574.13,1551331413,12640.61,51.48299912,7.39924594,185.06,14.10,1.76,34.50,1,-88.00,-6.00,11.00,2.00,50.00,6.00,27771139,48
575.13,1551331414,12654.72,51.48310400,7.39935996,186.05,14.60,0.49,34.09,1,-88.00,-6.00,11.00,2.00,50.00,6.00,27771139,48
576.13,1551331415,12669.33,51.48320812,7.39946711,186.64,14.99,0.39,33.49,1,-88.00,-6.00,13.00,2.00,50.00,6.00,27771139,48
577.13,1551331416,12684.30,51.48331368,7.39957487,187.02,15.20,0.22,33.50,1,-88.00,-6.00,13.00,2.00,50.00,6.00,27771139,48
578.13,1551331417,12699.50,51.48341759,7.39968619,187.30,15.64,0.43,34.07,1,-88.00,-6.00,12.00,2.00,49.00,6.00,27771139,48
579.13,1551331418,12715.17,51.48353301,7.39981638,187.60,16.34,0.70,34.59,1,-88.00,-6.00,12.00,2.00,49.00,6.00,27771139,48
580.13,1551331419,12731.49,51.48365363,7.39995375,187.83,16.69,0.35,35.12,1,-95.00,-7.00,5.00,8.00,43.00,12.00,27771139,48
581.13,1551331420,12748.27,51.48377834,7.40010580,187.90,17.19,0.50,36.00,1,-95.00,-7.00,5.00,8.00,43.00,12.00,27771139,48
582.13,1551331421,12765.46,51.48390068,7.40025263,187.99,16.78,-0.41,36.49,1,-93.00,-7.00,4.00,6.00,44.00,9.00,28365058,223
583.12,1551331422,12782.12,51.48402147,7.40040551,188.28,16.88,0.10,37.17,1,-93.00,-7.00,4.00,6.00,44.00,9.00,28365058,223
584.12,1551331423,12799.00,51.48414358,7.40055464,188.38,16.94,0.06,37.84,1,-93.00,-7.00,4.00,6.00,44.00,9.00,28365058,223
585.12,1551331424,12815.94,51.48427131,7.40071454,188.30,16.61,-0.33,38.61,1,-99.00,-6.00,22.00,10.00,37.00,9.00,28365058,223
586.12,1551331425,12832.55,51.48439449,7.40086973,188.86,16.54,-0.06,39.28,1,-99.00,-6.00,22.00,10.00,37.00,9.00,28365058,223
587.13,1551331426,12849.11,51.48450219,7.40101755,189.10,16.50,-0.05,40.30,1,-96.00,-6.00,19.00,12.00,41.00,9.00,28365058,223
588.13,1551331427,12865.60,51.48461416,7.40117122,188.94,16.42,-0.08,41.29,1,-96.00,-6.00,19.00,12.00,41.00,9.00,28365058,223
589.13,1551331428,12882.05,51.48472004,7.40132746,188.56,16.12,-0.30,41.88,1,-98.00,-7.00,17.00,8.00,39.00,9.00,28365058,223
590.13,1551331429,12898.17,51.48482786,7.40148303,188.45,16.01,-0.10,42.57,1,-98.00,-7.00,17.00,8.00,39.00,9.00,28365058,223
591.13,1551331430,12914.15,51.48493230,7.40163762,188.26,16.15,0.14,41.82,1,-97.00,-6.00,20.00,12.00,41.00,9.00,28365058,223
592.12,1551331431,12930.29,51.48504268,7.40179460,187.93,15.99,-0.16,42.40,1,-97.00,-6.00,20.00,12.00,41.00,9.00,28365058,223
593.13,1551331432,12946.33,51.48514461,7.40195187,187.33,15.90,-0.09,43.37,1,-97.00,-7.00,15.00,11.00,40.00,9.00,28365058,223
594.13,1551331433,12962.21,51.48524284,7.40211730,186.72,15.54,-0.35,44.94,1,-97.00,-7.00,15.00,11.00,40.00,9.00,28365058,223
595.13,1551331434,12977.77,51.48534188,7.40229459,185.87,14.22,-1.32,46.56,1,-94.00,-6.00,16.00,10.00,42.00,9.00,28365058,223
596.13,1551331435,12991.96,51.48542240,7.40244146,185.45,12.30,-1.93,47.72,1,-94.00,-6.00,16.00,10.00,42.00,9.00,28365058,223
597.13,1551331436,13004.26,51.48549184,7.40257056,185.21,10.44,-1.85,48.28,1,-100.00,-8.00,0.00,2.00,39.00,9.00,28365058,223
598.13,1551331437,13014.70,51.48555004,7.40267781,184.86,8.93,-1.51,46.26,1,-100.00,-8.00,0.00,2.00,39.00,9.00,28365058,223
599.13,1551331438,13023.64,51.48560127,7.40271821,184.73,8.22,-0.71,25.03,1,-96.00,-7.00,15.00,2.00,42.00,9.00,29391105,167
600.13,1551331439,13031.86,51.48567786,7.40273045,184.45,8.30,0.08,358.67,1,-96.00,-7.00,15.00,2.00,42.00,9.00,29391105,167
601.13,1551331440,13040.18,51.48574499,7.40269284,184.49,8.93,0.63,339.39,1,-95.00,-7.00,5.00,2.00,43.00,9.00,29391105,167
602.13,1551331441,13049.08,51.48581395,7.40262251,184.10,9.57,0.64,321.24,1,-95.00,-7.00,5.00,2.00,43.00,9.00,29391105,167
603.13,1551331442,13058.74,51.48588608,7.40253629,183.87,10.86,1.27,320.55,1,-99.00,-9.00,-9.00,2.00,41.00,9.00,29391105,167
604.13,1551331443,13069.51,51.48596488,7.40243478,183.41,12.04,1.19,320.91,1,-99.00,-9.00,-9.00,2.00,41.00,9.00,29391105,167
605.13,1551331444,13081.55,51.48605295,7.40232344,183.03,12.27,0.24,321.84,1,-99.00,-9.00,-9.00,2.00,41.00,9.00,29391105,167
606.13,1551331445,13093.81,51.48616069,7.40220620,182.54,12.76,0.49,324.56,1,-101.00,-10.00,2.00,2.00,40.00,9.00,26385409,93
607.13,1551331446,13106.57,51.48626451,7.40211005,181.46,12.15,-0.61,327.20,1,-101.00,-10.00,2.00,2.00,40.00,9.00,26385409,93
608.13,1551331447,13118.74,51.48638271,7.40201014,180.56,12.69,0.54,330.16,1,-99.00,-8.00,3.00,2.00,40.00,9.00,26385409,93
609.13,1551331448,13131.43,51.48649339,7.40192605,179.69,11.56,-1.13,333.12,1,-99.00,-8.00,3.00,2.00,40.00,9.00,26385409,93
610.13,1551331449,13142.98,51.48660021,7.40186618,178.91,12.66,1.10,335.91,1,-99.00,-8.00,2.00,2.00,41.00,9.00,26385409,93
611.13,1551331450,13155.66,51.48672303,7.40179810,178.22,12.65,-0.01,338.53,1,-99.00,-8.00,2.00,2.00,41.00,9.00,26385409,93
612.13,1551331451,13168.31,51.48684979,7.40173735,177.97,13.41,0.75,340.57,1,-97.00,-7.00,5.00,2.00,41.00,9.00,26385409,93
613.13,1551331452,13181.72,51.48697408,7.40168677,177.97,13.56,0.15,343.49,1,-97.00,-7.00,5.00,2.00,41.00,9.00,26385409,93
614.13,1551331453,13195.27,51.48708633,7.40165886,178.26,13.60,0.05,345.71,1,-96.00,-6.00,10.00,2.00,41.00,9.00,26385409,93
615.13,1551331454,13208.88,51.48720257,7.40163384,178.26,13.36,-0.24,347.96,1,-96.00,-6.00,10.00,2.00,41.00,9.00,26385409,93
616.13,1551331455,13222.21,51.48732122,7.40161735,178.20,14.30,0.94,351.12,1,-91.00,-5.00,22.00,2.00,44.00,9.00,26385409,93
617.13,1551331456,13236.50,51.48744885,7.40161439,178.12,13.86,-0.44,353.74,1,-91.00,-5.00,22.00,2.00,44.00,9.00,26385409,93
618.13,1551331457,13250.36,51.48758886,7.40161226,177.68,14.34,0.48,355.73,1,-84.00,-4.00,22.00,2.00,51.00,9.00,26385409,93
619.13,1551331458,13264.71,51.48771651,7.40161494,177.31,13.33,-1.00,357.39,1,-84.00,-4.00,22.00,2.00,51.00,9.00,26385409,93
620.13,1551331459,13278.07,51.48784001,7.40161849,177.09,13.24,-0.10,358.33,1,-82.00,-3.00,21.00,2.00,53.00,9.00,26385409,93
621.13,1551331460,13291.27,51.48797569,7.40162492,176.71,13.45,0.21,359.20,1,-82.00,-3.00,21.00,2.00,53.00,9.00,26385409,93
622.12,1551331461,13304.66,51.48811247,7.40162794,176.29,13.63,0.18,359.64,1,-84.00,-6.00,20.00,15.00,52.00,2.00,26385409,93
623.12,1551331462,13318.32,51.48824809,7.40163349,175.94,13.61,-0.02,0.03,1,-84.00,-6.00,20.00,15.00,52.00,2.00,26385409,93
624.13,1551331463,13332.04,51.48838027,7.40163684,175.47,14.10,0.48,0.56,1,-75.00,-5.00,24.00,15.00,57.00,2.00,26385409,93
625.12,1551331464,13346.04,51.48851339,7.40164212,174.92,14.77,0.67,1.05,1,-75.00,-5.00,24.00,15.00,57.00,2.00,26385409,93
626.12,1551331465,13360.81,51.48864613,7.40164877,174.45,15.33,0.56,0.56,1,-75.00,-5.00,24.00,15.00,57.00,2.00,26385409,93
627.12,1551331466,13376.14,51.48878357,7.40165661,174.17,15.39,0.06,0.13,1,-83.00,-6.00,13.00,3.00,54.00,2.00,26385409,93
628.12,1551331467,13391.53,51.48891646,7.40166598,173.77,15.22,-0.17,0.36,1,-83.00,-6.00,13.00,3.00,54.00,2.00,26385409,93
629.13,1551331468,13406.78,51.48905721,7.40167187,173.90,14.19,-1.02,0.00,1,-85.00,-8.00,16.00,12.00,54.00,2.00,26385409,93
630.13,1551331469,13420.98,51.48917410,7.40167242,173.55,11.74,-2.45,0.42,1,-85.00,-8.00,16.00,12.00,54.00,2.00,26385409,93
631.13,1551331470,13432.70,51.48927925,7.40167665,173.04,10.97,-0.77,1.01,1,-78.00,-7.00,9.00,6.00,60.00,2.00,26385410,94
632.13,1551331471,13443.67,51.48935656,7.40167740,172.77,8.45,-2.51,1.66,1,-78.00,-7.00,9.00,6.00,60.00,2.00,26385410,94
633.13,1551331472,13452.12,51.48940821,7.40170468,173.07,6.68,-1.77,14.96,1,-66.00,-5.00,29.00,15.00,63.00,2.00,26385410,94
634.13,1551331473,13458.80,51.48941477,7.40178286,173.30,7.12,0.44,59.58,1,-66.00,-5.00,29.00,15.00,63.00,2.00,26385410,94
635.13,1551331474,13465.92,51.48943985,7.40191539,172.90,7.49,0.37,76.75,1,-68.00,-4.00,30.00,15.00,63.00,2.00,26385410,94
636.13,1551331475,13473.42,51.48945743,7.40205455,172.36,9.01,1.52,78.31,1,-68.00,-4.00,30.00,15.00,63.00,2.00,26385410,94
637.13,1551331476,13482.43,51.48946621,7.40220351,172.03,10.46,1.45,82.40,1,-70.00,-5.00,30.00,1.00,63.00,2.00,26385410,94
638.13,1551331477,13492.89,51.48947232,7.40238067,172.07,11.26,0.80,84.44,1,-70.00,-5.00,30.00,1.00,63.00,2.00,26385410,94
639.13,1551331478,13504.15,51.48947316,7.40256429,172.14,12.29,1.03,86.82,1,-70.00,-6.00,31.00,15.00,63.00,2.00,26385410,94
640.13,1551331479,13516.44,51.48947200,7.40275000,172.38,13.15,0.86,87.89,1,-70.00,-6.00,31.00,15.00,63.00,2.00,26385410,94
641.13,1551331480,13529.59,51.48947185,7.40294788,172.68,13.42,0.27,88.99,1,-74.00,-5.00,25.00,15.00,63.00,2.00,26385410,94
642.13,1551331481,13543.02,51.48947205,7.40315223,173.12,13.79,0.36,89.48,1,-74.00,-5.00,25.00,15.00,63.00,2.00,26385410,94
643.13,1551331482,13556.80,51.48947167,7.40335093,173.62,13.72,-0.07,89.96,1,-72.00,-7.00,31.00,15.00,63.00,2.00,26385410,94
644.13,1551331483,13570.52,51.48947230,7.40354950,174.33,13.70,-0.02,90.95,1,-72.00,-7.00,31.00,15.00,63.00,2.00,26385410,94
645.13,1551331484,13584.33,51.48946669,7.40374898,174.87,13.87,0.18,91.02,1,-75.00,-6.00,25.00,15.00,63.00,2.00,26385410,94
646.13,1551331485,13598.09,51.48946023,7.40394166,175.16,13.73,-0.14,90.64,1,-75.00,-6.00,25.00,15.00,63.00,2.00,26385410,94
647.13,1551331486,13611.82,51.48945270,7.40413661,175.12,13.98,0.25,90.69,1,-75.00,-6.00,25.00,15.00,63.00,2.00,26385410,94
648.13,1551331487,13625.81,51.48945090,7.40433643,175.48,14.13,0.15,90.32,1,-76.00,-8.00,15.00,12.00,63.00,2.00,26385410,94
649.13,1551331488,13639.97,51.48944766,7.40454601,175.95,14.20,0.07,90.10,1,-76.00,-8.00,15.00,12.00,63.00,2.00,26385410,94
650.13,1551331489,13654.15,51.48944351,7.40474118,176.31,14.09,-0.11,90.25,1,-75.00,-10.00,4.00,15.00,63.00,2.00,26385410,94
651.13,1551331490,13668.23,51.48944144,7.40494112,176.53,14.07,-0.02,89.80,1,-75.00,-10.00,4.00,15.00,63.00,2.00,26385410,94
652.13,1551331491,13682.30,51.48943843,7.40513941,176.88,13.96,-0.10,89.36,1,-71.00,-7.00,18.00,15.00,63.00,1.00,26385408,95
653.12,1551331492,13696.22,51.48943953,7.40534346,177.03,13.98,0.01,88.01,1,-71.00,-7.00,18.00,15.00,63.00,1.00,26385408,95
654.12,1551331493,13710.20,51.48944714,7.40554336,177.27,14.04,0.06,85.63,1,-72.00,-5.00,18.00,14.00,63.00,1.00,26385408,95
655.12,1551331494,13724.24,51.48945925,7.40575180,177.21,13.92,-0.12,83.80,1,-72.00,-5.00,18.00,14.00,63.00,1.00,26385408,95
656.12,1551331495,13738.16,51.48947318,7.40593575,177.49,13.95,0.03,82.04,1,-76.00,-6.00,23.00,14.00,60.00,1.00,26385408,95
657.12,1551331496,13752.09,51.48948684,7.40611567,177.51,14.04,0.10,80.94,1,-76.00,-6.00,23.00,14.00,60.00,1.00,26385408,95
658.12,1551331497,13766.15,51.48950675,7.40630955,177.54,14.05,0.01,79.93,1,-76.00,-6.00,23.00,13.00,61.00,1.00,26385408,95
659.12,1551331498,13780.20,51.48952829,7.40650779,177.56,13.98,-0.07,79.33,1,-76.00,-6.00,23.00,13.00,61.00,1.00,26385408,95
660.12,1551331499,13794.21,51.48955234,7.40671020,177.79,13.83,-0.16,78.77,1,-76.00,-6.00,19.00,12.00,61.00,1.00,26385408,95
661.12,1551331500,13808.04,51.48957587,7.40690542,178.01,13.78,-0.04,78.50,1,-76.00,-6.00,19.00,12.00,61.00,1.00,26385408,95
662.13,1551331501,13821.83,51.48959999,7.40709937,178.12,13.63,-0.15,78.12,1,-74.00,-6.00,21.00,15.00,63.00,1.00,26385408,95
663.13,1551331502,13835.47,51.48962358,7.40729225,178.18,13.76,0.13,77.91,1,-74.00,-6.00,21.00,15.00,63.00,1.00,26385408,95
664.13,1551331503,13849.23,51.48964714,7.40748562,178.14,13.77,0.01,77.86,1,-77.00,-6.00,24.00,12.00,60.00,1.00,26385408,95
665.13,1551331504,13863.00,51.48966972,7.40767643,178.10,13.77,0.00,78.19,1,-77.00,-6.00,24.00,12.00,60.00,1.00,26385408,95
666.13,1551331505,13876.88,51.48969386,7.40787098,177.86,14.02,0.25,78.75,1,-78.00,-6.00,23.00,15.00,60.00,1.00,26385408,95
667.13,1551331506,13890.79,51.48971782,7.40806922,177.62,14.12,0.10,79.70,1,-78.00,-6.00,23.00,15.00,60.00,1.00,26385408,95
668.13,1551331507,13904.91,51.48974134,7.40827461,177.40,14.06,-0.06,79.67,1,-78.00,-6.00,23.00,15.00,60.00,1.00,26385408,95
669.13,1551331508,13918.97,51.48976423,7.40847828,177.08,14.29,0.23,78.96,1,-80.00,-5.00,22.00,15.00,57.00,1.00,26385408,95
670.13,1551331509,13933.25,51.48979027,7.40867472,176.40,14.35,0.06,78.39,1,-80.00,-5.00,22.00,15.00,57.00,1.00,26385408,95
671.13,1551331510,13947.60,51.48981669,7.40887614,175.49,14.38,0.03,78.62,1,-80.00,-5.00,22.00,2.00,57.00,1.00,26385408,95
672.13,1551331511,13961.98,51.48984396,7.40907683,174.58,14.45,0.07,77.83,1,-80.00,-5.00,22.00,2.00,57.00,1.00,26385408,95
673.13,1551331512,13976.43,51.48987504,7.40928145,173.70,14.42,-0.03,77.65,1,-79.00,-5.00,27.00,2.00,57.00,1.00,26385408,95
674.13,1551331513,13990.85,51.48990556,7.40948497,172.88,14.59,0.17,78.33,1,-79.00,-5.00,27.00,2.00,57.00,1.00,26385408,95
675.13,1551331514,14005.43,51.48993635,7.40969408,172.14,14.61,0.03,78.65,1,-78.00,-5.00,28.00,2.00,59.00,1.00,26385408,95
676.13,1551331515,14020.05,51.48996109,7.40990516,171.65,14.70,0.09,79.08,1,-78.00,-5.00,28.00,2.00,59.00,1.00,26385408,95
677.12,1551331516,14034.67,51.48998662,7.41010797,170.81,14.60,-0.10,79.05,1,-79.00,-6.00,24.00,2.00,58.00,1.00,26385408,95
678.13,1551331517,14049.34,51.49001405,7.41031735,170.08,14.51,-0.09,78.06,1,-79.00,-6.00,24.00,2.00,58.00,1.00,26385408,95
679.13,1551331518,14063.85,51.49004100,7.41051864,169.21,14.42,-0.09,78.18,1,-76.00,-5.00,26.00,14.00,60.00,5.00,26385408,95
680.13,1551331519,14078.28,51.49006766,7.41072187,168.41,14.40,-0.02,78.32,1,-76.00,-5.00,26.00,14.00,60.00,5.00,26385408,95
681.13,1551331520,14092.67,51.49009759,7.41092173,167.76,14.03,-0.37,77.90,1,-87.00,-5.00,21.00,12.00,50.00,5.00,26385408,95
682.13,1551331521,14106.72,51.49012191,7.41110920,166.96,13.07,-0.95,77.36,1,-87.00,-5.00,21.00,12.00,50.00,5.00,26385408,95
683.12,1551331522,14119.76,51.49014621,7.41128421,166.08,11.93,-1.15,78.02,1,-85.00,-5.00,24.00,14.00,49.00,5.00,26385408,95
684.12,1551331523,14131.61,51.49017023,7.41144816,165.35,11.32,-0.61,77.06,1,-85.00,-5.00,24.00,14.00,49.00,5.00,26385408,95
