0.03,1551330838,0.03,51.45000508,7.48830762,249.09,9.00,0.00,164.00,0,-98.00,-8.00,0.00,0.00,42.00,0.00,0,67
0.03,1551330838,0.03,51.45000508,7.48830762,249.09,9.00,0.00,164.00,0,-96.00,-8.00,0.00,0.00,41.00,0.00,0,157
1.02,1551330839,8.96,51.44992698,7.48833989,249.45,9.64,0.00,166.17,0,-98.00,-9.00,0.00,0.00,43.00,0.00,0,67
1.03,1551330839,8.97,51.44992698,7.48833989,249.45,9.64,0.00,166.17,0,-97.00,-8.00,0.00,0.00,40.00,0.00,0,157
2.03,1551330840,18.62,51.44984561,7.48836664,249.72,10.50,0.00,167.59,0,-98.00,-9.00,0.00,0.00,43.00,0.00,0,67
2.03,1551330840,18.62,51.44984561,7.48836664,249.72,10.50,0.00,167.59,0,-97.00,-8.00,0.00,0.00,40.00,0.00,0,157
3.03,1551330841,29.12,51.44974305,7.48839381,249.83,11.29,0.00,169.80,0,-100.00,-10.00,0.00,0.00,43.00,0.00,0,67
3.03,1551330841,29.13,51.44974305,7.48839381,249.83,11.29,0.00,169.80,0,-97.00,-8.00,0.00,0.00,41.00,0.00,0,157
4.03,1551330842,40.40,51.44963984,7.48841533,249.55,11.58,0.00,171.43,0,-100.00,-10.00,0.00,0.00,43.00,0.00,0,67
4.03,1551330842,40.42,51.44963984,7.48841533,249.55,11.58,0.00,171.43,0,-97.00,-8.00,0.00,0.00,41.00,0.00,0,157
5.03,1551330843,51.98,51.44952103,7.48843431,249.15,12.02,0.00,172.98,0,-102.00,-10.00,0.00,0.00,40.00,0.00,0,67
5.03,1551330843,52.00,51.44952103,7.48843431,249.15,12.02,0.00,172.98,0,-97.00,-8.00,0.00,0.00,40.00,0.00,0,157
6.02,1551330844,64.00,51.44940899,7.48844546,248.64,12.55,0.00,175.33,0,-102.00,-10.00,0.00,0.00,40.00,0.00,0,67
6.03,1551330844,64.01,51.44940899,7.48844546,248.64,12.55,0.00,175.33,0,-97.00,-8.00,0.00,0.00,40.00,0.00,0,157
7.03,1551330845,76.56,51.44930172,7.48844122,248.38,12.46,0.00,177.95,0,-102.00,-10.00,0.00,0.00,39.00,0.00,0,67
7.03,1551330845,76.57,51.44930172,7.48844122,248.38,12.46,0.00,177.95,0,-100.00,-9.00,0.00,0.00,38.00,0.00,0,157
8.03,1551330846,89.02,51.44919584,7.48843116,248.27,11.98,0.00,180.10,0,-102.00,-10.00,0.00,0.00,39.00,0.00,0,67
8.03,1551330846,89.02,51.44919584,7.48843116,248.27,11.98,0.00,180.10,0,-100.00,-9.00,0.00,0.00,38.00,0.00,0,157
9.03,1551330847,101.09,51.44908541,7.48841995,248.08,12.57,0.00,181.71,0,-104.00,-11.00,0.00,0.00,38.00,0.00,0,67
9.03,1551330847,101.10,51.44908541,7.48841995,248.08,12.57,0.00,181.71,0,-102.00,-10.00,0.00,0.00,37.00,0.00,0,157
10.03,1551330848,113.57,51.44896774,7.48840320,247.72,13.19,0.00,184.32,0,-104.00,-11.00,0.00,0.00,38.00,0.00,0,67
10.03,1551330848,113.58,51.44896774,7.48840320,247.72,13.19,0.00,184.32,0,-102.00,-10.00,0.00,0.00,37.00,0.00,0,157
11.03,1551330849,126.76,51.44884188,7.48837209,247.73,13.77,0.00,186.70,0,-104.00,-11.00,0.00,0.00,38.00,0.00,0,67
11.03,1551330849,126.76,51.44884188,7.48837209,247.73,13.77,0.00,186.70,0,-102.00,-10.00,0.00,0.00,37.00,0.00,0,157
12.03,1551330850,140.56,51.44871705,7.48832640,247.73,14.56,0.00,188.79,0,-104.00,-12.00,0.00,0.00,40.00,0.00,0,67
12.03,1551330850,140.58,51.44871705,7.48832640,247.73,14.56,0.00,188.79,0,-108.00,-14.00,0.00,0.00,39.00,0.00,0,271
12.03,1551330850,140.59,51.44871705,7.48832640,247.73,14.56,0.00,188.79,0,-109.00,-13.00,0.00,0.00,38.00,0.00,0,195
12.03,1551330850,140.59,51.44871705,7.48832640,247.73,14.56,0.00,188.79,0,-102.00,-9.00,0.00,0.00,36.00,0.00,0,157
12.03,1551330850,140.61,51.44871705,7.48832640,247.73,14.56,0.00,188.79,0,-107.00,-12.00,0.00,0.00,33.00,0.00,0,318
13.03,1551330851,155.12,51.44858491,7.48828052,247.59,13.99,0.00,190.94,0,-104.00,-12.00,0.00,0.00,40.00,0.00,0,67
13.03,1551330851,155.14,51.44858491,7.48828052,247.59,13.99,0.00,190.94,0,-108.00,-14.00,0.00,0.00,39.00,0.00,0,271
13.03,1551330851,155.15,51.44858491,7.48828052,247.59,13.99,0.00,190.94,0,-109.00,-13.00,0.00,0.00,38.00,0.00,0,195
13.03,1551330851,155.15,51.44858491,7.48828052,247.59,13.99,0.00,190.94,0,-102.00,-9.00,0.00,0.00,36.00,0.00,0,157
13.03,1551330851,155.16,51.44858491,7.48828052,247.59,13.99,0.00,190.94,0,-107.00,-12.00,0.00,0.00,33.00,0.00,0,318
14.03,1551330852,169.12,51.44844687,7.48823198,247.75,13.63,0.00,191.85,0,-106.00,-12.00,0.00,0.00,37.00,0.00,0,271
14.03,1551330852,169.12,51.44844687,7.48823198,247.75,13.63,0.00,191.85,0,-107.00,-12.00,0.00,0.00,37.00,0.00,0,195
14.03,1551330852,169.13,51.44844687,7.48823198,247.75,13.63,0.00,191.85,0,-108.00,-13.00,0.00,0.00,37.00,0.00,0,67
14.03,1551330852,169.14,51.44844687,7.48823198,247.75,13.63,0.00,191.85,0,-105.00,-10.00,0.00,0.00,34.00,0.00,0,157
14.03,1551330852,169.14,51.44844687,7.48823198,247.75,13.63,0.00,191.85,0,-108.00,-12.00,0.00,0.00,32.00,0.00,0,318
15.03,1551330853,182.75,51.44830759,7.48817103,247.71,14.30,0.00,192.87,0,-106.00,-12.00,0.00,0.00,37.00,0.00,0,271
15.03,1551330853,182.76,51.44830759,7.48817103,247.71,14.30,0.00,192.87,0,-107.00,-12.00,0.00,0.00,37.00,0.00,0,195
15.03,1551330853,182.76,51.44830759,7.48817103,247.71,14.30,0.00,192.87,0,-108.00,-13.00,0.00,0.00,37.00,0.00,0,67
15.03,1551330853,182.78,51.44830759,7.48817103,247.71,14.30,0.00,192.87,0,-105.00,-10.00,0.00,0.00,34.00,0.00,0,157
15.03,1551330853,182.79,51.44830759,7.48817103,247.71,14.30,0.00,192.87,0,-108.00,-12.00,0.00,0.00,32.00,0.00,0,318
16.03,1551330854,197.05,51.44816877,7.48810949,247.71,14.68,0.00,193.27,0,-106.00,-9.00,0.00,0.00,35.00,0.00,0,271
16.03,1551330854,197.07,51.44816877,7.48810949,247.71,14.68,0.00,193.27,0,-109.00,-12.00,0.00,0.00,34.00,0.00,0,195
16.03,1551330854,197.08,51.44816877,7.48810949,247.71,14.68,0.00,193.27,0,-110.00,-13.00,0.00,0.00,35.00,0.00,0,272
16.03,1551330854,197.08,51.44816877,7.48810949,247.71,14.68,0.00,193.27,0,-108.00,-10.00,0.00,0.00,31.00,0.00,0,318
16.03,1551330854,197.09,51.44816877,7.48810949,247.71,14.68,0.00,193.27,0,-108.00,-11.00,0.00,0.00,32.00,0.00,0,157
17.03,1551330855,211.73,51.44802763,7.48804228,247.97,14.98,0.00,193.74,0,-106.00,-9.00,0.00,0.00,35.00,0.00,0,271
17.03,1551330855,211.75,51.44802763,7.48804228,247.97,14.98,0.00,193.74,0,-109.00,-12.00,0.00,0.00,34.00,0.00,0,195
17.03,1551330855,211.75,51.44802763,7.48804228,247.97,14.98,0.00,193.74,0,-110.00,-13.00,0.00,0.00,35.00,0.00,0,272
17.03,1551330855,211.76,51.44802763,7.48804228,247.97,14.98,0.00,193.74,0,-108.00,-10.00,0.00,0.00,31.00,0.00,0,318
17.03,1551330855,211.78,51.44802763,7.48804228,247.97,14.98,0.00,193.74,0,-108.00,-11.00,0.00,0.00,32.00,0.00,0,157
18.03,1551330856,226.68,51.44789681,7.48798033,247.63,15.39,0.00,193.00,0,-111.00,-13.00,0.00,0.00,33.00,0.00,0,280
18.03,1551330856,226.70,51.44789681,7.48798033,247.63,15.39,0.00,193.00,0,-112.00,-16.00,0.00,0.00,36.00,0.00,0,272
19.03,1551330857,242.07,51.44776657,7.48793232,248.10,14.89,0.00,192.08,0,-111.00,-13.00,0.00,0.00,33.00,0.00,0,280
19.03,1551330857,242.09,51.44776657,7.48793232,248.10,14.89,0.00,192.08,0,-112.00,-16.00,0.00,0.00,36.00,0.00,0,272
20.03,1551330858,256.96,51.44762822,7.48788727,249.24,14.93,0.00,189.87,0,-109.00,-15.00,0.00,0.00,37.00,0.00,0,272
20.03,1551330858,256.98,51.44762822,7.48788727,249.24,14.93,0.00,189.87,0,-110.00,-14.00,0.00,0.00,36.00,0.00,0,195
21.02,1551330859,271.87,51.44749068,7.48786342,250.12,14.73,0.00,187.11,0,-109.00,-15.00,0.00,0.00,37.00,0.00,0,272
21.03,1551330859,271.89,51.44749068,7.48786342,250.12,14.73,0.00,187.11,0,-110.00,-14.00,0.00,0.00,36.00,0.00,0,195
22.03,1551330860,286.63,51.44735254,7.48785021,251.25,14.90,0.00,184.61,0,-108.00,-12.00,0.00,0.00,35.00,0.00,0,195
22.03,1551330860,286.65,51.44735254,7.48785021,251.25,14.90,0.00,184.61,0,-109.00,-14.00,0.00,0.00,36.00,0.00,0,272
22.03,1551330860,286.65,51.44735254,7.48785021,251.25,14.90,0.00,184.61,0,-110.00,-13.00,0.00,0.00,34.00,0.00,0,280
23.03,1551330861,301.51,51.44721870,7.48785851,252.30,15.72,0.00,180.90,0,-108.00,-12.00,0.00,0.00,35.00,0.00,0,195
23.03,1551330861,301.53,51.44721870,7.48785851,252.30,15.72,0.00,180.90,0,-109.00,-14.00,0.00,0.00,36.00,0.00,0,272
23.03,1551330861,301.55,51.44721870,7.48785851,252.30,15.72,0.00,180.90,0,-110.00,-13.00,0.00,0.00,34.00,0.00,0,280
24.03,1551330862,317.23,51.44710014,7.48788146,253.02,14.90,0.00,177.25,0,-104.00,-12.00,0.00,0.00,39.00,0.00,0,272
25.02,1551330863,332.12,51.44697277,7.48792128,253.89,14.88,0.00,174.20,0,-104.00,-12.00,0.00,0.00,39.00,0.00,0,272
26.03,1551330864,347.01,51.44682851,7.48798066,254.70,15.04,0.00,171.06,0,-107.00,-13.00,0.00,0.00,37.00,0.00,0,272
26.03,1551330864,347.03,51.44682851,7.48798066,254.70,15.04,0.00,171.06,0,-110.00,-14.00,0.00,0.00,35.00,0.00,0,195
27.03,1551330865,362.05,51.44669335,7.48805418,255.78,14.99,0.00,167.77,0,-107.00,-13.00,0.00,0.00,37.00,0.00,0,272
27.03,1551330865,362.07,51.44669335,7.48805418,255.78,14.99,0.00,167.77,0,-110.00,-14.00,0.00,0.00,35.00,0.00,0,195
28.03,1551330866,377.04,51.44657352,7.48812488,256.81,15.21,0.00,164.65,0,-106.00,-13.00,0.00,0.00,39.00,0.00,0,272
28.03,1551330866,377.06,51.44657352,7.48812488,256.81,15.21,0.00,164.65,0,-109.00,-13.00,0.00,0.00,36.00,0.00,0,66
29.03,1551330867,392.25,51.44644413,7.48821231,257.85,15.43,0.00,161.35,0,-106.00,-13.00,0.00,0.00,39.00,0.00,0,272
29.03,1551330867,392.27,51.44644413,7.48821231,257.85,15.43,0.00,161.35,0,-109.00,-13.00,0.00,0.00,36.00,0.00,0,66
30.03,1551330868,407.83,51.44632123,7.48832024,258.70,15.66,0.00,157.43,0,-102.00,-11.00,0.00,0.00,40.00,0.00,0,272
30.03,1551330868,407.83,51.44632123,7.48832024,258.70,15.66,0.00,157.43,0,-104.00,-10.00,0.00,0.00,38.00,0.00,0,66
30.04,1551330868,407.84,51.44632123,7.48832024,258.70,15.66,0.00,157.43,0,-104.00,-11.00,0.00,0.00,38.00,0.00,0,67
31.03,1551330869,423.34,51.44620481,7.48843613,259.44,15.67,0.00,154.19,0,-102.00,-11.00,0.00,0.00,40.00,0.00,0,272
31.03,1551330869,423.36,51.44620481,7.48843613,259.44,15.67,0.00,154.19,0,-104.00,-10.00,0.00,0.00,38.00,0.00,0,66
31.03,1551330869,423.37,51.44620481,7.48843613,259.44,15.67,0.00,154.19,0,-104.00,-11.00,0.00,0.00,38.00,0.00,0,67
32.03,1551330870,439.02,51.44608545,7.48856812,260.25,15.60,0.00,150.67,0,-102.00,-11.00,0.00,0.00,40.00,0.00,0,272
32.03,1551330870,439.03,51.44608545,7.48856812,260.25,15.60,0.00,150.67,0,-104.00,-10.00,0.00,0.00,38.00,0.00,0,66
32.03,1551330870,439.05,51.44608545,7.48856812,260.25,15.60,0.00,150.67,0,-104.00,-11.00,0.00,0.00,38.00,0.00,0,67
33.03,1551330871,454.62,51.44597115,7.48872093,260.83,16.04,0.00,146.98,0,-102.00,-10.00,0.00,0.00,40.00,0.00,0,66
33.03,1551330871,454.63,51.44597115,7.48872093,260.83,16.04,0.00,146.98,0,-103.00,-11.00,0.00,0.00,40.00,0.00,0,272
33.03,1551330871,454.65,51.44597115,7.48872093,260.83,16.04,0.00,146.98,0,-104.00,-11.00,0.00,0.00,40.00,0.00,0,67
34.03,1551330872,470.67,51.44588037,7.48890135,261.38,15.79,0.00,134.47,0,-102.00,-10.00,0.00,0.00,40.00,0.00,0,66
34.03,1551330872,470.68,51.44588037,7.48890135,261.38,15.79,0.00,134.47,0,-103.00,-11.00,0.00,0.00,40.00,0.00,0,272
34.03,1551330872,470.68,51.44588037,7.48890135,261.38,15.79,0.00,134.47,0,-104.00,-11.00,0.00,0.00,40.00,0.00,0,67
35.03,1551330873,486.46,51.44579259,7.48907967,261.70,15.94,0.00,134.05,0,-103.00,-11.00,0.00,0.00,40.00,0.00,0,272
35.03,1551330873,486.46,51.44579259,7.48907967,261.70,15.94,0.00,134.05,0,-105.00,-10.00,0.00,0.00,37.00,0.00,0,66
35.03,1551330873,486.47,51.44579259,7.48907967,261.70,15.94,0.00,134.05,0,-107.00,-12.00,0.00,0.00,37.00,0.00,0,67
36.03,1551330874,502.39,51.44570441,7.48926470,262.13,15.90,0.00,132.93,0,-103.00,-11.00,0.00,0.00,40.00,0.00,0,272
36.03,1551330874,502.39,51.44570441,7.48926470,262.13,15.90,0.00,132.93,0,-105.00,-10.00,0.00,0.00,37.00,0.00,0,66
36.03,1551330874,502.41,51.44570441,7.48926470,262.13,15.90,0.00,132.93,0,-107.00,-12.00,0.00,0.00,37.00,0.00,0,67
37.03,1551330875,518.28,51.44561139,7.48945503,262.87,15.96,0.00,131.19,0,-104.00,-9.00,0.00,0.00,37.00,0.00,0,272
37.03,1551330875,518.29,51.44561139,7.48945503,262.87,15.96,0.00,131.19,0,-105.00,-8.00,0.00,0.00,35.00,0.00,0,66
37.03,1551330875,518.31,51.44561139,7.48945503,262.87,15.96,0.00,131.19,0,-108.00,-13.00,0.00,0.00,36.00,0.00,0,67
38.03,1551330876,534.24,51.44552195,7.48964544,263.36,16.34,0.00,130.13,0,-104.00,-9.00,0.00,0.00,37.00,0.00,0,272
38.03,1551330876,534.25,51.44552195,7.48964544,263.36,16.34,0.00,130.13,0,-105.00,-8.00,0.00,0.00,35.00,0.00,0,66
38.03,1551330876,534.27,51.44552195,7.48964544,263.36,16.34,0.00,130.13,0,-108.00,-13.00,0.00,0.00,36.00,0.00,0,67
39.03,1551330877,550.59,51.44542485,7.48984183,264.13,16.31,0.00,129.19,0,-102.00,-10.00,0.00,0.00,40.00,0.00,0,66
39.03,1551330877,550.59,51.44542485,7.48984183,264.13,16.31,0.00,129.19,0,-106.00,-14.00,0.00,0.00,41.00,0.00,0,272
39.03,1551330877,550.61,51.44542485,7.48984183,264.13,16.31,0.00,129.19,0,-107.00,-15.00,0.00,0.00,39.00,0.00,0,67
40.03,1551330878,566.90,51.44533861,7.49003003,265.31,16.09,0.00,128.32,0,-102.00,-10.00,0.00,0.00,40.00,0.00,0,66
40.03,1551330878,566.91,51.44533861,7.49003003,265.31,16.09,0.00,128.32,0,-106.00,-14.00,0.00,0.00,41.00,0.00,0,272
40.03,1551330878,566.91,51.44533861,7.49003003,265.31,16.09,0.00,128.32,0,-107.00,-15.00,0.00,0.00,39.00,0.00,0,67
41.03,1551330879,582.99,51.44524516,7.49022471,266.42,15.72,0.00,127.98,0,-107.00,-11.00,0.00,0.00,37.00,0.00,0,272
41.03,1551330879,583.01,51.44524516,7.49022471,266.42,15.72,0.00,127.98,0,-109.00,-13.00,0.00,0.00,36.00,0.00,0,271
41.03,1551330879,583.01,51.44524516,7.49022471,266.42,15.72,0.00,127.98,0,-110.00,-15.00,0.00,0.00,37.00,0.00,0,67
41.03,1551330879,583.02,51.44524516,7.49022471,266.42,15.72,0.00,127.98,0,-108.00,-12.00,0.00,0.00,33.00,0.00,0,157
42.03,1551330880,598.70,51.44517347,7.49038906,267.99,15.31,0.00,128.34,0,-107.00,-11.00,0.00,0.00,37.00,0.00,0,272
42.03,1551330880,598.72,51.44517347,7.49038906,267.99,15.31,0.00,128.34,0,-109.00,-13.00,0.00,0.00,36.00,0.00,0,271
42.03,1551330880,598.72,51.44517347,7.49038906,267.99,15.31,0.00,128.34,0,-110.00,-15.00,0.00,0.00,37.00,0.00,0,67
42.03,1551330880,598.74,51.44517347,7.49038906,267.99,15.31,0.00,128.34,0,-108.00,-12.00,0.00,0.00,33.00,0.00,0,157
43.03,1551330881,614.02,51.44509843,7.49056085,269.35,14.33,0.00,128.11,0,-106.00,-10.00,0.00,0.00,36.00,0.00,0,272
43.03,1551330881,614.03,51.44509843,7.49056085,269.35,14.33,0.00,128.11,0,-109.00,-13.00,0.00,0.00,36.00,0.00,0,271
43.03,1551330881,614.05,51.44509843,7.49056085,269.35,14.33,0.00,128.11,0,-112.00,-15.00,0.00,0.00,35.00,0.00,0,67
43.03,1551330881,614.06,51.44509843,7.49056085,269.35,14.33,0.00,128.11,0,-109.00,-12.00,0.00,0.00,32.00,0.00,0,157
44.03,1551330882,628.34,51.44502391,7.49072541,270.60,13.93,0.00,127.82,0,-106.00,-10.00,0.00,0.00,36.00,0.00,0,272
44.03,1551330882,628.36,51.44502391,7.49072541,270.60,13.93,0.00,127.82,0,-109.00,-13.00,0.00,0.00,36.00,0.00,0,271
44.03,1551330882,628.36,51.44502391,7.49072541,270.60,13.93,0.00,127.82,0,-112.00,-15.00,0.00,0.00,35.00,0.00,0,67
44.03,1551330882,628.37,51.44502391,7.49072541,270.60,13.93,0.00,127.82,0,-109.00,-12.00,0.00,0.00,32.00,0.00,0,157
45.03,1551330883,642.26,51.44495679,7.49087984,271.62,13.21,0.00,127.40,0,-106.00,-9.00,0.00,0.00,34.00,0.00,0,272
45.03,1551330883,642.27,51.44495679,7.49087984,271.62,13.21,0.00,127.40,0,-111.00,-13.00,0.00,0.00,34.00,0.00,0,271
45.03,1551330883,642.28,51.44495679,7.49087984,271.62,13.21,0.00,127.40,0,-109.00,-13.00,0.00,0.00,33.00,0.00,0,157
46.03,1551330884,655.47,51.44489562,7.49102648,272.76,12.37,0.00,126.84,0,-106.00,-9.00,0.00,0.00,34.00,0.00,0,272
46.03,1551330884,655.48,51.44489562,7.49102648,272.76,12.37,0.00,126.84,0,-111.00,-13.00,0.00,0.00,34.00,0.00,0,271
46.03,1551330884,655.49,51.44489562,7.49102648,272.76,12.37,0.00,126.84,0,-109.00,-13.00,0.00,0.00,33.00,0.00,0,157
47.02,1551330885,667.83,51.44483803,7.49116325,273.76,10.84,0.00,126.26,0,-106.00,-10.00,0.00,0.00,36.00,0.00,0,272
47.03,1551330885,667.84,51.44483803,7.49116325,273.76,10.84,0.00,126.26,0,-110.00,-12.00,0.00,0.00,30.00,0.00,0,291
48.03,1551330886,678.68,51.44478886,7.49128469,274.56,9.51,0.00,125.41,0,-106.00,-10.00,0.00,0.00,36.00,0.00,0,272
48.03,1551330886,678.68,51.44478886,7.49128469,274.56,9.51,0.00,125.41,0,-110.00,-12.00,0.00,0.00,30.00,0.00,0,291
49.02,1551330887,688.16,51.44478886,7.49128469,274.56,9.51,0.00,125.41,0,-115.00,-12.00,0.00,0.00,28.00,0.00,0,66
49.02,1551330887,688.16,51.44478886,7.49128469,274.56,9.51,0.00,125.41,0,-116.00,-12.00,0.00,0.00,28.00,0.00,0,25
49.02,1551330887,688.17,51.44478886,7.49128469,274.56,9.51,0.00,125.41,0,-116.00,-12.00,0.00,0.00,27.00,0.00,0,95
50.03,1551330888,697.71,51.44470227,7.49148462,275.18,6.92,0.00,127.39,0,-115.00,-12.00,0.00,0.00,28.00,0.00,0,66
50.03,1551330888,697.71,51.44470227,7.49148462,275.18,6.92,0.00,127.39,0,-116.00,-12.00,0.00,0.00,28.00,0.00,0,25
50.03,1551330888,697.71,51.44470227,7.49148462,275.18,6.92,0.00,127.39,0,-116.00,-12.00,0.00,0.00,27.00,0.00,0,95
51.03,1551330889,704.66,51.44466944,7.49154780,274.41,4.27,0.00,127.92,0,-115.00,-12.00,0.00,0.00,28.00,0.00,0,66
52.02,1551330890,708.89,51.44464317,7.49159491,274.31,2.20,0.00,128.06,0,-115.00,-12.00,0.00,0.00,28.00,0.00,0,66
53.03,1551330891,711.09,51.44463549,7.49160395,274.19,0.52,0.00,128.06,0,-115.00,-12.00,0.00,0.00,28.00,0.00,0,66
54.03,1551330892,711.61,51.44463549,7.49160395,274.18,0.00,0.00,128.06,0,-113.00,-11.00,0.00,0.00,29.00,0.00,0,66
55.02,1551330893,711.61,51.44463549,7.49160395,274.17,0.00,0.00,128.06,0,-113.00,-11.00,0.00,0.00,29.00,0.00,0,66
62.02,1551330900,711.61,51.44463549,7.49160395,273.34,0.00,0.00,127.95,0,-113.00,-11.00,0.00,0.00,29.00,0.00,0,66
63.02,1551330901,711.61,51.44463549,7.49160395,269.72,0.00,0.00,131.72,0,-113.00,-11.00,0.00,0.00,29.00,0.00,0,66
102.13,1551330941,1243.02,51.44086731,7.48659883,277.87,14.60,0.00,234.07,0,-86.00,-8.00,0.00,0.00,53.00,0.00,0,270
103.13,1551330942,1257.62,51.44079161,7.48643333,278.04,14.64,0.00,234.06,0,-86.00,-8.00,0.00,0.00,53.00,0.00,0,270
104.13,1551330943,1272.26,51.44071426,7.48626189,278.38,14.88,0.00,233.19,0,-84.00,-8.00,0.00,0.00,56.00,0.00,0,270
105.13,1551330944,1287.14,51.44063815,7.48609667,278.83,14.44,0.00,233.57,0,-84.00,-8.00,0.00,0.00,56.00,0.00,0,270
106.13,1551330945,1301.58,51.44054573,7.48590308,279.45,15.02,0.00,233.24,0,-88.00,-12.00,0.00,0.00,56.00,0.00,0,272
107.13,1551330946,1316.61,51.44045980,7.48571951,280.08,14.93,0.00,232.73,0,-88.00,-12.00,0.00,0.00,56.00,0.00,0,272
144.13,1551330983,1908.38,51.43765096,7.47829442,283.35,14.91,0.00,242.37,0,-110.00,-11.00,0.00,0.00,32.00,0.00,0,261
145.13,1551330984,1923.31,51.43758124,7.47808245,283.75,15.56,0.00,242.13,0,-110.00,-11.00,0.00,0.00,32.00,0.00,0,261
146.13,1551330985,1938.88,51.43752079,7.47788765,284.25,15.48,0.00,242.69,0,-109.00,-10.00,0.00,0.00,32.00,0.00,0,261
146.13,1551330985,1938.90,51.43752079,7.47788765,284.25,15.48,0.00,242.69,0,-112.00,-11.00,0.00,0.00,31.00,0.00,0,205
147.13,1551330986,1954.36,51.43745824,7.47769139,284.40,15.38,0.00,242.43,0,-109.00,-10.00,0.00,0.00,32.00,0.00,0,261
147.13,1551330986,1954.36,51.43745824,7.47769139,284.40,15.38,0.00,242.43,0,-112.00,-11.00,0.00,0.00,31.00,0.00,0,205
148.13,1551330987,1969.73,51.43739140,7.47749219,284.41,15.07,0.00,242.56,0,-109.00,-9.00,0.00,0.00,31.00,0.00,0,261
148.13,1551330987,1969.74,51.43739140,7.47749219,284.41,15.07,0.00,242.56,0,-112.00,-10.00,0.00,0.00,30.00,0.00,0,205
149.13,1551330988,1984.81,51.43732965,7.47730888,284.36,14.30,0.00,243.18,0,-109.00,-9.00,0.00,0.00,31.00,0.00,0,261
149.13,1551330988,1984.81,51.43732965,7.47730888,284.36,14.30,0.00,243.18,0,-112.00,-10.00,0.00,0.00,30.00,0.00,0,205
150.13,1551330989,1999.10,51.43726820,7.47710466,284.56,14.93,0.00,244.00,0,-110.00,-10.00,0.00,0.00,31.00,0.00,0,261
150.13,1551330989,1999.11,51.43726820,7.47710466,284.56,14.93,0.00,244.00,0,-112.00,-10.00,0.00,0.00,30.00,0.00,0,205
151.13,1551330990,2014.02,51.43721758,7.47689756,284.72,14.07,0.00,247.12,0,-110.00,-10.00,0.00,0.00,31.00,0.00,0,261
151.13,1551330990,2014.04,51.43721758,7.47689756,284.72,14.07,0.00,247.12,0,-112.00,-10.00,0.00,0.00,30.00,0.00,0,205
152.13,1551330991,2028.09,51.43719850,7.47669474,285.18,13.29,0.00,262.43,0,-109.00,-9.00,0.00,0.00,31.00,0.00,0,261
152.13,1551330991,2028.10,51.43719850,7.47669474,285.18,13.29,0.00,262.43,0,-112.00,-10.00,0.00,0.00,30.00,0.00,0,205
153.13,1551330992,2041.38,51.43718181,7.47649925,285.33,11.83,0.00,263.70,0,-109.00,-9.00,0.00,0.00,31.00,0.00,0,261
153.13,1551330992,2041.40,51.43718181,7.47649925,285.33,11.83,0.00,263.70,0,-112.00,-10.00,0.00,0.00,30.00,0.00,0,205
154.13,1551330993,2053.21,51.43720921,7.47635684,285.44,9.87,0.00,287.87,0,-110.00,-10.00,0.00,0.00,31.00,0.00,0,261
155.13,1551330994,2063.08,51.43726574,7.47623926,285.26,8.48,0.00,313.46,0,-110.00,-10.00,0.00,0.00,31.00,0.00,0,261
194.13,1551331033,2845.76,51.44210257,7.48438146,275.41,25.23,0.00,28.30,0,-91.00,-9.00,0.00,0.00,50.00,0.00,0,271
195.13,1551331034,2870.99,51.44229557,7.48454482,274.66,25.14,0.00,27.05,0,-91.00,-9.00,0.00,0.00,50.00,0.00,0,271
251.13,1551331090,4087.11,51.44324621,7.47626390,262.15,30.63,0.00,261.25,0,-90.00,-10.00,0.00,0.00,52.00,0.00,0,270
252.13,1551331091,4117.74,51.44320495,7.47583209,261.52,30.55,0.00,260.63,0,-90.00,-10.00,0.00,0.00,52.00,0.00,0,270
255.13,1551331094,4208.72,51.44305264,7.47454873,259.71,29.89,0.00,258.15,0,-93.00,-9.00,0.00,0.00,48.00,0.00,0,270
256.13,1551331095,4238.61,51.44300054,7.47413231,259.06,29.62,0.00,257.74,0,-93.00,-9.00,0.00,0.00,48.00,0.00,0,270
257.13,1551331096,4268.20,51.44294797,7.47372392,258.44,28.89,0.00,258.08,0,-102.00,-12.00,0.00,0.00,41.00,0.00,0,270
258.12,1551331097,4296.95,51.44289665,7.47332056,257.88,28.27,0.00,257.95,0,-102.00,-12.00,0.00,0.00,41.00,0.00,0,270
266.13,1551331105,4519.48,51.44247420,7.47020950,252.10,27.93,0.00,256.16,0,-113.00,-11.00,0.00,0.00,29.00,0.00,0,195
267.13,1551331106,4547.38,51.44241667,7.46981891,251.31,28.07,0.00,256.89,0,-113.00,-11.00,0.00,0.00,29.00,0.00,0,195
268.13,1551331107,4575.48,51.44236342,7.46942146,250.48,28.11,0.00,257.66,0,-113.00,-11.00,0.00,0.00,29.00,0.00,0,195
269.13,1551331108,4603.58,51.44231937,7.46902878,249.53,27.82,0.00,259.11,0,-113.00,-11.00,0.00,0.00,29.00,0.00,0,195
270.13,1551331109,4631.40,51.44227808,7.46863636,248.46,27.96,0.00,258.20,0,-113.00,-11.00,0.00,0.00,30.00,0.00,0,195
270.13,1551331109,4631.43,51.44227808,7.46863636,248.46,27.96,0.00,258.20,0,-114.00,-13.00,0.00,0.00,31.00,0.00,0,249
271.13,1551331110,4659.39,51.44223350,7.46823810,247.46,28.04,0.00,258.24,0,-113.00,-11.00,0.00,0.00,30.00,0.00,0,195
271.13,1551331110,4659.39,51.44223350,7.46823810,247.46,28.04,0.00,258.24,0,-114.00,-13.00,0.00,0.00,31.00,0.00,0,249
272.13,1551331111,4687.43,51.44219317,7.46784165,246.49,28.16,0.00,258.61,0,-110.00,-10.00,0.00,0.00,31.00,0.00,0,195
272.13,1551331111,4687.46,51.44219317,7.46784165,246.49,28.16,0.00,258.61,0,-113.00,-13.00,0.00,0.00,31.00,0.00,0,249
273.13,1551331112,4715.56,51.44214940,7.46744890,245.45,28.17,0.00,258.97,0,-110.00,-10.00,0.00,0.00,31.00,0.00,0,195
273.13,1551331112,4715.59,51.44214940,7.46744890,245.45,28.17,0.00,258.97,0,-113.00,-13.00,0.00,0.00,31.00,0.00,0,249
274.13,1551331113,4743.76,51.44210968,7.46704830,244.40,28.21,0.00,259.03,0,-109.00,-10.00,0.00,0.00,32.00,0.00,0,195
274.13,1551331113,4743.79,51.44210968,7.46704830,244.40,28.21,0.00,259.03,0,-113.00,-14.00,0.00,0.00,32.00,0.00,0,249
275.13,1551331114,4771.97,51.44206852,7.46665266,243.37,27.92,0.00,259.38,0,-109.00,-10.00,0.00,0.00,32.00,0.00,0,195
275.13,1551331114,4771.99,51.44206852,7.46665266,243.37,27.92,0.00,259.38,0,-113.00,-14.00,0.00,0.00,32.00,0.00,0,249
287.13,1551331126,5099.54,51.44163845,7.46199148,238.41,26.75,0.00,264.30,0,-110.00,-13.00,0.00,0.00,35.00,0.00,0,376
288.13,1551331127,5126.29,51.44162180,7.46160450,238.51,26.46,0.00,264.99,0,-110.00,-13.00,0.00,0.00,35.00,0.00,0,376
289.13,1551331128,5152.75,51.44160320,7.46122655,238.48,26.53,0.00,265.24,0,-109.00,-13.00,0.00,0.00,35.00,0.00,0,376
290.13,1551331129,5179.28,51.44158839,7.46084742,238.20,26.85,0.00,266.23,0,-109.00,-13.00,0.00,0.00,35.00,0.00,0,376
297.13,1551331136,5378.59,51.44151493,7.45796089,236.32,30.93,0.00,269.25,0,-104.00,-9.00,0.00,0.00,36.00,0.00,0,376
297.13,1551331136,5378.59,51.44151493,7.45796089,236.32,30.93,0.00,269.25,0,-110.00,-14.00,0.00,0.00,35.00,0.00,0,270
297.13,1551331136,5378.62,51.44151493,7.45796089,236.32,30.93,0.00,269.25,0,-111.00,-12.00,0.00,0.00,32.00,0.00,0,154
298.13,1551331137,5409.49,51.44150988,7.45751113,235.98,31.51,0.00,269.80,0,-104.00,-9.00,0.00,0.00,36.00,0.00,0,376
298.13,1551331137,5409.52,51.44150988,7.45751113,235.98,31.51,0.00,269.80,0,-110.00,-14.00,0.00,0.00,35.00,0.00,0,270
298.13,1551331137,5409.55,51.44150988,7.45751113,235.98,31.51,0.00,269.80,0,-111.00,-12.00,0.00,0.00,32.00,0.00,0,154
299.13,1551331138,5441.00,51.44150814,7.45705679,235.71,31.99,0.00,269.98,0,-103.00,-9.00,0.00,0.00,37.00,0.00,0,376
300.13,1551331139,5472.99,51.44150537,7.45659385,235.42,32.51,0.00,270.20,0,-103.00,-9.00,0.00,0.00,37.00,0.00,0,376
301.13,1551331140,5505.60,51.44150731,7.45611137,234.79,33.19,0.00,270.52,0,-103.00,-9.00,0.00,0.00,37.00,0.00,0,376
302.13,1551331141,5538.66,51.44151251,7.45562288,234.14,33.68,0.00,271.21,0,-103.00,-9.00,0.00,0.00,37.00,0.00,0,376
341.13,1551331180,6891.67,51.44412729,7.43662350,214.35,34.89,0.00,292.39,0,-82.00,-11.00,0.00,0.00,58.00,0.00,0,207
342.13,1551331181,6926.57,51.44424879,7.43616939,213.05,35.13,0.00,293.10,0,-82.00,-11.00,0.00,0.00,58.00,0.00,0,207
347.13,1551331186,7101.49,51.44491336,7.43386191,207.57,35.05,0.00,297.44,0,-93.00,-6.00,0.00,0.00,45.00,0.00,0,249
347.14,1551331186,7101.53,51.44491336,7.43386191,207.57,35.05,0.00,297.44,0,-89.00,-6.00,0.00,0.00,46.00,0.00,0,424
348.13,1551331187,7136.30,51.44505790,7.43342625,206.50,34.99,0.00,297.17,0,-93.00,-6.00,0.00,0.00,45.00,0.00,0,249
348.13,1551331187,7136.30,51.44505790,7.43342625,206.50,34.99,0.00,297.17,0,-89.00,-6.00,0.00,0.00,46.00,0.00,0,424
349.13,1551331188,7171.25,51.44521451,7.43298315,205.54,35.35,0.00,299.37,0,-93.00,-6.00,0.00,0.00,45.00,0.00,0,249
349.13,1551331188,7171.28,51.44521451,7.43298315,205.54,35.35,0.00,299.37,0,-89.00,-6.00,0.00,0.00,46.00,0.00,0,424
350.13,1551331189,7206.60,51.44537894,7.43254025,204.77,35.35,0.00,300.44,0,-91.00,-6.00,0.00,0.00,46.00,0.00,0,249
351.13,1551331190,7241.95,51.44554873,7.43209705,204.03,35.23,0.00,301.61,0,-91.00,-6.00,0.00,0.00,46.00,0.00,0,249
362.13,1551331201,7634.74,51.44783570,7.42782931,191.94,35.75,0.00,316.56,0,-93.00,-12.00,0.00,0.00,50.00,0.00,0,49
363.13,1551331202,7670.49,51.44807369,7.42749345,190.38,35.96,0.00,318.57,0,-93.00,-12.00,0.00,0.00,50.00,0.00,0,49
364.13,1551331203,7706.45,51.44832501,7.42715946,188.43,36.29,0.00,320.32,0,-92.00,-12.00,0.00,0.00,51.00,0.00,0,49
365.13,1551331204,7742.74,51.44858366,7.42683934,186.68,36.37,0.00,322.37,0,-92.00,-12.00,0.00,0.00,51.00,0.00,0,49
366.13,1551331205,7779.11,51.44884877,7.42653038,185.02,36.85,0.00,323.91,0,-91.00,-10.00,0.00,0.00,52.00,0.00,0,49
367.13,1551331206,7815.95,51.44912413,7.42623360,183.45,37.04,0.00,325.84,0,-91.00,-10.00,0.00,0.00,52.00,0.00,0,49
368.13,1551331207,7853.28,51.44941212,7.42594611,181.85,36.77,0.00,327.88,0,-95.00,-9.00,0.00,0.00,47.00,0.00,0,49
369.13,1551331208,7889.76,51.44969367,7.42567497,180.55,36.82,0.00,329.43,0,-95.00,-9.00,0.00,0.00,47.00,0.00,0,49
370.13,1551331209,7926.62,51.44999086,7.42540510,178.82,37.49,0.00,330.74,0,-95.00,-9.00,0.00,0.00,47.00,0.00,0,49
371.13,1551331210,7964.11,51.45028544,7.42515584,177.08,37.90,0.00,332.50,0,-102.00,-13.00,0.00,0.00,43.00,0.00,0,49
372.13,1551331211,8001.97,51.45058830,7.42491624,175.95,38.03,0.00,333.90,0,-102.00,-13.00,0.00,0.00,43.00,0.00,0,49
373.13,1551331212,8040.07,51.45090214,7.42468308,174.69,38.66,0.00,335.28,0,-103.00,-14.00,0.00,0.00,42.00,0.00,0,49
373.13,1551331212,8040.07,51.45090214,7.42468308,174.69,38.66,0.00,335.28,0,-103.00,-14.00,0.00,0.00,42.00,0.00,0,97
373.13,1551331212,8040.11,51.45090214,7.42468308,174.69,38.66,0.00,335.28,0,-104.00,-15.00,0.00,0.00,43.00,0.00,0,26
374.13,1551331213,8078.74,51.45122745,7.42446911,173.48,38.38,0.00,337.18,0,-103.00,-14.00,0.00,0.00,42.00,0.00,0,49
374.13,1551331213,8078.77,51.45122745,7.42446911,173.48,38.38,0.00,337.18,0,-103.00,-14.00,0.00,0.00,42.00,0.00,0,97
374.13,1551331213,8078.81,51.45122745,7.42446911,173.48,38.38,0.00,337.18,0,-104.00,-15.00,0.00,0.00,43.00,0.00,0,26
375.13,1551331214,8117.16,51.45155506,7.42427143,172.10,38.60,0.00,338.64,0,-102.00,-13.00,0.00,0.00,42.00,0.00,0,249
375.13,1551331214,8117.20,51.45155506,7.42427143,172.10,38.60,0.00,338.64,0,-104.00,-13.00,0.00,0.00,41.00,0.00,0,49
375.13,1551331214,8117.23,51.45155506,7.42427143,172.10,38.60,0.00,338.64,0,-104.00,-15.00,0.00,0.00,42.00,0.00,0,97
375.13,1551331214,8117.23,51.45155506,7.42427143,172.10,38.60,0.00,338.64,0,-101.00,-11.00,0.00,0.00,39.00,0.00,0,424
375.13,1551331214,8117.27,51.45155506,7.42427143,172.10,38.60,0.00,338.64,0,-102.00,-14.00,0.00,0.00,40.00,0.00,0,209
376.13,1551331215,8155.76,51.45189254,7.42408462,170.76,38.86,0.00,340.41,0,-102.00,-13.00,0.00,0.00,42.00,0.00,0,249
376.13,1551331215,8155.80,51.45189254,7.42408462,170.76,38.86,0.00,340.41,0,-104.00,-13.00,0.00,0.00,41.00,0.00,0,49
376.13,1551331215,8155.84,51.45189254,7.42408462,170.76,38.86,0.00,340.41,0,-104.00,-15.00,0.00,0.00,42.00,0.00,0,97
376.13,1551331215,8155.84,51.45189254,7.42408462,170.76,38.86,0.00,340.41,0,-101.00,-11.00,0.00,0.00,39.00,0.00,0,424
376.13,1551331215,8155.88,51.45189254,7.42408462,170.76,38.86,0.00,340.41,0,-102.00,-14.00,0.00,0.00,40.00,0.00,0,209
377.13,1551331216,8194.62,51.45222409,7.42389854,169.47,39.05,0.00,340.96,0,-104.00,-13.00,0.00,0.00,40.00,0.00,0,49
377.13,1551331216,8194.66,51.45222409,7.42389854,169.47,39.05,0.00,340.96,0,-105.00,-14.00,0.00,0.00,40.00,0.00,0,249
377.13,1551331216,8194.70,51.45222409,7.42389854,169.47,39.05,0.00,340.96,0,-106.00,-14.00,0.00,0.00,39.00,0.00,0,97
377.13,1551331216,8194.70,51.45222409,7.42389854,169.47,39.05,0.00,340.96,0,-100.00,-9.00,0.00,0.00,37.00,0.00,0,424
377.13,1551331216,8194.74,51.45222409,7.42389854,169.47,39.05,0.00,340.96,0,-102.00,-9.00,0.00,0.00,37.00,0.00,0,47
378.13,1551331217,8233.67,51.45256353,7.42372545,168.06,38.81,0.00,342.06,0,-104.00,-13.00,0.00,0.00,40.00,0.00,0,49
378.13,1551331217,8233.71,51.45256353,7.42372545,168.06,38.81,0.00,342.06,0,-105.00,-14.00,0.00,0.00,40.00,0.00,0,249
378.13,1551331217,8233.71,51.45256353,7.42372545,168.06,38.81,0.00,342.06,0,-106.00,-14.00,0.00,0.00,39.00,0.00,0,97
378.13,1551331217,8233.75,51.45256353,7.42372545,168.06,38.81,0.00,342.06,0,-100.00,-9.00,0.00,0.00,37.00,0.00,0,424
378.13,1551331217,8233.78,51.45256353,7.42372545,168.06,38.81,0.00,342.06,0,-102.00,-9.00,0.00,0.00,37.00,0.00,0,47
379.13,1551331218,8272.44,51.45289402,7.42356041,166.54,38.91,0.00,342.77,0,-99.00,-12.00,0.00,0.00,44.00,0.00,0,97
379.13,1551331218,8272.48,51.45289402,7.42356041,166.54,38.91,0.00,342.77,0,-100.00,-13.00,0.00,0.00,45.00,0.00,0,49
379.13,1551331218,8272.52,51.45289402,7.42356041,166.54,38.91,0.00,342.77,0,-103.00,-12.00,0.00,0.00,39.00,0.00,0,270
380.13,1551331219,8311.35,51.45323879,7.42339883,165.01,38.96,0.00,343.19,0,-99.00,-12.00,0.00,0.00,44.00,0.00,0,97
380.13,1551331219,8311.38,51.45323879,7.42339883,165.01,38.96,0.00,343.19,0,-100.00,-13.00,0.00,0.00,45.00,0.00,0,49
380.13,1551331219,8311.38,51.45323879,7.42339883,165.01,38.96,0.00,343.19,0,-103.00,-12.00,0.00,0.00,39.00,0.00,0,270
381.13,1551331220,8350.31,51.45357565,7.42324227,163.48,39.03,0.00,343.54,0,-98.00,-15.00,0.00,0.00,48.00,0.00,0,35
381.13,1551331220,8350.35,51.45357565,7.42324227,163.48,39.03,0.00,343.54,0,-87.00,-7.00,0.00,0.00,49.00,0.00,0,287
381.13,1551331220,8350.35,51.45357565,7.42324227,163.48,39.03,0.00,343.54,0,-93.00,-14.00,0.00,0.00,50.00,0.00,0,212
382.13,1551331221,8389.34,51.45390824,7.42308917,162.04,38.72,0.00,343.50,0,-98.00,-15.00,0.00,0.00,48.00,0.00,0,35
382.13,1551331221,8389.38,51.45390824,7.42308917,162.04,38.72,0.00,343.50,0,-87.00,-7.00,0.00,0.00,49.00,0.00,0,287
382.13,1551331221,8389.38,51.45390824,7.42308917,162.04,38.72,0.00,343.50,0,-93.00,-14.00,0.00,0.00,50.00,0.00,0,212
383.13,1551331222,8428.10,51.45423898,7.42293067,160.43,38.41,0.00,343.72,0,-100.00,-13.00,0.00,0.00,45.00,0.00,0,414
383.13,1551331222,8428.14,51.45423898,7.42293067,160.43,38.41,0.00,343.72,0,-100.00,-12.00,0.00,0.00,44.00,0.00,0,249
383.13,1551331222,8428.17,51.45423898,7.42293067,160.43,38.41,0.00,343.72,0,-101.00,-14.00,0.00,0.00,45.00,0.00,0,35
383.13,1551331222,8428.17,51.45423898,7.42293067,160.43,38.41,0.00,343.72,0,-86.00,-8.00,0.00,0.00,51.00,0.00,0,287
383.13,1551331222,8428.21,51.45423898,7.42293067,160.43,38.41,0.00,343.72,0,-89.00,-10.00,0.00,0.00,52.00,0.00,0,212
384.13,1551331223,8466.55,51.45457209,7.42277152,158.91,38.32,0.00,343.67,0,-100.00,-13.00,0.00,0.00,45.00,0.00,0,414
384.13,1551331223,8466.59,51.45457209,7.42277152,158.91,38.32,0.00,343.67,0,-100.00,-12.00,0.00,0.00,44.00,0.00,0,249
384.13,1551331223,8466.59,51.45457209,7.42277152,158.91,38.32,0.00,343.67,0,-101.00,-14.00,0.00,0.00,45.00,0.00,0,35
384.13,1551331223,8466.63,51.45457209,7.42277152,158.91,38.32,0.00,343.67,0,-86.00,-8.00,0.00,0.00,51.00,0.00,0,287
384.13,1551331223,8466.66,51.45457209,7.42277152,158.91,38.32,0.00,343.67,0,-89.00,-10.00,0.00,0.00,52.00,0.00,0,212
385.13,1551331224,8504.83,51.45490067,7.42261671,157.52,38.30,0.00,343.44,0,-96.00,-11.00,0.00,0.00,47.00,0.00,0,249
385.13,1551331224,8504.86,51.45490067,7.42261671,157.52,38.30,0.00,343.44,0,-96.00,-12.00,0.00,0.00,48.00,0.00,0,414
385.13,1551331224,8504.86,51.45490067,7.42261671,157.52,38.30,0.00,343.44,0,-94.00,-9.00,0.00,0.00,44.00,0.00,0,210
385.13,1551331224,8504.90,51.45490067,7.42261671,157.52,38.30,0.00,343.44,0,-95.00,-8.00,0.00,0.00,43.00,0.00,0,424
386.13,1551331225,8543.13,51.45522848,7.42246158,156.29,38.52,0.00,342.87,0,-96.00,-11.00,0.00,0.00,47.00,0.00,0,249
386.13,1551331225,8543.13,51.45522848,7.42246158,156.29,38.52,0.00,342.87,0,-96.00,-12.00,0.00,0.00,48.00,0.00,0,414
386.13,1551331225,8543.17,51.45522848,7.42246158,156.29,38.52,0.00,342.87,0,-94.00,-9.00,0.00,0.00,44.00,0.00,0,210
386.13,1551331225,8543.21,51.45522848,7.42246158,156.29,38.52,0.00,342.87,0,-95.00,-8.00,0.00,0.00,43.00,0.00,0,424
387.13,1551331226,8581.65,51.45555823,7.42230126,155.30,38.57,0.00,342.40,0,-94.00,-12.00,0.00,0.00,49.00,0.00,0,414
387.13,1551331226,8581.65,51.45555823,7.42230126,155.30,38.57,0.00,342.40,0,-95.00,-12.00,0.00,0.00,48.00,0.00,0,249
387.13,1551331226,8581.69,51.45555823,7.42230126,155.30,38.57,0.00,342.40,0,-93.00,-10.00,0.00,0.00,46.00,0.00,0,210
387.13,1551331226,8581.73,51.45555823,7.42230126,155.30,38.57,0.00,342.40,0,-96.00,-11.00,0.00,0.00,44.00,0.00,0,424
388.13,1551331227,8620.18,51.45588824,7.42212637,154.42,38.82,0.00,341.46,0,-94.00,-12.00,0.00,0.00,49.00,0.00,0,414
388.13,1551331227,8620.22,51.45588824,7.42212637,154.42,38.82,0.00,341.46,0,-95.00,-12.00,0.00,0.00,48.00,0.00,0,249
388.13,1551331227,8620.26,51.45588824,7.42212637,154.42,38.82,0.00,341.46,0,-93.00,-10.00,0.00,0.00,46.00,0.00,0,210
388.13,1551331227,8620.30,51.45588824,7.42212637,154.42,38.82,0.00,341.46,0,-96.00,-11.00,0.00,0.00,44.00,0.00,0,424
389.14,1551331228,8659.31,51.45622627,7.42195214,153.81,38.91,0.00,340.51,0,-96.00,-12.00,0.00,0.00,47.00,0.00,0,49
389.14,1551331228,8659.35,51.45622627,7.42195214,153.81,38.91,0.00,340.51,0,-96.00,-12.00,0.00,0.00,47.00,0.00,0,249
389.14,1551331228,8659.39,51.45622627,7.42195214,153.81,38.91,0.00,340.51,0,-99.00,-15.00,0.00,0.00,48.00,0.00,0,414
390.13,1551331229,8697.91,51.45655688,7.42175733,153.40,38.94,0.00,339.25,0,-96.00,-12.00,0.00,0.00,47.00,0.00,0,49
390.13,1551331229,8697.95,51.45655688,7.42175733,153.40,38.94,0.00,339.25,0,-96.00,-12.00,0.00,0.00,47.00,0.00,0,249
390.13,1551331229,8697.95,51.45655688,7.42175733,153.40,38.94,0.00,339.25,0,-99.00,-15.00,0.00,0.00,48.00,0.00,0,414
391.13,1551331230,8736.85,51.45688363,7.42156109,153.14,39.33,0.00,338.51,0,-96.00,-12.00,0.00,0.00,47.00,0.00,0,49
391.13,1551331230,8736.89,51.45688363,7.42156109,153.14,39.33,0.00,338.51,0,-96.00,-12.00,0.00,0.00,47.00,0.00,0,249
391.13,1551331230,8736.93,51.45688363,7.42156109,153.14,39.33,0.00,338.51,0,-99.00,-15.00,0.00,0.00,48.00,0.00,0,414
392.13,1551331231,8776.18,51.45720833,7.42134162,152.94,39.05,0.00,336.85,0,-95.00,-12.00,0.00,0.00,50.00,0.00,0,375
392.13,1551331231,8776.22,51.45720833,7.42134162,152.94,39.05,0.00,336.85,0,-95.00,-11.00,0.00,0.00,47.00,0.00,0,210
392.13,1551331231,8776.26,51.45720833,7.42134162,152.94,39.05,0.00,336.85,0,-95.00,-13.00,0.00,0.00,47.00,0.00,0,209
393.13,1551331232,8815.23,51.45753109,7.42111185,152.71,39.20,0.00,335.54,0,-95.00,-12.00,0.00,0.00,50.00,0.00,0,375
393.13,1551331232,8815.27,51.45753109,7.42111185,152.71,39.20,0.00,335.54,0,-95.00,-11.00,0.00,0.00,47.00,0.00,0,210
393.13,1551331232,8815.31,51.45753109,7.42111185,152.71,39.20,0.00,335.54,0,-95.00,-13.00,0.00,0.00,47.00,0.00,0,209
396.13,1551331235,8931.94,51.45846439,7.42039808,151.64,38.63,0.00,332.69,0,-91.00,-11.00,0.00,0.00,51.00,0.00,0,375
397.13,1551331236,8970.57,51.45877312,7.42013708,151.35,38.51,0.00,331.97,0,-91.00,-11.00,0.00,0.00,51.00,0.00,0,375
398.13,1551331237,9009.15,51.45908920,7.41985670,150.95,38.72,0.00,330.43,0,-89.00,-10.00,0.00,0.00,53.00,0.00,0,375
398.13,1551331237,9009.19,51.45908920,7.41985670,150.95,38.72,0.00,330.43,0,-92.00,-12.00,0.00,0.00,51.00,0.00,0,35
398.13,1551331237,9009.23,51.45908920,7.41985670,150.95,38.72,0.00,330.43,0,-94.00,-11.00,0.00,0.00,49.00,0.00,0,249
398.13,1551331237,9009.23,51.45908920,7.41985670,150.95,38.72,0.00,330.43,0,-84.00,-9.00,0.00,0.00,53.00,0.00,0,209
399.13,1551331238,9047.87,51.45938863,7.41957137,150.44,38.70,0.00,329.13,0,-89.00,-10.00,0.00,0.00,53.00,0.00,0,375
399.13,1551331238,9047.91,51.45938863,7.41957137,150.44,38.70,0.00,329.13,0,-92.00,-12.00,0.00,0.00,51.00,0.00,0,35
399.13,1551331238,9047.91,51.45938863,7.41957137,150.44,38.70,0.00,329.13,0,-94.00,-11.00,0.00,0.00,49.00,0.00,0,249
399.13,1551331238,9047.95,51.45938863,7.41957137,150.44,38.70,0.00,329.13,0,-84.00,-9.00,0.00,0.00,53.00,0.00,0,209
400.13,1551331239,9086.53,51.45968504,7.41927412,150.10,38.86,0.00,328.12,0,-88.00,-9.00,0.00,0.00,53.00,0.00,0,249
400.13,1551331239,9086.57,51.45968504,7.41927412,150.10,38.86,0.00,328.12,0,-88.00,-12.00,0.00,0.00,55.00,0.00,0,375
400.13,1551331239,9086.61,51.45968504,7.41927412,150.10,38.86,0.00,328.12,0,-85.00,-10.00,0.00,0.00,54.00,0.00,0,270
400.13,1551331239,9086.65,51.45968504,7.41927412,150.10,38.86,0.00,328.12,0,-86.00,-11.00,0.00,0.00,55.00,0.00,0,209
401.13,1551331240,9125.39,51.45997697,7.41898250,150.00,38.97,0.00,327.46,0,-88.00,-9.00,0.00,0.00,53.00,0.00,0,249
401.13,1551331240,9125.43,51.45997697,7.41898250,150.00,38.97,0.00,327.46,0,-88.00,-12.00,0.00,0.00,55.00,0.00,0,375
401.13,1551331240,9125.47,51.45997697,7.41898250,150.00,38.97,0.00,327.46,0,-85.00,-10.00,0.00,0.00,54.00,0.00,0,270
401.13,1551331240,9125.47,51.45997697,7.41898250,150.00,38.97,0.00,327.46,0,-86.00,-11.00,0.00,0.00,55.00,0.00,0,209
402.13,1551331241,9164.36,51.46027004,7.41867000,149.84,38.87,0.00,325.82,0,-87.00,-12.00,0.00,0.00,55.00,0.00,0,270
402.13,1551331241,9164.36,51.46027004,7.41867000,149.84,38.87,0.00,325.82,0,-88.00,-13.00,0.00,0.00,55.00,0.00,0,209
403.13,1551331242,9203.23,51.46055141,7.41835358,149.88,38.84,0.00,324.64,0,-87.00,-12.00,0.00,0.00,55.00,0.00,0,270
403.13,1551331242,9203.23,51.46055141,7.41835358,149.88,38.84,0.00,324.64,0,-88.00,-13.00,0.00,0.00,55.00,0.00,0,209
404.13,1551331243,9242.07,51.46083328,7.41802592,149.86,38.87,0.00,323.61,0,-85.00,-11.00,0.00,0.00,57.00,0.00,0,375
404.13,1551331243,9242.07,51.46083328,7.41802592,149.86,38.87,0.00,323.61,0,-86.00,-12.00,0.00,0.00,58.00,0.00,0,370
405.13,1551331244,9280.90,51.46110545,7.41769266,149.73,38.80,0.00,322.27,0,-85.00,-11.00,0.00,0.00,57.00,0.00,0,375
405.13,1551331244,9280.94,51.46110545,7.41769266,149.73,38.80,0.00,322.27,0,-86.00,-12.00,0.00,0.00,58.00,0.00,0,370
406.13,1551331245,9319.77,51.46138284,7.41734189,149.54,38.95,0.00,321.23,0,-82.00,-8.00,0.00,0.00,58.00,0.00,0,375
406.13,1551331245,9319.81,51.46138284,7.41734189,149.54,38.95,0.00,321.23,0,-86.00,-12.00,0.00,0.00,57.00,0.00,0,370
406.13,1551331245,9319.81,51.46138284,7.41734189,149.54,38.95,0.00,321.23,0,-80.00,-10.00,0.00,0.00,58.00,0.00,0,209
406.13,1551331245,9319.85,51.46138284,7.41734189,149.54,38.95,0.00,321.23,0,-82.00,-12.00,0.00,0.00,58.00,0.00,0,114
407.13,1551331246,9358.72,51.46165536,7.41698358,149.53,38.77,0.00,319.87,0,-82.00,-8.00,0.00,0.00,58.00,0.00,0,375
407.13,1551331246,9358.76,51.46165536,7.41698358,149.53,38.77,0.00,319.87,0,-86.00,-12.00,0.00,0.00,57.00,0.00,0,370
407.13,1551331246,9358.76,51.46165536,7.41698358,149.53,38.77,0.00,319.87,0,-80.00,-10.00,0.00,0.00,58.00,0.00,0,209
407.13,1551331246,9358.80,51.46165536,7.41698358,149.53,38.77,0.00,319.87,0,-82.00,-12.00,0.00,0.00,58.00,0.00,0,114
408.13,1551331247,9397.49,51.46192860,7.41662232,149.32,38.37,0.00,319.12,0,-85.00,-9.00,0.00,0.00,55.00,0.00,0,375
408.13,1551331247,9397.53,51.46192860,7.41662232,149.32,38.37,0.00,319.12,0,-90.00,-13.00,0.00,0.00,55.00,0.00,0,370
408.13,1551331247,9397.57,51.46192860,7.41662232,149.32,38.37,0.00,319.12,0,-85.00,-11.00,0.00,0.00,55.00,0.00,0,209
408.13,1551331247,9397.57,51.46192860,7.41662232,149.32,38.37,0.00,319.12,0,-85.00,-11.00,0.00,0.00,55.00,0.00,0,114
409.13,1551331248,9435.86,51.46218211,7.41626447,149.31,38.15,0.00,318.19,0,-85.00,-9.00,0.00,0.00,55.00,0.00,0,375
409.13,1551331248,9435.90,51.46218211,7.41626447,149.31,38.15,0.00,318.19,0,-90.00,-13.00,0.00,0.00,55.00,0.00,0,370
409.13,1551331248,9435.94,51.46218211,7.41626447,149.31,38.15,0.00,318.19,0,-85.00,-11.00,0.00,0.00,55.00,0.00,0,209
409.13,1551331248,9435.94,51.46218211,7.41626447,149.31,38.15,0.00,318.19,0,-85.00,-11.00,0.00,0.00,55.00,0.00,0,114
421.13,1551331260,9894.08,51.46493610,7.41139232,152.27,38.52,0.00,308.58,0,-95.00,-9.00,0.00,0.00,46.00,0.00,0,33
421.13,1551331260,9894.11,51.46493610,7.41139232,152.27,38.52,0.00,308.58,0,-102.00,-15.00,0.00,0.00,45.00,0.00,0,262
421.13,1551331260,9894.15,51.46493610,7.41139232,152.27,38.52,0.00,308.58,0,-92.00,-9.00,0.00,0.00,46.00,0.00,0,271
421.13,1551331260,9894.15,51.46493610,7.41139232,152.27,38.52,0.00,308.58,0,-97.00,-15.00,0.00,0.00,45.00,0.00,0,114
422.13,1551331261,9932.60,51.46515148,7.41096303,152.41,38.57,0.00,309.02,0,-95.00,-9.00,0.00,0.00,46.00,0.00,0,33
422.13,1551331261,9932.63,51.46515148,7.41096303,152.41,38.57,0.00,309.02,0,-102.00,-15.00,0.00,0.00,45.00,0.00,0,262
422.13,1551331261,9932.67,51.46515148,7.41096303,152.41,38.57,0.00,309.02,0,-92.00,-9.00,0.00,0.00,46.00,0.00,0,271
422.13,1551331261,9932.67,51.46515148,7.41096303,152.41,38.57,0.00,309.02,0,-97.00,-15.00,0.00,0.00,45.00,0.00,0,114
423.13,1551331262,9971.17,51.46536913,7.41053476,152.46,38.85,0.00,309.80,0,-102.00,-13.00,0.00,0.00,42.00,0.00,0,262
423.13,1551331262,9971.21,51.46536913,7.41053476,152.46,38.85,0.00,309.80,0,-105.00,-11.00,0.00,0.00,39.00,0.00,0,97
423.13,1551331262,9971.25,51.46536913,7.41053476,152.46,38.85,0.00,309.80,0,-103.00,-15.00,0.00,0.00,40.00,0.00,0,270
424.13,1551331263,10010.02,51.46559050,7.41009798,152.71,38.87,0.00,309.58,0,-102.00,-13.00,0.00,0.00,42.00,0.00,0,262
424.13,1551331263,10010.06,51.46559050,7.41009798,152.71,38.87,0.00,309.58,0,-105.00,-11.00,0.00,0.00,39.00,0.00,0,97
424.13,1551331263,10010.06,51.46559050,7.41009798,152.71,38.87,0.00,309.58,0,-103.00,-15.00,0.00,0.00,40.00,0.00,0,270
429.13,1551331268,10204.22,51.46668610,7.40792887,154.14,38.42,0.00,308.71,0,-98.00,-13.00,0.00,0.00,46.00,0.00,0,262
429.13,1551331268,10204.26,51.46668610,7.40792887,154.14,38.42,0.00,308.71,0,-98.00,-12.00,0.00,0.00,43.00,0.00,0,478
430.13,1551331269,10242.68,51.46690030,7.40750020,154.48,38.40,0.00,308.97,0,-98.00,-13.00,0.00,0.00,46.00,0.00,0,262
430.13,1551331269,10242.71,51.46690030,7.40750020,154.48,38.40,0.00,308.97,0,-98.00,-12.00,0.00,0.00,43.00,0.00,0,478
440.13,1551331279,10604.92,51.46901612,7.40358799,158.79,34.31,0.00,313.18,0,-75.00,-8.00,0.00,0.00,62.00,0.00,0,286
441.13,1551331280,10639.23,51.46922697,7.40321734,159.10,33.74,0.00,313.67,0,-75.00,-8.00,0.00,0.00,62.00,0.00,0,286
442.13,1551331281,10672.97,51.46943738,7.40286309,159.60,32.83,0.00,313.94,0,-79.00,-10.00,0.00,0.00,59.00,0.00,0,286
443.13,1551331282,10705.79,51.46964541,7.40251400,159.91,32.32,0.00,314.34,0,-79.00,-10.00,0.00,0.00,59.00,0.00,0,286
446.13,1551331285,10800.74,51.47022271,7.40153829,159.88,30.31,0.00,314.86,0,-87.00,-16.00,0.00,0.00,60.00,0.00,0,375
447.13,1551331286,10831.04,51.47040875,7.40125191,160.18,29.42,0.00,316.36,0,-87.00,-16.00,0.00,0.00,60.00,0.00,0,375
457.13,1551331296,11097.88,51.47214083,7.39870556,165.14,25.28,0.00,318.99,0,-90.00,-14.00,0.00,0.00,58.00,0.00,0,375
458.13,1551331297,11123.15,51.47231332,7.39846217,165.70,25.55,0.00,319.05,0,-90.00,-14.00,0.00,0.00,58.00,0.00,0,375
467.13,1551331306,11352.21,51.47390308,7.39634973,168.70,25.30,0.00,322.29,0,-91.00,-13.00,0.00,0.00,54.00,0.00,0,375
468.13,1551331307,11377.51,51.47408560,7.39612387,168.71,25.10,0.00,322.67,0,-91.00,-13.00,0.00,0.00,54.00,0.00,0,375
469.13,1551331308,11402.61,51.47426186,7.39591625,168.78,24.93,0.00,323.60,0,-92.00,-14.00,0.00,0.00,55.00,0.00,0,375
470.13,1551331309,11427.54,51.47444475,7.39569971,168.98,25.08,0.00,324.15,0,-92.00,-14.00,0.00,0.00,55.00,0.00,0,375
482.13,1551331321,11732.70,51.47682604,7.39351322,175.31,24.76,0.00,335.02,0,-84.00,-15.00,0.00,0.00,63.00,0.00,0,48
483.13,1551331322,11757.49,51.47702674,7.39336525,175.60,23.55,0.00,336.69,0,-84.00,-15.00,0.00,0.00,63.00,0.00,0,48
488.13,1551331327,11859.72,51.47790067,7.39295332,176.43,19.00,0.00,351.99,0,-82.00,-8.00,0.00,0.00,57.00,0.00,0,48
489.13,1551331328,11878.72,51.47807331,7.39299238,176.30,19.43,0.00,6.68,0,-82.00,-8.00,0.00,0.00,57.00,0.00,0,48
501.13,1551331340,12080.92,51.47974453,7.39357163,181.50,15.07,0.00,336.93,0,-101.00,-14.00,0.00,0.00,45.00,0.00,0,223
502.13,1551331341,12096.00,51.47986855,7.39348979,181.60,13.84,0.00,335.99,0,-101.00,-14.00,0.00,0.00,45.00,0.00,0,223
503.13,1551331342,12109.82,51.47997183,7.39341823,181.68,12.17,0.00,337.29,0,-95.00,-8.00,0.00,0.00,45.00,0.00,0,223
504.13,1551331343,12122.00,51.48007202,7.39338310,181.73,11.17,0.00,349.81,0,-95.00,-8.00,0.00,0.00,45.00,0.00,0,223
505.13,1551331344,12133.17,51.48017331,7.39340961,181.74,10.52,0.00,14.63,0,-92.00,-6.00,0.00,0.00,46.00,0.00,0,223
506.13,1551331345,12143.69,51.48024026,7.39349031,181.53,10.94,0.00,33.80,0,-92.00,-6.00,0.00,0.00,46.00,0.00,0,223
511.13,1551331350,12209.29,51.48060428,7.39428697,182.58,16.11,0.00,56.21,0,-86.00,-6.00,0.00,0.00,52.00,0.00,0,48
512.13,1551331351,12225.40,51.48069280,7.39449488,183.35,16.38,0.00,56.95,0,-86.00,-6.00,0.00,0.00,52.00,0.00,0,48
522.13,1551331361,12393.56,51.48145262,7.39659362,184.98,16.33,0.00,59.76,0,-91.00,-10.00,0.00,0.00,50.00,0.00,0,157
523.12,1551331362,12409.74,51.48153295,7.39679910,185.02,16.31,0.00,59.20,0,-91.00,-10.00,0.00,0.00,50.00,0.00,0,157
585.13,1551331424,12815.96,51.48427131,7.40071454,188.30,16.61,0.00,38.61,0,-103.00,-9.00,0.00,0.00,34.00,0.00,0,246
586.13,1551331425,12832.56,51.48439449,7.40086973,188.86,16.54,0.00,39.28,0,-103.00,-9.00,0.00,0.00,34.00,0.00,0,246
587.13,1551331426,12849.12,51.48450219,7.40101755,189.10,16.50,0.00,40.30,0,-101.00,-9.00,0.00,0.00,39.00,0.00,0,167
587.13,1551331426,12849.14,51.48450219,7.40101755,189.10,16.50,0.00,40.30,0,-101.00,-10.00,0.00,0.00,37.00,0.00,0,291
588.13,1551331427,12865.62,51.48461416,7.40117122,188.94,16.42,0.00,41.29,0,-101.00,-9.00,0.00,0.00,39.00,0.00,0,167
588.13,1551331427,12865.64,51.48461416,7.40117122,188.94,16.42,0.00,41.29,0,-101.00,-10.00,0.00,0.00,37.00,0.00,0,291
589.13,1551331428,12882.08,51.48472004,7.40132746,188.56,16.12,0.00,41.88,0,-102.00,-9.00,0.00,0.00,39.00,0.00,0,167
589.13,1551331428,12882.08,51.48472004,7.40132746,188.56,16.12,0.00,41.88,0,-99.00,-10.00,0.00,0.00,39.00,0.00,0,291
589.13,1551331428,12882.10,51.48472004,7.40132746,188.56,16.12,0.00,41.88,0,-101.00,-10.00,0.00,0.00,37.00,0.00,0,246
590.13,1551331429,12898.19,51.48482786,7.40148303,188.45,16.01,0.00,42.57,0,-102.00,-9.00,0.00,0.00,39.00,0.00,0,167
590.13,1551331429,12898.20,51.48482786,7.40148303,188.45,16.01,0.00,42.57,0,-99.00,-10.00,0.00,0.00,39.00,0.00,0,291
590.13,1551331429,12898.22,51.48482786,7.40148303,188.45,16.01,0.00,42.57,0,-101.00,-10.00,0.00,0.00,37.00,0.00,0,246
593.13,1551331432,12946.35,51.48514461,7.40195187,187.33,15.90,0.00,43.37,0,-99.00,-8.00,0.00,0.00,40.00,0.00,0,167
593.13,1551331432,12946.36,51.48514461,7.40195187,187.33,15.90,0.00,43.37,0,-97.00,-7.00,0.00,0.00,38.00,0.00,0,291
593.13,1551331432,12946.38,51.48514461,7.40195187,187.33,15.90,0.00,43.37,0,-103.00,-12.00,0.00,0.00,37.00,0.00,0,246
594.13,1551331433,12962.24,51.48524284,7.40211730,186.72,15.54,0.00,44.94,0,-99.00,-8.00,0.00,0.00,40.00,0.00,0,167
594.13,1551331433,12962.24,51.48524284,7.40211730,186.72,15.54,0.00,44.94,0,-97.00,-7.00,0.00,0.00,38.00,0.00,0,291
594.13,1551331433,12962.26,51.48524284,7.40211730,186.72,15.54,0.00,44.94,0,-103.00,-12.00,0.00,0.00,37.00,0.00,0,246
595.13,1551331434,12977.79,51.48534188,7.40229459,185.87,14.22,0.00,46.56,0,-100.00,-9.00,0.00,0.00,41.00,0.00,0,167
595.13,1551331434,12977.80,51.48534188,7.40229459,185.87,14.22,0.00,46.56,0,-97.00,-8.00,0.00,0.00,39.00,0.00,0,291
596.13,1551331435,12991.98,51.48542240,7.40244146,185.45,12.30,0.00,47.72,0,-100.00,-9.00,0.00,0.00,41.00,0.00,0,167
596.13,1551331435,12991.99,51.48542240,7.40244146,185.45,12.30,0.00,47.72,0,-97.00,-8.00,0.00,0.00,39.00,0.00,0,291
599.13,1551331438,13023.65,51.48560127,7.40271821,184.73,8.22,0.00,25.03,0,-96.00,-7.00,0.00,0.00,43.00,0.00,0,223
599.13,1551331438,13023.65,51.48560127,7.40271821,184.73,8.22,0.00,25.03,0,-105.00,-13.00,0.00,0.00,40.00,0.00,0,128
600.13,1551331439,13031.87,51.48567786,7.40273045,184.45,8.30,0.00,358.67,0,-96.00,-7.00,0.00,0.00,43.00,0.00,0,223
600.13,1551331439,13031.88,51.48567786,7.40273045,184.45,8.30,0.00,358.67,0,-105.00,-13.00,0.00,0.00,40.00,0.00,0,128
601.13,1551331440,13040.20,51.48574499,7.40269284,184.49,8.93,0.00,339.39,0,-95.00,-7.00,0.00,0.00,43.00,0.00,0,223
602.13,1551331441,13049.09,51.48581395,7.40262251,184.10,9.57,0.00,321.24,0,-95.00,-7.00,0.00,0.00,43.00,0.00,0,223
603.14,1551331442,13058.76,51.48588608,7.40253629,183.87,10.86,0.00,320.55,0,-98.00,-8.00,0.00,0.00,42.00,0.00,0,223
603.14,1551331442,13058.78,51.48588608,7.40253629,183.87,10.86,0.00,320.55,0,-107.00,-12.00,0.00,0.00,37.00,0.00,0,48
603.14,1551331442,13058.78,51.48588608,7.40253629,183.87,10.86,0.00,320.55,0,-108.00,-16.00,0.00,0.00,39.00,0.00,0,188
604.13,1551331443,13069.52,51.48596488,7.40243478,183.41,12.04,0.00,320.91,0,-98.00,-8.00,0.00,0.00,42.00,0.00,0,223
604.13,1551331443,13069.54,51.48596488,7.40243478,183.41,12.04,0.00,320.91,0,-107.00,-12.00,0.00,0.00,37.00,0.00,0,48
604.13,1551331443,13069.55,51.48596488,7.40243478,183.41,12.04,0.00,320.91,0,-108.00,-16.00,0.00,0.00,39.00,0.00,0,188
605.13,1551331444,13081.57,51.48605295,7.40232344,183.03,12.27,0.00,321.84,0,-98.00,-8.00,0.00,0.00,42.00,0.00,0,223
605.13,1551331444,13081.57,51.48605295,7.40232344,183.03,12.27,0.00,321.84,0,-107.00,-12.00,0.00,0.00,37.00,0.00,0,48
605.13,1551331444,13081.59,51.48605295,7.40232344,183.03,12.27,0.00,321.84,0,-108.00,-16.00,0.00,0.00,39.00,0.00,0,188
606.13,1551331445,13093.84,51.48616069,7.40220620,182.54,12.76,0.00,324.56,0,-103.00,-10.00,0.00,0.00,40.00,0.00,0,48
606.13,1551331445,13093.85,51.48616069,7.40220620,182.54,12.76,0.00,324.56,0,-100.00,-9.00,0.00,0.00,41.00,0.00,0,223
607.13,1551331446,13106.60,51.48626451,7.40211005,181.46,12.15,0.00,327.20,0,-103.00,-10.00,0.00,0.00,40.00,0.00,0,48
607.13,1551331446,13106.61,51.48626451,7.40211005,181.46,12.15,0.00,327.20,0,-100.00,-9.00,0.00,0.00,41.00,0.00,0,223
608.13,1551331447,13118.75,51.48638271,7.40201014,180.56,12.69,0.00,330.16,0,-104.00,-11.00,0.00,0.00,40.00,0.00,0,48
608.13,1551331447,13118.77,51.48638271,7.40201014,180.56,12.69,0.00,330.16,0,-101.00,-10.00,0.00,0.00,40.00,0.00,0,223
608.13,1551331447,13118.78,51.48638271,7.40201014,180.56,12.69,0.00,330.16,0,-104.00,-12.00,0.00,0.00,40.00,0.00,0,128
609.13,1551331448,13131.44,51.48649339,7.40192605,179.69,11.56,0.00,333.12,0,-104.00,-11.00,0.00,0.00,40.00,0.00,0,48
609.13,1551331448,13131.46,51.48649339,7.40192605,179.69,11.56,0.00,333.12,0,-101.00,-10.00,0.00,0.00,40.00,0.00,0,223
609.13,1551331448,13131.46,51.48649339,7.40192605,179.69,11.56,0.00,333.12,0,-104.00,-12.00,0.00,0.00,40.00,0.00,0,128
610.13,1551331449,13143.01,51.48660021,7.40186618,178.91,12.66,0.00,335.91,0,-101.00,-10.00,0.00,0.00,41.00,0.00,0,128
610.13,1551331449,13143.02,51.48660021,7.40186618,178.91,12.66,0.00,335.91,0,-101.00,-13.00,0.00,0.00,43.00,0.00,0,166
610.13,1551331449,13143.02,51.48660021,7.40186618,178.91,12.66,0.00,335.91,0,-102.00,-11.00,0.00,0.00,40.00,0.00,0,48
611.13,1551331450,13155.67,51.48672303,7.40179810,178.22,12.65,0.00,338.53,0,-101.00,-10.00,0.00,0.00,41.00,0.00,0,128
611.13,1551331450,13155.68,51.48672303,7.40179810,178.22,12.65,0.00,338.53,0,-101.00,-13.00,0.00,0.00,43.00,0.00,0,166
611.13,1551331450,13155.69,51.48672303,7.40179810,178.22,12.65,0.00,338.53,0,-102.00,-11.00,0.00,0.00,40.00,0.00,0,48
612.13,1551331451,13168.32,51.48684979,7.40173735,177.97,13.41,0.00,340.57,0,-99.00,-10.00,0.00,0.00,42.00,0.00,0,128
612.13,1551331451,13168.34,51.48684979,7.40173735,177.97,13.41,0.00,340.57,0,-102.00,-12.00,0.00,0.00,41.00,0.00,0,428
612.13,1551331451,13168.34,51.48684979,7.40173735,177.97,13.41,0.00,340.57,0,-101.00,-10.00,0.00,0.00,41.00,0.00,0,48
613.13,1551331452,13181.73,51.48697408,7.40168677,177.97,13.56,0.00,343.49,0,-99.00,-10.00,0.00,0.00,42.00,0.00,0,128
613.13,1551331452,13181.74,51.48697408,7.40168677,177.97,13.56,0.00,343.49,0,-102.00,-12.00,0.00,0.00,41.00,0.00,0,428
613.13,1551331452,13181.74,51.48697408,7.40168677,177.97,13.56,0.00,343.49,0,-101.00,-10.00,0.00,0.00,41.00,0.00,0,48
614.13,1551331453,13195.28,51.48708633,7.40165886,178.26,13.60,0.00,345.71,0,-100.00,-10.00,0.00,0.00,41.00,0.00,0,48
614.13,1551331453,13195.30,51.48708633,7.40165886,178.26,13.60,0.00,345.71,0,-99.00,-10.00,0.00,0.00,42.00,0.00,0,128
614.13,1551331453,13195.30,51.48708633,7.40165886,178.26,13.60,0.00,345.71,0,-101.00,-11.00,0.00,0.00,42.00,0.00,0,428
615.13,1551331454,13208.89,51.48720257,7.40163384,178.26,13.36,0.00,347.96,0,-100.00,-10.00,0.00,0.00,41.00,0.00,0,48
615.13,1551331454,13208.90,51.48720257,7.40163384,178.26,13.36,0.00,347.96,0,-99.00,-10.00,0.00,0.00,42.00,0.00,0,128
615.13,1551331454,13208.92,51.48720257,7.40163384,178.26,13.36,0.00,347.96,0,-101.00,-11.00,0.00,0.00,42.00,0.00,0,428
629.13,1551331468,13406.79,51.48905721,7.40167187,173.90,14.19,0.00,0.00,0,-86.00,-9.00,0.00,0.00,55.00,0.00,0,94
629.13,1551331468,13406.81,51.48905721,7.40167187,173.90,14.19,0.00,0.00,0,-89.00,-7.00,0.00,0.00,49.00,0.00,0,427
630.13,1551331469,13421.00,51.48917410,7.40167242,173.55,11.74,0.00,0.42,0,-86.00,-9.00,0.00,0.00,55.00,0.00,0,94
630.13,1551331469,13421.01,51.48917410,7.40167242,173.55,11.74,0.00,0.42,0,-89.00,-7.00,0.00,0.00,49.00,0.00,0,427
648.13,1551331487,13625.83,51.48945090,7.40433643,175.48,14.13,0.00,90.32,0,-79.00,-9.00,0.00,0.00,61.00,0.00,0,95
648.13,1551331487,13625.84,51.48945090,7.40433643,175.48,14.13,0.00,90.32,0,-80.00,-9.00,0.00,0.00,60.00,0.00,0,426
649.13,1551331488,13640.00,51.48944766,7.40454601,175.95,14.20,0.00,90.10,0,-79.00,-9.00,0.00,0.00,61.00,0.00,0,95
649.13,1551331488,13640.00,51.48944766,7.40454601,175.95,14.20,0.00,90.10,0,-80.00,-9.00,0.00,0.00,60.00,0.00,0,426
650.13,1551331489,13654.18,51.48944351,7.40474118,176.31,14.09,0.00,90.25,0,-74.00,-8.00,0.00,0.00,63.00,0.00,0,95
650.13,1551331489,13654.19,51.48944351,7.40474118,176.31,14.09,0.00,90.25,0,-82.00,-7.00,0.00,0.00,57.00,0.00,0,426
651.13,1551331490,13668.26,51.48944144,7.40494112,176.53,14.07,0.00,89.80,0,-74.00,-8.00,0.00,0.00,63.00,0.00,0,95
651.13,1551331490,13668.26,51.48944144,7.40494112,176.53,14.07,0.00,89.80,0,-82.00,-7.00,0.00,0.00,57.00,0.00,0,426
