0.06,1551764463,0.00,51.45000973,7.48828942,250.19,8.94,0.00,167.93,1,-97.00,-6.00,8.00,13.00,29.00,7.00,13415170,315
1.06,1551764464,8.98,51.44993430,7.48832010,250.14,9.70,0.75,168.89,1,-97.00,-6.00,8.00,13.00,29.00,7.00,13415170,315
2.06,1551764465,18.68,51.44982784,7.48835237,250.63,10.44,0.74,169.80,1,-96.00,-7.00,11.00,14.00,31.00,7.00,13415170,315
3.06,1551764466,29.11,51.44972837,7.48838171,251.06,11.20,0.76,171.00,1,-96.00,-7.00,11.00,14.00,31.00,7.00,13415170,315
4.06,1551764467,40.32,51.44962335,7.48840684,251.43,11.73,0.53,172.46,1,-101.00,-7.00,10.00,10.00,28.00,7.00,13415170,315
5.06,1551764468,52.03,51.44950865,7.48842474,251.95,12.71,0.98,174.40,1,-101.00,-7.00,10.00,10.00,28.00,7.00,13415170,315
6.06,1551764469,64.74,51.44939203,7.48843600,252.44,13.09,0.38,176.10,1,-99.00,-7.00,2.00,11.00,27.00,7.00,13415170,315
7.06,1551764470,77.84,51.44926901,7.48843927,253.00,13.38,0.29,178.24,1,-99.00,-7.00,2.00,11.00,27.00,7.00,13415170,315
8.06,1551764471,91.22,51.44913524,7.48843398,253.40,13.58,0.20,180.62,1,-102.00,-7.00,10.00,8.00,25.00,7.00,13415170,315
9.06,1551764472,104.80,51.44900113,7.48842035,254.03,13.67,0.09,182.91,1,-102.00,-7.00,10.00,8.00,25.00,7.00,13415170,315
10.06,1551764473,118.46,51.44887932,7.48839014,254.38,13.95,0.28,184.86,1,-102.00,-7.00,2.00,7.00,25.00,7.00,13415170,315
11.06,1551764474,132.42,51.44876017,7.48835022,254.54,13.91,-0.04,187.49,1,-102.00,-7.00,2.00,7.00,25.00,7.00,13415170,315
12.06,1551764475,146.31,51.44863297,7.48830480,254.58,14.11,0.20,190.17,1,-106.00,-8.00,7.00,10.00,23.00,7.00,13415170,315
13.06,1551764476,160.42,51.44850582,7.48824692,254.92,14.17,0.05,192.06,1,-106.00,-8.00,7.00,10.00,23.00,7.00,13415170,315
14.07,1551764477,174.62,51.44837424,7.48819496,255.06,14.28,0.11,192.93,1,-106.00,-9.00,0.00,9.00,22.00,7.00,13415170,315
15.07,1551764478,188.89,51.44825026,7.48813698,255.03,14.45,0.17,193.49,1,-106.00,-9.00,0.00,9.00,22.00,7.00,13415170,315
16.07,1551764479,203.36,51.44812995,7.48808301,254.70,14.34,-0.11,193.24,1,-111.00,-11.00,-4.00,7.00,19.00,7.00,13415170,315
17.07,1551764480,217.69,51.44800578,7.48802659,254.03,14.05,-0.29,193.25,1,-111.00,-11.00,-4.00,7.00,19.00,7.00,13415170,315
18.07,1551764481,231.86,51.44789150,7.48798173,253.38,13.48,-0.56,192.53,1,-113.00,-12.00,-3.00,6.00,18.00,7.00,13415170,315
19.07,1551764482,245.22,51.44776705,7.48794207,252.88,13.65,0.17,191.81,1,-113.00,-12.00,-3.00,6.00,18.00,7.00,13415170,315
20.07,1551764483,258.87,51.44765292,7.48790978,252.98,13.44,-0.21,189.56,1,-113.00,-12.00,-3.00,6.00,18.00,7.00,13415170,315
21.07,1551764484,272.32,51.44752977,7.48788393,252.71,14.55,1.10,187.65,1,-115.00,-14.00,-5.00,5.00,19.00,7.00,13415170,315
22.07,1551764485,286.86,51.44740559,7.48786761,252.76,13.68,-0.87,185.05,1,-115.00,-14.00,-5.00,5.00,19.00,7.00,13415170,315
23.07,1551764486,300.54,51.44728678,7.48786474,252.65,13.58,-0.10,181.93,1,-116.00,-14.00,-5.00,5.00,18.00,7.00,13415170,315
24.06,1551764487,314.09,51.44717422,7.48787015,253.04,14.14,0.57,178.42,1,-116.00,-14.00,-5.00,5.00,18.00,7.00,13415170,315
25.07,1551764488,328.29,51.44706499,7.48789028,253.30,13.85,-0.29,175.95,1,-114.00,-13.00,-4.00,5.00,19.00,7.00,13415170,315
26.07,1551764489,342.13,51.44694843,7.48792125,253.53,13.76,-0.09,172.72,1,-114.00,-13.00,-4.00,5.00,19.00,7.00,13415170,315
27.07,1551764490,355.88,51.44682443,7.48796619,254.15,14.01,0.25,170.05,1,-114.00,-14.00,-4.00,6.00,20.00,7.00,13415170,315
28.07,1551764491,369.89,51.44670765,7.48802378,254.79,14.06,0.05,167.25,1,-114.00,-14.00,-4.00,6.00,20.00,7.00,13415170,315
29.07,1551764492,383.94,51.44658462,7.48810232,255.34,14.11,0.05,163.83,1,-110.00,-11.00,0.00,7.00,20.00,7.00,13415170,315
30.07,1551764493,398.06,51.44646070,7.48819464,256.14,14.42,0.31,160.27,1,-110.00,-11.00,0.00,7.00,20.00,7.00,13415170,315
31.06,1551764494,412.47,51.44633764,7.48829648,257.24,14.53,0.11,156.42,1,-107.00,-9.00,4.00,7.00,21.00,7.00,13415170,315
32.06,1551764495,427.00,51.44622455,7.48844114,258.13,14.51,-0.02,143.93,1,-107.00,-9.00,4.00,7.00,21.00,7.00,13415170,315
33.06,1551764496,441.45,51.44611509,7.48858009,259.03,14.40,-0.11,143.41,1,-104.00,-8.00,9.00,7.00,23.00,7.00,13415170,315
34.06,1551764497,455.88,51.44600569,7.48872370,260.02,14.77,0.37,142.16,1,-104.00,-8.00,9.00,7.00,23.00,7.00,13415170,315
35.06,1551764498,470.68,51.44591165,7.48886146,260.72,14.98,0.21,140.26,1,-104.00,-7.00,12.00,12.00,24.00,7.00,13415170,315
36.06,1551764499,485.65,51.44580868,7.48902576,261.61,15.34,0.37,137.82,1,-104.00,-7.00,12.00,12.00,24.00,7.00,13415170,315
37.06,1551764500,500.98,51.44570833,7.48920167,262.41,15.31,-0.03,135.48,1,-106.00,-8.00,5.00,9.00,22.00,7.00,13415170,315
38.06,1551764501,516.29,51.44561544,7.48937726,263.36,15.65,0.34,133.03,1,-106.00,-8.00,5.00,9.00,22.00,7.00,13415170,315
39.07,1551764502,532.06,51.44553190,7.48955210,264.33,15.52,-0.13,130.85,1,-104.00,-8.00,8.00,11.00,24.00,7.00,13415170,315
40.06,1551764503,547.45,51.44544721,7.48973221,265.38,15.29,-0.23,129.29,1,-104.00,-8.00,8.00,11.00,24.00,7.00,13415170,315
41.06,1551764504,562.74,51.44536464,7.48991250,266.25,15.49,0.20,128.53,1,-104.00,-8.00,8.00,11.00,24.00,7.00,13415170,315
42.06,1551764505,578.24,51.44528398,7.49009724,267.16,15.08,-0.40,127.61,1,-105.00,-12.00,6.00,9.00,28.00,7.00,13415170,315
43.06,1551764506,593.26,51.44520487,7.49027788,268.23,15.03,-0.05,127.01,1,-105.00,-12.00,6.00,9.00,28.00,7.00,13415170,315
44.06,1551764507,608.35,51.44512650,7.49046149,269.00,15.08,0.05,126.42,1,-107.00,-9.00,-3.00,7.00,23.00,7.00,13415170,315
45.06,1551764508,623.41,51.44505525,7.49063384,269.56,14.46,-0.62,126.80,1,-107.00,-9.00,-3.00,7.00,23.00,7.00,13415170,315
46.06,1551764509,637.89,51.44497836,7.49080859,270.21,13.76,-0.70,126.89,1,-108.00,-10.00,3.00,8.00,21.00,7.00,13415170,315
47.06,1551764510,651.64,51.44490434,7.49097398,270.39,12.91,-0.85,127.26,1,-108.00,-10.00,3.00,8.00,21.00,7.00,13415170,315
48.06,1551764511,664.55,51.44483938,7.49112273,270.81,11.13,-1.77,126.67,1,-106.00,-9.00,-3.00,6.00,23.00,24.00,13417219,315
49.06,1551764512,675.67,51.44478852,7.49123943,271.59,9.83,-1.30,127.42,1,-106.00,-9.00,-3.00,6.00,23.00,24.00,13417219,315
50.06,1551764513,685.51,51.44474787,7.49133762,272.10,8.11,-1.72,126.46,1,-112.00,-10.00,2.00,5.00,18.00,24.00,13417219,440
51.07,1551764514,693.63,51.44471389,7.49141914,272.44,6.15,-1.96,126.87,1,-112.00,-10.00,2.00,5.00,18.00,24.00,13417219,440
52.06,1551764515,699.77,51.44469120,7.49147506,272.47,4.17,-1.99,127.10,1,-112.00,-11.00,2.00,5.00,18.00,24.00,13417219,440
53.06,1551764516,703.94,51.44467482,7.49151230,272.50,2.39,-1.77,127.97,1,-112.00,-11.00,2.00,5.00,18.00,24.00,13417219,440
54.06,1551764517,706.33,51.44466886,7.49152812,272.53,1.42,-0.96,129.29,1,-112.00,-11.00,4.00,4.00,18.00,24.00,13417219,440
55.06,1551764518,707.75,51.44466565,7.49153616,272.56,0.42,-1.01,129.29,1,-112.00,-11.00,4.00,4.00,18.00,24.00,13417219,440
56.06,1551764519,708.17,51.44466565,7.49153616,272.56,0.00,-0.42,129.29,1,-110.00,-12.00,2.00,2.00,30.00,24.00,13417219,440
57.06,1551764520,708.17,51.44466565,7.49153616,272.56,0.00,0.00,129.29,1,-110.00,-12.00,2.00,2.00,30.00,24.00,13417219,440
58.06,1551764521,708.17,51.44466565,7.49153616,272.56,0.00,0.00,129.29,1,-111.00,-10.00,2.00,2.00,19.00,24.00,13417219,440
59.07,1551764522,708.17,51.44466565,7.49153616,272.55,0.00,0.00,129.29,1,-111.00,-10.00,2.00,2.00,19.00,24.00,13417219,440
60.07,1551764523,708.17,51.44466565,7.49153616,272.55,0.00,0.00,129.29,1,-111.00,-9.00,4.00,2.00,18.00,24.00,13417219,440
61.06,1551764524,708.17,51.44466565,7.49153616,272.55,0.00,0.00,129.29,1,-111.00,-9.00,4.00,2.00,18.00,24.00,13417219,440
62.07,1551764525,708.17,51.44466565,7.49153616,272.55,0.00,0.00,129.29,1,-111.00,-9.00,4.00,2.00,18.00,24.00,13417219,440
63.06,1551764526,708.17,51.44466565,7.49153616,272.55,0.00,0.00,129.29,1,-109.00,-10.00,5.00,8.00,20.00,23.00,13417219,440
64.06,1551764527,708.17,51.44466565,7.49153616,272.60,0.00,0.00,129.29,1,-109.00,-10.00,5.00,8.00,20.00,23.00,13417219,440
65.06,1551764528,708.17,51.44466565,7.49153616,272.66,0.00,0.00,131.66,1,-110.00,-10.00,2.00,8.00,19.00,23.00,13417219,440
66.06,1551764529,708.17,51.44461868,7.49161489,272.74,0.00,0.00,129.38,1,-110.00,-10.00,2.00,8.00,19.00,23.00,13417219,440
67.06,1551764530,708.17,51.44459739,7.49165819,273.86,5.44,0.00,128.31,1,-110.00,-10.00,6.00,8.00,20.00,23.00,13417219,440
68.06,1551764531,713.61,51.44456160,7.49170158,274.63,5.40,-0.03,143.71,1,-110.00,-10.00,6.00,8.00,20.00,23.00,13417219,440
69.06,1551764532,719.01,51.44449817,7.49171575,274.77,6.97,1.57,175.52,1,-107.00,-8.00,3.00,8.00,22.00,23.00,13417219,440
70.06,1551764533,725.99,51.44443729,7.49167501,274.43,7.67,0.70,203.47,1,-107.00,-8.00,3.00,8.00,22.00,23.00,13417219,440
71.06,1551764534,733.65,51.44436311,7.49162141,274.48,8.60,0.93,206.33,1,-108.00,-10.00,-3.00,9.00,20.00,23.00,13417219,440
72.06,1551764535,742.26,51.44428379,7.49154276,274.34,10.52,1.92,209.48,1,-108.00,-10.00,-3.00,9.00,20.00,23.00,13417219,440
73.06,1551764536,752.78,51.44419903,7.49145565,273.96,10.78,0.26,211.92,1,-109.00,-11.00,1.00,2.00,30.00,23.00,13417219,440
74.06,1551764537,763.57,51.44410333,7.49135403,273.55,11.55,0.76,213.09,1,-109.00,-11.00,1.00,2.00,30.00,23.00,13417219,440
75.07,1551764538,775.13,51.44401103,7.49124260,273.33,11.37,-0.17,215.15,1,-109.00,-11.00,-1.00,2.00,21.00,23.00,13417219,440
76.07,1551764539,786.50,51.44390361,7.49111996,273.10,13.97,2.59,214.57,1,-109.00,-11.00,-1.00,2.00,21.00,23.00,13417219,440
77.07,1551764540,800.47,51.44379045,7.49099060,272.58,15.08,1.12,214.97,1,-110.00,-11.00,1.00,2.00,20.00,23.00,13417219,440
78.07,1551764541,815.55,51.44367775,7.49086102,272.10,15.60,0.52,215.31,1,-110.00,-11.00,1.00,2.00,20.00,23.00,13417219,440
79.07,1551764542,831.16,51.44356325,7.49072221,271.58,15.76,0.16,216.22,1,-110.00,-10.00,-3.00,2.00,19.00,23.00,13417219,440
80.07,1551764543,846.92,51.44345401,7.49058974,271.15,15.76,0.00,216.38,1,-110.00,-10.00,-3.00,2.00,19.00,23.00,13417219,440
81.07,1551764544,862.83,51.44334570,7.49045742,270.79,15.66,-0.11,216.26,1,-111.00,-10.00,-1.00,2.00,18.00,23.00,13417219,440
82.07,1551764545,878.34,51.44323523,7.49032434,270.47,15.38,-0.28,216.15,1,-111.00,-10.00,-1.00,2.00,18.00,23.00,13417219,440
83.07,1551764546,893.72,51.44312313,7.49019068,270.30,15.48,0.11,216.13,1,-111.00,-10.00,-1.00,2.00,18.00,23.00,13417219,440
84.07,1551764547,909.22,51.44301133,7.49005653,270.25,15.58,0.09,216.41,1,-112.00,-11.00,-4.00,2.00,19.00,23.00,13417219,440
85.07,1551764548,924.80,51.44289560,7.48991994,270.45,15.62,0.04,216.36,1,-112.00,-11.00,-4.00,2.00,19.00,23.00,13417219,440
86.06,1551764549,940.35,51.44278899,7.48978789,270.77,15.49,-0.13,216.75,1,-108.00,-10.00,-3.00,4.00,20.00,22.00,13417219,440
87.06,1551764550,955.86,51.44267544,7.48964630,270.98,15.53,0.04,217.44,1,-108.00,-10.00,-3.00,4.00,20.00,22.00,13417219,440
88.06,1551764551,971.39,51.44256844,7.48951237,271.00,15.02,-0.51,218.20,1,-107.00,-9.00,-2.00,6.00,21.00,22.00,13417219,440
89.06,1551764552,986.40,51.44247428,7.48938628,271.07,15.01,-0.01,218.78,1,-107.00,-9.00,-2.00,6.00,21.00,22.00,13417219,440
90.06,1551764553,1001.41,51.44237291,7.48925336,271.17,14.46,-0.55,218.25,1,-102.00,-9.00,-4.00,9.00,33.00,22.00,13417219,440
91.06,1551764554,1015.87,51.44227121,7.48912926,270.81,14.41,-0.05,217.80,1,-102.00,-9.00,-4.00,9.00,33.00,22.00,13417219,440
92.06,1551764555,1030.28,51.44216526,7.48899524,270.41,14.25,-0.16,218.32,1,-104.00,-7.00,4.00,7.00,22.00,22.00,13417219,440
93.06,1551764556,1044.53,51.44206085,7.48886199,270.39,14.38,0.13,219.07,1,-104.00,-7.00,4.00,7.00,22.00,22.00,13417219,440
94.06,1551764557,1058.93,51.44196196,7.48872918,270.77,14.51,0.13,219.97,1,-104.00,-8.00,-9.00,8.00,23.00,22.00,13417219,440
95.06,1551764558,1073.43,51.44186001,7.48858696,271.31,15.09,0.58,221.02,1,-104.00,-8.00,-9.00,8.00,23.00,22.00,13417219,440
96.06,1551764559,1088.52,51.44176618,7.48844310,271.91,14.85,-0.24,223.25,1,-99.00,-17.00,-8.00,5.00,41.00,22.00,13417219,440
97.06,1551764560,1103.38,51.44167575,7.48828864,272.50,14.71,-0.13,225.46,1,-99.00,-17.00,-8.00,5.00,41.00,22.00,13417219,440
98.06,1551764561,1118.08,51.44158088,7.48812550,272.80,14.67,-0.05,227.17,1,-99.00,-8.00,-9.00,2.00,37.00,22.00,13417219,440
99.06,1551764562,1132.76,51.44148797,7.48794838,273.66,14.84,0.18,229.36,1,-99.00,-8.00,-9.00,2.00,37.00,22.00,13417219,440
100.06,1551764563,1147.60,51.44139780,7.48777433,274.36,14.99,0.14,230.30,1,-101.00,-16.00,-3.00,2.00,39.00,22.00,13417219,440
101.06,1551764564,1162.59,51.44130916,7.48759334,274.79,15.30,0.31,231.39,1,-101.00,-16.00,-3.00,2.00,39.00,22.00,13417219,440
102.07,1551764565,1178.03,51.44122585,7.48742035,275.38,15.29,-0.00,231.74,1,-102.00,-12.00,14.00,2.00,32.00,22.00,13417219,440
103.06,1551764566,1193.17,51.44114230,7.48724529,275.72,15.20,-0.09,232.09,1,-102.00,-12.00,14.00,2.00,32.00,22.00,13417219,440
104.06,1551764567,1208.39,51.44106329,7.48707499,275.72,15.18,-0.02,232.36,1,-102.00,-12.00,14.00,2.00,32.00,22.00,13417219,440
105.06,1551764568,1223.57,51.44098221,7.48689580,275.89,15.23,0.04,232.59,1,-97.00,-6.00,10.00,12.00,29.00,20.00,13417219,440
106.06,1551764569,1238.80,51.44090289,7.48672886,275.70,15.19,-0.03,233.20,1,-97.00,-6.00,10.00,12.00,29.00,20.00,13417219,440
107.06,1551764570,1253.99,51.44082400,7.48655465,275.63,15.30,0.11,233.73,1,-98.00,-7.00,17.00,10.00,28.00,20.00,13417219,440
108.06,1551764571,1269.28,51.44074636,7.48638169,275.66,15.25,-0.05,233.35,1,-98.00,-7.00,17.00,10.00,28.00,20.00,13417219,440
109.06,1551764572,1284.52,51.44066044,7.48619672,276.08,14.75,-0.49,233.69,1,-96.00,-6.00,7.00,11.00,30.00,20.00,13417219,440
110.06,1551764573,1299.29,51.44057081,7.48599848,276.20,15.05,0.30,234.10,1,-96.00,-6.00,7.00,11.00,30.00,20.00,13417219,440
111.06,1551764574,1314.33,51.44048604,7.48581372,276.22,15.58,0.52,233.68,1,-98.00,-9.00,15.00,8.00,31.00,20.00,13417219,440
112.06,1551764575,1329.90,51.44040516,7.48563706,276.39,15.49,-0.08,233.11,1,-98.00,-9.00,15.00,8.00,31.00,20.00,13417219,440
113.06,1551764576,1345.41,51.44032313,7.48545504,276.27,15.47,-0.02,233.96,1,-98.00,-8.00,8.00,10.00,29.00,20.00,13417219,440
114.06,1551764577,1360.88,51.44024529,7.48527814,276.03,15.36,-0.11,234.33,1,-98.00,-8.00,8.00,10.00,29.00,20.00,13417219,440
115.06,1551764578,1376.22,51.44016373,7.48509414,275.96,15.48,0.13,234.02,1,-94.00,-9.00,17.00,10.00,38.00,20.00,13417219,440
116.06,1551764579,1391.70,51.44008292,7.48491530,275.49,15.52,0.04,234.16,1,-94.00,-9.00,17.00,10.00,38.00,20.00,13417219,440
117.06,1551764580,1407.24,51.43999899,7.48473074,275.35,15.57,0.05,233.81,1,-97.00,-7.00,13.00,2.00,29.00,20.00,13417219,440
118.06,1551764581,1422.80,51.43991861,7.48455919,275.75,15.50,-0.08,233.18,1,-97.00,-7.00,13.00,2.00,29.00,20.00,13417219,440
119.06,1551764582,1438.31,51.43983523,7.48438613,276.31,15.37,-0.13,232.80,1,-97.00,-6.00,9.00,2.00,29.00,20.00,13417219,440
120.06,1551764583,1453.68,51.43974809,7.48419557,277.01,15.27,-0.10,233.77,1,-97.00,-6.00,9.00,2.00,29.00,20.00,13417219,440
121.06,1551764584,1468.95,51.43966662,7.48401636,277.55,15.75,0.48,232.99,1,-101.00,-10.00,5.00,2.00,29.00,20.00,13417219,440
122.07,1551764585,1484.73,51.43958423,7.48384320,277.96,15.76,0.01,233.64,1,-101.00,-10.00,5.00,2.00,29.00,20.00,13417219,440
123.07,1551764586,1500.60,51.43950545,7.48366544,278.17,15.56,-0.20,234.75,1,-99.00,-11.00,4.00,7.00,33.00,20.00,13417219,440
124.07,1551764587,1516.05,51.43943011,7.48347758,278.36,14.96,-0.61,236.77,1,-99.00,-11.00,4.00,7.00,33.00,20.00,13417219,440
125.07,1551764588,1531.01,51.43935106,7.48327529,278.55,15.67,0.71,237.51,1,-99.00,-11.00,4.00,7.00,33.00,20.00,13417219,440
126.07,1551764589,1546.66,51.43928062,7.48307495,278.60,16.03,0.36,238.67,1,-98.00,-10.00,4.00,8.00,29.00,20.00,13417219,440
127.06,1551764590,1562.68,51.43920418,7.48287066,278.74,15.89,-0.14,239.31,1,-98.00,-10.00,4.00,8.00,29.00,20.00,13417219,440
128.06,1551764591,1578.57,51.43912667,7.48265497,278.75,16.48,0.59,239.74,1,-98.00,-10.00,8.00,11.00,33.00,20.00,13417219,440
129.06,1551764592,1595.04,51.43905358,7.48245196,279.06,16.52,0.04,240.27,1,-98.00,-10.00,8.00,11.00,33.00,20.00,13417219,440
130.06,1551764593,1611.56,51.43898621,7.48224907,279.28,16.27,-0.25,240.85,1,-95.00,-6.00,26.00,9.00,30.00,20.00,13417219,440
131.06,1551764594,1627.83,51.43892307,7.48204500,279.72,16.24,-0.03,240.47,1,-95.00,-6.00,26.00,9.00,30.00,20.00,13417219,440
132.06,1551764595,1644.07,51.43885712,7.48184140,280.18,16.34,0.11,240.79,1,-98.00,-7.00,23.00,8.00,29.00,20.00,13417219,440
133.06,1551764596,1660.41,51.43878347,7.48163125,280.71,16.24,-0.10,241.15,1,-98.00,-7.00,23.00,8.00,29.00,20.00,13417219,440
134.06,1551764597,1676.64,51.43871029,7.48142486,281.60,16.57,0.33,240.92,1,-98.00,-7.00,8.00,8.00,28.00,20.00,13417219,440
135.06,1551764598,1693.21,51.43863564,7.48120766,282.22,16.61,0.04,241.19,1,-98.00,-7.00,8.00,8.00,28.00,20.00,13417219,440
136.06,1551764599,1709.82,51.43856010,7.48099613,282.73,16.65,0.04,240.79,1,-95.00,-6.00,25.00,12.00,30.00,20.00,13417219,440
137.06,1551764600,1726.47,51.43848705,7.48077810,283.28,16.69,0.03,240.21,1,-95.00,-6.00,25.00,12.00,30.00,20.00,13417219,440
138.06,1551764601,1743.16,51.43841588,7.48056982,283.89,16.85,0.17,241.05,1,-98.00,-8.00,19.00,8.00,28.00,20.00,13417219,440
139.06,1551764602,1760.03,51.43834060,7.48035322,283.98,17.24,0.39,241.81,1,-98.00,-8.00,19.00,8.00,28.00,20.00,13417219,440
140.06,1551764603,1777.25,51.43827039,7.48014846,284.35,16.77,-0.47,241.22,1,-97.00,-7.00,9.00,8.00,28.00,20.00,13417219,440
141.06,1551764604,1794.04,51.43819907,7.47992908,285.32,16.68,-0.09,241.61,1,-97.00,-7.00,9.00,8.00,28.00,20.00,13417219,440
142.06,1551764605,1810.72,51.43813027,7.47972407,286.23,15.60,-1.08,241.19,1,-100.00,-8.00,1.00,7.00,27.00,20.00,13417219,440
143.07,1551764606,1826.34,51.43805873,7.47950953,286.53,16.11,0.51,241.64,1,-100.00,-8.00,1.00,7.00,27.00,20.00,13417219,440
144.07,1551764607,1842.56,51.43799064,7.47931023,286.45,16.00,-0.11,241.31,1,-97.00,-8.00,23.00,7.00,30.00,20.00,13417219,440
145.06,1551764608,1858.44,51.43791998,7.47910353,286.46,15.43,-0.58,241.21,1,-97.00,-8.00,23.00,7.00,30.00,20.00,13417219,440
146.06,1551764609,1873.86,51.43785582,7.47892314,285.75,14.37,-1.06,241.80,1,-97.00,-8.00,23.00,7.00,30.00,20.00,13417219,440
147.06,1551764610,1888.23,51.43780009,7.47874512,285.35,13.95,-0.41,242.18,1,-93.00,-9.00,8.00,2.00,45.00,20.00,13417219,440
148.06,1551764611,1902.19,51.43773727,7.47854274,284.67,14.00,0.05,242.76,1,-93.00,-9.00,8.00,2.00,45.00,20.00,13417219,440
149.07,1551764612,1916.23,51.43767883,7.47835301,284.39,14.58,0.58,242.94,1,-93.00,-7.00,5.00,2.00,34.00,20.00,13417219,440
150.07,1551764613,1930.79,51.43761497,7.47815758,283.85,15.27,0.69,242.12,1,-93.00,-7.00,5.00,2.00,34.00,20.00,13417219,440
151.07,1551764614,1946.07,51.43754505,7.47794063,283.42,15.49,0.22,241.62,1,-95.00,-8.00,2.00,2.00,33.00,20.00,13417219,440
152.07,1551764615,1961.55,51.43748039,7.47774492,283.07,14.61,-0.87,241.93,1,-95.00,-8.00,2.00,2.00,33.00,20.00,13417219,440
153.07,1551764616,1976.18,51.43741454,7.47753911,282.65,14.90,0.29,242.27,1,-95.00,-9.00,-4.00,2.00,33.00,20.00,13417219,440
154.06,1551764617,1990.98,51.43735447,7.47735971,282.62,14.23,-0.68,241.92,1,-95.00,-9.00,-4.00,2.00,33.00,20.00,13417219,440
155.06,1551764618,2005.27,51.43729318,7.47716918,283.03,14.72,0.49,243.24,1,-91.00,-6.00,-1.00,6.00,35.00,19.00,13523715,6
156.06,1551764619,2019.99,51.43723504,7.47695683,283.35,14.44,-0.28,245.82,1,-91.00,-6.00,-1.00,6.00,35.00,19.00,13523715,6
157.06,1551764620,2034.43,51.43718915,7.47676273,283.65,13.61,-0.83,248.98,1,-92.00,-7.00,21.00,12.00,34.00,19.00,13523715,6
158.06,1551764621,2048.04,51.43717966,7.47655677,283.87,12.73,-0.88,268.22,1,-92.00,-7.00,21.00,12.00,34.00,19.00,13523715,6
159.06,1551764622,2060.72,51.43718194,7.47637642,283.79,11.27,-1.46,271.02,1,-90.00,-7.00,16.00,9.00,37.00,19.00,13523715,6
160.06,1551764623,2072.01,51.43721570,7.47619788,284.07,9.90,-1.37,290.32,1,-90.00,-7.00,16.00,9.00,37.00,19.00,13523715,6
161.06,1551764624,2081.93,51.43727889,7.47607450,284.57,9.14,-0.76,312.72,1,-90.00,-7.00,7.00,15.00,35.00,19.00,13523715,6
162.06,1551764625,2091.08,51.43737891,7.47606192,285.03,9.18,0.04,356.87,1,-90.00,-7.00,7.00,15.00,35.00,19.00,13523715,6
163.06,1551764626,2100.26,51.43748093,7.47613168,285.64,9.40,0.22,25.78,1,-94.00,-6.00,13.00,7.00,32.00,19.00,13523715,6
164.06,1551764627,2109.66,51.43756461,7.47624988,285.83,10.33,0.93,47.37,1,-94.00,-6.00,13.00,7.00,32.00,19.00,13523715,6
165.07,1551764628,2120.08,51.43765265,7.47639297,286.01,11.04,0.70,49.25,1,-98.00,-7.00,1.00,9.00,28.00,19.00,13523715,6
166.06,1551764629,2131.02,51.43773572,7.47654687,286.25,12.40,1.37,50.82,1,-98.00,-7.00,1.00,9.00,28.00,19.00,13523715,6
167.06,1551764630,2143.43,51.43781855,7.47670807,286.50,14.17,1.76,51.50,1,-98.00,-7.00,1.00,9.00,28.00,19.00,13523715,6
168.06,1551764631,2157.59,51.43789625,7.47687519,286.57,14.88,0.71,52.32,1,-93.00,-7.00,9.00,11.00,33.00,19.00,13523715,6
169.06,1551764632,2172.47,51.43797404,7.47704641,286.53,15.43,0.56,52.91,1,-93.00,-7.00,9.00,11.00,33.00,19.00,13523715,6
170.06,1551764633,2187.91,51.43805922,7.47724020,286.35,16.33,0.89,53.51,1,-97.00,-8.00,1.00,9.00,33.00,19.00,13523715,6
171.06,1551764634,2204.24,51.43814497,7.47743821,286.10,17.23,0.90,54.37,1,-97.00,-8.00,1.00,9.00,33.00,19.00,13523715,6
172.06,1551764635,2221.45,51.43823520,7.47765247,285.98,17.96,0.73,54.89,1,-95.00,-7.00,5.00,10.00,33.00,19.00,13523715,6
173.06,1551764636,2239.42,51.43832468,7.47787107,285.92,18.76,0.81,55.78,1,-95.00,-7.00,5.00,10.00,33.00,19.00,13523715,6
174.07,1551764637,2258.22,51.43842027,7.47810436,286.23,19.31,0.54,56.66,1,-97.00,-8.00,8.00,2.00,30.00,19.00,13523715,6
175.07,1551764638,2277.53,51.43851707,7.47834604,286.72,20.50,1.19,55.78,1,-97.00,-8.00,8.00,2.00,30.00,19.00,13523715,6
176.07,1551764639,2298.05,51.43861646,7.47859510,287.36,21.15,0.65,56.36,1,-98.00,-8.00,-3.00,2.00,30.00,19.00,13523715,6
177.07,1551764640,2319.18,51.43871807,7.47885179,287.66,21.68,0.53,57.30,1,-98.00,-8.00,-3.00,2.00,30.00,19.00,13523715,6
178.07,1551764641,2340.84,51.43882247,7.47911705,287.97,22.71,1.03,56.23,1,-101.00,-9.00,-1.00,2.00,28.00,19.00,13523715,6
179.07,1551764642,2363.58,51.43893616,7.47939822,288.29,22.94,0.23,56.82,1,-101.00,-9.00,-1.00,2.00,28.00,19.00,13523715,6
180.07,1551764643,2386.50,51.43904487,7.47967413,288.29,23.09,0.15,56.29,1,-102.00,-9.00,-5.00,2.00,26.00,19.00,13523715,6
181.07,1551764644,2409.59,51.43916160,7.47994402,288.30,23.27,0.18,54.32,1,-102.00,-9.00,-5.00,2.00,26.00,19.00,13523715,6
182.06,1551764645,2432.83,51.43929134,7.48022655,288.28,23.32,0.05,54.15,1,-104.00,-9.00,-8.00,2.00,25.00,19.00,13523715,6
183.07,1551764646,2456.18,51.43941775,7.48049473,288.01,23.43,0.10,53.16,1,-104.00,-9.00,-8.00,2.00,25.00,19.00,13523715,6
184.07,1551764647,2479.62,51.43954420,7.48076444,287.56,23.40,-0.03,52.98,1,-109.00,-12.00,-5.00,2.00,23.00,19.00,13523715,6
185.07,1551764648,2503.02,51.43967406,7.48104020,287.05,23.27,-0.12,52.49,1,-109.00,-12.00,-5.00,2.00,23.00,19.00,13523715,6
186.07,1551764649,2526.43,51.43980069,7.48129639,286.76,23.11,-0.16,51.61,1,-105.00,-8.00,7.00,2.00,32.00,22.00,13417219,440
187.06,1551764650,2549.34,51.43993784,7.48155910,286.59,22.95,-0.16,50.33,1,-105.00,-8.00,7.00,2.00,32.00,22.00,13417219,440
188.06,1551764651,2572.29,51.44007030,7.48180002,286.38,22.67,-0.28,47.75,1,-105.00,-8.00,7.00,2.00,32.00,22.00,13417219,440
189.07,1551764652,2595.00,51.44021226,7.48202377,286.24,22.50,-0.16,44.19,1,-104.00,-8.00,1.00,2.00,24.00,22.00,13417219,440
190.07,1551764653,2617.50,51.44035529,7.48223737,286.60,22.22,-0.28,43.08,1,-104.00,-8.00,1.00,2.00,24.00,22.00,13417219,440
191.06,1551764654,2639.70,51.44050342,7.48245086,286.83,21.82,-0.40,41.69,1,-114.00,-7.00,4.00,2.00,22.00,86.00,13067273,288
192.06,1551764655,2661.52,51.44065045,7.48266118,286.97,21.81,-0.01,40.99,1,-114.00,-7.00,4.00,2.00,22.00,86.00,13067273,288
193.06,1551764656,2683.33,51.44079993,7.48286862,286.82,21.93,0.12,40.39,1,-115.00,-8.00,4.00,2.00,10.00,86.00,13067273,288
194.06,1551764657,2705.24,51.44094717,7.48307459,286.35,22.22,0.29,39.50,1,-115.00,-8.00,4.00,2.00,10.00,86.00,13067273,288
195.06,1551764658,2727.49,51.44108960,7.48326430,285.14,22.57,0.35,38.02,1,-114.00,-10.00,6.00,9.00,14.00,85.00,13067273,288
196.06,1551764659,2750.06,51.44125344,7.48346874,283.94,22.66,0.08,36.49,1,-114.00,-10.00,6.00,9.00,14.00,85.00,13067273,288
197.06,1551764660,2772.69,51.44141182,7.48365458,282.71,23.15,0.49,34.26,1,-116.00,-13.00,2.00,9.00,15.00,85.00,13067273,288
198.06,1551764661,2795.86,51.44158452,7.48385073,280.67,23.25,0.10,32.75,1,-116.00,-13.00,2.00,9.00,15.00,85.00,13067273,288
199.06,1551764662,2819.09,51.44176012,7.48404344,278.64,23.09,-0.15,32.45,1,-116.00,-9.00,3.00,5.00,11.00,85.00,13067273,288
200.06,1551764663,2842.18,51.44193678,7.48421572,276.80,23.21,0.12,29.57,1,-116.00,-9.00,3.00,5.00,11.00,85.00,13067273,288
201.06,1551764664,2865.41,51.44210800,7.48437405,274.99,23.09,-0.12,28.15,1,-117.00,-10.00,2.00,8.00,9.00,85.00,13067273,288
202.06,1551764665,2888.50,51.44228048,7.48452400,273.30,23.17,0.08,26.86,1,-117.00,-10.00,2.00,8.00,9.00,85.00,13067273,288
203.07,1551764666,2911.74,51.44245647,7.48467316,271.84,23.11,-0.06,26.41,1,-120.00,-13.00,2.00,7.00,11.00,85.00,13067273,288
204.07,1551764667,2934.85,51.44263962,7.48481483,270.63,23.14,0.03,24.84,1,-120.00,-13.00,2.00,7.00,11.00,85.00,13067273,288
205.06,1551764668,2957.90,51.44282093,7.48495258,269.55,23.11,-0.03,24.35,1,-120.00,-11.00,-6.00,7.00,8.00,18.00,13415170,288
206.06,1551764669,2981.04,51.44300742,7.48508974,268.67,22.90,-0.21,23.86,1,-120.00,-11.00,-6.00,7.00,8.00,18.00,13415170,288
207.07,1551764670,3003.96,51.44319040,7.48522045,267.86,22.48,-0.42,23.79,1,-115.00,-14.00,-4.00,4.00,20.00,18.00,13415170,315
208.07,1551764671,3026.44,51.44337511,7.48534605,267.19,21.82,-0.66,23.50,1,-115.00,-14.00,-4.00,4.00,20.00,18.00,13415170,315
209.08,1551764672,3048.47,51.44354895,7.48546718,266.51,20.86,-0.95,23.47,1,-115.00,-14.00,-7.00,5.00,18.00,18.00,13415170,315
210.07,1551764673,3069.16,51.44371597,7.48557821,265.87,19.83,-1.03,22.79,1,-115.00,-14.00,-7.00,5.00,18.00,18.00,13415170,315
211.07,1551764674,3089.04,51.44387231,7.48568442,265.19,18.59,-1.24,22.05,1,-115.00,-14.00,-7.00,5.00,18.00,18.00,13415170,315
212.07,1551764675,3107.59,51.44402972,7.48577740,264.81,17.21,-1.38,21.06,1,-113.00,-15.00,-6.00,5.00,21.00,18.00,13415170,315
213.07,1551764676,3124.82,51.44417548,7.48586558,264.50,16.40,-0.81,20.87,1,-113.00,-15.00,-6.00,5.00,21.00,18.00,13415170,315
214.07,1551764677,3141.18,51.44431127,7.48595220,264.36,15.21,-1.19,22.27,1,-113.00,-13.00,-4.00,7.00,19.00,18.00,13415170,315
215.07,1551764678,3156.39,51.44443452,7.48604527,264.49,14.35,-0.86,25.45,1,-113.00,-13.00,-4.00,7.00,19.00,18.00,13415170,315
216.06,1551764679,3170.73,51.44453577,7.48617496,264.72,13.93,-0.42,39.71,1,-105.00,-10.00,4.00,9.00,24.00,18.00,13415170,315
217.06,1551764680,3184.66,51.44462593,7.48630429,264.90,13.20,-0.73,42.71,1,-105.00,-10.00,4.00,9.00,24.00,18.00,13415170,315
218.06,1551764681,3197.86,51.44468131,7.48646255,265.25,12.67,-0.53,62.28,1,-112.00,-14.00,-1.00,2.00,31.00,18.00,13415170,315
219.06,1551764682,3210.52,51.44471071,7.48663342,265.52,12.80,0.13,77.15,1,-112.00,-14.00,-1.00,2.00,31.00,18.00,13415170,315
220.07,1551764683,3223.34,51.44471354,7.48682385,265.39,13.03,0.24,91.55,1,-115.00,-9.00,-5.00,2.00,10.00,80.00,13067273,288
221.07,1551764684,3236.37,51.44468784,7.48700887,265.06,13.84,0.80,105.62,1,-115.00,-9.00,-5.00,2.00,10.00,80.00,13067273,288
222.07,1551764685,3250.24,51.44463094,7.48718459,264.58,13.43,-0.41,121.54,1,-116.00,-9.00,-6.00,2.00,10.00,80.00,13067273,288
223.07,1551764686,3263.67,51.44454071,7.48734663,263.88,13.35,-0.07,136.42,1,-116.00,-9.00,-6.00,2.00,10.00,80.00,13067273,288
224.07,1551764687,3277.02,51.44444543,7.48749782,263.07,13.21,-0.14,137.86,1,-118.00,-10.00,-11.00,2.00,9.00,80.00,13067273,288
225.07,1551764688,3290.23,51.44434005,7.48755776,262.74,13.88,0.67,161.29,1,-118.00,-10.00,-11.00,2.00,9.00,80.00,13067273,288
226.07,1551764689,3304.08,51.44422162,7.48756069,262.49,13.42,-0.46,179.53,1,-121.00,-20.00,-14.00,1.00,19.00,80.00,13067273,288
227.07,1551764690,3317.49,51.44409279,7.48750555,262.57,13.39,-0.02,196.05,1,-121.00,-20.00,-14.00,1.00,19.00,80.00,13067273,288
228.07,1551764691,3330.88,51.44398522,7.48741529,262.16,12.95,-0.44,210.62,1,-120.00,-22.00,-14.00,1.00,22.00,80.00,13067273,288
229.07,1551764692,3343.85,51.44389335,7.48728214,261.66,13.28,0.33,225.63,1,-120.00,-22.00,-14.00,1.00,22.00,80.00,13067273,288
230.07,1551764693,3357.23,51.44382827,7.48711971,261.13,13.66,0.38,239.70,1,-120.00,-19.00,-14.00,3.00,12.00,80.00,13067273,288
231.07,1551764694,3370.78,51.44377143,7.48694726,260.68,13.81,0.15,242.49,1,-120.00,-19.00,-14.00,3.00,12.00,80.00,13067273,288
232.07,1551764695,3384.60,51.44376131,7.48675538,260.55,14.73,0.92,267.80,1,-120.00,-19.00,-14.00,3.00,12.00,80.00,13067273,288
233.07,1551764696,3399.30,51.44375134,7.48653997,260.69,15.48,0.75,268.31,1,-122.00,-14.00,-9.00,6.00,10.00,80.00,13067273,288
234.07,1551764697,3414.78,51.44374694,7.48629514,260.96,16.38,0.91,269.09,1,-122.00,-14.00,-9.00,6.00,10.00,80.00,13067273,288
235.07,1551764698,3431.18,51.44374534,7.48604770,261.25,17.37,0.98,268.12,1,-119.00,-11.00,-9.00,4.00,8.00,80.00,13067273,288
236.07,1551764699,3448.57,51.44373886,7.48579165,261.44,18.31,0.94,267.82,1,-119.00,-11.00,-9.00,4.00,8.00,80.00,13067273,288
237.06,1551764700,3466.80,51.44373171,7.48552016,261.45,19.21,0.90,268.49,1,-118.00,-10.00,-7.00,2.00,19.00,80.00,13067273,288
238.06,1551764701,3486.03,51.44372114,7.48523382,261.25,18.88,-0.33,267.28,1,-118.00,-10.00,-7.00,2.00,19.00,80.00,13067273,288
239.06,1551764702,3504.91,51.44370950,7.48493054,260.41,20.65,1.78,266.35,1,-121.00,-11.00,-7.00,2.00,7.00,80.00,13067273,288
240.06,1551764703,3525.55,51.44369735,7.48460708,259.65,21.52,0.87,267.28,1,-121.00,-11.00,-7.00,2.00,7.00,80.00,13067273,288
241.06,1551764704,3547.09,51.44369184,7.48429559,259.81,21.92,0.40,267.72,1,-125.00,-14.00,-7.00,2.00,6.00,80.00,13067273,288
242.06,1551764705,3569.01,51.44369050,7.48399689,260.28,22.40,0.48,268.89,1,-125.00,-14.00,-7.00,2.00,6.00,80.00,13067273,288
243.06,1551764706,3591.41,51.44368886,7.48367976,260.69,23.03,0.63,268.24,1,-119.00,-12.00,-9.00,5.00,10.00,81.00,13067273,288
244.06,1551764707,3614.35,51.44368103,7.48334863,260.74,23.48,0.45,267.45,1,-119.00,-12.00,-9.00,5.00,10.00,81.00,13067273,288
245.06,1551764708,3637.88,51.44367259,7.48300279,260.67,24.03,0.54,267.27,1,-111.00,-14.00,-6.00,3.00,22.00,20.00,13415426,26
246.07,1551764709,3662.02,51.44366338,7.48264856,260.52,24.41,0.39,267.91,1,-111.00,-14.00,-6.00,3.00,22.00,20.00,13415426,26
247.07,1551764710,3686.39,51.44365354,7.48230345,260.34,23.93,-0.48,267.25,1,-110.00,-13.00,-3.00,5.00,21.00,20.00,13415426,265
248.07,1551764711,3710.32,51.44364579,7.48196158,260.27,23.56,-0.38,267.03,1,-110.00,-13.00,-3.00,5.00,21.00,20.00,13415426,265
249.06,1551764712,3733.86,51.44363808,7.48162138,260.23,23.75,0.19,266.65,1,-109.00,-13.00,-1.00,6.00,24.00,20.00,13415426,265
250.06,1551764713,3757.61,51.44362514,7.48128114,260.27,24.09,0.34,265.86,1,-109.00,-13.00,-1.00,6.00,24.00,20.00,13415426,265
251.07,1551764714,3781.93,51.44361170,7.48093441,260.41,24.52,0.43,265.24,1,-112.00,-15.00,-3.00,4.00,22.00,20.00,13415426,265
252.07,1551764715,3806.26,51.44359242,7.48059116,260.31,24.41,-0.11,264.46,1,-112.00,-15.00,-3.00,4.00,22.00,20.00,13415426,265
253.07,1551764716,3830.67,51.44357191,7.48024972,259.97,24.28,-0.13,263.76,1,-112.00,-15.00,-3.00,4.00,22.00,20.00,13415426,265
254.07,1551764717,3854.92,51.44354519,7.47990363,259.67,24.26,-0.02,262.88,1,-107.00,-13.00,-3.00,6.00,24.00,20.00,13415426,265
255.07,1551764718,3879.21,51.44351737,7.47954984,259.35,24.48,0.22,262.47,1,-107.00,-13.00,-3.00,6.00,24.00,20.00,13415426,265
256.07,1551764719,3903.69,51.44349011,7.47920543,259.16,24.21,-0.27,262.27,1,-107.00,-13.00,-1.00,6.00,24.00,20.00,13415426,265
257.07,1551764720,3927.87,51.44346311,7.47886445,258.96,24.04,-0.16,262.62,1,-107.00,-13.00,-1.00,6.00,24.00,20.00,13415426,265
258.06,1551764721,3951.89,51.44343756,7.47852523,258.72,24.20,0.16,262.63,1,-105.00,-10.00,-1.00,10.00,25.00,20.00,13415426,265
259.07,1551764722,3976.12,51.44341131,7.47818195,258.31,24.43,0.23,262.85,1,-105.00,-10.00,-1.00,10.00,25.00,20.00,13415426,265
260.07,1551764723,4000.55,51.44338385,7.47782690,257.84,24.95,0.52,262.58,1,-101.00,-9.00,10.00,8.00,27.00,20.00,13415426,265
261.07,1551764724,4025.50,51.44335540,7.47746560,257.36,25.40,0.45,262.47,1,-101.00,-9.00,10.00,8.00,27.00,20.00,13415426,265
262.06,1551764725,4050.85,51.44332600,7.47710169,256.84,25.31,-0.09,262.13,1,-102.00,-9.00,5.00,7.00,27.00,20.00,13415426,265
263.06,1551764726,4076.18,51.44329150,7.47673393,256.40,25.51,0.20,261.69,1,-102.00,-9.00,5.00,7.00,27.00,20.00,13415426,265
264.06,1551764727,4101.67,51.44325688,7.47636397,256.04,25.75,0.24,261.90,1,-102.00,-7.00,7.00,10.00,26.00,20.00,13415426,265
265.06,1551764728,4127.44,51.44322280,7.47598477,255.75,26.36,0.61,261.29,1,-102.00,-7.00,7.00,10.00,26.00,20.00,13415426,265
266.06,1551764729,4153.79,51.44318395,7.47561520,255.44,26.24,-0.12,260.58,1,-107.00,-8.00,4.00,6.00,21.00,20.00,13415426,265
267.06,1551764730,4180.01,51.44313999,7.47524944,255.12,25.89,-0.35,259.00,1,-107.00,-8.00,4.00,6.00,21.00,20.00,13415426,265
268.06,1551764731,4205.90,51.44309214,7.47488621,254.80,25.63,-0.26,257.88,1,-103.00,-10.00,7.00,2.00,35.00,20.00,13415426,265
269.06,1551764732,4231.54,51.44304398,7.47452256,254.47,25.81,0.17,257.57,1,-103.00,-10.00,7.00,2.00,35.00,20.00,13415426,265
270.07,1551764733,4257.42,51.44299572,7.47414851,254.14,26.42,0.62,258.46,1,-102.00,-6.00,4.00,2.00,23.00,20.00,13415426,265
271.07,1551764734,4283.84,51.44294804,7.47377269,253.70,27.06,0.63,258.48,1,-102.00,-6.00,4.00,2.00,23.00,20.00,13415426,265
272.08,1551764735,4311.14,51.44289947,7.47338979,253.12,27.55,0.49,258.34,1,-100.00,-6.00,-1.00,2.00,26.00,20.00,13415426,265
273.07,1551764736,4338.45,51.44284986,7.47299842,252.45,28.21,0.66,257.39,1,-100.00,-6.00,-1.00,2.00,26.00,20.00,13415426,265
274.07,1551764737,4366.66,51.44279192,7.47259453,251.63,29.13,0.92,256.82,1,-100.00,-6.00,-1.00,2.00,26.00,20.00,13415426,265
275.07,1551764738,4395.82,51.44273297,7.47217714,250.79,29.98,0.85,256.85,1,-101.00,-7.00,4.00,2.00,25.00,20.00,13415426,265
276.07,1551764739,4425.77,51.44267389,7.47175848,250.07,30.63,0.65,257.44,1,-101.00,-7.00,4.00,2.00,25.00,20.00,13415426,265
277.07,1551764740,4456.40,51.44261327,7.47130644,249.16,31.43,0.79,257.80,1,-103.00,-8.00,1.00,2.00,24.00,20.00,13415426,265
278.07,1551764741,4487.86,51.44255613,7.47084537,248.28,32.20,0.78,257.83,1,-103.00,-8.00,1.00,2.00,24.00,20.00,13415426,265
279.07,1551764742,4520.03,51.44249582,7.47038705,247.67,32.75,0.55,257.96,1,-107.00,-9.00,8.00,2.00,21.00,20.00,13415426,265
280.07,1551764743,4552.88,51.44243599,7.46992005,247.15,32.70,-0.05,258.27,1,-107.00,-9.00,8.00,2.00,21.00,20.00,13415426,265
281.06,1551764744,4585.32,51.44237588,7.46945505,246.49,32.50,-0.21,258.07,1,-99.00,-11.00,7.00,8.00,33.00,12.00,13415426,265
282.06,1551764745,4617.91,51.44231689,7.46900345,245.84,32.05,-0.44,257.68,1,-99.00,-11.00,7.00,8.00,33.00,12.00,13415426,265
283.07,1551764746,4649.99,51.44225897,7.46855157,245.19,31.97,-0.09,258.27,1,-105.00,-12.00,6.00,8.00,28.00,12.00,13415426,265
284.07,1551764747,4681.99,51.44220225,7.46809774,244.45,31.67,-0.29,258.68,1,-105.00,-12.00,6.00,8.00,28.00,12.00,13415426,265
285.06,1551764748,4713.60,51.44214666,7.46764638,243.60,31.32,-0.35,258.81,1,-110.00,-13.00,4.00,6.00,24.00,12.00,13415426,265
286.07,1551764749,4744.96,51.44209918,7.46721203,242.73,30.88,-0.45,259.37,1,-110.00,-13.00,4.00,6.00,24.00,12.00,13415426,265
287.06,1551764750,4775.80,51.44204834,7.46677556,241.91,30.86,-0.02,259.48,1,-112.00,-12.00,1.00,7.00,20.00,12.00,13415426,265
288.06,1551764751,4806.66,51.44199727,7.46633692,240.96,30.57,-0.29,260.28,1,-112.00,-12.00,1.00,7.00,20.00,12.00,13415426,265
289.07,1551764752,4837.26,51.44194916,7.46590459,240.26,30.71,0.14,260.35,1,-112.00,-11.00,-1.00,4.00,19.00,12.00,13415426,265
290.07,1551764753,4867.99,51.44190126,7.46546560,239.56,30.64,-0.06,260.34,1,-112.00,-11.00,-1.00,4.00,19.00,12.00,13415426,265
291.07,1551764754,4898.61,51.44186110,7.46502992,238.87,30.07,-0.58,261.25,1,-113.00,-12.00,-3.00,7.00,17.00,12.00,13415426,265
292.06,1551764755,4928.64,51.44182187,7.46460161,238.16,29.40,-0.67,261.99,1,-113.00,-12.00,-3.00,7.00,17.00,12.00,13415426,265
293.07,1551764756,4958.31,51.44178852,7.46418362,237.59,29.00,-0.40,262.35,1,-116.00,-13.00,-3.00,6.00,17.00,12.00,13415426,265
294.07,1551764757,4987.07,51.44175599,7.46376548,237.10,29.07,0.07,262.99,1,-116.00,-13.00,-3.00,6.00,17.00,12.00,13415426,265
295.07,1551764758,5016.14,51.44172407,7.46335088,236.55,29.44,0.38,262.89,1,-116.00,-13.00,-3.00,6.00,17.00,12.00,13415426,265
296.06,1551764759,5045.52,51.44169868,7.46292839,235.96,29.29,-0.16,264.23,1,-116.00,-14.00,-5.00,6.00,18.00,12.00,13415426,265
297.07,1551764760,5074.87,51.44167219,7.46250774,235.30,29.41,0.12,264.06,1,-116.00,-14.00,-5.00,6.00,18.00,12.00,13415426,265
298.06,1551764761,5104.22,51.44164818,7.46209234,234.56,29.69,0.28,264.82,1,-108.00,-8.00,4.00,2.00,29.00,13.00,13415427,264
299.06,1551764762,5133.91,51.44162603,7.46167014,233.78,29.91,0.22,265.12,1,-108.00,-8.00,4.00,2.00,29.00,13.00,13415427,264
300.07,1551764763,5163.91,51.44160856,7.46124518,233.11,29.57,-0.34,265.44,1,-106.00,-8.00,7.00,2.00,21.00,13.00,13415427,264
301.07,1551764764,5193.47,51.44158996,7.46082359,232.52,29.13,-0.43,266.28,1,-106.00,-8.00,7.00,2.00,21.00,13.00,13415427,264
302.07,1551764765,5222.61,51.44157721,7.46040563,232.04,29.06,-0.07,266.63,1,-106.00,-8.00,8.00,2.00,22.00,13.00,13415427,264
303.07,1551764766,5251.67,51.44156460,7.45998418,231.62,29.12,0.06,266.98,1,-106.00,-8.00,8.00,2.00,22.00,13.00,13415427,264
304.06,1551764767,5280.74,51.44155594,7.45956461,231.06,29.10,-0.02,267.72,1,-102.00,-9.00,11.00,9.00,26.00,13.00,13415427,264
305.06,1551764768,5309.81,51.44154667,7.45914954,230.50,28.71,-0.39,268.18,1,-102.00,-9.00,11.00,9.00,26.00,13.00,13415427,264
306.06,1551764769,5338.54,51.44154051,7.45872674,230.03,28.47,-0.24,268.87,1,-100.00,-8.00,14.00,9.00,31.00,13.00,13415427,264
307.06,1551764770,5366.98,51.44153395,7.45831153,229.68,28.50,0.04,268.98,1,-100.00,-8.00,14.00,9.00,31.00,13.00,13415427,264
308.06,1551764771,5395.52,51.44152814,7.45789959,229.42,28.34,-0.17,269.44,1,-100.00,-10.00,16.00,14.00,30.00,13.00,13415427,264
309.06,1551764772,5423.82,51.44152630,7.45747674,229.41,28.56,0.22,269.90,1,-100.00,-10.00,16.00,14.00,30.00,13.00,13415427,264
310.06,1551764773,5452.41,51.44152353,7.45705714,229.55,28.51,-0.04,270.32,1,-106.00,-7.00,17.00,7.00,21.00,13.00,13415427,264
311.06,1551764774,5480.90,51.44152180,7.45663703,229.71,28.51,-0.00,270.69,1,-106.00,-7.00,17.00,7.00,21.00,13.00,13415427,264
312.06,1551764775,5509.44,51.44152129,7.45622264,230.06,28.55,0.03,270.69,1,-106.00,-9.00,22.00,11.00,25.00,13.00,13415427,264
313.06,1551764776,5537.98,51.44152184,7.45581497,230.47,28.54,-0.01,270.84,1,-106.00,-9.00,22.00,11.00,25.00,13.00,13415427,264
314.07,1551764777,5566.72,51.44153033,7.45541021,230.73,28.59,0.05,271.49,1,-101.00,-8.00,26.00,1.00,27.00,13.00,13415427,264
315.06,1551764778,5595.08,51.44154149,7.45498925,230.91,28.60,0.01,272.57,1,-101.00,-8.00,26.00,1.00,27.00,13.00,13415427,264
316.06,1551764779,5623.70,51.44155288,7.45457298,231.10,28.69,0.09,273.25,1,-101.00,-8.00,26.00,1.00,27.00,13.00,13415427,264
317.06,1551764780,5652.36,51.44156507,7.45416359,231.15,28.51,-0.18,273.54,1,-101.00,-8.00,11.00,2.00,35.00,13.00,13415427,264
318.06,1551764781,5680.90,51.44158230,7.45375903,231.19,28.13,-0.38,273.92,1,-101.00,-8.00,11.00,2.00,35.00,13.00,13415427,264
319.06,1551764782,5709.04,51.44159958,7.45335601,231.22,27.79,-0.35,274.62,1,-101.00,-7.00,6.00,2.00,26.00,13.00,13415427,264
320.06,1551764783,5736.80,51.44162034,7.45295741,231.09,27.53,-0.26,274.94,1,-101.00,-7.00,6.00,2.00,26.00,13.00,13415427,264
321.07,1551764784,5764.38,51.44164211,7.45256917,230.66,27.22,-0.31,274.80,1,-101.00,-9.00,7.00,2.00,27.00,13.00,13415427,264
322.06,1551764785,5791.57,51.44166843,7.45218225,230.26,27.13,-0.09,276.18,1,-101.00,-9.00,7.00,2.00,27.00,13.00,13415427,264
323.06,1551764786,5818.57,51.44169630,7.45180492,229.76,26.98,-0.16,276.00,1,-102.00,-9.00,1.00,2.00,26.00,13.00,13415427,264
324.06,1551764787,5845.68,51.44172286,7.45142226,229.32,26.57,-0.41,277.17,1,-102.00,-9.00,1.00,2.00,26.00,13.00,13415427,264
325.06,1551764788,5872.25,51.44175349,7.45104207,229.11,26.44,-0.13,277.27,1,-106.00,-11.00,4.00,2.00,24.00,13.00,13415427,264
326.07,1551764789,5898.72,51.44178505,7.45066132,228.84,26.60,0.15,277.72,1,-106.00,-11.00,4.00,2.00,24.00,13.00,13415427,264
327.06,1551764790,5925.29,51.44181653,7.45027811,228.84,26.70,0.11,277.86,1,-110.00,-11.00,10.00,2.00,21.00,13.00,13415427,264
328.06,1551764791,5951.92,51.44184871,7.44988829,228.74,27.11,0.41,277.76,1,-110.00,-11.00,10.00,2.00,21.00,13.00,13415427,264
329.06,1551764792,5979.08,51.44188131,7.44950614,228.59,27.26,0.15,278.08,1,-107.00,-11.00,8.00,2.00,23.00,13.00,13415427,264
330.06,1551764793,6006.34,51.44191979,7.44914923,228.30,26.89,-0.37,278.33,1,-107.00,-11.00,8.00,2.00,23.00,13.00,13415427,264
331.06,1551764794,6033.23,51.44195679,7.44878087,227.87,26.36,-0.53,278.66,1,-105.00,-10.00,5.00,2.00,24.00,13.00,13415427,264
332.06,1551764795,6059.59,51.44199399,7.44841327,227.32,26.02,-0.34,279.30,1,-105.00,-10.00,5.00,2.00,24.00,13.00,13415427,264
333.06,1551764796,6085.61,51.44203353,7.44804013,226.92,25.97,-0.05,279.48,1,-103.00,-8.00,11.00,2.00,24.00,13.00,13415427,264
334.06,1551764797,6111.58,51.44207405,7.44767244,226.61,26.03,0.05,280.23,1,-103.00,-8.00,11.00,2.00,24.00,13.00,13415427,264
335.07,1551764798,6137.87,51.44211983,7.44730897,226.22,26.19,0.16,281.04,1,-103.00,-7.00,12.00,2.00,24.00,13.00,13415427,264
336.06,1551764799,6163.83,51.44216754,7.44693896,225.87,26.48,0.29,281.10,1,-103.00,-7.00,12.00,2.00,24.00,13.00,13415427,264
337.06,1551764800,6190.30,51.44221865,7.44656623,225.43,26.82,0.34,282.25,1,-103.00,-7.00,12.00,2.00,24.00,13.00,13415427,264
338.06,1551764801,6217.09,51.44227134,7.44619005,225.05,27.09,0.27,282.51,1,-102.00,-7.00,3.00,2.00,25.00,13.00,13415427,264
339.06,1551764802,6244.18,51.44232539,7.44580619,224.76,27.30,0.21,282.90,1,-102.00,-7.00,3.00,2.00,25.00,13.00,13415427,264
340.06,1551764803,6271.49,51.44238465,7.44541631,224.45,27.69,0.39,283.34,1,-102.00,-9.00,10.00,2.00,26.00,13.00,13415427,264
341.06,1551764804,6299.21,51.44244388,7.44502473,224.14,27.92,0.23,283.15,1,-102.00,-9.00,10.00,2.00,26.00,13.00,13415427,264
342.07,1551764805,6327.15,51.44250208,7.44462991,223.76,28.01,0.09,283.35,1,-105.00,-12.00,-1.00,2.00,27.00,13.00,13415427,264
343.07,1551764806,6355.16,51.44255991,7.44423914,223.30,27.71,-0.29,283.38,1,-105.00,-12.00,-1.00,2.00,27.00,13.00,13415427,264
344.07,1551764807,6382.88,51.44261682,7.44385260,222.74,27.49,-0.22,284.15,1,-107.00,-13.00,-1.00,2.00,25.00,13.00,13415427,264
345.07,1551764808,6410.37,51.44268069,7.44346276,222.17,27.67,0.17,284.77,1,-107.00,-13.00,-1.00,2.00,25.00,13.00,13415427,264
346.06,1551764809,6438.00,51.44274534,7.44306978,221.61,27.94,0.27,285.28,1,-108.00,-15.00,-1.00,2.00,26.00,13.00,13415427,264
347.07,1551764810,6466.00,51.44281040,7.44268006,221.14,28.39,0.45,285.68,1,-108.00,-15.00,-1.00,2.00,26.00,13.00,13415427,264
348.07,1551764811,6494.39,51.44288046,7.44228141,220.71,28.86,0.47,285.79,1,-108.00,-16.00,0.00,2.00,27.00,13.00,13415427,264
349.07,1551764812,6523.22,51.44295216,7.44188109,220.30,28.88,0.02,286.01,1,-108.00,-16.00,0.00,2.00,27.00,13.00,13415427,264
350.07,1551764813,6552.13,51.44302357,7.44148354,219.87,28.48,-0.40,286.16,1,-109.00,-15.00,-3.00,2.00,25.00,13.00,13415427,264
351.07,1551764814,6580.61,51.44309399,7.44109592,219.33,27.70,-0.78,286.53,1,-109.00,-15.00,-3.00,2.00,25.00,13.00,13415427,264
352.07,1551764815,6608.37,51.44316988,7.44072518,218.88,27.35,-0.35,287.68,1,-110.00,-14.00,-6.00,2.00,23.00,13.00,13415427,264
353.07,1551764816,6635.72,51.44324388,7.44035382,218.37,26.98,-0.37,288.30,1,-110.00,-14.00,-6.00,2.00,23.00,13.00,13415427,264
354.07,1551764817,6662.75,51.44331842,7.43998796,217.85,26.62,-0.36,288.25,1,-112.00,-15.00,-5.00,2.00,23.00,13.00,13415427,264
355.07,1551764818,6689.37,51.44339402,7.43962289,217.38,26.46,-0.16,288.62,1,-112.00,-15.00,-5.00,2.00,23.00,13.00,13415427,264
356.08,1551764819,6715.96,51.44346801,7.43925720,216.88,26.20,-0.26,288.50,1,-105.00,-10.00,4.00,2.00,24.00,13.00,13246978,157
357.07,1551764820,6741.95,51.44355256,7.43888530,216.68,25.95,-0.25,289.59,1,-105.00,-10.00,4.00,2.00,24.00,13.00,13246978,157
358.07,1551764821,6767.90,51.44363433,7.43853723,216.68,25.40,-0.54,288.88,1,-105.00,-10.00,4.00,2.00,24.00,13.00,13246978,157
359.07,1551764822,6793.25,51.44371604,7.43818939,216.89,25.22,-0.19,290.02,1,-105.00,-10.00,-4.00,2.00,24.00,13.00,13246978,157
360.07,1551764823,6818.47,51.44379305,7.43786015,216.79,25.44,0.22,290.47,1,-105.00,-10.00,-4.00,2.00,24.00,13.00,13246978,157
361.07,1551764824,6843.96,51.44387801,7.43752527,216.65,25.66,0.22,291.17,1,-106.00,-11.00,-2.00,2.00,24.00,13.00,13246978,157
362.07,1551764825,6869.58,51.44396433,7.43717539,216.55,26.24,0.59,291.23,1,-106.00,-11.00,-2.00,2.00,24.00,13.00,13246978,157
363.06,1551764826,6895.70,51.44405089,7.43682283,216.33,26.62,0.37,291.22,1,-106.00,-12.00,-6.00,2.00,26.00,13.00,13246978,157
364.06,1551764827,6922.31,51.44414094,7.43644812,216.27,27.36,0.75,291.77,1,-106.00,-12.00,-6.00,2.00,26.00,13.00,13246978,157
365.07,1551764828,6949.79,51.44423764,7.43607086,216.16,27.76,0.40,292.31,1,-107.00,-14.00,-7.00,6.00,26.00,27.00,13415427,157
366.06,1551764829,6977.52,51.44432980,7.43571322,215.42,28.21,0.45,293.27,1,-107.00,-14.00,-7.00,6.00,26.00,27.00,13415427,157
367.07,1551764830,7005.82,51.44442884,7.43535315,213.77,28.35,0.13,293.36,1,-110.00,-14.00,1.00,6.00,24.00,27.00,13415427,264
368.07,1551764831,7034.17,51.44453875,7.43498385,211.94,28.40,0.05,294.38,1,-110.00,-14.00,1.00,6.00,24.00,27.00,13415427,264
369.07,1551764832,7062.54,51.44464688,7.43462102,210.20,27.74,-0.66,294.69,1,-102.00,-11.00,1.00,8.00,28.00,67.00,13081345,210
370.07,1551764833,7090.28,51.44475574,7.43425686,208.29,27.56,-0.19,296.22,1,-102.00,-11.00,1.00,8.00,28.00,67.00,13081345,210
371.07,1551764834,7117.84,51.44485711,7.43390859,206.66,27.86,0.30,297.06,1,-108.00,-13.00,1.00,6.00,25.00,67.00,13081345,210
372.07,1551764835,7145.70,51.44496393,7.43355275,205.17,27.95,0.09,296.89,1,-108.00,-13.00,1.00,6.00,25.00,67.00,13081345,210
373.07,1551764836,7173.68,51.44507886,7.43319495,203.74,28.57,0.61,297.77,1,-108.00,-13.00,0.00,6.00,23.00,67.00,13081345,210
374.07,1551764837,7202.22,51.44520925,7.43282467,202.38,29.34,0.77,299.41,1,-108.00,-13.00,0.00,6.00,23.00,67.00,13081345,210
375.07,1551764838,7231.53,51.44534666,7.43246230,201.19,29.81,0.47,300.64,1,-112.00,-11.00,-1.00,6.00,19.00,33.00,13395457,210
376.07,1551764839,7261.37,51.44549821,7.43209196,200.05,30.72,0.91,302.42,1,-112.00,-11.00,-1.00,6.00,19.00,33.00,13395457,210
377.07,1551764840,7292.34,51.44565379,7.43171189,198.92,31.44,0.71,303.29,1,-109.00,-9.00,7.00,8.00,19.00,33.00,13395457,111
378.07,1551764841,7323.56,51.44582841,7.43132465,198.08,32.45,1.02,305.20,1,-109.00,-9.00,7.00,8.00,19.00,33.00,13395457,111
379.06,1551764842,7355.91,51.44601119,7.43093902,197.61,33.08,0.63,306.65,1,-109.00,-9.00,7.00,8.00,19.00,33.00,13395457,111
380.06,1551764843,7389.00,51.44620086,7.43054360,197.53,33.58,0.50,307.72,1,-108.00,-9.00,11.00,9.00,20.00,33.00,13395457,111
381.06,1551764844,7422.55,51.44639655,7.43015456,197.71,34.39,0.81,309.12,1,-108.00,-9.00,11.00,9.00,20.00,33.00,13395457,111
382.06,1551764845,7456.93,51.44659572,7.42977199,197.82,34.66,0.27,310.36,1,-106.00,-8.00,3.00,11.00,21.00,33.00,13395457,111
383.06,1551764846,7491.60,51.44679350,7.42939414,197.79,34.72,0.05,311.16,1,-106.00,-8.00,3.00,11.00,21.00,33.00,13395457,111
384.07,1551764847,7526.45,51.44700449,7.42902545,197.45,34.51,-0.21,313.09,1,-93.00,-6.00,19.00,12.00,33.00,33.00,13395457,111
385.06,1551764848,7560.72,51.44721787,7.42868128,196.88,33.78,-0.73,315.07,1,-93.00,-6.00,19.00,12.00,33.00,33.00,13395457,111
386.06,1551764849,7594.54,51.44744175,7.42833547,196.36,34.11,0.32,316.21,1,-90.00,-5.00,20.00,12.00,35.00,33.00,13395457,111
387.06,1551764850,7628.74,51.44765748,7.42800042,195.65,34.06,-0.05,316.17,1,-90.00,-5.00,20.00,12.00,35.00,33.00,13395457,111
388.06,1551764851,7662.80,51.44788600,7.42767421,194.74,34.48,0.42,318.67,1,-89.00,-5.00,14.00,12.00,35.00,33.00,13395457,111
389.06,1551764852,7697.29,51.44812066,7.42735607,193.64,34.65,0.17,320.03,1,-89.00,-5.00,14.00,12.00,35.00,33.00,13395457,111
390.06,1551764853,7731.91,51.44836163,7.42704584,192.47,34.80,0.15,321.35,1,-93.00,-6.00,12.00,11.00,32.00,33.00,13395457,111
391.06,1551764854,7766.71,51.44860703,7.42675124,191.10,34.64,-0.16,323.00,1,-93.00,-6.00,12.00,11.00,32.00,33.00,13395457,111
392.06,1551764855,7801.36,51.44886351,7.42646407,189.81,34.78,0.13,325.04,1,-98.00,-7.00,13.00,10.00,29.00,33.00,13395457,111
393.06,1551764856,7836.17,51.44912522,7.42618858,188.42,34.50,-0.28,326.30,1,-98.00,-7.00,13.00,10.00,29.00,33.00,13395457,111
394.06,1551764857,7870.67,51.44938612,7.42592640,186.88,34.40,-0.10,327.46,1,-103.00,-7.00,8.00,6.00,23.00,33.00,13395457,111
395.06,1551764858,7905.03,51.44965134,7.42567694,185.21,34.46,0.06,329.14,1,-103.00,-7.00,8.00,6.00,23.00,33.00,13395457,111
396.07,1551764859,7939.57,51.44992181,7.42543343,183.56,34.53,0.06,330.25,1,-101.00,-7.00,11.00,11.00,25.00,33.00,13395457,111
397.07,1551764860,7974.09,51.45019985,7.42518181,182.08,34.94,0.41,330.97,1,-101.00,-7.00,11.00,11.00,25.00,33.00,13395457,111
398.07,1551764861,8009.28,51.45047385,7.42496114,180.77,35.13,0.19,333.30,1,-95.00,-7.00,16.00,10.00,32.00,47.00,13532162,111
399.07,1551764862,8044.16,51.45076379,7.42475076,179.09,35.50,0.37,334.85,1,-95.00,-7.00,16.00,10.00,32.00,47.00,13532162,111
400.06,1551764863,8079.62,51.45106787,7.42455162,177.14,35.50,0.01,337.12,1,-95.00,-7.00,16.00,10.00,32.00,47.00,13532162,111
401.07,1551764864,8115.16,51.45137076,7.42435586,175.05,35.37,-0.14,337.78,1,-91.00,-5.00,3.00,10.00,34.00,47.00,13532162,198
402.07,1551764865,8150.53,51.45167453,7.42417941,173.16,35.07,-0.29,338.89,1,-91.00,-5.00,3.00,10.00,34.00,47.00,13532162,198
403.07,1551764866,8185.60,51.45197571,7.42400162,171.37,34.90,-0.18,339.80,1,-92.00,-8.00,-3.00,6.00,35.00,21.00,13395457,111
404.07,1551764867,8220.57,51.45227250,7.42383762,169.72,34.80,-0.10,340.64,1,-92.00,-8.00,-3.00,6.00,35.00,21.00,13395457,111
405.07,1551764868,8255.30,51.45256921,7.42368333,168.29,34.64,-0.15,341.68,1,-99.00,-8.00,0.00,9.00,30.00,21.00,13395457,111
406.07,1551764869,8289.97,51.45286458,7.42353196,166.94,34.95,0.30,342.49,1,-99.00,-8.00,0.00,9.00,30.00,21.00,13395457,111
407.06,1551764870,8324.85,51.45316952,7.42339013,165.71,35.19,0.24,343.22,1,-93.00,-7.00,3.00,8.00,34.00,21.00,13395457,111
408.06,1551764871,8360.04,51.45347774,7.42325603,164.47,35.35,0.17,343.37,1,-93.00,-7.00,3.00,8.00,34.00,21.00,13395457,111
409.07,1551764872,8395.43,51.45378575,7.42311328,163.19,35.69,0.34,343.91,1,-94.00,-7.00,4.00,2.00,34.00,21.00,13395457,111
410.07,1551764873,8431.16,51.45409488,7.42297050,161.99,35.91,0.22,344.06,1,-94.00,-7.00,4.00,2.00,34.00,21.00,13395457,111
411.07,1551764874,8467.14,51.45440630,7.42282647,160.96,36.09,0.18,343.95,1,-100.00,-8.00,1.00,2.00,25.00,21.00,13395469,221
412.07,1551764875,8503.23,51.45471627,7.42268297,160.08,36.06,-0.03,343.77,1,-100.00,-8.00,1.00,2.00,25.00,21.00,13395469,221
413.06,1551764876,8539.15,51.45502457,7.42253903,159.32,35.86,-0.21,343.16,1,-102.00,-8.00,12.00,2.00,24.00,21.00,13395469,221
414.06,1551764877,8575.01,51.45533156,7.42239357,158.63,35.82,-0.04,342.92,1,-102.00,-8.00,12.00,2.00,24.00,21.00,13395469,221
415.06,1551764878,8610.82,51.45563310,7.42223718,157.96,35.31,-0.50,341.81,1,-103.00,-7.00,7.00,2.00,23.00,21.00,13395469,221
416.06,1551764879,8646.13,51.45593214,7.42208110,157.35,34.90,-0.41,341.11,1,-103.00,-7.00,7.00,2.00,23.00,21.00,13395469,221
417.07,1551764880,8681.07,51.45622764,7.42192326,156.82,34.59,-0.31,340.39,1,-101.00,-7.00,12.00,2.00,25.00,21.00,13395469,221
418.07,1551764881,8715.69,51.45652096,7.42175554,156.33,34.41,-0.18,339.22,1,-101.00,-7.00,12.00,2.00,25.00,21.00,13395469,221
419.07,1551764882,8750.31,51.45681225,7.42157825,155.75,34.33,-0.08,338.06,1,-101.00,-7.00,11.00,2.00,24.00,21.00,13395469,221
420.06,1551764883,8784.36,51.45710078,7.42138977,155.16,34.29,-0.04,336.93,1,-101.00,-7.00,11.00,2.00,24.00,21.00,13395469,221
421.07,1551764884,8818.69,51.45738702,7.42120173,154.54,34.35,0.06,336.21,1,-101.00,-7.00,11.00,2.00,24.00,21.00,13395469,221
422.06,1551764885,8853.01,51.45766776,7.42099961,153.89,34.42,0.06,335.09,1,-102.00,-7.00,23.00,11.00,24.00,14.00,13395469,221
423.06,1551764886,8887.43,51.45795025,7.42079430,153.25,34.44,0.02,334.18,1,-102.00,-7.00,23.00,11.00,24.00,14.00,13395469,221
424.06,1551764887,8921.83,51.45822418,7.42057937,152.66,33.64,-0.80,333.37,1,-101.00,-6.00,9.00,10.00,24.00,14.00,13395469,221
425.06,1551764888,8955.50,51.45849720,7.42036279,152.15,33.66,0.02,332.52,1,-101.00,-6.00,9.00,10.00,24.00,14.00,13395469,221
426.07,1551764889,8989.19,51.45876375,7.42013427,151.74,33.70,0.05,331.51,1,-103.00,-6.00,21.00,9.00,23.00,14.00,13395469,221
427.06,1551764890,9022.86,51.45903026,7.41989778,151.52,33.80,0.10,330.49,1,-103.00,-6.00,21.00,9.00,23.00,14.00,13395469,221
428.06,1551764891,9056.66,51.45929739,7.41965918,151.47,33.93,0.13,329.56,1,-92.00,-5.00,24.00,11.00,33.00,14.00,13395469,221
429.06,1551764892,9090.59,51.45955792,7.41940906,151.45,34.07,0.14,328.76,1,-92.00,-5.00,24.00,11.00,33.00,14.00,13395469,221
430.06,1551764893,9124.66,51.45981720,7.41914731,151.45,34.17,0.11,327.49,1,-92.00,-5.00,16.00,9.00,33.00,14.00,13395469,221
431.06,1551764894,9158.83,51.46007100,7.41888118,151.43,33.73,-0.45,326.48,1,-92.00,-5.00,16.00,9.00,33.00,14.00,13395469,221
432.07,1551764895,9192.66,51.46032008,7.41860750,151.32,33.75,0.02,325.36,1,-100.00,-7.00,2.00,9.00,28.00,14.00,13395469,221
433.07,1551764896,9226.37,51.46056728,7.41833316,151.24,33.84,0.09,324.68,1,-100.00,-7.00,2.00,9.00,28.00,14.00,13395469,221
434.06,1551764897,9260.11,51.46081308,7.41804471,151.16,33.95,0.11,323.61,1,-96.00,-7.00,15.00,2.00,37.00,14.00,13395469,221
435.06,1551764898,9294.06,51.46106018,7.41775273,151.07,34.08,0.12,322.73,1,-96.00,-7.00,15.00,2.00,37.00,14.00,13395469,221
436.06,1551764899,9328.18,51.46130034,7.41744849,151.00,34.11,0.03,321.56,1,-95.00,-6.00,13.00,2.00,29.00,14.00,13395469,221
437.06,1551764900,9362.18,51.46154153,7.41714149,150.95,34.21,0.11,320.77,1,-95.00,-6.00,13.00,2.00,29.00,14.00,13395469,221
438.06,1551764901,9396.46,51.46177647,7.41682418,150.95,34.27,0.06,319.80,1,-96.00,-7.00,4.00,2.00,29.00,14.00,13395469,221
439.06,1551764902,9430.73,51.46201137,7.41650476,150.98,34.29,0.02,318.92,1,-96.00,-7.00,4.00,2.00,29.00,14.00,13395469,221
440.07,1551764903,9465.37,51.46224054,7.41617577,151.03,34.40,0.11,318.14,1,-100.00,-7.00,16.00,2.00,25.00,14.00,13395469,221
441.06,1551764904,9499.42,51.46246631,7.41583867,151.07,34.42,0.02,316.89,1,-100.00,-7.00,16.00,2.00,25.00,14.00,13395469,221
442.06,1551764905,9533.85,51.46268866,7.41549564,151.01,34.45,0.03,315.62,1,-100.00,-7.00,16.00,2.00,25.00,14.00,13395469,221
443.06,1551764906,9568.33,51.46290941,7.41515023,151.01,34.54,0.09,314.98,1,-101.00,-8.00,1.00,2.00,25.00,14.00,13395469,221
444.06,1551764907,9602.87,51.46312319,7.41479253,151.03,34.68,0.14,313.79,1,-101.00,-8.00,1.00,2.00,25.00,14.00,13395469,221
445.07,1551764908,9637.59,51.46333321,7.41444257,150.59,34.85,0.17,313.13,1,-101.00,-8.00,5.00,2.00,24.00,14.00,13395469,221
446.07,1551764909,9672.44,51.46354422,7.41407327,150.14,34.91,0.05,312.24,1,-101.00,-8.00,5.00,2.00,24.00,14.00,13395469,221
447.06,1551764910,9707.32,51.46375510,7.41369969,149.91,34.89,-0.02,311.44,1,-104.00,-8.00,10.00,11.00,22.00,5.00,13395469,221
448.06,1551764911,9742.17,51.46396208,7.41331694,149.61,34.89,-0.00,310.51,1,-104.00,-8.00,10.00,11.00,22.00,5.00,13395469,221
449.06,1551764912,9777.10,51.46416761,7.41293146,149.38,34.94,0.05,310.15,1,-109.00,-7.00,2.00,7.00,19.00,15.00,13532430,433
450.06,1551764913,9812.04,51.46436684,7.41254189,149.21,34.83,-0.11,309.36,1,-109.00,-7.00,2.00,7.00,19.00,15.00,13532430,433
451.06,1551764914,9846.87,51.46456748,7.41215289,149.20,34.88,0.05,308.61,1,-93.00,-6.00,7.00,9.00,26.00,5.00,13395469,221
452.06,1551764915,9881.74,51.46476319,7.41176072,149.42,34.90,0.03,308.34,1,-93.00,-6.00,7.00,9.00,26.00,5.00,13395469,221
453.07,1551764916,9916.68,51.46495663,7.41136664,149.66,34.95,0.05,308.44,1,-111.00,-8.00,2.00,8.00,16.00,5.00,13395469,221
454.07,1551764917,9951.67,51.46515162,7.41096857,149.88,35.07,0.12,308.32,1,-111.00,-8.00,2.00,8.00,16.00,5.00,13395469,221
455.07,1551764918,9986.71,51.46534691,7.41057329,150.10,35.13,0.06,308.20,1,-117.00,-13.00,1.00,6.00,14.00,5.00,13395469,221
456.07,1551764919,10021.84,51.46554529,7.41017323,150.41,35.17,0.04,308.12,1,-117.00,-13.00,1.00,6.00,14.00,5.00,13395469,221
457.07,1551764920,10057.02,51.46573938,7.40977704,150.77,35.16,-0.02,307.96,1,-111.00,-8.00,0.00,6.00,15.00,5.00,13395469,433
458.07,1551764921,10092.17,51.46593395,7.40938096,150.95,35.10,-0.05,307.88,1,-111.00,-8.00,0.00,6.00,15.00,5.00,13395469,433
459.06,1551764922,10127.21,51.46612874,7.40898228,151.10,35.19,0.09,308.22,1,-107.00,-8.00,0.00,6.00,15.00,34.00,12973583,57
460.06,1551764923,10162.43,51.46632477,7.40857995,151.23,35.22,0.03,308.36,1,-107.00,-8.00,0.00,6.00,15.00,34.00,12973583,57
461.07,1551764924,10198.00,51.46651967,7.40818461,151.55,34.96,-0.25,308.73,1,-115.00,-15.00,-8.00,2.00,21.00,34.00,12973583,57
462.07,1551764925,10232.68,51.46671404,7.40779871,151.97,34.08,-0.89,309.27,1,-115.00,-15.00,-8.00,2.00,21.00,34.00,12973583,57
463.07,1551764926,10266.76,51.46690778,7.40741980,152.29,34.04,-0.04,309.37,1,-115.00,-15.00,-8.00,2.00,21.00,34.00,12973583,57
464.07,1551764927,10300.76,51.46710145,7.40704276,152.58,33.98,-0.06,309.63,1,-109.00,-9.00,-2.00,6.00,18.00,21.00,13532174,336
465.07,1551764928,10334.74,51.46729608,7.40666581,152.84,33.93,-0.04,309.82,1,-109.00,-9.00,-2.00,6.00,18.00,21.00,13532174,336
466.07,1551764929,10368.71,51.46749197,7.40628811,153.06,33.91,-0.02,310.12,1,-107.00,-9.00,-7.00,6.00,22.00,8.00,13395469,221
467.07,1551764930,10402.66,51.46769086,7.40591670,153.23,33.90,-0.02,310.44,1,-107.00,-9.00,-7.00,6.00,22.00,8.00,13395469,221
468.06,1551764931,10436.45,51.46788599,7.40554740,153.51,33.33,-0.57,310.98,1,-114.00,-12.00,-2.00,6.00,19.00,8.00,13395469,221
469.06,1551764932,10469.78,51.46807866,7.40519646,153.90,32.88,-0.45,311.49,1,-114.00,-12.00,-2.00,6.00,19.00,8.00,13395469,221
470.06,1551764933,10502.66,51.46827197,7.40484401,154.33,32.69,-0.18,311.90,1,-110.00,-11.00,-1.00,6.00,20.00,8.00,13395469,221
471.07,1551764934,10535.38,51.46846386,7.40449234,154.64,32.68,-0.02,312.04,1,-110.00,-11.00,-1.00,6.00,20.00,8.00,13395469,221
472.07,1551764935,10568.13,51.46865732,7.40413894,154.93,32.72,0.04,312.38,1,-116.00,-12.00,-4.00,6.00,14.00,8.00,13395469,221
473.07,1551764936,10600.82,51.46885698,7.40379385,155.23,32.87,0.14,313.26,1,-116.00,-12.00,-4.00,6.00,14.00,8.00,13395469,221
474.06,1551764937,10633.58,51.46906574,7.40345781,155.52,32.94,0.07,315.04,1,-84.00,-6.00,-4.00,12.00,43.00,19.00,13022465,205
475.06,1551764938,10666.56,51.46928172,7.40311721,155.80,33.22,0.28,315.82,1,-84.00,-6.00,-4.00,12.00,43.00,19.00,13022465,205
476.06,1551764939,10699.77,51.46948994,7.40278719,156.31,33.02,-0.19,314.25,1,-87.00,-7.00,7.00,12.00,41.00,19.00,13022465,205
477.06,1551764940,10732.79,51.46970157,7.40244814,156.56,33.12,0.10,314.27,1,-87.00,-7.00,7.00,12.00,41.00,19.00,13022465,205
478.06,1551764941,10765.88,51.46991102,7.40210384,157.13,33.44,0.32,315.17,1,-85.00,-5.00,15.00,11.00,41.00,19.00,13022465,205
479.06,1551764942,10799.35,51.47011807,7.40176242,157.94,33.60,0.16,315.43,1,-85.00,-5.00,15.00,11.00,41.00,19.00,13022465,205
480.06,1551764943,10832.92,51.47033074,7.40141609,159.03,33.54,-0.06,315.64,1,-85.00,-5.00,14.00,14.00,41.00,19.00,13022465,205
481.06,1551764944,10866.49,51.47054180,7.40107607,160.16,33.04,-0.50,315.98,1,-85.00,-5.00,14.00,14.00,41.00,19.00,13022465,205
482.07,1551764945,10899.79,51.47075203,7.40075655,161.21,32.00,-1.03,316.47,1,-87.00,-6.00,13.00,12.00,40.00,19.00,13022465,205
483.07,1551764946,10931.57,51.47095690,7.40044368,161.98,31.65,-0.35,316.78,1,-87.00,-6.00,13.00,12.00,40.00,19.00,13022465,205
484.07,1551764947,10963.26,51.47116368,7.40012669,162.74,31.53,-0.12,317.18,1,-87.00,-6.00,13.00,12.00,40.00,19.00,13022465,205
485.06,1551764948,10994.63,51.47137088,7.39981607,163.53,31.32,-0.21,317.40,1,-88.00,-7.00,13.00,12.00,40.00,19.00,13022465,205
486.06,1551764949,11025.99,51.47157945,7.39951896,163.86,31.09,-0.23,317.76,1,-88.00,-7.00,13.00,12.00,40.00,19.00,13022465,205
487.07,1551764950,11057.20,51.47178656,7.39922570,164.01,30.76,-0.34,318.34,1,-86.00,-6.00,13.00,12.00,40.00,19.00,13022465,205
488.06,1551764951,11087.90,51.47199216,7.39893398,164.13,30.57,-0.18,318.62,1,-86.00,-6.00,13.00,12.00,40.00,19.00,13022465,205
489.06,1551764952,11118.47,51.47220280,7.39864711,164.42,30.27,-0.31,318.96,1,-88.00,-6.00,11.00,12.00,39.00,19.00,13022465,205
490.06,1551764953,11148.71,51.47240519,7.39836571,164.65,29.62,-0.65,319.31,1,-88.00,-6.00,11.00,12.00,39.00,19.00,13022465,205
491.06,1551764954,11178.23,51.47259987,7.39809872,164.91,28.68,-0.94,319.47,1,-91.00,-6.00,12.00,11.00,35.00,19.00,13022465,205
492.06,1551764955,11207.03,51.47279373,7.39782755,165.29,27.80,-0.87,319.86,1,-91.00,-6.00,12.00,11.00,35.00,19.00,13022465,205
493.06,1551764956,11234.80,51.47298092,7.39756987,165.53,27.29,-0.51,319.66,1,-88.00,-6.00,13.00,13.00,39.00,19.00,13022465,205
494.06,1551764957,11262.12,51.47316582,7.39731687,165.86,26.50,-0.80,319.82,1,-88.00,-6.00,13.00,13.00,39.00,19.00,13022465,205
495.06,1551764958,11288.59,51.47334712,7.39707408,166.50,25.83,-0.66,320.10,1,-91.00,-6.00,11.00,10.00,34.00,19.00,13022465,205
496.06,1551764959,11314.45,51.47352625,7.39683545,167.17,25.76,-0.07,320.95,1,-91.00,-6.00,11.00,10.00,34.00,19.00,13022465,205
497.06,1551764960,11340.18,51.47370968,7.39660244,168.00,25.73,-0.03,321.64,1,-88.00,-7.00,7.00,11.00,40.00,19.00,13022465,205
498.06,1551764961,11365.91,51.47389364,7.39637841,168.87,25.68,-0.06,322.76,1,-88.00,-7.00,7.00,11.00,40.00,19.00,13022465,205
499.06,1551764962,11391.62,51.47407670,7.39615579,169.71,25.10,-0.58,322.88,1,-80.00,-5.00,19.00,2.00,53.00,19.00,13022465,205
500.06,1551764963,11416.72,51.47425763,7.39593618,170.75,24.57,-0.53,323.44,1,-80.00,-5.00,19.00,2.00,53.00,19.00,13022465,205
501.06,1551764964,11441.19,51.47443522,7.39573012,171.68,24.23,-0.34,324.32,1,-83.00,-7.00,16.00,9.00,42.00,9.00,13022465,205
502.06,1551764965,11465.49,51.47461117,7.39552644,172.53,24.19,-0.04,324.22,1,-83.00,-7.00,16.00,9.00,42.00,9.00,13022465,205
503.07,1551764966,11489.89,51.47478614,7.39532304,173.21,24.25,0.05,325.12,1,-81.00,-4.00,15.00,12.00,44.00,9.00,13022465,205
504.06,1551764967,11513.92,51.47496909,7.39512720,173.93,24.25,0.00,326.51,1,-81.00,-4.00,15.00,12.00,44.00,9.00,13022465,205
505.06,1551764968,11538.17,51.47515344,7.39494388,174.40,24.55,0.30,328.54,1,-81.00,-4.00,15.00,12.00,44.00,9.00,13022465,205
506.06,1551764969,11562.71,51.47534096,7.39475777,174.84,24.79,0.24,328.92,1,-69.00,-5.00,30.00,15.00,56.00,9.00,13022465,205
507.06,1551764970,11587.48,51.47552912,7.39457249,175.19,24.89,0.11,328.33,1,-69.00,-5.00,30.00,15.00,56.00,9.00,13022465,205
508.06,1551764971,11612.39,51.47572077,7.39439184,175.56,24.55,-0.34,330.02,1,-69.00,-5.00,27.00,15.00,55.00,9.00,13022465,205
509.06,1551764972,11636.95,51.47590893,7.39421601,175.88,24.34,-0.22,330.73,1,-69.00,-5.00,27.00,15.00,55.00,9.00,13022465,205
510.06,1551764973,11661.31,51.47609843,7.39404786,176.20,24.06,-0.27,331.43,1,-74.00,-4.00,29.00,15.00,52.00,9.00,13022465,205
511.06,1551764974,11685.34,51.47628577,7.39388238,176.46,23.94,-0.12,332.41,1,-74.00,-4.00,29.00,15.00,52.00,9.00,13022465,205
512.06,1551764975,11709.29,51.47647743,7.39372631,176.73,23.95,0.01,333.26,1,-68.00,-5.00,31.00,15.00,57.00,9.00,13022465,205
513.06,1551764976,11733.23,51.47667053,7.39357530,176.97,23.94,-0.01,334.45,1,-68.00,-5.00,31.00,15.00,57.00,9.00,13022465,205
514.06,1551764977,11757.19,51.47686468,7.39343132,177.27,23.65,-0.29,335.67,1,-64.00,-5.00,30.00,15.00,60.00,9.00,13022465,205
515.06,1551764978,11780.82,51.47705808,7.39330007,177.60,23.05,-0.60,337.65,1,-64.00,-5.00,30.00,15.00,60.00,9.00,13022465,205
516.06,1551764979,11803.87,51.47724859,7.39318533,177.93,22.43,-0.62,340.05,1,-73.00,-5.00,40.00,15.00,50.00,9.00,13022465,205
517.06,1551764980,11826.30,51.47743660,7.39309611,178.20,21.54,-0.89,343.35,1,-73.00,-5.00,40.00,15.00,50.00,9.00,13022465,205
518.07,1551764981,11847.89,51.47761794,7.39303775,178.40,20.03,-1.51,348.28,1,-74.00,-5.00,21.00,15.00,50.00,9.00,13022465,205
519.06,1551764982,11867.90,51.47779837,7.39301535,178.36,19.87,-0.16,355.62,1,-74.00,-5.00,21.00,15.00,50.00,9.00,13022465,205
520.06,1551764983,11887.75,51.47798714,7.39303017,177.88,19.69,-0.18,2.85,1,-68.00,-5.00,38.00,15.00,58.00,9.00,13022465,205
521.07,1551764984,11907.52,51.47816607,7.39307706,177.41,19.33,-0.36,9.56,1,-68.00,-5.00,38.00,15.00,58.00,9.00,13022465,205
522.06,1551764985,11926.78,51.47833535,7.39313159,177.21,19.05,-0.28,12.13,1,-80.00,-6.00,37.00,12.00,44.00,9.00,13022465,205
523.06,1551764986,11945.82,51.47849949,7.39325195,177.14,19.44,0.39,25.01,1,-80.00,-6.00,37.00,12.00,44.00,9.00,13022465,205
524.07,1551764987,11965.45,51.47864577,7.39336892,177.29,18.44,-0.98,27.17,1,-77.00,-6.00,35.00,15.00,49.00,9.00,13022465,205
525.06,1551764988,11983.73,51.47878115,7.39349058,177.53,16.65,-1.80,30.20,1,-77.00,-6.00,35.00,15.00,49.00,9.00,13022465,205
526.06,1551764989,12000.33,51.47890775,7.39361840,178.01,14.87,-1.79,31.39,1,-77.00,-6.00,35.00,15.00,49.00,9.00,13022465,205
527.06,1551764990,12015.24,51.47903038,7.39373971,178.39,13.28,-1.58,29.77,1,-89.00,-6.00,5.00,10.00,37.00,9.00,13022465,205
528.07,1551764991,12028.54,51.47914974,7.39379739,178.56,13.38,0.10,14.09,1,-89.00,-6.00,5.00,10.00,37.00,9.00,13022465,205
529.07,1551764992,12041.91,51.47927485,7.39384043,178.92,13.38,0.01,10.57,1,-86.00,-6.00,28.00,14.00,40.00,9.00,13022465,205
530.07,1551764993,12055.30,51.47941403,7.39382090,179.72,13.76,0.37,351.91,1,-86.00,-6.00,28.00,14.00,40.00,9.00,13022465,205
531.07,1551764994,12069.06,51.47952354,7.39378395,180.53,13.41,-0.35,347.83,1,-90.00,-6.00,23.00,10.00,34.00,9.00,13022465,205
532.06,1551764995,12082.46,51.47962098,7.39370278,181.18,13.58,0.17,333.08,1,-90.00,-6.00,23.00,10.00,34.00,9.00,13022465,205
533.07,1551764996,12096.05,51.47972096,7.39361782,181.52,13.83,0.25,333.41,1,-96.00,-9.00,7.00,11.00,32.00,9.00,13022465,205
534.07,1551764997,12109.88,51.47982746,7.39353125,181.74,13.39,-0.44,333.79,1,-96.00,-9.00,7.00,11.00,32.00,9.00,13022465,205
535.07,1551764998,12123.28,51.47993258,7.39345391,181.85,13.06,-0.33,335.15,1,-111.00,-9.00,9.00,2.00,15.00,9.00,13532175,337
536.07,1551764999,12136.35,51.48003740,7.39342003,182.25,11.40,-1.66,349.98,1,-111.00,-9.00,9.00,2.00,15.00,9.00,13532175,337
537.07,1551765000,12147.73,51.48012929,7.39342997,182.52,10.44,-0.96,7.51,1,-112.00,-9.00,8.00,2.00,16.00,9.00,13532175,337
538.06,1551765001,12158.16,51.48020767,7.39349433,182.71,11.11,0.67,28.59,1,-112.00,-9.00,8.00,2.00,16.00,9.00,13532175,337
539.06,1551765002,12169.27,51.48028796,7.39360144,182.92,12.02,0.91,44.75,1,-109.00,-9.00,10.00,2.00,17.00,9.00,13532175,337
540.06,1551765003,12181.29,51.48034703,7.39373226,183.20,12.65,0.63,57.89,1,-109.00,-9.00,10.00,2.00,17.00,9.00,13532175,337
541.07,1551765004,12193.95,51.48041004,7.39388837,183.70,13.62,0.97,57.51,1,-104.00,-8.00,7.00,2.00,21.00,9.00,13532175,337
542.06,1551765005,12207.56,51.48047673,7.39404960,184.31,14.78,1.16,57.01,1,-104.00,-8.00,7.00,2.00,21.00,9.00,13532175,337
543.06,1551765006,12222.30,51.48055658,7.39423472,184.78,15.59,0.81,56.40,1,-100.00,-7.00,21.00,15.00,24.00,12.00,13532175,337
544.06,1551765007,12237.89,51.48063871,7.39442724,185.04,16.28,0.68,57.19,1,-100.00,-7.00,21.00,15.00,24.00,12.00,13532175,337
545.07,1551765008,12254.33,51.48071612,7.39461821,184.72,16.65,0.37,57.90,1,-93.00,-7.00,19.00,12.00,32.00,12.00,13532175,337
546.06,1551765009,12270.82,51.48079777,7.39482065,184.25,16.96,0.31,58.38,1,-93.00,-7.00,19.00,12.00,32.00,12.00,13532175,337
547.07,1551765010,12287.88,51.48088802,7.39503870,184.12,17.08,0.12,58.78,1,-93.00,-7.00,19.00,12.00,32.00,12.00,13532175,337
548.07,1551765011,12304.93,51.48096565,7.39524448,184.05,17.16,0.08,59.31,1,-102.00,-8.00,15.00,14.00,24.00,12.00,13532175,337
549.06,1551765012,12322.08,51.48104571,7.39546105,184.24,17.02,-0.14,59.72,1,-102.00,-8.00,15.00,14.00,24.00,12.00,13532175,337
550.07,1551765013,12339.13,51.48112019,7.39566668,184.38,16.84,-0.17,59.81,1,-98.00,-6.00,12.00,15.00,25.00,12.00,13532175,337
551.07,1551765014,12355.96,51.48119673,7.39588670,184.55,16.55,-0.29,60.62,1,-98.00,-6.00,12.00,15.00,25.00,12.00,13532175,337
552.06,1551765015,12372.49,51.48126771,7.39609175,184.75,16.19,-0.36,59.89,1,-103.00,-7.00,20.00,14.00,21.00,12.00,13532175,337
553.07,1551765016,12388.73,51.48133789,7.39628907,184.97,15.84,-0.35,59.83,1,-103.00,-7.00,20.00,14.00,21.00,12.00,13532175,337
554.07,1551765017,12404.54,51.48141516,7.39648624,185.75,15.39,-0.44,59.43,1,-104.00,-7.00,14.00,14.00,21.00,12.00,13532175,337
555.07,1551765018,12419.93,51.48148583,7.39667345,186.25,15.04,-0.36,58.74,1,-104.00,-7.00,14.00,14.00,21.00,12.00,13532175,337
556.07,1551765019,12434.97,51.48155569,7.39685082,186.60,14.70,-0.34,58.35,1,-108.00,-7.00,7.00,7.00,17.00,12.00,13532175,337
557.06,1551765020,12449.65,51.48162433,7.39702749,186.82,14.33,-0.37,57.67,1,-108.00,-7.00,7.00,7.00,17.00,12.00,13532175,337
558.06,1551765021,12463.98,51.48169375,7.39719565,187.10,13.93,-0.39,56.87,1,-108.00,-7.00,13.00,12.00,18.00,12.00,13532175,337
559.07,1551765022,12477.93,51.48175997,7.39735952,187.25,13.57,-0.36,56.12,1,-108.00,-7.00,13.00,12.00,18.00,12.00,13532175,337
560.06,1551765023,12491.49,51.48182738,7.39751613,187.19,13.14,-0.43,55.31,1,-110.00,-7.00,8.00,12.00,15.00,12.00,13532175,337
561.06,1551765024,12504.63,51.48189519,7.39766969,187.25,12.81,-0.33,54.45,1,-110.00,-7.00,8.00,12.00,15.00,12.00,13532175,337
562.07,1551765025,12517.46,51.48196412,7.39781267,187.28,12.43,-0.38,53.48,1,-104.00,-6.00,14.00,12.00,22.00,12.00,13532175,337
563.07,1551765026,12529.89,51.48203008,7.39794929,187.18,12.01,-0.42,52.49,1,-104.00,-6.00,14.00,12.00,22.00,12.00,13532175,337
564.07,1551765027,12541.89,51.48209833,7.39808074,186.91,10.97,-1.04,51.28,1,-100.00,-5.00,14.00,15.00,23.00,12.00,13532175,337
565.06,1551765028,12552.84,51.48216102,7.39819658,186.67,9.70,-1.27,50.14,1,-100.00,-5.00,14.00,15.00,23.00,12.00,13532175,337
566.07,1551765029,12562.59,51.48221409,7.39829457,186.32,8.57,-1.12,48.68,1,-99.00,-6.00,16.00,12.00,24.00,9.00,13532175,337
567.06,1551765030,12571.12,51.48225625,7.39837088,185.81,6.97,-1.62,47.29,1,-99.00,-6.00,16.00,12.00,24.00,9.00,13532175,337
568.07,1551765031,12578.10,51.48228887,7.39842623,185.56,4.98,-1.99,45.94,1,-99.00,-6.00,16.00,12.00,24.00,9.00,13532175,337
569.06,1551765032,12583.07,51.48231359,7.39846534,185.55,2.81,-2.16,44.79,1,-100.00,-5.00,18.00,15.00,23.00,9.00,13532175,337
570.07,1551765033,12585.90,51.48232632,7.39848656,185.56,1.45,-1.36,43.85,1,-100.00,-5.00,18.00,15.00,23.00,9.00,13532175,337
571.07,1551765034,12587.34,51.48233273,7.39849667,185.57,0.52,-0.93,43.85,1,-100.00,-5.00,15.00,15.00,22.00,9.00,13532175,337
572.07,1551765035,12587.87,51.48233273,7.39849667,185.58,0.00,-0.52,43.85,1,-100.00,-5.00,15.00,15.00,22.00,9.00,13532175,337
573.06,1551765036,12587.87,51.48233273,7.39849667,185.58,0.00,0.00,43.85,1,-104.00,-6.00,14.00,13.00,20.00,9.00,13532175,337
574.06,1551765037,12587.87,51.48233273,7.39849667,185.59,0.00,0.00,43.85,1,-104.00,-6.00,14.00,13.00,20.00,9.00,13532175,337
575.07,1551765038,12587.87,51.48233273,7.39849667,185.59,0.00,0.00,43.85,1,-103.00,-6.00,13.00,15.00,19.00,9.00,13532175,337
576.06,1551765039,12587.87,51.48233273,7.39849667,185.60,0.00,0.00,43.85,1,-103.00,-6.00,13.00,15.00,19.00,9.00,13532175,337
577.07,1551765040,12587.87,51.48233273,7.39849667,185.60,0.00,0.00,43.85,1,-104.00,-6.00,12.00,9.00,19.00,9.00,13532175,337
578.06,1551765041,12587.87,51.48233273,7.39849667,185.60,0.00,0.00,43.85,1,-104.00,-6.00,12.00,9.00,19.00,9.00,13532175,337
579.07,1551765042,12587.87,51.48233273,7.39849667,185.61,0.00,0.00,43.85,1,-104.00,-7.00,13.00,13.00,19.00,9.00,13532175,337
580.07,1551765043,12587.87,51.48233273,7.39849667,185.61,0.00,0.00,43.85,1,-104.00,-7.00,13.00,13.00,19.00,9.00,13532175,337
581.07,1551765044,12587.87,51.48233273,7.39849667,185.62,0.00,0.00,43.85,1,-104.00,-6.00,13.00,15.00,20.00,9.00,13532175,337
582.07,1551765045,12587.87,51.48233273,7.39849667,185.62,0.00,0.00,43.85,1,-104.00,-6.00,13.00,15.00,20.00,9.00,13532175,337
583.07,1551765046,12587.87,51.48233273,7.39849667,185.62,0.00,0.00,43.85,1,-104.00,-6.00,14.00,15.00,20.00,9.00,13532175,337
584.07,1551765047,12587.87,51.48233273,7.39849667,185.62,0.00,0.00,43.85,1,-104.00,-6.00,14.00,15.00,20.00,9.00,13532175,337
585.07,1551765048,12587.87,51.48233273,7.39849667,185.62,0.00,0.00,43.85,1,-102.00,-6.00,16.00,10.00,19.00,9.00,13532175,337
586.07,1551765049,12587.87,51.48233273,7.39849667,185.61,0.00,0.00,43.85,1,-102.00,-6.00,16.00,10.00,19.00,9.00,13532175,337
587.07,1551765050,12587.87,51.48233273,7.39849667,185.61,0.00,0.00,43.85,1,-102.00,-6.00,16.00,15.00,20.00,9.00,13532175,337
588.07,1551765051,12587.87,51.48233273,7.39849667,185.61,0.00,0.00,43.85,1,-102.00,-6.00,16.00,15.00,20.00,9.00,13532175,337
589.07,1551765052,12587.87,51.48233273,7.39849667,185.60,0.00,0.00,43.85,1,-102.00,-6.00,16.00,15.00,20.00,9.00,13532175,337
590.06,1551765053,12587.87,51.48233273,7.39849667,185.60,0.00,0.00,43.85,1,-103.00,-5.00,16.00,15.00,19.00,9.00,13532175,337
591.07,1551765054,12587.87,51.48233273,7.39849667,185.60,0.00,0.00,43.85,1,-103.00,-5.00,16.00,15.00,19.00,9.00,13532175,337
592.07,1551765055,12587.87,51.48233273,7.39849667,185.61,0.00,0.00,43.85,1,-105.00,-6.00,14.00,9.00,19.00,9.00,13532175,337
593.07,1551765056,12587.87,51.48233273,7.39849667,185.61,0.00,0.00,43.85,1,-105.00,-6.00,14.00,9.00,19.00,9.00,13532175,337
594.06,1551765057,12587.87,51.48233273,7.39849667,185.68,0.00,0.00,45.30,1,-103.00,-6.00,11.00,9.00,19.00,9.00,13532175,337
595.07,1551765058,12587.87,51.48233273,7.39849667,186.33,0.00,0.00,44.08,1,-103.00,-6.00,11.00,9.00,19.00,9.00,13532175,337
596.07,1551765059,12587.87,51.48239925,7.39858632,186.92,7.15,0.00,42.32,1,-105.00,-6.00,11.00,15.00,19.00,9.00,13532175,337
597.06,1551765060,12595.01,51.48245360,7.39865577,187.31,8.22,1.06,40.66,1,-105.00,-6.00,11.00,15.00,19.00,9.00,13532175,337
598.06,1551765061,12603.23,51.48251779,7.39873319,187.78,8.68,0.47,39.63,1,-103.00,-6.00,14.00,10.00,21.00,9.00,13532175,337
599.07,1551765062,12611.92,51.48258667,7.39881444,188.14,9.74,1.06,38.48,1,-103.00,-6.00,14.00,10.00,21.00,9.00,13532175,337
600.07,1551765063,12621.71,51.48266125,7.39890377,188.47,9.79,0.05,37.56,1,-102.00,-6.00,16.00,10.00,22.00,9.00,13532175,337
601.07,1551765064,12631.45,51.48273808,7.39899038,188.61,9.92,0.13,36.90,1,-102.00,-6.00,16.00,10.00,22.00,9.00,13532175,337
602.07,1551765065,12641.38,51.48281632,7.39907511,188.64,10.98,1.06,36.01,1,-98.00,-5.00,13.00,11.00,26.00,9.00,13532175,337
603.06,1551765066,12652.35,51.48291313,7.39917301,189.17,11.98,1.00,35.19,1,-98.00,-5.00,13.00,11.00,26.00,9.00,13532175,337
604.06,1551765067,12664.32,51.48301248,7.39927698,189.13,13.00,1.02,34.62,1,-95.00,-5.00,17.00,11.00,28.00,9.00,13532175,337
605.06,1551765068,12677.32,51.48312620,7.39939282,188.56,14.23,1.24,33.74,1,-95.00,-5.00,17.00,11.00,28.00,9.00,13532175,337
606.08,1551765069,12691.71,51.48323416,7.39950478,187.67,13.96,-0.27,33.57,1,-93.00,-5.00,33.00,12.00,32.00,9.00,13532175,337
607.06,1551765070,12705.51,51.48333474,7.39960577,187.40,14.15,0.19,33.76,1,-93.00,-5.00,33.00,12.00,32.00,9.00,13532175,337
608.07,1551765071,12719.77,51.48344113,7.39971605,187.23,14.66,0.51,33.89,1,-99.00,-6.00,14.00,11.00,23.00,9.00,13532175,337
609.06,1551765072,12734.30,51.48354904,7.39982728,187.11,14.75,0.09,34.37,1,-99.00,-6.00,14.00,11.00,23.00,9.00,13532175,337
610.06,1551765073,12749.05,51.48365900,7.39994358,187.05,14.65,-0.10,34.62,1,-99.00,-6.00,14.00,11.00,23.00,9.00,13532175,337
611.06,1551765074,12763.72,51.48377678,7.40007021,186.93,14.40,-0.25,35.07,1,-97.00,-5.00,27.00,13.00,25.00,9.00,13532175,337
612.06,1551765075,12778.09,51.48389992,7.40019803,187.00,14.61,0.21,35.70,1,-97.00,-5.00,27.00,13.00,25.00,9.00,13532175,337
613.06,1551765076,12792.71,51.48400793,7.40032011,187.33,14.57,-0.03,36.52,1,-100.00,-6.00,16.00,10.00,24.00,8.00,13532175,337
614.06,1551765077,12807.29,51.48411339,7.40044482,187.72,14.72,0.15,37.22,1,-100.00,-6.00,16.00,10.00,24.00,8.00,13532175,337
615.06,1551765078,12822.02,51.48421514,7.40057309,187.98,14.60,-0.12,38.08,1,-102.00,-6.00,14.00,10.00,22.00,8.00,13532175,337
616.06,1551765079,12836.63,51.48432055,7.40070505,188.48,14.65,0.04,38.89,1,-102.00,-6.00,14.00,10.00,22.00,8.00,13532175,337
617.06,1551765080,12851.27,51.48442031,7.40084021,188.82,14.41,-0.23,39.86,1,-98.00,-5.00,19.00,10.00,26.00,8.00,13532175,337
618.07,1551765081,12865.70,51.48452365,7.40097708,189.20,14.34,-0.08,40.70,1,-98.00,-5.00,19.00,10.00,26.00,8.00,13532175,337
619.07,1551765082,12880.04,51.48462759,7.40112274,189.28,14.24,-0.10,41.42,1,-99.00,-5.00,17.00,12.00,25.00,8.00,13532175,337
620.06,1551765083,12894.26,51.48471875,7.40125859,189.17,14.33,0.09,41.98,1,-99.00,-5.00,17.00,12.00,25.00,8.00,13532175,337
621.06,1551765084,12908.57,51.48480488,7.40139700,188.86,14.14,-0.18,42.82,1,-101.00,-5.00,18.00,10.00,22.00,8.00,13532175,337
622.06,1551765085,12922.73,51.48489439,7.40153569,188.72,13.85,-0.29,42.01,1,-101.00,-5.00,18.00,10.00,22.00,8.00,13532175,337
623.07,1551765086,12936.65,51.48499111,7.40167519,188.38,14.05,0.19,41.66,1,-101.00,-6.00,16.00,10.00,22.00,8.00,13532175,337
624.06,1551765087,12950.63,51.48508693,7.40181172,188.18,14.05,0.00,42.39,1,-101.00,-6.00,16.00,10.00,22.00,8.00,13532175,337
625.06,1551765088,12964.65,51.48517705,7.40195246,187.83,13.87,-0.19,43.65,1,-99.00,-5.00,18.00,10.00,22.00,8.00,13532175,337
626.08,1551765089,12978.70,51.48525632,7.40208953,187.34,13.19,-0.67,45.17,1,-99.00,-5.00,18.00,10.00,22.00,8.00,13532175,337
627.06,1551765090,12991.73,51.48532832,7.40221893,186.79,12.07,-1.14,46.41,1,-99.00,-5.00,15.00,11.00,21.00,8.00,13532175,337
628.06,1551765091,13003.80,51.48539724,7.40234649,186.24,10.96,-1.10,47.32,1,-99.00,-5.00,15.00,11.00,21.00,8.00,13532175,337
629.07,1551765092,13014.86,51.48545287,7.40246006,185.71,9.78,-1.18,48.20,1,-100.00,-6.00,21.00,12.00,24.00,8.00,13532175,337
630.06,1551765093,13024.56,51.48550768,7.40257079,185.06,8.80,-0.98,48.99,1,-100.00,-6.00,21.00,12.00,24.00,8.00,13532175,337
631.06,1551765094,13033.35,51.48554942,7.40266093,184.68,7.85,-0.95,49.72,1,-100.00,-6.00,21.00,12.00,24.00,8.00,13532175,337
632.06,1551765095,13041.20,51.48559437,7.40274278,184.20,6.79,-1.06,45.66,1,-99.00,-6.00,13.00,10.00,23.00,8.00,13532175,337
633.06,1551765096,13047.99,51.48566591,7.40276962,183.80,7.30,0.51,9.49,1,-99.00,-6.00,13.00,10.00,23.00,8.00,13532175,337
634.06,1551765097,13055.28,51.48572386,7.40275172,183.33,7.73,0.43,344.77,1,-98.00,-6.00,17.00,12.00,23.00,8.00,13532175,337
635.07,1551765098,13063.08,51.48577471,7.40270459,182.80,8.18,0.46,328.74,1,-98.00,-6.00,17.00,12.00,23.00,8.00,13532175,337
636.06,1551765099,13071.21,51.48582973,7.40264315,182.46,9.17,0.99,326.66,1,-101.00,-5.00,19.00,11.00,22.00,8.00,13532175,337
637.06,1551765100,13080.37,51.48588856,7.40257066,182.39,10.19,1.02,325.05,1,-101.00,-5.00,19.00,11.00,22.00,8.00,13532175,337
638.06,1551765101,13090.57,51.48596238,7.40248069,182.45,10.95,0.75,324.51,1,-98.00,-6.00,19.00,12.00,24.00,8.00,13532175,337
639.06,1551765102,13101.52,51.48604951,7.40237764,182.58,11.96,1.01,325.27,1,-98.00,-6.00,19.00,12.00,24.00,8.00,13532175,337
640.07,1551765103,13113.49,51.48614737,7.40226615,182.95,11.80,-0.15,326.05,1,-101.00,-5.00,15.00,10.00,23.00,8.00,13532175,337
641.07,1551765104,13125.29,51.48623331,7.40217112,183.75,11.44,-0.36,328.33,1,-101.00,-5.00,15.00,10.00,23.00,8.00,13532175,337
642.07,1551765105,13136.74,51.48631409,7.40209471,184.43,11.13,-0.31,330.59,1,-105.00,-7.00,13.00,9.00,20.00,8.00,13532175,337
643.06,1551765106,13147.86,51.48639582,7.40201820,184.86,10.73,-0.40,332.20,1,-105.00,-7.00,13.00,9.00,20.00,8.00,13532175,337
644.07,1551765107,13158.60,51.48648023,7.40195212,185.08,10.48,-0.26,333.95,1,-99.00,-5.00,12.00,15.00,23.00,8.00,13532175,337
645.06,1551765108,13169.05,51.48656595,7.40188950,185.19,10.36,-0.12,336.13,1,-99.00,-5.00,12.00,15.00,23.00,8.00,13532175,337
646.09,1551765109,13179.67,51.48665099,7.40183598,185.25,10.00,-0.35,338.24,1,-107.00,-6.00,4.00,11.00,17.00,8.00,13532175,337
647.07,1551765110,13189.45,51.48673529,7.40179097,185.33,9.96,-0.04,340.32,1,-107.00,-6.00,4.00,11.00,17.00,8.00,13532175,337
648.07,1551765111,13199.41,51.48682401,7.40175490,185.33,9.97,0.01,342.45,1,-113.00,-8.00,8.00,11.00,13.00,8.00,13532175,337
649.07,1551765112,13209.39,51.48691027,7.40172929,185.06,9.98,0.01,344.60,1,-113.00,-8.00,8.00,11.00,13.00,8.00,13532175,337
650.07,1551765113,13219.45,51.48700372,7.40170750,184.68,10.14,0.16,346.50,1,-116.00,-9.00,1.00,6.00,12.00,8.00,13532175,337
651.07,1551765114,13229.52,51.48710214,7.40168889,184.03,10.35,0.21,348.30,1,-116.00,-9.00,1.00,6.00,12.00,8.00,13532175,337
652.07,1551765115,13239.87,51.48720640,7.40167591,183.49,10.68,0.33,350.29,1,-116.00,-9.00,1.00,6.00,12.00,8.00,13532175,337
653.07,1551765116,13250.53,51.48730591,7.40166826,182.84,11.20,0.53,352.72,1,-113.00,-10.00,2.00,5.00,12.00,8.00,13532175,337
654.07,1551765117,13261.74,51.48740570,7.40166723,182.05,11.61,0.40,354.80,1,-113.00,-10.00,2.00,5.00,12.00,8.00,13532175,337
655.07,1551765118,13273.37,51.48751508,7.40166153,181.61,11.61,0.00,356.31,1,-114.00,-8.00,18.00,8.00,10.00,8.00,13532175,337
656.07,1551765119,13284.98,51.48761552,7.40165916,181.44,11.57,-0.04,357.43,1,-114.00,-8.00,18.00,8.00,10.00,8.00,13532175,337
657.07,1551765120,13296.53,51.48772225,7.40166249,181.21,11.62,0.05,358.44,1,-107.00,-9.00,0.00,7.00,23.00,11.00,13254913,38
658.07,1551765121,13308.14,51.48782568,7.40166565,180.89,11.42,-0.20,359.07,1,-107.00,-9.00,0.00,7.00,23.00,11.00,13254913,38
659.07,1551765122,13319.55,51.48793418,7.40167243,180.28,11.47,0.05,359.67,1,-103.00,-10.00,-3.00,8.00,28.00,11.00,13254913,38
660.07,1551765123,13331.02,51.48803958,7.40168229,179.61,11.20,-0.27,0.29,1,-103.00,-10.00,-3.00,8.00,28.00,11.00,13254913,38
661.07,1551765124,13342.23,51.48813560,7.40168920,179.17,10.52,-0.68,0.54,1,-108.00,-13.00,1.00,2.00,25.00,11.00,13254913,38
662.07,1551765125,13352.75,51.48823091,7.40169669,178.64,10.18,-0.35,0.64,1,-108.00,-13.00,1.00,2.00,25.00,11.00,13254913,38
663.06,1551765126,13362.90,51.48832301,7.40170338,178.23,9.66,-0.52,0.57,1,-109.00,-7.00,2.00,2.00,13.00,11.00,14264846,125
664.06,1551765127,13372.56,51.48841038,7.40171387,177.72,8.93,-0.73,1.09,1,-109.00,-7.00,2.00,2.00,13.00,11.00,14264846,125
665.06,1551765128,13381.49,51.48848362,7.40172079,177.41,7.50,-1.43,0.21,1,-111.00,-7.00,7.00,2.00,13.00,11.00,14264846,125
666.06,1551765129,13388.99,51.48853817,7.40171960,177.06,6.64,-0.86,359.30,1,-111.00,-7.00,7.00,2.00,13.00,11.00,14264846,125
667.06,1551765130,13395.62,51.48859385,7.40172151,176.72,6.38,-0.25,359.07,1,-117.00,-10.00,2.00,8.00,9.00,15.00,14264846,125
668.06,1551765131,13402.01,51.48864658,7.40172428,176.52,6.27,-0.11,359.36,1,-117.00,-10.00,2.00,8.00,9.00,15.00,14264846,125
669.06,1551765132,13408.28,51.48870365,7.40172471,176.37,6.46,0.19,359.20,1,-117.00,-9.00,3.00,8.00,9.00,15.00,14264846,125
670.06,1551765133,13414.75,51.48876154,7.40172533,176.27,6.49,0.03,358.88,1,-117.00,-9.00,3.00,8.00,9.00,15.00,14264846,125
671.07,1551765134,13421.28,51.48881663,7.40172576,176.18,5.99,-0.50,359.30,1,-117.00,-8.00,-6.00,9.00,9.00,15.00,14264846,125
672.06,1551765135,13427.23,51.48886603,7.40172473,176.07,4.89,-1.11,359.67,1,-117.00,-8.00,-6.00,9.00,9.00,15.00,14264846,125
673.06,1551765136,13432.12,51.48891349,7.40172384,175.95,4.90,0.02,359.97,1,-117.00,-8.00,-6.00,9.00,9.00,15.00,14264846,125
674.06,1551765137,13437.02,51.48895695,7.40172429,175.82,4.64,-0.27,0.30,1,-118.00,-9.00,-10.00,9.00,8.00,15.00,14264846,125
675.06,1551765138,13441.66,51.48899502,7.40172181,175.97,4.33,-0.31,359.72,1,-118.00,-9.00,-10.00,9.00,8.00,15.00,14264846,125
676.07,1551765139,13445.99,51.48903314,7.40171984,175.99,4.50,0.17,0.66,1,-117.00,-10.00,-10.00,10.00,12.00,15.00,14264846,125
677.07,1551765140,13450.49,51.48907251,7.40171911,175.97,3.67,-0.83,0.97,1,-117.00,-10.00,-10.00,10.00,12.00,15.00,14264846,125
678.06,1551765141,13454.15,51.48910025,7.40171868,175.94,2.83,-0.83,0.30,1,-94.00,-7.00,11.00,2.00,40.00,11.00,13254913,38
679.06,1551765142,13456.99,51.48913241,7.40172361,175.90,2.89,0.05,0.14,1,-94.00,-7.00,11.00,2.00,40.00,11.00,13254913,38
680.06,1551765143,13459.87,51.48916963,7.40172818,175.84,3.92,1.03,0.60,1,-105.00,-6.00,12.00,11.00,23.00,13.00,13067528,356
681.06,1551765144,13463.79,51.48920826,7.40173267,175.39,4.52,0.60,0.26,1,-105.00,-6.00,12.00,11.00,23.00,13.00,13067528,356
682.06,1551765145,13468.31,51.48925098,7.40173278,175.19,5.41,0.89,0.71,1,-107.00,-7.00,16.00,11.00,19.00,13.00,13067528,356
683.06,1551765146,13473.72,51.48930868,7.40173809,174.77,5.99,0.58,1.77,1,-107.00,-7.00,16.00,11.00,19.00,13.00,13067528,356
684.06,1551765147,13479.71,51.48936394,7.40177654,174.35,6.45,0.46,23.09,1,-104.00,-6.00,16.00,11.00,19.00,13.00,13067528,356
685.06,1551765148,13486.14,51.48940811,7.40184736,173.85,6.37,-0.08,53.00,1,-104.00,-6.00,16.00,11.00,19.00,13.00,13067528,356
686.06,1551765149,13492.54,51.48942165,7.40195062,173.23,7.69,1.31,85.16,1,-106.00,-7.00,14.00,10.00,17.00,13.00,13067528,356
687.06,1551765150,13500.23,51.48942627,7.40207599,173.05,9.20,1.51,87.19,1,-106.00,-7.00,14.00,10.00,17.00,13.00,13067528,356
688.06,1551765151,13509.43,51.48942611,7.40221063,173.20,10.34,1.14,88.26,1,-110.00,-8.00,21.00,9.00,15.00,13.00,13067528,356
689.06,1551765152,13519.77,51.48942805,7.40236149,173.46,11.31,0.97,88.87,1,-110.00,-8.00,21.00,9.00,15.00,13.00,13067528,356
690.06,1551765153,13531.08,51.48943380,7.40253402,173.74,12.08,0.77,89.74,1,-110.00,-8.00,4.00,11.00,17.00,13.00,13067528,356
691.07,1551765154,13543.17,51.48943713,7.40270904,174.55,12.47,0.39,90.47,1,-110.00,-8.00,4.00,11.00,17.00,13.00,13067528,356
692.07,1551765155,13555.74,51.48943841,7.40288410,175.25,11.99,-0.48,91.21,1,-109.00,-7.00,8.00,2.00,15.00,13.00,13067528,356
693.06,1551765156,13567.62,51.48943742,7.40304947,175.79,11.36,-0.63,91.88,1,-109.00,-7.00,8.00,2.00,15.00,13.00,13067528,356
694.06,1551765157,13578.99,51.48943481,7.40320519,176.29,10.98,-0.38,91.53,1,-109.00,-7.00,8.00,2.00,15.00,13.00,13067528,356
695.07,1551765158,13589.97,51.48943200,7.40336646,176.53,10.92,-0.06,90.92,1,-110.00,-7.00,-1.00,2.00,15.00,13.00,13067528,356
696.07,1551765159,13600.89,51.48943284,7.40352551,176.81,11.23,0.31,89.36,1,-110.00,-7.00,-1.00,2.00,15.00,13.00,13067528,356
697.07,1551765160,13612.12,51.48943751,7.40370228,176.88,11.56,0.33,87.93,1,-110.00,-8.00,0.00,2.00,16.00,13.00,13067528,356
698.06,1551765161,13623.67,51.48944226,7.40386828,177.16,11.60,0.04,88.35,1,-110.00,-8.00,0.00,2.00,16.00,13.00,13067528,356
699.07,1551765162,13635.29,51.48944246,7.40403936,177.45,11.61,0.01,89.72,1,-111.00,-8.00,-3.00,2.00,16.00,13.00,13067528,356
700.07,1551765163,13646.90,51.48943819,7.40420815,177.73,11.64,0.02,92.00,1,-111.00,-8.00,-3.00,2.00,16.00,13.00,13067528,356
701.07,1551765164,13658.54,51.48943441,7.40438464,177.54,11.79,0.16,92.68,1,-112.00,-9.00,1.00,2.00,15.00,13.00,13067528,356
702.07,1551765165,13670.33,51.48942870,7.40455414,177.75,12.22,0.43,92.04,1,-112.00,-9.00,1.00,2.00,15.00,13.00,13067528,356
703.06,1551765166,13682.53,51.48942194,7.40472885,177.99,12.72,0.49,91.49,1,-113.00,-10.00,3.00,2.00,15.00,13.00,13067528,356
704.07,1551765167,13695.26,51.48941505,7.40490672,178.64,12.75,0.03,91.03,1,-113.00,-10.00,3.00,2.00,15.00,13.00,13067528,356
705.06,1551765168,13707.96,51.48941174,7.40508730,179.23,12.64,-0.11,90.39,1,-113.00,-11.00,10.00,2.00,15.00,13.00,13067528,356
706.07,1551765169,13720.65,51.48941314,7.40527129,179.68,12.22,-0.41,89.16,1,-113.00,-11.00,10.00,2.00,15.00,13.00,13067528,356
707.06,1551765170,13732.86,51.48941838,7.40546080,180.01,12.31,0.09,86.72,1,-110.00,-10.00,4.00,2.00,18.00,13.00,13067528,356
708.06,1551765171,13745.17,51.48943301,7.40566696,180.29,12.31,0.00,84.78,1,-110.00,-10.00,4.00,2.00,18.00,13.00,13067528,356
709.06,1551765172,13757.48,51.48944987,7.40585863,180.43,12.43,0.12,82.95,1,-109.00,-9.00,-3.00,2.00,19.00,13.00,13067528,356
710.06,1551765173,13769.91,51.48946979,7.40603009,180.43,12.60,0.17,81.25,1,-109.00,-9.00,-3.00,2.00,19.00,13.00,13067528,356
711.06,1551765174,13782.51,51.48949062,7.40620024,180.25,12.69,0.09,80.27,1,-101.00,-6.00,22.00,2.00,36.00,70.00,13067274,289
712.06,1551765175,13795.19,51.48951549,7.40638661,180.00,12.80,0.11,79.37,1,-101.00,-6.00,22.00,2.00,36.00,70.00,13067274,289
713.07,1551765176,13808.10,51.48954044,7.40656935,179.75,12.67,-0.12,78.65,1,-112.00,-9.00,2.00,2.00,16.00,70.00,13533711,118
714.06,1551765177,13820.67,51.48956732,7.40675602,179.51,12.88,0.20,78.26,1,-112.00,-9.00,2.00,2.00,16.00,70.00,13533711,118
715.06,1551765178,13833.55,51.48959208,7.40692638,179.39,12.73,-0.14,78.19,1,-112.00,-9.00,2.00,2.00,16.00,70.00,13533711,118
716.07,1551765179,13846.33,51.48961874,7.40711272,179.33,13.00,0.27,78.72,1,-109.00,-8.00,7.00,2.00,16.00,13.00,13532175,337
717.07,1551765180,13859.33,51.48964567,7.40729960,179.25,13.04,0.03,78.31,1,-109.00,-8.00,7.00,2.00,16.00,13.00,13532175,337
718.06,1551765181,13872.32,51.48967309,7.40748676,179.07,13.32,0.28,78.39,1,-106.00,-6.00,12.00,2.00,19.00,13.00,13532175,337
719.06,1551765182,13885.62,51.48970036,7.40768061,178.83,13.58,0.26,78.42,1,-106.00,-6.00,12.00,2.00,19.00,13.00,13532175,337
720.06,1551765183,13899.21,51.48972661,7.40786333,178.37,13.37,-0.20,79.10,1,-106.00,-6.00,16.00,2.00,20.00,13.00,13532175,337
721.06,1551765184,13912.57,51.48975261,7.40804217,177.75,13.71,0.34,79.11,1,-106.00,-6.00,16.00,2.00,20.00,13.00,13532175,337
722.06,1551765185,13926.29,51.48977706,7.40823230,177.41,13.81,0.10,78.66,1,-106.00,-7.00,7.00,2.00,19.00,13.00,13532175,337
723.06,1551765186,13940.09,51.48980129,7.40842720,177.15,13.98,0.18,78.03,1,-106.00,-7.00,7.00,2.00,19.00,13.00,13532175,337
724.06,1551765187,13954.08,51.48982863,7.40862122,177.04,14.10,0.12,77.07,1,-108.00,-8.00,6.00,2.00,17.00,13.00,13532175,337
725.06,1551765188,13968.19,51.48985688,7.40882116,176.88,14.13,0.02,76.75,1,-108.00,-8.00,6.00,2.00,17.00,13.00,13532175,337
726.06,1551765189,13982.31,51.48988548,7.40901674,176.64,14.21,0.08,77.17,1,-110.00,-8.00,11.00,2.00,16.00,13.00,13532175,337
727.06,1551765190,13996.45,51.48991396,7.40922091,176.47,14.16,-0.05,77.23,1,-110.00,-8.00,11.00,2.00,16.00,13.00,13532175,337
728.06,1551765191,14010.68,51.48994143,7.40942419,176.15,14.26,0.10,77.55,1,-111.00,-7.00,8.00,7.00,14.00,16.00,13532175,337
729.07,1551765192,14024.95,51.48996685,7.40962219,175.66,14.07,-0.18,78.11,1,-111.00,-7.00,8.00,7.00,14.00,16.00,13532175,337
730.07,1551765193,14039.04,51.48999164,7.40981565,174.95,13.98,-0.09,78.67,1,-117.00,-9.00,3.00,8.00,10.00,16.00,13532175,337
731.07,1551765194,14053.01,51.49001249,7.41000535,174.13,13.64,-0.34,79.26,1,-117.00,-9.00,3.00,8.00,10.00,16.00,13532175,337
732.06,1551765195,14066.64,51.49003357,7.41019315,173.36,13.34,-0.30,79.22,1,-103.00,-6.00,2.00,11.00,22.00,66.00,13067274,289
733.07,1551765196,14080.00,51.49005691,7.41040670,172.72,13.16,-0.18,78.66,1,-103.00,-6.00,2.00,11.00,22.00,66.00,13067274,289
734.07,1551765197,14093.25,51.49007925,7.41058568,172.18,12.50,-0.66,79.24,1,-106.00,-5.00,14.00,14.00,17.00,66.00,13067274,289
735.06,1551765198,14105.65,51.49010305,7.41076174,171.55,12.53,0.03,78.76,1,-106.00,-5.00,14.00,14.00,17.00,66.00,13067274,289
736.06,1551765199,14118.18,51.49012773,7.41093960,170.75,12.21,-0.32,78.36,1,-106.00,-5.00,14.00,14.00,17.00,66.00,13067274,289
737.06,1551765200,14130.40,51.49015288,7.41110539,170.27,11.63,-0.58,77.94,1,-107.00,-5.00,15.00,14.00,17.00,66.00,13067274,289
