0.06,1551677386,0.00,51.45032810,7.48825872,239.20,0.31,0.00,243.45,0,-113.00,-16.00,0.00,0.00,28.00,0.00,0,290
0.06,1551677386,0.00,51.45032810,7.48825872,239.20,0.31,0.00,243.45,0,-113.00,-16.00,0.00,0.00,28.00,0.00,0,118
0.06,1551677386,0.00,51.45032810,7.48825872,239.20,0.31,0.00,243.45,0,-114.00,-16.00,0.00,0.00,28.00,0.00,0,289
1.07,1551677387,0.31,51.45032842,7.48825104,239.36,0.52,0.00,243.45,0,-112.00,-15.00,0.00,0.00,28.00,0.00,0,118
1.07,1551677387,0.31,51.45032842,7.48825104,239.36,0.52,0.00,243.45,0,-113.00,-16.00,0.00,0.00,28.00,0.00,0,465
1.07,1551677387,0.31,51.45032842,7.48825104,239.36,0.52,0.00,243.45,0,-114.00,-17.00,0.00,0.00,29.00,0.00,0,290
2.07,1551677388,0.83,51.45032267,7.48822665,239.51,2.45,0.00,239.32,0,-112.00,-15.00,0.00,0.00,28.00,0.00,0,118
2.07,1551677388,0.83,51.45032267,7.48822665,239.51,2.45,0.00,239.32,0,-113.00,-16.00,0.00,0.00,28.00,0.00,0,465
2.07,1551677388,0.83,51.45032267,7.48822665,239.51,2.45,0.00,239.32,0,-114.00,-17.00,0.00,0.00,29.00,0.00,0,290
3.07,1551677389,3.31,51.45030553,7.48819968,241.04,4.46,0.00,222.46,0,-112.00,-15.00,0.00,0.00,27.00,0.00,0,118
3.07,1551677389,3.31,51.45030553,7.48819968,241.04,4.46,0.00,222.46,0,-115.00,-17.00,0.00,0.00,28.00,0.00,0,290
3.07,1551677389,3.31,51.45030553,7.48819968,241.04,4.46,0.00,222.46,0,-115.00,-16.00,0.00,0.00,28.00,0.00,0,142
4.07,1551677390,7.73,51.45027436,7.48818369,242.48,4.77,0.00,195.77,0,-112.00,-15.00,0.00,0.00,27.00,0.00,0,118
4.07,1551677390,7.74,51.45027436,7.48818369,242.48,4.77,0.00,195.77,0,-115.00,-17.00,0.00,0.00,28.00,0.00,0,290
4.07,1551677390,7.74,51.45027436,7.48818369,242.48,4.77,0.00,195.77,0,-115.00,-16.00,0.00,0.00,28.00,0.00,0,142
5.07,1551677391,12.50,51.45023020,7.48820600,243.94,6.69,0.00,166.78,0,-112.00,-15.00,0.00,0.00,27.00,0.00,0,118
5.07,1551677391,12.51,51.45023020,7.48820600,243.94,6.69,0.00,166.78,0,-115.00,-17.00,0.00,0.00,28.00,0.00,0,290
5.07,1551677391,12.51,51.45023020,7.48820600,243.94,6.69,0.00,166.78,0,-115.00,-16.00,0.00,0.00,28.00,0.00,0,142
6.07,1551677392,19.19,51.45014490,7.48823772,245.06,9.49,0.00,166.01,0,-113.00,-15.00,0.00,0.00,28.00,0.00,0,290
6.07,1551677392,19.20,51.45014490,7.48823772,245.06,9.49,0.00,166.01,0,-113.00,-15.00,0.00,0.00,28.00,0.00,0,118
7.07,1551677393,28.69,51.45006683,7.48826905,245.63,9.77,0.00,166.72,0,-113.00,-15.00,0.00,0.00,28.00,0.00,0,290
7.07,1551677393,28.70,51.45006683,7.48826905,245.63,9.77,0.00,166.72,0,-113.00,-15.00,0.00,0.00,28.00,0.00,0,118
8.07,1551677394,38.46,51.44997958,7.48829723,246.01,10.58,0.00,168.23,0,-110.00,-12.00,0.00,0.00,27.00,0.00,0,118
8.07,1551677394,38.47,51.44997958,7.48829723,246.01,10.58,0.00,168.23,0,-112.00,-14.00,0.00,0.00,27.00,0.00,0,465
9.07,1551677395,49.03,51.44987841,7.48832797,246.35,11.75,0.00,169.21,0,-110.00,-12.00,0.00,0.00,27.00,0.00,0,118
9.07,1551677395,49.03,51.44987841,7.48832797,246.35,11.75,0.00,169.21,0,-112.00,-14.00,0.00,0.00,27.00,0.00,0,465
12.06,1551677398,86.51,51.44952476,7.48839956,247.88,14.07,0.00,173.49,0,-110.00,-11.00,0.00,0.00,27.00,0.00,0,118
13.06,1551677399,100.59,51.44941170,7.48840976,248.65,13.87,0.00,175.18,0,-110.00,-11.00,0.00,0.00,27.00,0.00,0,118
41.06,1551677427,515.33,51.44585766,7.48886866,255.21,16.07,0.00,140.58,0,-125.00,-19.00,0.00,0.00,25.00,0.00,0,388
42.06,1551677428,531.40,51.44575707,7.48904841,256.20,15.92,0.00,136.77,0,-125.00,-19.00,0.00,0.00,25.00,0.00,0,388
43.06,1551677429,547.32,51.44566458,7.48922916,257.07,15.46,0.00,134.07,0,-124.00,-19.00,0.00,0.00,26.00,0.00,0,388
44.06,1551677430,562.79,51.44557530,7.48941400,257.99,15.14,0.00,131.90,0,-124.00,-19.00,0.00,0.00,26.00,0.00,0,388
45.07,1551677431,578.07,51.44548331,7.48961133,259.08,15.46,0.00,130.13,0,-123.00,-18.00,0.00,0.00,25.00,0.00,0,388
46.07,1551677432,593.40,51.44539167,7.48981289,260.31,15.54,0.00,129.04,0,-123.00,-18.00,0.00,0.00,25.00,0.00,0,388
47.07,1551677433,608.95,51.44530132,7.49001288,261.63,15.65,0.00,128.26,0,-123.00,-18.00,0.00,0.00,25.00,0.00,0,388
48.06,1551677434,624.58,51.44521358,7.49021772,263.13,15.20,0.00,127.68,0,-124.00,-19.00,0.00,0.00,25.00,0.00,0,388
49.06,1551677435,639.78,51.44512843,7.49041514,264.86,14.94,0.00,126.73,0,-124.00,-19.00,0.00,0.00,25.00,0.00,0,388
60.06,1551677446,745.02,51.44463907,7.49159509,273.93,0.00,0.00,128.04,0,-108.00,-12.00,0.00,0.00,29.00,0.00,0,431
61.06,1551677447,745.02,51.44463907,7.49159509,273.93,0.00,0.00,128.04,0,-108.00,-12.00,0.00,0.00,29.00,0.00,0,431
62.06,1551677448,745.02,51.44463907,7.49159509,273.92,0.00,0.00,128.04,0,-128.00,-18.00,0.00,0.00,20.00,0.00,0,388
63.06,1551677449,745.02,51.44463907,7.49159509,273.91,0.00,0.00,128.04,0,-128.00,-18.00,0.00,0.00,20.00,0.00,0,388
64.06,1551677450,745.02,51.44463907,7.49159509,273.91,0.00,0.00,128.04,0,-129.00,-18.00,0.00,0.00,20.00,0.00,0,388
65.06,1551677451,745.02,51.44463907,7.49159509,273.91,0.00,0.00,128.04,0,-129.00,-18.00,0.00,0.00,20.00,0.00,0,388
66.07,1551677452,745.02,51.44463907,7.49159509,273.90,0.00,0.00,128.04,0,-129.00,-18.00,0.00,0.00,20.00,0.00,0,388
67.06,1551677453,745.02,51.44463907,7.49159509,273.90,0.00,0.00,128.04,0,-129.00,-18.00,0.00,0.00,20.00,0.00,0,388
68.06,1551677454,745.02,51.44463907,7.49159509,273.91,0.00,0.00,128.04,0,-129.00,-18.00,0.00,0.00,20.00,0.00,0,388
73.06,1551677459,745.02,51.44463907,7.49159509,273.95,0.00,0.00,128.04,0,-106.00,-12.00,0.00,0.00,32.00,0.00,0,431
74.06,1551677460,745.02,51.44463907,7.49159509,273.96,0.00,0.00,128.04,0,-106.00,-12.00,0.00,0.00,32.00,0.00,0,431
77.07,1551677463,745.02,51.44463907,7.49159509,273.98,0.00,0.00,128.04,0,-108.00,-13.00,0.00,0.00,31.00,0.00,0,431
78.06,1551677464,745.02,51.44463907,7.49159509,273.99,0.00,0.00,128.04,0,-108.00,-13.00,0.00,0.00,31.00,0.00,0,431
85.06,1551677471,745.02,51.44463907,7.49159509,274.39,0.00,0.00,130.61,0,-130.00,-21.00,0.00,0.00,20.00,0.00,0,388
86.06,1551677472,745.03,51.44456293,7.49175379,275.52,4.58,0.00,131.04,0,-130.00,-21.00,0.00,0.00,20.00,0.00,0,388
87.07,1551677473,749.66,51.44450643,7.49175053,276.74,7.16,0.00,179.58,0,-128.00,-20.00,0.00,0.00,23.00,0.00,0,388
88.06,1551677474,756.75,51.44444747,7.49171361,276.93,7.55,0.00,200.17,0,-128.00,-20.00,0.00,0.00,23.00,0.00,0,388
89.06,1551677475,764.30,51.44438051,7.49164177,276.84,8.97,0.00,213.68,0,-128.00,-20.00,0.00,0.00,23.00,0.00,0,388
90.06,1551677476,773.29,51.44430468,7.49155401,276.93,10.33,0.00,214.21,0,-127.00,-20.00,0.00,0.00,23.00,0.00,0,388
91.06,1551677477,783.62,51.44422924,7.49146120,277.15,10.95,0.00,214.74,0,-127.00,-20.00,0.00,0.00,23.00,0.00,0,388
92.06,1551677478,794.57,51.44414767,7.49136006,277.32,12.17,0.00,215.12,0,-126.00,-19.00,0.00,0.00,24.00,0.00,0,388
93.06,1551677479,806.74,51.44406060,7.49125007,277.71,13.00,0.00,215.88,0,-126.00,-19.00,0.00,0.00,24.00,0.00,0,388
104.07,1551677490,967.35,51.44285352,7.48986460,279.94,15.20,0.00,216.49,0,-91.00,-12.00,0.00,0.00,47.00,0.00,0,431
105.06,1551677491,982.52,51.44274174,7.48973437,280.01,15.22,0.00,216.46,0,-91.00,-12.00,0.00,0.00,47.00,0.00,0,431
108.07,1551677494,1028.65,51.44243081,7.48934289,279.40,14.95,0.00,218.23,0,-84.00,-11.00,0.00,0.00,53.00,0.00,0,431
109.07,1551677495,1043.51,51.44232599,7.48920313,279.16,14.81,0.00,218.60,0,-84.00,-11.00,0.00,0.00,53.00,0.00,0,431
110.06,1551677496,1058.30,51.44222053,7.48906062,278.66,15.18,0.00,217.96,0,-84.00,-11.00,0.00,0.00,53.00,0.00,0,431
111.06,1551677497,1073.48,51.44211587,7.48891846,278.17,15.37,0.00,218.41,0,-85.00,-9.00,0.00,0.00,50.00,0.00,0,431
112.06,1551677498,1088.84,51.44200801,7.48876817,277.89,15.49,0.00,219.28,0,-85.00,-9.00,0.00,0.00,50.00,0.00,0,431
113.07,1551677499,1104.36,51.44190065,7.48862013,277.87,15.04,0.00,221.51,0,-84.00,-9.00,0.00,0.00,51.00,0.00,0,431
114.06,1551677500,1119.39,51.44180235,7.48846245,277.99,15.36,0.00,223.55,0,-84.00,-9.00,0.00,0.00,51.00,0.00,0,431
115.06,1551677501,1134.75,51.44169935,7.48828470,278.17,15.89,0.00,226.15,0,-78.00,-9.00,0.00,0.00,57.00,0.00,0,431
116.06,1551677502,1150.64,51.44160354,7.48810918,278.26,16.05,0.00,228.16,0,-78.00,-9.00,0.00,0.00,57.00,0.00,0,431
129.07,1551677515,1364.60,51.44041822,7.48567572,277.87,15.76,0.00,232.88,0,-85.00,-10.00,0.00,0.00,50.00,0.00,0,430
130.06,1551677516,1380.24,51.44033641,7.48548417,278.46,15.93,0.00,233.23,0,-85.00,-10.00,0.00,0.00,50.00,0.00,0,430
131.06,1551677517,1396.17,51.44025432,7.48529819,279.14,15.74,0.00,232.84,0,-85.00,-10.00,0.00,0.00,50.00,0.00,0,430
132.06,1551677518,1411.91,51.44017176,7.48510473,280.00,16.16,0.00,232.95,0,-77.00,-7.00,0.00,0.00,56.00,0.00,0,430
133.06,1551677519,1428.06,51.44008393,7.48490707,280.50,16.20,0.00,232.58,0,-77.00,-7.00,0.00,0.00,56.00,0.00,0,430
157.06,1551677543,1836.20,51.43817823,7.47983149,285.53,17.18,0.00,240.63,0,-107.00,-8.00,0.00,0.00,26.00,0.00,0,38
158.06,1551677544,1853.37,51.43810486,7.47962189,285.06,17.04,0.00,241.39,0,-107.00,-8.00,0.00,0.00,26.00,0.00,0,38
159.07,1551677545,1870.43,51.43802978,7.47940242,285.22,17.60,0.00,240.81,0,-106.00,-8.00,0.00,0.00,28.00,0.00,0,38
159.07,1551677545,1870.44,51.43802978,7.47940242,285.22,17.60,0.00,240.81,0,-113.00,-16.00,0.00,0.00,29.00,0.00,0,395
160.07,1551677546,1888.02,51.43795324,7.47918329,285.88,17.06,0.00,241.36,0,-106.00,-8.00,0.00,0.00,28.00,0.00,0,38
160.07,1551677546,1888.04,51.43795324,7.47918329,285.88,17.06,0.00,241.36,0,-113.00,-16.00,0.00,0.00,29.00,0.00,0,395
161.07,1551677547,1905.08,51.43788602,7.47897501,286.37,16.15,0.00,242.25,0,-109.00,-9.00,0.00,0.00,26.00,0.00,0,38
161.07,1551677547,1905.10,51.43788602,7.47897501,286.37,16.15,0.00,242.25,0,-113.00,-13.00,0.00,0.00,26.00,0.00,0,70
162.07,1551677548,1921.23,51.43782013,7.47876653,286.82,15.93,0.00,242.86,0,-109.00,-9.00,0.00,0.00,26.00,0.00,0,38
162.07,1551677548,1921.25,51.43782013,7.47876653,286.82,15.93,0.00,242.86,0,-113.00,-13.00,0.00,0.00,26.00,0.00,0,70
163.07,1551677549,1937.16,51.43775401,7.47855811,287.18,16.44,0.00,242.44,0,-109.00,-9.00,0.00,0.00,25.00,0.00,0,38
163.07,1551677549,1937.16,51.43775401,7.47855811,287.18,16.44,0.00,242.44,0,-114.00,-14.00,0.00,0.00,26.00,0.00,0,70
164.06,1551677550,1953.58,51.43768813,7.47834917,287.14,16.30,0.00,241.82,0,-109.00,-9.00,0.00,0.00,25.00,0.00,0,38
164.07,1551677550,1953.59,51.43768813,7.47834917,287.14,16.30,0.00,241.82,0,-114.00,-14.00,0.00,0.00,26.00,0.00,0,70
165.07,1551677551,1969.90,51.43762043,7.47813201,286.75,16.75,0.00,241.95,0,-109.00,-9.00,0.00,0.00,25.00,0.00,0,38
165.07,1551677551,1969.91,51.43762043,7.47813201,286.75,16.75,0.00,241.95,0,-112.00,-12.00,0.00,0.00,25.00,0.00,0,70
166.07,1551677552,1986.65,51.43754669,7.47790384,286.12,17.26,0.00,241.81,0,-109.00,-9.00,0.00,0.00,25.00,0.00,0,38
166.07,1551677552,1986.66,51.43754669,7.47790384,286.12,17.26,0.00,241.81,0,-112.00,-12.00,0.00,0.00,25.00,0.00,0,70
167.07,1551677553,2003.94,51.43747429,7.47767826,286.01,16.85,0.00,241.41,0,-110.00,-10.00,0.00,0.00,25.00,0.00,0,38
167.07,1551677553,2003.94,51.43747429,7.47767826,286.01,16.85,0.00,241.41,0,-112.00,-11.00,0.00,0.00,25.00,0.00,0,70
167.07,1551677553,2003.96,51.43747429,7.47767826,286.01,16.85,0.00,241.41,0,-107.00,-14.00,0.00,0.00,34.00,0.00,0,391
167.07,1551677553,2003.98,51.43747429,7.47767826,286.01,16.85,0.00,241.41,0,-108.00,-16.00,0.00,0.00,35.00,0.00,0,457
167.07,1551677553,2003.98,51.43747429,7.47767826,286.01,16.85,0.00,241.41,0,-108.00,-16.00,0.00,0.00,35.00,0.00,0,213
168.07,1551677554,2020.78,51.43740799,7.47746171,285.73,16.24,0.00,242.09,0,-110.00,-10.00,0.00,0.00,25.00,0.00,0,38
168.07,1551677554,2020.79,51.43740799,7.47746171,285.73,16.24,0.00,242.09,0,-112.00,-11.00,0.00,0.00,25.00,0.00,0,70
168.07,1551677554,2020.81,51.43740799,7.47746171,285.73,16.24,0.00,242.09,0,-107.00,-14.00,0.00,0.00,34.00,0.00,0,391
168.07,1551677554,2020.83,51.43740799,7.47746171,285.73,16.24,0.00,242.09,0,-108.00,-16.00,0.00,0.00,35.00,0.00,0,457
168.07,1551677554,2020.83,51.43740799,7.47746171,285.73,16.24,0.00,242.09,0,-108.00,-16.00,0.00,0.00,35.00,0.00,0,213
169.07,1551677555,2037.04,51.43734333,7.47725580,285.38,15.22,0.00,242.53,0,-112.00,-10.00,0.00,0.00,24.00,0.00,0,38
169.07,1551677555,2037.06,51.43734333,7.47725580,285.38,15.22,0.00,242.53,0,-112.00,-11.00,0.00,0.00,24.00,0.00,0,70
169.07,1551677555,2037.06,51.43734333,7.47725580,285.38,15.22,0.00,242.53,0,-116.00,-13.00,0.00,0.00,22.00,0.00,0,118
169.07,1551677555,2037.07,51.43734333,7.47725580,285.38,15.22,0.00,242.53,0,-104.00,-13.00,0.00,0.00,35.00,0.00,0,457
169.07,1551677555,2037.09,51.43734333,7.47725580,285.38,15.22,0.00,242.53,0,-105.00,-14.00,0.00,0.00,35.00,0.00,0,213
169.07,1551677555,2037.09,51.43734333,7.47725580,285.38,15.22,0.00,242.53,0,-107.00,-15.00,0.00,0.00,34.00,0.00,0,135
170.07,1551677556,2052.26,51.43727978,7.47706024,285.35,15.17,0.00,242.30,0,-112.00,-10.00,0.00,0.00,24.00,0.00,0,38
170.07,1551677556,2052.28,51.43727978,7.47706024,285.35,15.17,0.00,242.30,0,-112.00,-11.00,0.00,0.00,24.00,0.00,0,70
170.07,1551677556,2052.28,51.43727978,7.47706024,285.35,15.17,0.00,242.30,0,-116.00,-13.00,0.00,0.00,22.00,0.00,0,118
170.07,1551677556,2052.29,51.43727978,7.47706024,285.35,15.17,0.00,242.30,0,-104.00,-13.00,0.00,0.00,35.00,0.00,0,457
170.07,1551677556,2052.29,51.43727978,7.47706024,285.35,15.17,0.00,242.30,0,-105.00,-14.00,0.00,0.00,35.00,0.00,0,213
170.07,1551677556,2052.31,51.43727978,7.47706024,285.35,15.17,0.00,242.30,0,-107.00,-15.00,0.00,0.00,34.00,0.00,0,135
171.07,1551677557,2067.38,51.43724573,7.47686585,285.61,14.18,0.00,255.10,0,-112.00,-9.00,0.00,0.00,23.00,0.00,0,38
171.07,1551677557,2067.40,51.43724573,7.47686585,285.61,14.18,0.00,255.10,0,-112.00,-11.00,0.00,0.00,24.00,0.00,0,70
172.07,1551677558,2081.56,51.43721663,7.47666325,285.73,12.62,0.00,258.07,0,-112.00,-9.00,0.00,0.00,23.00,0.00,0,38
172.07,1551677558,2081.57,51.43721663,7.47666325,285.73,12.62,0.00,258.07,0,-112.00,-11.00,0.00,0.00,24.00,0.00,0,70
173.07,1551677559,2094.28,51.43721862,7.47649086,285.75,10.81,0.00,273.88,0,-114.00,-12.00,0.00,0.00,24.00,0.00,0,70
173.08,1551677559,2094.30,51.43721862,7.47649086,285.75,10.81,0.00,273.88,0,-114.00,-11.00,0.00,0.00,23.00,0.00,0,38
174.07,1551677560,2104.99,51.43724678,7.47635237,286.28,9.66,0.00,291.83,0,-114.00,-12.00,0.00,0.00,24.00,0.00,0,70
174.07,1551677560,2105.00,51.43724678,7.47635237,286.28,9.66,0.00,291.83,0,-114.00,-11.00,0.00,0.00,23.00,0.00,0,38
175.07,1551677561,2114.65,51.43730271,7.47624486,287.32,9.48,0.00,312.33,0,-114.00,-12.00,0.00,0.00,24.00,0.00,0,70
175.07,1551677561,2114.65,51.43730271,7.47624486,287.32,9.48,0.00,312.33,0,-114.00,-11.00,0.00,0.00,23.00,0.00,0,38
176.07,1551677562,2124.13,51.43738734,7.47618523,288.03,10.11,0.00,342.43,0,-114.00,-12.00,0.00,0.00,25.00,0.00,0,70
177.07,1551677563,2134.24,51.43746355,7.47618700,288.41,10.22,0.00,8.27,0,-114.00,-12.00,0.00,0.00,25.00,0.00,0,70
215.07,1551677601,2972.63,51.44254325,7.48478063,265.06,24.53,0.00,25.62,0,-86.00,-10.00,0.00,0.00,50.00,0.00,0,429
216.07,1551677602,2996.96,51.44273459,7.48492963,264.06,24.32,0.00,24.74,0,-86.00,-10.00,0.00,0.00,50.00,0.00,0,429
217.06,1551677603,3021.26,51.44292931,7.48507342,262.84,24.13,0.00,23.92,0,-86.00,-10.00,0.00,0.00,50.00,0.00,0,429
218.07,1551677604,3045.41,51.44311361,7.48520875,261.66,23.13,0.00,23.25,0,-80.00,-8.00,0.00,0.00,55.00,0.00,0,429
219.06,1551677605,3068.52,51.44329979,7.48532628,261.17,22.43,0.00,22.84,0,-80.00,-8.00,0.00,0.00,55.00,0.00,0,429
220.06,1551677606,3090.94,51.44348401,7.48544359,260.85,20.95,0.00,23.97,0,-85.00,-6.00,0.00,0.00,47.00,0.00,0,429
221.07,1551677607,3111.91,51.44364683,7.48556224,259.88,19.59,0.00,23.24,0,-85.00,-6.00,0.00,0.00,47.00,0.00,0,429
253.07,1551677639,3663.15,51.44365732,7.48324406,257.78,24.80,0.00,267.67,0,-81.00,-9.00,0.00,0.00,54.00,0.00,0,430
254.07,1551677640,3687.95,51.44365462,7.48286513,258.80,24.63,0.00,267.39,0,-81.00,-9.00,0.00,0.00,54.00,0.00,0,430
255.06,1551677641,3712.56,51.44365578,7.48251440,260.09,25.07,0.00,267.42,0,-88.00,-8.00,0.00,0.00,46.00,0.00,0,430
256.06,1551677642,3737.63,51.44365595,7.48215316,261.37,25.52,0.00,267.08,0,-88.00,-8.00,0.00,0.00,46.00,0.00,0,430
260.06,1551677646,3842.26,51.44359681,7.48064372,260.42,26.22,0.00,265.16,0,-97.00,-13.00,0.00,0.00,42.00,0.00,0,429
261.06,1551677647,3868.49,51.44358039,7.48029463,260.43,25.53,0.00,264.13,0,-97.00,-13.00,0.00,0.00,42.00,0.00,0,429
278.07,1551677664,4323.74,51.44297517,7.47380488,257.10,27.73,0.00,258.10,0,-102.00,-9.00,0.00,0.00,33.00,0.00,0,397
279.06,1551677665,4351.20,51.44292307,7.47340899,256.42,28.06,0.00,257.83,0,-102.00,-9.00,0.00,0.00,33.00,0.00,0,397
280.06,1551677666,4379.25,51.44286963,7.47301229,255.65,28.28,0.00,257.61,0,-102.00,-9.00,0.00,0.00,33.00,0.00,0,397
283.06,1551677669,4463.94,51.44270615,7.47181722,252.98,28.51,0.00,258.32,0,-107.00,-8.00,0.00,0.00,27.00,0.00,0,430
284.06,1551677670,4492.45,51.44265216,7.47141324,252.04,28.77,0.00,257.93,0,-107.00,-8.00,0.00,0.00,27.00,0.00,0,430
285.06,1551677671,4521.22,51.44259827,7.47100553,251.07,29.01,0.00,257.94,0,-109.00,-10.00,0.00,0.00,27.00,0.00,0,430
286.07,1551677672,4550.26,51.44254423,7.47059273,250.11,29.28,0.00,258.17,0,-109.00,-10.00,0.00,0.00,27.00,0.00,0,430
287.07,1551677673,4579.54,51.44249059,7.47017774,249.10,29.53,0.00,258.13,0,-109.00,-9.00,0.00,0.00,26.00,0.00,0,430
287.07,1551677673,4579.57,51.44249059,7.47017774,249.10,29.53,0.00,258.13,0,-113.00,-11.00,0.00,0.00,24.00,0.00,0,72
288.07,1551677674,4609.10,51.44243593,7.46975305,248.15,29.83,0.00,258.18,0,-109.00,-9.00,0.00,0.00,26.00,0.00,0,430
288.07,1551677674,4609.13,51.44243593,7.46975305,248.15,29.83,0.00,258.18,0,-113.00,-11.00,0.00,0.00,24.00,0.00,0,72
289.07,1551677675,4638.91,51.44238072,7.46932708,247.19,30.31,0.00,258.35,0,-110.00,-9.00,0.00,0.00,24.00,0.00,0,397
289.07,1551677675,4638.94,51.44238072,7.46932708,247.19,30.31,0.00,258.35,0,-113.00,-10.00,0.00,0.00,23.00,0.00,0,72
290.07,1551677676,4669.22,51.44232812,7.46888666,246.32,30.94,0.00,258.55,0,-110.00,-9.00,0.00,0.00,24.00,0.00,0,397
290.07,1551677676,4669.22,51.44232812,7.46888666,246.32,30.94,0.00,258.55,0,-113.00,-10.00,0.00,0.00,23.00,0.00,0,72
291.07,1551677677,4700.15,51.44227442,7.46844433,245.39,31.51,0.00,258.57,0,-112.00,-11.00,0.00,0.00,23.00,0.00,0,397
291.07,1551677677,4700.15,51.44227442,7.46844433,245.39,31.51,0.00,258.57,0,-113.00,-10.00,0.00,0.00,23.00,0.00,0,72
292.06,1551677678,4731.63,51.44221935,7.46799218,244.44,32.06,0.00,258.68,0,-112.00,-11.00,0.00,0.00,23.00,0.00,0,397
292.06,1551677678,4731.63,51.44221935,7.46799218,244.44,32.06,0.00,258.68,0,-113.00,-10.00,0.00,0.00,23.00,0.00,0,72
293.07,1551677679,4763.76,51.44216349,7.46753453,243.38,32.54,0.00,258.82,0,-111.00,-9.00,0.00,0.00,24.00,0.00,0,72
293.07,1551677679,4763.79,51.44216349,7.46753453,243.38,32.54,0.00,258.82,0,-112.00,-10.00,0.00,0.00,23.00,0.00,0,397
293.07,1551677679,4763.79,51.44216349,7.46753453,243.38,32.54,0.00,258.82,0,-116.00,-14.00,0.00,0.00,23.00,0.00,0,118
294.07,1551677680,4796.27,51.44210743,7.46705957,242.32,33.02,0.00,259.27,0,-111.00,-9.00,0.00,0.00,24.00,0.00,0,72
294.07,1551677680,4796.30,51.44210743,7.46705957,242.32,33.02,0.00,259.27,0,-112.00,-10.00,0.00,0.00,23.00,0.00,0,397
294.07,1551677680,4796.34,51.44210743,7.46705957,242.32,33.02,0.00,259.27,0,-116.00,-14.00,0.00,0.00,23.00,0.00,0,118
295.07,1551677681,4829.29,51.44205616,7.46658333,241.30,33.45,0.00,259.63,0,-110.00,-8.00,0.00,0.00,24.00,0.00,0,72
295.07,1551677681,4829.32,51.44205616,7.46658333,241.30,33.45,0.00,259.63,0,-114.00,-12.00,0.00,0.00,24.00,0.00,0,118
295.07,1551677681,4829.35,51.44205616,7.46658333,241.30,33.45,0.00,259.63,0,-116.00,-15.00,0.00,0.00,24.00,0.00,0,157
296.07,1551677682,4862.73,51.44200461,7.46610530,240.26,33.75,0.00,260.10,0,-110.00,-8.00,0.00,0.00,24.00,0.00,0,72
296.07,1551677682,4862.77,51.44200461,7.46610530,240.26,33.75,0.00,260.10,0,-114.00,-12.00,0.00,0.00,24.00,0.00,0,118
296.07,1551677682,4862.80,51.44200461,7.46610530,240.26,33.75,0.00,260.10,0,-116.00,-15.00,0.00,0.00,24.00,0.00,0,157
297.07,1551677683,4896.65,51.44195325,7.46562698,239.29,33.84,0.00,260.13,0,-111.00,-11.00,0.00,0.00,25.00,0.00,0,118
297.07,1551677683,4896.65,51.44195325,7.46562698,239.29,33.84,0.00,260.13,0,-110.00,-9.00,0.00,0.00,25.00,0.00,0,72
297.07,1551677683,4896.69,51.44195325,7.46562698,239.29,33.84,0.00,260.13,0,-115.00,-14.00,0.00,0.00,24.00,0.00,0,397
298.07,1551677684,4930.36,51.44190864,7.46515166,238.32,33.25,0.00,260.94,0,-111.00,-11.00,0.00,0.00,25.00,0.00,0,118
298.07,1551677684,4930.36,51.44190864,7.46515166,238.32,33.25,0.00,260.94,0,-110.00,-9.00,0.00,0.00,25.00,0.00,0,72
298.07,1551677684,4930.39,51.44190864,7.46515166,238.32,33.25,0.00,260.94,0,-115.00,-14.00,0.00,0.00,24.00,0.00,0,397
302.07,1551677688,5062.30,51.44175757,7.46326018,234.76,33.29,0.00,263.67,0,-106.00,-9.00,0.00,0.00,28.00,0.00,0,72
302.07,1551677688,5062.34,51.44175757,7.46326018,234.76,33.29,0.00,263.67,0,-113.00,-13.00,0.00,0.00,26.00,0.00,0,157
302.07,1551677688,5062.37,51.44175757,7.46326018,234.76,33.29,0.00,263.67,0,-137.00,-22.00,0.00,0.00,16.00,0.00,0,223
303.07,1551677689,5095.59,51.44172574,7.46277923,234.19,33.67,0.00,263.95,0,-106.00,-9.00,0.00,0.00,28.00,0.00,0,72
303.07,1551677689,5095.62,51.44172574,7.46277923,234.19,33.67,0.00,263.95,0,-113.00,-13.00,0.00,0.00,26.00,0.00,0,157
303.07,1551677689,5095.66,51.44172574,7.46277923,234.19,33.67,0.00,263.95,0,-137.00,-22.00,0.00,0.00,16.00,0.00,0,223
304.07,1551677690,5129.29,51.44169325,7.46229194,233.98,33.85,0.00,264.10,0,-107.00,-10.00,0.00,0.00,28.00,0.00,0,72
304.07,1551677690,5129.29,51.44169325,7.46229194,233.98,33.85,0.00,264.10,0,-112.00,-10.00,0.00,0.00,24.00,0.00,0,430
304.07,1551677690,5129.32,51.44169325,7.46229194,233.98,33.85,0.00,264.10,0,-114.00,-15.00,0.00,0.00,26.00,0.00,0,397
305.07,1551677691,5163.14,51.44166794,7.46180318,234.01,34.49,0.00,265.26,0,-107.00,-10.00,0.00,0.00,28.00,0.00,0,72
305.07,1551677691,5163.17,51.44166794,7.46180318,234.01,34.49,0.00,265.26,0,-112.00,-10.00,0.00,0.00,24.00,0.00,0,430
305.07,1551677691,5163.17,51.44166794,7.46180318,234.01,34.49,0.00,265.26,0,-114.00,-15.00,0.00,0.00,26.00,0.00,0,397
306.07,1551677692,5197.63,51.44164238,7.46130563,234.07,34.94,0.00,265.93,0,-107.00,-10.00,0.00,0.00,29.00,0.00,0,72
306.07,1551677692,5197.63,51.44164238,7.46130563,234.07,34.94,0.00,265.93,0,-111.00,-14.00,0.00,0.00,28.00,0.00,0,35
306.07,1551677692,5197.66,51.44164238,7.46130563,234.07,34.94,0.00,265.93,0,-112.00,-13.00,0.00,0.00,26.00,0.00,0,430
307.06,1551677693,5232.33,51.44161942,7.46080048,234.03,35.29,0.00,266.29,0,-107.00,-10.00,0.00,0.00,29.00,0.00,0,72
307.06,1551677693,5232.33,51.44161942,7.46080048,234.03,35.29,0.00,266.29,0,-111.00,-14.00,0.00,0.00,28.00,0.00,0,35
307.06,1551677693,5232.33,51.44161942,7.46080048,234.03,35.29,0.00,266.29,0,-112.00,-13.00,0.00,0.00,26.00,0.00,0,430
308.08,1551677694,5268.19,51.44159664,7.46029581,233.75,35.30,0.00,266.86,0,-102.00,-8.00,0.00,0.00,31.00,0.00,0,118
308.08,1551677694,5268.22,51.44159664,7.46029581,233.75,35.30,0.00,266.86,0,-109.00,-13.00,0.00,0.00,30.00,0.00,0,35
309.07,1551677695,5303.13,51.44158062,7.45978533,233.44,35.26,0.00,267.50,0,-102.00,-8.00,0.00,0.00,31.00,0.00,0,118
309.07,1551677695,5303.17,51.44158062,7.45978533,233.44,35.26,0.00,267.50,0,-109.00,-13.00,0.00,0.00,30.00,0.00,0,35
316.07,1551677702,5549.02,51.44154318,7.45624858,231.98,35.28,0.00,270.29,0,-95.00,-14.00,0.00,0.00,47.00,0.00,0,55
316.07,1551677702,5549.06,51.44154318,7.45624858,231.98,35.28,0.00,270.29,0,-96.00,-10.00,0.00,0.00,43.00,0.00,0,449
317.07,1551677703,5584.30,51.44154735,7.45575192,231.81,34.51,0.00,270.64,0,-95.00,-14.00,0.00,0.00,47.00,0.00,0,55
317.07,1551677703,5584.33,51.44154735,7.45575192,231.81,34.51,0.00,270.64,0,-96.00,-10.00,0.00,0.00,43.00,0.00,0,449
318.07,1551677704,5618.81,51.44155240,7.45525449,231.83,34.26,0.00,270.87,0,-89.00,-9.00,0.00,0.00,49.00,0.00,0,449
318.07,1551677704,5618.85,51.44155240,7.45525449,231.83,34.26,0.00,270.87,0,-90.00,-14.00,0.00,0.00,52.00,0.00,0,55
319.07,1551677705,5653.08,51.44155933,7.45476776,231.77,34.07,0.00,271.80,0,-89.00,-9.00,0.00,0.00,49.00,0.00,0,449
319.07,1551677705,5653.11,51.44155933,7.45476776,231.77,34.07,0.00,271.80,0,-90.00,-14.00,0.00,0.00,52.00,0.00,0,55
320.08,1551677706,5687.52,51.44157927,7.45427604,231.79,34.07,0.00,273.25,0,-92.00,-15.00,0.00,0.00,51.00,0.00,0,55
321.06,1551677707,5721.18,51.44159849,7.45379446,231.60,33.91,0.00,274.22,0,-92.00,-15.00,0.00,0.00,51.00,0.00,0,55
322.06,1551677708,5755.08,51.44162679,7.45331504,231.04,34.01,0.00,275.89,0,-92.00,-15.00,0.00,0.00,51.00,0.00,0,55
350.07,1551677736,6702.58,51.44334451,7.43998906,221.43,33.58,0.00,287.82,0,-74.00,-5.00,0.00,0.00,58.00,0.00,0,74
350.07,1551677736,6702.61,51.44334451,7.43998906,221.43,33.58,0.00,287.82,0,-71.00,-6.00,0.00,0.00,63.00,0.00,0,56
351.07,1551677737,6736.09,51.44343702,7.43952806,220.73,33.58,0.00,288.02,0,-74.00,-5.00,0.00,0.00,58.00,0.00,0,74
351.07,1551677737,6736.09,51.44343702,7.43952806,220.73,33.58,0.00,288.02,0,-71.00,-6.00,0.00,0.00,63.00,0.00,0,56
367.06,1551677753,7296.74,51.44549852,7.43214513,206.03,35.21,0.00,301.92,0,-98.00,-9.00,0.00,0.00,40.00,0.00,0,70
368.06,1551677754,7331.96,51.44567214,7.43172235,204.24,35.42,0.00,303.76,0,-98.00,-9.00,0.00,0.00,40.00,0.00,0,70
369.07,1551677755,7367.41,51.44585778,7.43130154,202.69,35.71,0.00,305.23,0,-98.00,-11.00,0.00,0.00,41.00,0.00,0,70
370.06,1551677756,7403.09,51.44604911,7.43087638,201.31,35.98,0.00,306.36,0,-98.00,-11.00,0.00,0.00,41.00,0.00,0,70
371.06,1551677757,7439.06,51.44624314,7.43046371,200.09,35.80,0.00,307.52,0,-95.00,-9.00,0.00,0.00,43.00,0.00,0,70
372.07,1551677758,7474.89,51.44644416,7.43006333,198.93,35.44,0.00,309.45,0,-95.00,-9.00,0.00,0.00,43.00,0.00,0,70
373.06,1551677759,7510.26,51.44664843,7.42967636,197.85,34.89,0.00,310.92,0,-91.00,-9.00,0.00,0.00,46.00,0.00,0,70
374.06,1551677760,7545.19,51.44685954,7.42930596,196.71,34.45,0.00,312.91,0,-91.00,-9.00,0.00,0.00,46.00,0.00,0,70
375.06,1551677761,7579.65,51.44708432,7.42894530,195.64,35.22,0.00,314.87,0,-97.00,-9.00,0.00,0.00,41.00,0.00,0,70
376.07,1551677762,7614.90,51.44729960,7.42860584,194.31,35.12,0.00,315.31,0,-97.00,-9.00,0.00,0.00,41.00,0.00,0,70
377.07,1551677763,7650.02,51.44753220,7.42826304,192.83,35.22,0.00,317.16,0,-102.00,-10.00,0.00,0.00,37.00,0.00,0,70
377.07,1551677763,7650.02,51.44753220,7.42826304,192.83,35.22,0.00,317.16,0,-105.00,-8.00,0.00,0.00,32.00,0.00,0,78
378.07,1551677764,7685.24,51.44776357,7.42792376,191.18,35.08,0.00,317.66,0,-102.00,-10.00,0.00,0.00,37.00,0.00,0,70
378.07,1551677764,7685.27,51.44776357,7.42792376,191.18,35.08,0.00,317.66,0,-105.00,-8.00,0.00,0.00,32.00,0.00,0,78
379.07,1551677765,7720.32,51.44799950,7.42760235,189.29,34.62,0.00,319.37,0,-105.00,-9.00,0.00,0.00,29.00,0.00,0,312
379.07,1551677765,7720.36,51.44799950,7.42760235,189.29,34.62,0.00,319.37,0,-102.00,-8.00,0.00,0.00,35.00,0.00,0,70
380.07,1551677766,7754.94,51.44824202,7.42729569,187.46,34.11,0.00,321.19,0,-105.00,-9.00,0.00,0.00,29.00,0.00,0,312
380.07,1551677766,7754.94,51.44824202,7.42729569,187.46,34.11,0.00,321.19,0,-102.00,-8.00,0.00,0.00,35.00,0.00,0,70
381.06,1551677767,7789.02,51.44849151,7.42699931,185.70,34.03,0.00,322.55,0,-110.00,-8.00,0.00,0.00,23.00,0.00,0,312
381.07,1551677767,7789.05,51.44849151,7.42699931,185.70,34.03,0.00,322.55,0,-116.00,-11.00,0.00,0.00,20.00,0.00,0,40
382.07,1551677768,7823.08,51.44874131,7.42670657,183.99,33.59,0.00,323.53,0,-110.00,-8.00,0.00,0.00,23.00,0.00,0,312
382.07,1551677768,7823.08,51.44874131,7.42670657,183.99,33.59,0.00,323.53,0,-116.00,-11.00,0.00,0.00,20.00,0.00,0,40
383.07,1551677769,7856.97,51.44899782,7.42643162,182.40,33.56,0.00,325.31,0,-110.00,-10.00,0.00,0.00,25.00,0.00,0,312
383.08,1551677769,7857.01,51.44899782,7.42643162,182.40,33.56,0.00,325.31,0,-113.00,-11.00,0.00,0.00,24.00,0.00,0,40
384.07,1551677770,7890.23,51.44924755,7.42616663,180.71,33.70,0.00,326.51,0,-110.00,-10.00,0.00,0.00,25.00,0.00,0,312
384.07,1551677770,7890.23,51.44924755,7.42616663,180.71,33.70,0.00,326.51,0,-113.00,-11.00,0.00,0.00,24.00,0.00,0,40
385.07,1551677771,7923.93,51.44950617,7.42590705,178.92,33.55,0.00,328.15,0,-110.00,-10.00,0.00,0.00,25.00,0.00,0,312
385.07,1551677771,7923.96,51.44950617,7.42590705,178.92,33.55,0.00,328.15,0,-113.00,-11.00,0.00,0.00,24.00,0.00,0,40
386.07,1551677772,7957.48,51.44977106,7.42565865,177.44,33.34,0.00,330.02,0,-111.00,-10.00,0.00,0.00,25.00,0.00,0,312
386.07,1551677772,7957.52,51.44977106,7.42565865,177.44,33.34,0.00,330.02,0,-112.00,-11.00,0.00,0.00,24.00,0.00,0,40
387.06,1551677773,7990.79,51.45003674,7.42542450,176.20,33.25,0.00,331.33,0,-111.00,-10.00,0.00,0.00,25.00,0.00,0,312
387.06,1551677773,7990.79,51.45003674,7.42542450,176.20,33.25,0.00,331.33,0,-112.00,-11.00,0.00,0.00,24.00,0.00,0,40
388.07,1551677774,8024.10,51.45030518,7.42520120,175.01,33.28,0.00,333.06,0,-110.00,-10.00,0.00,0.00,26.00,0.00,0,40
388.07,1551677774,8024.14,51.45030518,7.42520120,175.01,33.28,0.00,333.06,0,-113.00,-15.00,0.00,0.00,26.00,0.00,0,27
388.07,1551677774,8024.14,51.45030518,7.42520120,175.01,33.28,0.00,333.06,0,-113.00,-11.00,0.00,0.00,23.00,0.00,0,157
389.07,1551677775,8057.38,51.45057531,7.42497940,173.87,33.38,0.00,333.94,0,-110.00,-10.00,0.00,0.00,26.00,0.00,0,40
389.07,1551677775,8057.41,51.45057531,7.42497940,173.87,33.38,0.00,333.94,0,-113.00,-15.00,0.00,0.00,26.00,0.00,0,27
389.07,1551677775,8057.41,51.45057531,7.42497940,173.87,33.38,0.00,333.94,0,-113.00,-11.00,0.00,0.00,23.00,0.00,0,157
392.07,1551677778,8158.35,51.45145181,7.42439347,170.35,34.67,0.00,338.67,0,-104.00,-12.00,0.00,0.00,34.00,0.00,0,27
392.07,1551677778,8158.38,51.45145181,7.42439347,170.35,34.67,0.00,338.67,0,-107.00,-15.00,0.00,0.00,34.00,0.00,0,119
392.07,1551677778,8158.42,51.45145181,7.42439347,170.35,34.67,0.00,338.67,0,-107.00,-12.00,0.00,0.00,30.00,0.00,0,377
393.07,1551677779,8193.02,51.45175099,7.42421968,169.72,35.19,0.00,339.95,0,-104.00,-12.00,0.00,0.00,34.00,0.00,0,27
393.07,1551677779,8193.05,51.45175099,7.42421968,169.72,35.19,0.00,339.95,0,-107.00,-15.00,0.00,0.00,34.00,0.00,0,119
393.07,1551677779,8193.09,51.45175099,7.42421968,169.72,35.19,0.00,339.95,0,-107.00,-12.00,0.00,0.00,30.00,0.00,0,377
396.07,1551677782,8299.48,51.45266207,7.42372456,167.65,35.63,0.00,342.67,0,-97.00,-9.00,0.00,0.00,37.00,0.00,0,119
396.07,1551677782,8299.52,51.45266207,7.42372456,167.65,35.63,0.00,342.67,0,-101.00,-12.00,0.00,0.00,37.00,0.00,0,27
396.07,1551677782,8299.56,51.45266207,7.42372456,167.65,35.63,0.00,342.67,0,-106.00,-15.00,0.00,0.00,34.00,0.00,0,452
397.07,1551677783,8335.15,51.45296869,7.42357332,167.18,35.47,0.00,342.82,0,-97.00,-9.00,0.00,0.00,37.00,0.00,0,119
397.07,1551677783,8335.18,51.45296869,7.42357332,167.18,35.47,0.00,342.82,0,-101.00,-12.00,0.00,0.00,37.00,0.00,0,27
397.07,1551677783,8335.18,51.45296869,7.42357332,167.18,35.47,0.00,342.82,0,-106.00,-15.00,0.00,0.00,34.00,0.00,0,452
398.06,1551677784,8370.55,51.45327490,7.42342233,166.63,35.75,0.00,343.61,0,-93.00,-8.00,0.00,0.00,41.00,0.00,0,377
399.06,1551677785,8406.30,51.45357782,7.42328828,165.82,35.34,0.00,344.29,0,-93.00,-8.00,0.00,0.00,41.00,0.00,0,377
402.06,1551677788,8511.94,51.45448520,7.42288368,162.93,34.88,0.00,343.83,0,-89.00,-9.00,0.00,0.00,46.00,0.00,0,40
403.06,1551677789,8546.82,51.45478972,7.42274424,161.96,35.24,0.00,343.36,0,-89.00,-9.00,0.00,0.00,46.00,0.00,0,40
404.06,1551677790,8582.02,51.45509571,7.42259321,161.01,35.52,0.00,343.11,0,-87.00,-10.00,0.00,0.00,48.00,0.00,0,40
405.06,1551677791,8617.58,51.45540501,7.42243901,160.05,35.83,0.00,342.61,0,-87.00,-10.00,0.00,0.00,48.00,0.00,0,40
406.07,1551677792,8653.73,51.45571416,7.42227547,159.17,36.06,0.00,341.80,0,-88.00,-11.00,0.00,0.00,49.00,0.00,0,40
407.06,1551677793,8689.40,51.45602425,7.42210910,158.42,36.39,0.00,340.87,0,-88.00,-11.00,0.00,0.00,49.00,0.00,0,40
408.06,1551677794,8725.86,51.45633364,7.42192949,157.77,36.71,0.00,340.29,0,-88.00,-11.00,0.00,0.00,49.00,0.00,0,40
409.06,1551677795,8762.39,51.45663957,7.42174120,157.21,36.81,0.00,338.97,0,-85.00,-7.00,0.00,0.00,48.00,0.00,0,40
409.06,1551677795,8762.42,51.45663957,7.42174120,157.21,36.81,0.00,338.97,0,-76.00,-7.00,0.00,0.00,59.00,0.00,0,70
410.07,1551677796,8799.42,51.45694304,7.42154401,156.87,36.25,0.00,337.59,0,-85.00,-7.00,0.00,0.00,48.00,0.00,0,40
410.07,1551677796,8799.42,51.45694304,7.42154401,156.87,36.25,0.00,337.59,0,-76.00,-7.00,0.00,0.00,59.00,0.00,0,70
411.07,1551677797,8835.66,51.45723670,7.42134237,156.45,35.57,0.00,336.48,0,-93.00,-12.00,0.00,0.00,44.00,0.00,0,40
411.07,1551677797,8835.66,51.45723670,7.42134237,156.45,35.57,0.00,336.48,0,-81.00,-8.00,0.00,0.00,56.00,0.00,0,70
412.06,1551677798,8871.20,51.45752606,7.42114106,155.95,34.93,0.00,335.79,0,-93.00,-12.00,0.00,0.00,44.00,0.00,0,40
412.07,1551677798,8871.23,51.45752606,7.42114106,155.95,34.93,0.00,335.79,0,-81.00,-8.00,0.00,0.00,56.00,0.00,0,70
413.07,1551677799,8906.16,51.45780466,7.42093643,155.56,33.65,0.00,334.83,0,-94.00,-12.00,0.00,0.00,44.00,0.00,0,40
413.07,1551677799,8906.16,51.45780466,7.42093643,155.56,33.65,0.00,334.83,0,-80.00,-7.00,0.00,0.00,56.00,0.00,0,70
414.07,1551677800,8939.81,51.45807465,7.42073514,155.16,32.96,0.00,334.52,0,-94.00,-12.00,0.00,0.00,44.00,0.00,0,40
414.07,1551677800,8939.81,51.45807465,7.42073514,155.16,32.96,0.00,334.52,0,-80.00,-7.00,0.00,0.00,56.00,0.00,0,70
415.07,1551677801,8972.77,51.45832458,7.42053434,154.87,30.97,0.00,333.05,0,-83.00,-11.00,0.00,0.00,57.00,0.00,0,70
415.07,1551677801,8972.77,51.45832458,7.42053434,154.87,30.97,0.00,333.05,0,-84.00,-11.00,0.00,0.00,57.00,0.00,0,69
416.06,1551677802,9003.71,51.45856701,7.42033448,154.52,30.32,0.00,332.49,0,-83.00,-11.00,0.00,0.00,57.00,0.00,0,70
416.07,1551677802,9003.74,51.45856701,7.42033448,154.52,30.32,0.00,332.49,0,-84.00,-11.00,0.00,0.00,57.00,0.00,0,69
417.07,1551677803,9034.09,51.45879914,7.42013450,154.12,29.88,0.00,331.35,0,-92.00,-10.00,0.00,0.00,44.00,0.00,0,39
417.07,1551677803,9034.12,51.45879914,7.42013450,154.12,29.88,0.00,331.35,0,-94.00,-12.00,0.00,0.00,44.00,0.00,0,40
417.07,1551677803,9034.15,51.45879914,7.42013450,154.12,29.88,0.00,331.35,0,-82.00,-10.00,0.00,0.00,56.00,0.00,0,70
417.07,1551677803,9034.15,51.45879914,7.42013450,154.12,29.88,0.00,331.35,0,-83.00,-10.00,0.00,0.00,56.00,0.00,0,69
418.07,1551677804,9063.97,51.45903263,7.41993460,153.66,29.65,0.00,330.51,0,-92.00,-10.00,0.00,0.00,44.00,0.00,0,39
418.07,1551677804,9063.97,51.45903263,7.41993460,153.66,29.65,0.00,330.51,0,-94.00,-12.00,0.00,0.00,44.00,0.00,0,40
418.07,1551677804,9064.00,51.45903263,7.41993460,153.66,29.65,0.00,330.51,0,-82.00,-10.00,0.00,0.00,56.00,0.00,0,70
418.07,1551677804,9064.03,51.45903263,7.41993460,153.66,29.65,0.00,330.51,0,-83.00,-10.00,0.00,0.00,56.00,0.00,0,69
419.07,1551677805,9093.59,51.45926346,7.41971852,153.23,29.76,0.00,329.58,0,-88.00,-10.00,0.00,0.00,47.00,0.00,0,39
419.07,1551677805,9093.62,51.45926346,7.41971852,153.23,29.76,0.00,329.58,0,-81.00,-9.00,0.00,0.00,57.00,0.00,0,69
419.07,1551677805,9093.65,51.45926346,7.41971852,153.23,29.76,0.00,329.58,0,-85.00,-13.00,0.00,0.00,56.00,0.00,0,70
420.07,1551677806,9123.39,51.45950648,7.41949208,153.31,30.22,0.00,328.70,0,-88.00,-10.00,0.00,0.00,47.00,0.00,0,39
420.07,1551677806,9123.42,51.45950648,7.41949208,153.31,30.22,0.00,328.70,0,-81.00,-9.00,0.00,0.00,57.00,0.00,0,69
420.07,1551677806,9123.42,51.45950648,7.41949208,153.31,30.22,0.00,328.70,0,-85.00,-13.00,0.00,0.00,56.00,0.00,0,70
421.06,1551677807,9153.55,51.45974186,7.41925860,153.42,30.85,0.00,327.91,0,-73.00,-6.00,0.00,0.00,61.00,0.00,0,69
422.07,1551677808,9184.43,51.45998066,7.41902118,153.42,31.47,0.00,327.12,0,-73.00,-6.00,0.00,0.00,61.00,0.00,0,69
423.07,1551677809,9215.91,51.46022153,7.41876153,153.48,32.53,0.00,325.77,0,-87.00,-11.00,0.00,0.00,49.00,0.00,0,93
423.07,1551677809,9215.94,51.46022153,7.41876153,153.48,32.53,0.00,325.77,0,-77.00,-8.00,0.00,0.00,58.00,0.00,0,69
424.06,1551677810,9248.41,51.46046484,7.41848989,153.38,33.12,0.00,324.45,0,-87.00,-11.00,0.00,0.00,49.00,0.00,0,93
424.07,1551677810,9248.44,51.46046484,7.41848989,153.38,33.12,0.00,324.45,0,-77.00,-8.00,0.00,0.00,58.00,0.00,0,69
425.07,1551677811,9281.56,51.46071313,7.41821294,153.13,33.87,0.00,324.08,0,-83.00,-7.00,0.00,0.00,49.00,0.00,0,39
425.07,1551677811,9281.59,51.46071313,7.41821294,153.13,33.87,0.00,324.08,0,-80.00,-8.00,0.00,0.00,57.00,0.00,0,69
426.07,1551677812,9315.43,51.46095188,7.41792567,152.75,34.39,0.00,323.08,0,-83.00,-7.00,0.00,0.00,49.00,0.00,0,39
426.07,1551677812,9315.46,51.46095188,7.41792567,152.75,34.39,0.00,323.08,0,-80.00,-8.00,0.00,0.00,57.00,0.00,0,69
427.06,1551677813,9349.55,51.46118815,7.41762196,152.34,34.70,0.00,322.04,0,-91.00,-13.00,0.00,0.00,48.00,0.00,0,119
428.06,1551677814,9384.49,51.46143041,7.41730365,151.92,35.13,0.00,320.73,0,-91.00,-13.00,0.00,0.00,48.00,0.00,0,119
434.06,1551677820,9600.97,51.46287500,7.41519263,150.29,37.20,0.00,314.99,0,-93.00,-11.00,0.00,0.00,44.00,0.00,0,119
435.06,1551677821,9638.24,51.46311695,7.41480811,150.40,37.40,0.00,314.18,0,-93.00,-11.00,0.00,0.00,44.00,0.00,0,119
436.07,1551677822,9675.68,51.46335532,7.41441393,150.84,37.61,0.00,313.06,0,-89.00,-10.00,0.00,0.00,47.00,0.00,0,119
437.06,1551677823,9713.21,51.46357849,7.41402240,151.32,37.68,0.00,312.05,0,-89.00,-10.00,0.00,0.00,47.00,0.00,0,119
440.06,1551677826,9826.87,51.46425664,7.41278859,152.78,38.03,0.00,309.91,0,-101.00,-14.00,0.00,0.00,39.00,0.00,0,93
441.06,1551677827,9864.90,51.46447421,7.41236517,153.23,38.18,0.00,309.28,0,-101.00,-14.00,0.00,0.00,39.00,0.00,0,93
442.07,1551677828,9903.16,51.46469241,7.41193883,153.65,38.36,0.00,308.76,0,-102.00,-12.00,0.00,0.00,35.00,0.00,0,93
442.07,1551677828,9903.16,51.46469241,7.41193883,153.65,38.36,0.00,308.76,0,-103.00,-14.00,0.00,0.00,35.00,0.00,0,119
442.07,1551677828,9903.20,51.46469241,7.41193883,153.65,38.36,0.00,308.76,0,-105.00,-15.00,0.00,0.00,35.00,0.00,0,120
443.07,1551677829,9941.47,51.46491095,7.41150943,154.06,38.40,0.00,308.30,0,-102.00,-12.00,0.00,0.00,35.00,0.00,0,93
443.07,1551677829,9941.51,51.46491095,7.41150943,154.06,38.40,0.00,308.30,0,-103.00,-14.00,0.00,0.00,35.00,0.00,0,119
443.07,1551677829,9941.55,51.46491095,7.41150943,154.06,38.40,0.00,308.30,0,-105.00,-15.00,0.00,0.00,35.00,0.00,0,120
444.06,1551677830,9979.73,51.46512766,7.41107736,154.45,38.57,0.00,308.30,0,-103.00,-13.00,0.00,0.00,37.00,0.00,0,93
444.06,1551677830,9979.73,51.46512766,7.41107736,154.45,38.57,0.00,308.30,0,-104.00,-12.00,0.00,0.00,38.00,0.00,0,377
444.06,1551677830,9979.76,51.46512766,7.41107736,154.45,38.57,0.00,308.30,0,-106.00,-20.00,0.00,0.00,40.00,0.00,0,120
445.07,1551677831,10018.45,51.46533870,7.41063733,154.83,38.36,0.00,307.96,0,-103.00,-13.00,0.00,0.00,37.00,0.00,0,93
445.07,1551677831,10018.49,51.46533870,7.41063733,154.83,38.36,0.00,307.96,0,-104.00,-12.00,0.00,0.00,38.00,0.00,0,377
445.07,1551677831,10018.53,51.46533870,7.41063733,154.83,38.36,0.00,307.96,0,-106.00,-20.00,0.00,0.00,40.00,0.00,0,120
448.07,1551677834,10133.08,51.46596712,7.40933711,156.09,37.99,0.00,307.95,0,-100.00,-12.00,0.00,0.00,37.00,0.00,0,458
448.07,1551677834,10133.12,51.46596712,7.40933711,156.09,37.99,0.00,307.95,0,-103.00,-14.00,0.00,0.00,37.00,0.00,0,266
448.07,1551677834,10133.16,51.46596712,7.40933711,156.09,37.99,0.00,307.95,0,-90.00,-8.00,0.00,0.00,48.00,0.00,0,386
448.07,1551677834,10133.16,51.46596712,7.40933711,156.09,37.99,0.00,307.95,0,-93.00,-10.00,0.00,0.00,47.00,0.00,0,132
449.07,1551677835,10171.07,51.46617479,7.40891046,156.48,37.23,0.00,308.33,0,-100.00,-12.00,0.00,0.00,37.00,0.00,0,458
449.07,1551677835,10171.07,51.46617479,7.40891046,156.48,37.23,0.00,308.33,0,-103.00,-14.00,0.00,0.00,37.00,0.00,0,266
449.07,1551677835,10171.11,51.46617479,7.40891046,156.48,37.23,0.00,308.33,0,-90.00,-8.00,0.00,0.00,48.00,0.00,0,386
449.07,1551677835,10171.14,51.46617479,7.40891046,156.48,37.23,0.00,308.33,0,-93.00,-10.00,0.00,0.00,47.00,0.00,0,132
450.08,1551677836,10208.67,51.46638509,7.40849522,157.06,36.79,0.00,309.09,0,-89.00,-7.00,0.00,0.00,44.00,0.00,0,377
450.08,1551677836,10208.71,51.46638509,7.40849522,157.06,36.79,0.00,309.09,0,-96.00,-13.00,0.00,0.00,46.00,0.00,0,376
450.08,1551677836,10208.74,51.46638509,7.40849522,157.06,36.79,0.00,309.09,0,-97.00,-14.00,0.00,0.00,46.00,0.00,0,132
451.07,1551677837,10245.09,51.46659032,7.40808950,158.00,36.18,0.00,309.05,0,-89.00,-7.00,0.00,0.00,44.00,0.00,0,377
451.07,1551677837,10245.12,51.46659032,7.40808950,158.00,36.18,0.00,309.05,0,-96.00,-13.00,0.00,0.00,46.00,0.00,0,376
451.07,1551677837,10245.12,51.46659032,7.40808950,158.00,36.18,0.00,309.05,0,-97.00,-14.00,0.00,0.00,46.00,0.00,0,132
452.07,1551677838,10281.26,51.46679145,7.40769230,158.68,35.21,0.00,308.72,0,-89.00,-7.00,0.00,0.00,44.00,0.00,0,377
452.07,1551677838,10281.30,51.46679145,7.40769230,158.68,35.21,0.00,308.72,0,-96.00,-13.00,0.00,0.00,46.00,0.00,0,376
452.07,1551677838,10281.34,51.46679145,7.40769230,158.68,35.21,0.00,308.72,0,-97.00,-14.00,0.00,0.00,46.00,0.00,0,132
453.07,1551677839,10316.47,51.46699071,7.40729404,159.53,34.91,0.00,309.14,0,-98.00,-12.00,0.00,0.00,38.00,0.00,0,458
453.07,1551677839,10316.51,51.46699071,7.40729404,159.53,34.91,0.00,309.14,0,-101.00,-13.00,0.00,0.00,37.00,0.00,0,93
453.07,1551677839,10316.51,51.46699071,7.40729404,159.53,34.91,0.00,309.14,0,-90.00,-9.00,0.00,0.00,51.00,0.00,0,386
453.07,1551677839,10316.54,51.46699071,7.40729404,159.53,34.91,0.00,309.14,0,-95.00,-12.00,0.00,0.00,50.00,0.00,0,57
454.07,1551677840,10351.39,51.46718507,7.40690508,160.38,34.87,0.00,309.60,0,-98.00,-12.00,0.00,0.00,38.00,0.00,0,458
454.07,1551677840,10351.42,51.46718507,7.40690508,160.38,34.87,0.00,309.60,0,-101.00,-13.00,0.00,0.00,37.00,0.00,0,93
454.07,1551677840,10351.42,51.46718507,7.40690508,160.38,34.87,0.00,309.60,0,-90.00,-9.00,0.00,0.00,51.00,0.00,0,386
454.07,1551677840,10351.46,51.46718507,7.40690508,160.38,34.87,0.00,309.60,0,-95.00,-12.00,0.00,0.00,50.00,0.00,0,57
455.07,1551677841,10386.19,51.46738019,7.40651523,161.21,34.89,0.00,309.81,0,-90.00,-6.00,0.00,0.00,43.00,0.00,0,93
455.07,1551677841,10386.22,51.46738019,7.40651523,161.21,34.89,0.00,309.81,0,-89.00,-9.00,0.00,0.00,49.00,0.00,0,386
455.07,1551677841,10386.22,51.46738019,7.40651523,161.21,34.89,0.00,309.81,0,-90.00,-10.00,0.00,0.00,50.00,0.00,0,57
456.07,1551677842,10421.11,51.46757991,7.40613062,162.06,34.96,0.00,310.17,0,-90.00,-6.00,0.00,0.00,43.00,0.00,0,93
456.07,1551677842,10421.15,51.46757991,7.40613062,162.06,34.96,0.00,310.17,0,-89.00,-9.00,0.00,0.00,49.00,0.00,0,386
456.07,1551677842,10421.15,51.46757991,7.40613062,162.06,34.96,0.00,310.17,0,-90.00,-10.00,0.00,0.00,50.00,0.00,0,57
457.07,1551677843,10456.07,51.46777805,7.40575385,162.60,34.71,0.00,310.83,0,-90.00,-7.00,0.00,0.00,43.00,0.00,0,93
457.07,1551677843,10456.07,51.46777805,7.40575385,162.60,34.71,0.00,310.83,0,-89.00,-9.00,0.00,0.00,49.00,0.00,0,386
457.07,1551677843,10456.10,51.46777805,7.40575385,162.60,34.71,0.00,310.83,0,-95.00,-12.00,0.00,0.00,47.00,0.00,0,57
458.07,1551677844,10490.77,51.46798104,7.40538630,162.90,34.22,0.00,311.27,0,-90.00,-7.00,0.00,0.00,43.00,0.00,0,93
458.07,1551677844,10490.77,51.46798104,7.40538630,162.90,34.22,0.00,311.27,0,-89.00,-9.00,0.00,0.00,49.00,0.00,0,386
458.07,1551677844,10490.81,51.46798104,7.40538630,162.90,34.22,0.00,311.27,0,-95.00,-12.00,0.00,0.00,47.00,0.00,0,57
459.07,1551677845,10524.99,51.46818445,7.40501895,163.02,34.25,0.00,311.39,0,-97.00,-11.00,0.00,0.00,39.00,0.00,0,93
459.07,1551677845,10525.03,51.46818445,7.40501895,163.02,34.25,0.00,311.39,0,-97.00,-10.00,0.00,0.00,38.00,0.00,0,39
459.07,1551677845,10525.06,51.46818445,7.40501895,163.02,34.25,0.00,311.39,0,-100.00,-13.00,0.00,0.00,39.00,0.00,0,119
459.07,1551677845,10525.06,51.46818445,7.40501895,163.02,34.25,0.00,311.39,0,-94.00,-10.00,0.00,0.00,45.00,0.00,0,431
459.07,1551677845,10525.10,51.46818445,7.40501895,163.02,34.25,0.00,311.39,0,-96.00,-12.00,0.00,0.00,46.00,0.00,0,69
460.07,1551677846,10559.28,51.46838935,7.40465009,163.13,34.26,0.00,311.29,0,-97.00,-11.00,0.00,0.00,39.00,0.00,0,93
460.07,1551677846,10559.31,51.46838935,7.40465009,163.13,34.26,0.00,311.29,0,-97.00,-10.00,0.00,0.00,38.00,0.00,0,39
460.07,1551677846,10559.35,51.46838935,7.40465009,163.13,34.26,0.00,311.29,0,-100.00,-13.00,0.00,0.00,39.00,0.00,0,119
460.07,1551677846,10559.35,51.46838935,7.40465009,163.13,34.26,0.00,311.29,0,-94.00,-10.00,0.00,0.00,45.00,0.00,0,431
460.07,1551677846,10559.38,51.46838935,7.40465009,163.13,34.26,0.00,311.29,0,-96.00,-12.00,0.00,0.00,46.00,0.00,0,69
461.07,1551677847,10593.54,51.46860001,7.40428370,163.23,34.60,0.00,312.37,0,-104.00,-13.00,0.00,0.00,35.00,0.00,0,74
461.07,1551677847,10593.57,51.46860001,7.40428370,163.23,34.60,0.00,312.37,0,-105.00,-15.00,0.00,0.00,35.00,0.00,0,93
461.07,1551677847,10593.57,51.46860001,7.40428370,163.23,34.60,0.00,312.37,0,-106.00,-14.00,0.00,0.00,34.00,0.00,0,119
461.07,1551677847,10593.61,51.46860001,7.40428370,163.23,34.60,0.00,312.37,0,-94.00,-11.00,0.00,0.00,47.00,0.00,0,69
461.07,1551677847,10593.64,51.46860001,7.40428370,163.23,34.60,0.00,312.37,0,-98.00,-12.00,0.00,0.00,45.00,0.00,0,431
462.07,1551677848,10628.14,51.46880687,7.40391625,163.38,34.82,0.00,312.84,0,-104.00,-13.00,0.00,0.00,35.00,0.00,0,74
462.07,1551677848,10628.14,51.46880687,7.40391625,163.38,34.82,0.00,312.84,0,-105.00,-15.00,0.00,0.00,35.00,0.00,0,93
462.07,1551677848,10628.18,51.46880687,7.40391625,163.38,34.82,0.00,312.84,0,-106.00,-14.00,0.00,0.00,34.00,0.00,0,119
462.07,1551677848,10628.21,51.46880687,7.40391625,163.38,34.82,0.00,312.84,0,-94.00,-11.00,0.00,0.00,47.00,0.00,0,69
462.07,1551677848,10628.21,51.46880687,7.40391625,163.38,34.82,0.00,312.84,0,-98.00,-12.00,0.00,0.00,45.00,0.00,0,431
463.07,1551677849,10662.96,51.46902821,7.40354683,163.56,35.17,0.00,313.57,0,-106.00,-14.00,0.00,0.00,33.00,0.00,0,119
463.07,1551677849,10662.99,51.46902821,7.40354683,163.56,35.17,0.00,313.57,0,-107.00,-15.00,0.00,0.00,34.00,0.00,0,377
463.07,1551677849,10662.99,51.46902821,7.40354683,163.56,35.17,0.00,313.57,0,-107.00,-15.00,0.00,0.00,34.00,0.00,0,93
463.07,1551677849,10663.03,51.46902821,7.40354683,163.56,35.17,0.00,313.57,0,-101.00,-11.00,0.00,0.00,39.00,0.00,0,386
463.07,1551677849,10663.06,51.46902821,7.40354683,163.56,35.17,0.00,313.57,0,-102.00,-13.00,0.00,0.00,40.00,0.00,0,230
464.07,1551677850,10698.13,51.46924390,7.40319283,163.58,35.30,0.00,313.67,0,-106.00,-14.00,0.00,0.00,33.00,0.00,0,119
464.07,1551677850,10698.16,51.46924390,7.40319283,163.58,35.30,0.00,313.67,0,-107.00,-15.00,0.00,0.00,34.00,0.00,0,377
464.07,1551677850,10698.16,51.46924390,7.40319283,163.58,35.30,0.00,313.67,0,-107.00,-15.00,0.00,0.00,34.00,0.00,0,93
464.07,1551677850,10698.20,51.46924390,7.40319283,163.58,35.30,0.00,313.67,0,-101.00,-11.00,0.00,0.00,39.00,0.00,0,386
464.07,1551677850,10698.23,51.46924390,7.40319283,163.58,35.30,0.00,313.67,0,-102.00,-13.00,0.00,0.00,40.00,0.00,0,230
465.07,1551677851,10733.42,51.46946254,7.40283254,163.29,34.91,0.00,313.67,0,-105.00,-15.00,0.00,0.00,35.00,0.00,0,120
465.07,1551677851,10733.42,51.46946254,7.40283254,163.29,34.91,0.00,313.67,0,-108.00,-16.00,0.00,0.00,35.00,0.00,0,146
465.07,1551677851,10733.46,51.46946254,7.40283254,163.29,34.91,0.00,313.67,0,-108.00,-15.00,0.00,0.00,33.00,0.00,0,119
465.07,1551677851,10733.49,51.46946254,7.40283254,163.29,34.91,0.00,313.67,0,-101.00,-11.00,0.00,0.00,40.00,0.00,0,386
465.07,1551677851,10733.49,51.46946254,7.40283254,163.29,34.91,0.00,313.67,0,-103.00,-13.00,0.00,0.00,40.00,0.00,0,230
466.07,1551677852,10768.33,51.46967158,7.40248429,162.85,33.96,0.00,314.47,0,-105.00,-15.00,0.00,0.00,35.00,0.00,0,120
466.07,1551677852,10768.33,51.46967158,7.40248429,162.85,33.96,0.00,314.47,0,-108.00,-16.00,0.00,0.00,35.00,0.00,0,146
466.07,1551677852,10768.36,51.46967158,7.40248429,162.85,33.96,0.00,314.47,0,-108.00,-15.00,0.00,0.00,33.00,0.00,0,119
466.07,1551677852,10768.40,51.46967158,7.40248429,162.85,33.96,0.00,314.47,0,-101.00,-11.00,0.00,0.00,40.00,0.00,0,386
466.07,1551677852,10768.40,51.46967158,7.40248429,162.85,33.96,0.00,314.47,0,-103.00,-13.00,0.00,0.00,40.00,0.00,0,230
467.06,1551677853,10802.18,51.46989227,7.40213411,162.76,33.78,0.00,315.20,0,-101.00,-12.00,0.00,0.00,40.00,0.00,0,386
467.07,1551677853,10802.22,51.46989227,7.40213411,162.76,33.78,0.00,315.20,0,-104.00,-14.00,0.00,0.00,40.00,0.00,0,230
468.07,1551677854,10836.00,51.47010426,7.40179659,162.55,33.39,0.00,315.53,0,-101.00,-12.00,0.00,0.00,40.00,0.00,0,386
468.07,1551677854,10836.03,51.47010426,7.40179659,162.55,33.39,0.00,315.53,0,-104.00,-14.00,0.00,0.00,40.00,0.00,0,230
469.07,1551677855,10869.39,51.47031884,7.40146003,162.66,33.16,0.00,316.12,0,-98.00,-10.00,0.00,0.00,42.00,0.00,0,386
469.07,1551677855,10869.42,51.47031884,7.40146003,162.66,33.16,0.00,316.12,0,-102.00,-14.00,0.00,0.00,42.00,0.00,0,376
470.07,1551677856,10902.54,51.47054386,7.40113319,162.88,32.91,0.00,317.45,0,-98.00,-10.00,0.00,0.00,42.00,0.00,0,386
470.07,1551677856,10902.54,51.47054386,7.40113319,162.88,32.91,0.00,317.45,0,-102.00,-14.00,0.00,0.00,42.00,0.00,0,376
471.07,1551677857,10935.68,51.47076671,7.40082411,163.23,32.55,0.00,319.20,0,-102.00,-10.00,0.00,0.00,36.00,0.00,0,376
471.07,1551677857,10935.72,51.47076671,7.40082411,163.23,32.55,0.00,319.20,0,-104.00,-10.00,0.00,0.00,36.00,0.00,0,386
472.06,1551677858,10967.97,51.47097702,7.40052746,163.64,31.27,0.00,318.71,0,-102.00,-10.00,0.00,0.00,36.00,0.00,0,376
472.07,1551677858,10968.00,51.47097702,7.40052746,163.64,31.27,0.00,318.71,0,-104.00,-10.00,0.00,0.00,36.00,0.00,0,386
473.07,1551677859,10999.27,51.47118160,7.40022519,164.32,30.90,0.00,317.96,0,-102.00,-10.00,0.00,0.00,36.00,0.00,0,376
473.07,1551677859,10999.27,51.47118160,7.40022519,164.32,30.90,0.00,317.96,0,-104.00,-10.00,0.00,0.00,36.00,0.00,0,386
474.07,1551677860,11030.16,51.47138033,7.39993044,165.06,30.72,0.00,317.71,0,-103.00,-10.00,0.00,0.00,36.00,0.00,0,57
474.07,1551677860,11030.16,51.47138033,7.39993044,165.06,30.72,0.00,317.71,0,-107.00,-14.00,0.00,0.00,36.00,0.00,0,205
475.07,1551677861,11060.89,51.47158136,7.39963263,165.83,30.62,0.00,318.14,0,-103.00,-10.00,0.00,0.00,36.00,0.00,0,57
475.07,1551677861,11060.89,51.47158136,7.39963263,165.83,30.62,0.00,318.14,0,-107.00,-14.00,0.00,0.00,36.00,0.00,0,205
476.07,1551677862,11091.50,51.47178546,7.39933404,166.78,30.38,0.00,318.33,0,-105.00,-11.00,0.00,0.00,35.00,0.00,0,57
476.07,1551677862,11091.53,51.47178546,7.39933404,166.78,30.38,0.00,318.33,0,-110.00,-15.00,0.00,0.00,33.00,0.00,0,90
477.07,1551677863,11121.88,51.47198870,7.39903530,167.70,30.45,0.00,318.48,0,-105.00,-11.00,0.00,0.00,35.00,0.00,0,57
477.07,1551677863,11121.88,51.47198870,7.39903530,167.70,30.45,0.00,318.48,0,-110.00,-15.00,0.00,0.00,33.00,0.00,0,90
478.07,1551677864,11152.34,51.47219164,7.39874214,168.77,30.57,0.00,318.74,0,-109.00,-13.00,0.00,0.00,33.00,0.00,0,57
478.07,1551677864,11152.34,51.47219164,7.39874214,168.77,30.57,0.00,318.74,0,-110.00,-13.00,0.00,0.00,32.00,0.00,0,392
479.06,1551677865,11182.87,51.47239859,7.39845812,169.51,30.67,0.00,319.22,0,-109.00,-13.00,0.00,0.00,33.00,0.00,0,57
479.07,1551677865,11182.90,51.47239859,7.39845812,169.51,30.67,0.00,319.22,0,-110.00,-13.00,0.00,0.00,32.00,0.00,0,392
486.06,1551677872,11385.34,51.47377691,7.39661785,171.41,26.95,0.00,321.96,0,-107.00,-12.00,0.00,0.00,34.00,0.00,0,78
486.06,1551677872,11385.34,51.47377691,7.39661785,171.41,26.95,0.00,321.96,0,-108.00,-13.00,0.00,0.00,34.00,0.00,0,392
487.07,1551677873,11412.40,51.47396905,7.39637446,171.83,26.89,0.00,322.19,0,-107.00,-12.00,0.00,0.00,34.00,0.00,0,78
487.07,1551677873,11412.40,51.47396905,7.39637446,171.83,26.89,0.00,322.19,0,-108.00,-13.00,0.00,0.00,34.00,0.00,0,392
488.07,1551677874,11439.32,51.47415981,7.39613191,172.50,27.15,0.00,322.58,0,-109.00,-13.00,0.00,0.00,33.00,0.00,0,392
488.07,1551677874,11439.32,51.47415981,7.39613191,172.50,27.15,0.00,322.58,0,-109.00,-12.00,0.00,0.00,32.00,0.00,0,78
489.07,1551677875,11466.44,51.47435132,7.39589626,172.89,27.69,0.00,323.57,0,-109.00,-13.00,0.00,0.00,33.00,0.00,0,392
489.07,1551677875,11466.47,51.47435132,7.39589626,172.89,27.69,0.00,323.57,0,-109.00,-12.00,0.00,0.00,32.00,0.00,0,78
490.07,1551677876,11494.16,51.47456286,7.39564885,173.39,27.88,0.00,324.00,0,-108.00,-8.00,0.00,0.00,25.00,0.00,0,312
490.07,1551677876,11494.18,51.47456286,7.39564885,173.39,27.88,0.00,324.00,0,-110.00,-9.00,0.00,0.00,25.00,0.00,0,120
490.07,1551677876,11494.21,51.47456286,7.39564885,173.39,27.88,0.00,324.00,0,-108.00,-12.00,0.00,0.00,33.00,0.00,0,78
490.07,1551677876,11494.21,51.47456286,7.39564885,173.39,27.88,0.00,324.00,0,-108.00,-14.00,0.00,0.00,35.00,0.00,0,392
491.07,1551677877,11522.01,51.47476622,7.39541950,174.13,27.90,0.00,324.90,0,-108.00,-8.00,0.00,0.00,25.00,0.00,0,312
491.07,1551677877,11522.04,51.47476622,7.39541950,174.13,27.90,0.00,324.90,0,-110.00,-9.00,0.00,0.00,25.00,0.00,0,120
491.07,1551677877,11522.04,51.47476622,7.39541950,174.13,27.90,0.00,324.90,0,-108.00,-12.00,0.00,0.00,33.00,0.00,0,78
491.07,1551677877,11522.04,51.47476622,7.39541950,174.13,27.90,0.00,324.90,0,-108.00,-14.00,0.00,0.00,35.00,0.00,0,392
492.07,1551677878,11550.13,51.47497396,7.39518691,174.85,28.29,0.00,325.88,0,-108.00,-10.00,0.00,0.00,28.00,0.00,0,312
492.07,1551677878,11550.16,51.47497396,7.39518691,174.85,28.29,0.00,325.88,0,-111.00,-14.00,0.00,0.00,29.00,0.00,0,378
492.08,1551677878,11550.19,51.47497396,7.39518691,174.85,28.29,0.00,325.88,0,-114.00,-15.00,0.00,0.00,28.00,0.00,0,74
493.07,1551677879,11578.22,51.47519651,7.39497119,175.34,28.80,0.00,328.57,0,-108.00,-10.00,0.00,0.00,28.00,0.00,0,312
493.07,1551677879,11578.25,51.47519651,7.39497119,175.34,28.80,0.00,328.57,0,-111.00,-14.00,0.00,0.00,29.00,0.00,0,378
493.07,1551677879,11578.25,51.47519651,7.39497119,175.34,28.80,0.00,328.57,0,-114.00,-15.00,0.00,0.00,28.00,0.00,0,74
494.07,1551677880,11607.00,51.47541866,7.39475524,175.75,29.03,0.00,329.20,0,-108.00,-10.00,0.00,0.00,28.00,0.00,0,312
494.07,1551677880,11607.03,51.47541866,7.39475524,175.75,29.03,0.00,329.20,0,-111.00,-14.00,0.00,0.00,29.00,0.00,0,378
494.07,1551677880,11607.06,51.47541866,7.39475524,175.75,29.03,0.00,329.20,0,-114.00,-15.00,0.00,0.00,28.00,0.00,0,74
495.07,1551677881,11636.02,51.47564479,7.39454666,176.27,29.15,0.00,329.70,0,-106.00,-8.00,0.00,0.00,28.00,0.00,0,312
495.07,1551677881,11636.05,51.47564479,7.39454666,176.27,29.15,0.00,329.70,0,-107.00,-11.00,0.00,0.00,29.00,0.00,0,449
495.07,1551677881,11636.08,51.47564479,7.39454666,176.27,29.15,0.00,329.70,0,-113.00,-15.00,0.00,0.00,28.00,0.00,0,378
496.07,1551677882,11665.20,51.47587217,7.39434042,176.88,29.29,0.00,330.34,0,-106.00,-8.00,0.00,0.00,28.00,0.00,0,312
496.07,1551677882,11665.20,51.47587217,7.39434042,176.88,29.29,0.00,330.34,0,-107.00,-11.00,0.00,0.00,29.00,0.00,0,449
496.07,1551677882,11665.23,51.47587217,7.39434042,176.88,29.29,0.00,330.34,0,-113.00,-15.00,0.00,0.00,28.00,0.00,0,378
501.06,1551677887,11807.25,51.47699566,7.39345513,180.15,26.43,0.00,336.80,0,-110.00,-11.00,0.00,0.00,26.00,0.00,0,312
502.07,1551677888,11833.71,51.47720058,7.39332142,180.79,24.57,0.00,338.49,0,-110.00,-11.00,0.00,0.00,26.00,0.00,0,312
503.07,1551677889,11858.29,51.47737718,7.39321459,181.07,21.64,0.00,340.66,0,-107.00,-12.00,0.00,0.00,31.00,0.00,0,120
503.07,1551677889,11858.32,51.47737718,7.39321459,181.07,21.64,0.00,340.66,0,-108.00,-12.00,0.00,0.00,31.00,0.00,0,378
503.07,1551677889,11858.32,51.47737718,7.39321459,181.07,21.64,0.00,340.66,0,-112.00,-16.00,0.00,0.00,31.00,0.00,0,312
504.07,1551677890,11879.91,51.47755216,7.39312850,181.18,19.15,0.00,344.70,0,-107.00,-12.00,0.00,0.00,31.00,0.00,0,120
504.07,1551677890,11879.93,51.47755216,7.39312850,181.18,19.15,0.00,344.70,0,-108.00,-12.00,0.00,0.00,31.00,0.00,0,378
504.07,1551677890,11879.95,51.47755216,7.39312850,181.18,19.15,0.00,344.70,0,-112.00,-16.00,0.00,0.00,31.00,0.00,0,312
505.07,1551677891,11899.06,51.47774218,7.39306019,181.49,19.79,0.00,347.30,0,-104.00,-11.00,0.00,0.00,33.00,0.00,0,120
505.07,1551677891,11899.08,51.47774218,7.39306019,181.49,19.79,0.00,347.30,0,-106.00,-12.00,0.00,0.00,32.00,0.00,0,378
505.07,1551677891,11899.10,51.47774218,7.39306019,181.49,19.79,0.00,347.30,0,-108.00,-11.00,0.00,0.00,28.00,0.00,0,312
506.07,1551677892,11918.87,51.47792738,7.39301653,181.65,20.04,0.00,351.34,0,-104.00,-11.00,0.00,0.00,33.00,0.00,0,120
506.07,1551677892,11918.87,51.47792738,7.39301653,181.65,20.04,0.00,351.34,0,-106.00,-12.00,0.00,0.00,32.00,0.00,0,378
506.07,1551677892,11918.89,51.47792738,7.39301653,181.65,20.04,0.00,351.34,0,-108.00,-11.00,0.00,0.00,28.00,0.00,0,312
507.06,1551677893,11938.87,51.47810723,7.39305139,181.71,20.02,0.00,6.92,0,-107.00,-12.00,0.00,0.00,32.00,0.00,0,120
508.06,1551677894,11958.89,51.47828610,7.39311298,181.52,20.22,0.00,13.13,0,-107.00,-12.00,0.00,0.00,32.00,0.00,0,120
511.06,1551677897,12020.00,51.47876315,7.39351531,180.88,19.77,0.00,34.90,0,-111.00,-14.00,0.00,0.00,29.00,0.00,0,120
512.06,1551677898,12039.76,51.47889717,7.39366936,180.71,17.17,0.00,36.59,0,-111.00,-14.00,0.00,0.00,29.00,0.00,0,120
537.06,1551677923,12377.57,51.48111122,7.39570473,190.03,17.86,0.00,58.27,0,-89.00,-10.00,0.00,0.00,49.00,0.00,0,431
538.07,1551677924,12395.44,51.48119108,7.39591843,190.39,17.62,0.00,58.72,0,-89.00,-10.00,0.00,0.00,49.00,0.00,0,431
539.06,1551677925,12412.97,51.48126956,7.39613630,190.60,17.29,0.00,59.67,0,-89.00,-14.00,0.00,0.00,54.00,0.00,0,52
540.06,1551677926,12430.29,51.48134461,7.39634981,190.69,16.89,0.00,60.33,0,-89.00,-14.00,0.00,0.00,54.00,0.00,0,52
541.06,1551677927,12447.22,51.48141693,7.39655902,190.49,16.56,0.00,59.90,0,-88.00,-9.00,0.00,0.00,49.00,0.00,0,431
542.07,1551677928,12463.80,51.48148751,7.39676015,190.25,16.20,0.00,59.11,0,-88.00,-9.00,0.00,0.00,49.00,0.00,0,431
543.07,1551677929,12480.01,51.48155989,7.39694987,190.35,15.72,0.00,58.54,0,-109.00,-13.00,0.00,0.00,30.00,0.00,0,378
543.07,1551677929,12480.03,51.48155989,7.39694987,190.35,15.72,0.00,58.54,0,-97.00,-12.00,0.00,0.00,45.00,0.00,0,163
543.07,1551677929,12480.03,51.48155989,7.39694987,190.35,15.72,0.00,58.54,0,-98.00,-14.00,0.00,0.00,45.00,0.00,0,52
544.07,1551677930,12495.72,51.48163224,7.39713873,190.36,15.28,0.00,57.97,0,-109.00,-13.00,0.00,0.00,30.00,0.00,0,378
544.07,1551677930,12495.74,51.48163224,7.39713873,190.36,15.28,0.00,57.97,0,-97.00,-12.00,0.00,0.00,45.00,0.00,0,163
544.07,1551677930,12495.75,51.48163224,7.39713873,190.36,15.28,0.00,57.97,0,-98.00,-14.00,0.00,0.00,45.00,0.00,0,52
545.07,1551677931,12511.00,51.48170496,7.39732185,190.20,15.00,0.00,57.25,0,-106.00,-15.00,0.00,0.00,35.00,0.00,0,448
545.07,1551677931,12511.01,51.48170496,7.39732185,190.20,15.00,0.00,57.25,0,-95.00,-13.00,0.00,0.00,47.00,0.00,0,52
546.07,1551677932,12526.00,51.48177641,7.39749827,190.09,14.52,0.00,56.37,0,-106.00,-15.00,0.00,0.00,35.00,0.00,0,448
546.07,1551677932,12526.00,51.48177641,7.39749827,190.09,14.52,0.00,56.37,0,-95.00,-13.00,0.00,0.00,47.00,0.00,0,52
547.06,1551677933,12540.50,51.48184924,7.39766328,190.04,13.88,0.00,55.16,0,-101.00,-13.00,0.00,0.00,37.00,0.00,0,448
547.07,1551677933,12540.51,51.48184924,7.39766328,190.04,13.88,0.00,55.16,0,-91.00,-9.00,0.00,0.00,48.00,0.00,0,52
548.07,1551677934,12554.39,51.48192058,7.39781863,189.89,13.23,0.00,53.78,0,-101.00,-13.00,0.00,0.00,37.00,0.00,0,448
548.07,1551677934,12554.39,51.48192058,7.39781863,189.89,13.23,0.00,53.78,0,-91.00,-9.00,0.00,0.00,48.00,0.00,0,52
549.07,1551677935,12567.62,51.48198770,7.39795995,189.68,12.48,0.00,52.64,0,-103.00,-12.00,0.00,0.00,34.00,0.00,0,448
549.07,1551677935,12567.62,51.48198770,7.39795995,189.68,12.48,0.00,52.64,0,-88.00,-9.00,0.00,0.00,50.00,0.00,0,52
550.06,1551677936,12580.09,51.48205463,7.39809251,189.49,11.94,0.00,51.63,0,-103.00,-12.00,0.00,0.00,34.00,0.00,0,448
550.07,1551677936,12580.10,51.48205463,7.39809251,189.49,11.94,0.00,51.63,0,-88.00,-9.00,0.00,0.00,50.00,0.00,0,52
551.06,1551677937,12592.03,51.48212465,7.39822039,189.45,11.78,0.00,50.41,0,-95.00,-12.00,0.00,0.00,43.00,0.00,0,448
552.06,1551677938,12603.81,51.48219901,7.39834696,189.53,11.88,0.00,49.12,0,-95.00,-12.00,0.00,0.00,43.00,0.00,0,448
553.06,1551677939,12615.69,51.48227669,7.39847283,189.54,12.54,0.00,46.92,0,-92.00,-9.00,0.00,0.00,42.00,0.00,0,448
553.07,1551677939,12615.70,51.48227669,7.39847283,189.54,12.54,0.00,46.92,0,-82.00,-7.00,0.00,0.00,54.00,0.00,0,52
554.07,1551677940,12628.24,51.48235782,7.39859276,189.49,12.37,0.00,44.91,0,-92.00,-9.00,0.00,0.00,42.00,0.00,0,448
554.07,1551677940,12628.25,51.48235782,7.39859276,189.49,12.37,0.00,44.91,0,-82.00,-7.00,0.00,0.00,54.00,0.00,0,52
555.07,1551677941,12640.71,51.48243941,7.39870629,189.32,12.43,0.00,42.83,0,-100.00,-10.00,0.00,0.00,35.00,0.00,0,448
555.07,1551677941,12640.72,51.48243941,7.39870629,189.32,12.43,0.00,42.83,0,-106.00,-16.00,0.00,0.00,38.00,0.00,0,139
555.08,1551677941,12640.73,51.48243941,7.39870629,189.32,12.43,0.00,42.83,0,-88.00,-10.00,0.00,0.00,52.00,0.00,0,52
556.07,1551677942,12653.04,51.48253033,7.39882095,189.31,12.79,0.00,41.05,0,-100.00,-10.00,0.00,0.00,35.00,0.00,0,448
556.07,1551677942,12653.06,51.48253033,7.39882095,189.31,12.79,0.00,41.05,0,-106.00,-16.00,0.00,0.00,38.00,0.00,0,139
556.07,1551677942,12653.07,51.48253033,7.39882095,189.31,12.79,0.00,41.05,0,-88.00,-10.00,0.00,0.00,52.00,0.00,0,52
557.07,1551677943,12665.84,51.48263111,7.39893505,189.48,12.76,0.00,39.31,0,-100.00,-10.00,0.00,0.00,35.00,0.00,0,448
557.07,1551677943,12665.85,51.48263111,7.39893505,189.48,12.76,0.00,39.31,0,-106.00,-16.00,0.00,0.00,38.00,0.00,0,139
557.07,1551677943,12665.86,51.48263111,7.39893505,189.48,12.76,0.00,39.31,0,-88.00,-10.00,0.00,0.00,52.00,0.00,0,52
558.06,1551677944,12678.58,51.48273083,7.39904111,189.65,12.30,0.00,37.83,0,-96.00,-10.00,0.00,0.00,40.00,0.00,0,448
558.07,1551677944,12678.59,51.48273083,7.39904111,189.65,12.30,0.00,37.83,0,-86.00,-8.00,0.00,0.00,51.00,0.00,0,52
559.06,1551677945,12690.88,51.48282852,7.39914926,189.89,12.60,0.00,36.81,0,-96.00,-10.00,0.00,0.00,40.00,0.00,0,448
559.07,1551677945,12690.90,51.48282852,7.39914926,189.89,12.60,0.00,36.81,0,-86.00,-8.00,0.00,0.00,51.00,0.00,0,52
560.07,1551677946,12703.49,51.48293080,7.39926410,190.12,13.41,0.00,36.20,0,-96.00,-9.00,0.00,0.00,38.00,0.00,0,448
560.07,1551677946,12703.49,51.48293080,7.39926410,190.12,13.41,0.00,36.20,0,-85.00,-8.00,0.00,0.00,52.00,0.00,0,52
561.06,1551677947,12716.89,51.48303382,7.39937564,190.35,14.89,0.00,35.07,0,-96.00,-9.00,0.00,0.00,38.00,0.00,0,448
561.07,1551677947,12716.90,51.48303382,7.39937564,190.35,14.89,0.00,35.07,0,-85.00,-8.00,0.00,0.00,52.00,0.00,0,52
562.07,1551677948,12731.80,51.48315251,7.39950093,190.64,15.46,0.00,34.60,0,-84.00,-7.00,0.00,0.00,49.00,0.00,0,448
562.07,1551677948,12731.81,51.48315251,7.39950093,190.64,15.46,0.00,34.60,0,-79.00,-7.00,0.00,0.00,57.00,0.00,0,52
563.06,1551677949,12747.24,51.48327265,7.39962005,190.75,16.50,0.00,33.97,0,-84.00,-7.00,0.00,0.00,49.00,0.00,0,448
563.07,1551677949,12747.26,51.48327265,7.39962005,190.75,16.50,0.00,33.97,0,-79.00,-7.00,0.00,0.00,57.00,0.00,0,52
564.06,1551677950,12763.75,51.48340226,7.39974857,190.81,17.59,0.00,33.80,0,-85.00,-7.00,0.00,0.00,48.00,0.00,0,448
565.07,1551677951,12781.36,51.48353702,7.39988047,190.75,17.89,0.00,34.67,0,-85.00,-7.00,0.00,0.00,48.00,0.00,0,448
566.06,1551677952,12799.23,51.48366425,7.40001336,190.80,17.78,0.00,35.13,0,-98.00,-15.00,0.00,0.00,42.00,0.00,0,449
567.07,1551677953,12817.02,51.48380187,7.40016098,190.40,17.93,0.00,35.51,0,-98.00,-15.00,0.00,0.00,42.00,0.00,0,449
570.06,1551677956,12871.69,51.48420094,7.40062435,188.75,19.12,0.00,37.81,0,-98.00,-9.00,0.00,0.00,37.00,0.00,0,313
571.06,1551677957,12890.81,51.48433852,7.40079991,188.36,19.55,0.00,39.05,0,-98.00,-9.00,0.00,0.00,37.00,0.00,0,313
576.07,1551677962,12988.13,51.48497794,7.40175469,187.92,18.39,0.00,41.58,0,-100.00,-11.00,0.00,0.00,36.00,0.00,0,313
576.07,1551677962,12988.13,51.48497794,7.40175469,187.92,18.39,0.00,41.58,0,-101.00,-12.00,0.00,0.00,37.00,0.00,0,171
576.07,1551677962,12988.14,51.48497794,7.40175469,187.92,18.39,0.00,41.58,0,-101.00,-12.00,0.00,0.00,37.00,0.00,0,451
577.07,1551677963,13006.51,51.48508952,7.40192854,187.76,16.62,0.00,42.36,0,-100.00,-11.00,0.00,0.00,36.00,0.00,0,313
577.07,1551677963,13006.53,51.48508952,7.40192854,187.76,16.62,0.00,42.36,0,-101.00,-12.00,0.00,0.00,37.00,0.00,0,171
577.07,1551677963,13006.53,51.48508952,7.40192854,187.76,16.62,0.00,42.36,0,-101.00,-12.00,0.00,0.00,37.00,0.00,0,451
578.07,1551677964,13023.21,51.48519503,7.40209351,187.79,15.27,0.00,44.04,0,-99.00,-13.00,0.00,0.00,39.00,0.00,0,313
579.06,1551677965,13038.37,51.48528502,7.40224484,187.83,13.75,0.00,45.58,0,-99.00,-13.00,0.00,0.00,39.00,0.00,0,313
580.06,1551677966,13052.13,51.48535870,7.40238143,187.61,12.16,0.00,46.95,0,-99.00,-13.00,0.00,0.00,39.00,0.00,0,313
591.06,1551677977,13159.20,51.48609137,7.40233679,186.03,12.09,0.00,324.33,0,-96.00,-7.00,0.00,0.00,38.00,0.00,0,451
592.06,1551677978,13171.30,51.48619245,7.40223211,185.93,13.20,0.00,326.14,0,-96.00,-7.00,0.00,0.00,38.00,0.00,0,451
593.07,1551677979,13184.52,51.48630493,7.40212284,186.09,14.14,0.00,328.55,0,-95.00,-8.00,0.00,0.00,39.00,0.00,0,451
594.07,1551677980,13198.66,51.48642661,7.40201740,186.24,14.28,0.00,330.76,0,-95.00,-8.00,0.00,0.00,39.00,0.00,0,451
595.07,1551677981,13212.94,51.48655978,7.40191653,186.49,15.85,0.00,333.90,0,-97.00,-10.00,0.00,0.00,39.00,0.00,0,481
595.07,1551677981,13212.95,51.48655978,7.40191653,186.49,15.85,0.00,333.90,0,-98.00,-11.00,0.00,0.00,38.00,0.00,0,313
595.07,1551677981,13212.97,51.48655978,7.40191653,186.49,15.85,0.00,333.90,0,-99.00,-12.00,0.00,0.00,38.00,0.00,0,451
596.07,1551677982,13228.80,51.48668851,7.40184176,186.81,15.71,0.00,337.22,0,-97.00,-10.00,0.00,0.00,39.00,0.00,0,481
596.07,1551677982,13228.80,51.48668851,7.40184176,186.81,15.71,0.00,337.22,0,-98.00,-11.00,0.00,0.00,38.00,0.00,0,313
596.07,1551677982,13228.81,51.48668851,7.40184176,186.81,15.71,0.00,337.22,0,-99.00,-12.00,0.00,0.00,38.00,0.00,0,451
599.07,1551677985,13275.35,51.48706414,7.40170771,186.39,15.20,0.00,346.47,0,-92.00,-8.00,0.00,0.00,42.00,0.00,0,451
600.06,1551677986,13290.43,51.48719892,7.40168269,185.89,15.15,0.00,349.62,0,-92.00,-8.00,0.00,0.00,42.00,0.00,0,451
601.06,1551677987,13305.58,51.48733536,7.40167001,185.30,15.27,0.00,352.60,0,-92.00,-8.00,0.00,0.00,42.00,0.00,0,451
602.06,1551677988,13320.85,51.48746838,7.40166666,184.62,15.39,0.00,354.77,0,-92.00,-14.00,0.00,0.00,51.00,0.00,0,451
603.06,1551677989,13336.24,51.48760230,7.40167034,183.73,15.36,0.00,356.31,0,-92.00,-14.00,0.00,0.00,51.00,0.00,0,451
604.07,1551677990,13351.61,51.48772533,7.40168107,182.74,15.15,0.00,357.81,0,-87.00,-8.00,0.00,0.00,48.00,0.00,0,451
605.06,1551677991,13366.75,51.48784991,7.40169194,181.63,15.39,0.00,358.62,0,-87.00,-8.00,0.00,0.00,48.00,0.00,0,451
606.06,1551677992,13382.14,51.48797566,7.40170402,180.70,14.76,0.00,359.31,0,-91.00,-8.00,0.00,0.00,44.00,0.00,0,451
607.06,1551677993,13396.89,51.48810370,7.40171497,180.15,14.63,0.00,359.84,0,-91.00,-8.00,0.00,0.00,44.00,0.00,0,451
614.06,1551678000,13497.14,51.48897115,7.40175388,174.18,11.78,0.00,0.03,0,-90.00,-11.00,0.00,0.00,46.00,0.00,0,450
615.06,1551678001,13508.92,51.48906522,7.40175494,173.11,10.38,0.00,359.73,0,-90.00,-11.00,0.00,0.00,46.00,0.00,0,450
616.06,1551678002,13519.30,51.48913881,7.40175734,172.15,7.90,0.00,0.21,0,-85.00,-9.00,0.00,0.00,49.00,0.00,0,450
617.06,1551678003,13527.20,51.48919817,7.40176344,171.34,6.33,0.00,2.77,0,-85.00,-9.00,0.00,0.00,49.00,0.00,0,450
618.06,1551678004,13533.53,51.48926703,7.40180506,170.58,7.97,0.00,21.21,0,-86.00,-9.00,0.00,0.00,49.00,0.00,0,450
619.06,1551678005,13541.50,51.48931302,7.40189444,169.71,7.57,0.00,50.27,0,-86.00,-9.00,0.00,0.00,49.00,0.00,0,450
620.07,1551678006,13549.13,51.48932921,7.40201868,169.05,8.29,0.00,80.00,0,-83.00,-9.00,0.00,0.00,52.00,0.00,0,450
621.06,1551678007,13557.36,51.48934036,7.40214088,168.51,9.69,0.00,83.43,0,-83.00,-9.00,0.00,0.00,52.00,0.00,0,450
622.06,1551678008,13567.04,51.48934819,7.40228986,168.77,10.83,0.00,85.62,0,-83.00,-9.00,0.00,0.00,52.00,0.00,0,450
623.06,1551678009,13577.88,51.48935338,7.40245070,169.35,11.94,0.00,86.94,0,-86.00,-8.00,0.00,0.00,48.00,0.00,0,450
624.07,1551678010,13589.83,51.48935775,7.40262197,170.03,12.87,0.00,88.24,0,-86.00,-8.00,0.00,0.00,48.00,0.00,0,450
625.07,1551678011,13602.71,51.48936452,7.40280444,170.94,13.68,0.00,89.18,0,-88.00,-9.00,0.00,0.00,47.00,0.00,0,450
625.07,1551678011,13602.73,51.48936452,7.40280444,170.94,13.68,0.00,89.18,0,-113.00,-18.00,0.00,0.00,35.00,0.00,0,348
625.07,1551678011,13602.73,51.48936452,7.40280444,170.94,13.68,0.00,89.18,0,-114.00,-19.00,0.00,0.00,34.00,0.00,0,112
625.07,1551678011,13602.74,51.48936452,7.40280444,170.94,13.68,0.00,89.18,0,-115.00,-19.00,0.00,0.00,35.00,0.00,0,389
626.07,1551678012,13616.40,51.48936525,7.40301374,171.88,14.49,0.00,89.71,0,-88.00,-9.00,0.00,0.00,47.00,0.00,0,450
626.07,1551678012,13616.41,51.48936525,7.40301374,171.88,14.49,0.00,89.71,0,-113.00,-18.00,0.00,0.00,35.00,0.00,0,348
626.07,1551678012,13616.43,51.48936525,7.40301374,171.88,14.49,0.00,89.71,0,-114.00,-19.00,0.00,0.00,34.00,0.00,0,112
626.07,1551678012,13616.44,51.48936525,7.40301374,171.88,14.49,0.00,89.71,0,-115.00,-19.00,0.00,0.00,35.00,0.00,0,389
627.07,1551678013,13630.89,51.48936886,7.40323102,173.05,15.05,0.00,90.44,0,-88.00,-10.00,0.00,0.00,47.00,0.00,0,450
627.07,1551678013,13630.91,51.48936886,7.40323102,173.05,15.05,0.00,90.44,0,-95.00,-14.00,0.00,0.00,45.00,0.00,0,171
627.07,1551678013,13630.92,51.48936886,7.40323102,173.05,15.05,0.00,90.44,0,-115.00,-19.00,0.00,0.00,34.00,0.00,0,389
627.07,1551678013,13630.92,51.48936886,7.40323102,173.05,15.05,0.00,90.44,0,-115.00,-19.00,0.00,0.00,34.00,0.00,0,112
627.07,1551678013,13630.94,51.48936886,7.40323102,173.05,15.05,0.00,90.44,0,-115.00,-19.00,0.00,0.00,34.00,0.00,0,348
628.07,1551678014,13645.96,51.48937088,7.40344329,174.23,14.92,0.00,90.64,0,-88.00,-10.00,0.00,0.00,47.00,0.00,0,450
628.07,1551678014,13645.97,51.48937088,7.40344329,174.23,14.92,0.00,90.64,0,-95.00,-14.00,0.00,0.00,45.00,0.00,0,171
628.07,1551678014,13645.99,51.48937088,7.40344329,174.23,14.92,0.00,90.64,0,-115.00,-19.00,0.00,0.00,34.00,0.00,0,389
628.07,1551678014,13646.00,51.48937088,7.40344329,174.23,14.92,0.00,90.64,0,-115.00,-19.00,0.00,0.00,34.00,0.00,0,112
628.07,1551678014,13646.00,51.48937088,7.40344329,174.23,14.92,0.00,90.64,0,-115.00,-19.00,0.00,0.00,34.00,0.00,0,348
631.06,1551678017,13689.20,51.48936886,7.40405475,177.17,13.98,0.00,90.86,0,-114.00,-18.00,0.00,0.00,35.00,0.00,0,112
631.06,1551678017,13689.20,51.48936886,7.40405475,177.17,13.98,0.00,90.86,0,-115.00,-20.00,0.00,0.00,35.00,0.00,0,348
631.06,1551678017,13689.21,51.48936886,7.40405475,177.17,13.98,0.00,90.86,0,-115.00,-20.00,0.00,0.00,35.00,0.00,0,59
631.06,1551678017,13689.21,51.48936886,7.40405475,177.17,13.98,0.00,90.86,0,-130.00,-16.00,0.00,0.00,17.00,0.00,0,223
632.07,1551678018,13703.26,51.48936564,7.40426871,177.83,14.05,0.00,91.14,0,-114.00,-18.00,0.00,0.00,35.00,0.00,0,112
632.07,1551678018,13703.26,51.48936564,7.40426871,177.83,14.05,0.00,91.14,0,-115.00,-20.00,0.00,0.00,35.00,0.00,0,348
632.07,1551678018,13703.27,51.48936564,7.40426871,177.83,14.05,0.00,91.14,0,-115.00,-20.00,0.00,0.00,35.00,0.00,0,59
632.07,1551678018,13703.29,51.48936564,7.40426871,177.83,14.05,0.00,91.14,0,-130.00,-16.00,0.00,0.00,17.00,0.00,0,223
633.07,1551678019,13717.30,51.48936397,7.40446565,178.57,14.04,0.00,90.99,0,-112.00,-19.00,0.00,0.00,37.00,0.00,0,59
633.07,1551678019,13717.31,51.48936397,7.40446565,178.57,14.04,0.00,90.99,0,-112.00,-19.00,0.00,0.00,37.00,0.00,0,112
633.07,1551678019,13717.32,51.48936397,7.40446565,178.57,14.04,0.00,90.99,0,-113.00,-19.00,0.00,0.00,37.00,0.00,0,348
633.07,1551678019,13717.32,51.48936397,7.40446565,178.57,14.04,0.00,90.99,0,-130.00,-16.00,0.00,0.00,17.00,0.00,0,223
634.07,1551678020,13731.34,51.48936055,7.40467499,179.19,13.73,0.00,91.33,0,-112.00,-19.00,0.00,0.00,37.00,0.00,0,59
634.07,1551678020,13731.35,51.48936055,7.40467499,179.19,13.73,0.00,91.33,0,-112.00,-19.00,0.00,0.00,37.00,0.00,0,112
634.07,1551678020,13731.37,51.48936055,7.40467499,179.19,13.73,0.00,91.33,0,-113.00,-19.00,0.00,0.00,37.00,0.00,0,348
634.07,1551678020,13731.37,51.48936055,7.40467499,179.19,13.73,0.00,91.33,0,-130.00,-16.00,0.00,0.00,17.00,0.00,0,223
637.07,1551678023,13772.54,51.48936327,7.40528192,181.32,14.40,0.00,88.81,0,-122.00,-17.00,0.00,0.00,25.00,0.00,0,36
637.07,1551678023,13772.55,51.48936327,7.40528192,181.32,14.40,0.00,88.81,0,-117.00,-18.00,0.00,0.00,33.00,0.00,0,348
637.07,1551678023,13772.55,51.48936327,7.40528192,181.32,14.40,0.00,88.81,0,-117.00,-19.00,0.00,0.00,32.00,0.00,0,59
637.07,1551678023,13772.57,51.48936327,7.40528192,181.32,14.40,0.00,88.81,0,-133.00,-18.00,0.00,0.00,16.00,0.00,0,233
637.07,1551678023,13772.58,51.48936327,7.40528192,181.32,14.40,0.00,88.81,0,-136.00,-22.00,0.00,0.00,16.00,0.00,0,32
637.07,1551678023,13772.58,51.48936327,7.40528192,181.32,14.40,0.00,88.81,0,-139.00,-24.00,0.00,0.00,16.00,0.00,0,200
637.08,1551678023,13772.60,51.48936327,7.40528192,181.32,14.40,0.00,88.81,0,-72.00,-9.00,0.00,0.00,63.00,0.00,0,450
637.08,1551678023,13772.61,51.48936327,7.40528192,181.32,14.40,0.00,88.81,0,-103.00,-12.00,0.00,0.00,39.00,0.00,0,52
637.08,1551678023,13772.61,51.48936327,7.40528192,181.32,14.40,0.00,88.81,0,-105.00,-14.00,0.00,0.00,38.00,0.00,0,38
637.08,1551678023,13772.62,51.48936327,7.40528192,181.32,14.40,0.00,88.81,0,-107.00,-17.00,0.00,0.00,38.00,0.00,0,316
637.08,1551678023,13772.62,51.48936327,7.40528192,181.32,14.40,0.00,88.81,0,0.00,0.00,0.00,0.00,63.00,0.00,0,149
638.07,1551678024,13786.93,51.48937731,7.40548411,182.03,14.28,0.00,86.98,0,-122.00,-17.00,0.00,0.00,25.00,0.00,0,36
638.07,1551678024,13786.94,51.48937731,7.40548411,182.03,14.28,0.00,86.98,0,-117.00,-18.00,0.00,0.00,33.00,0.00,0,348
638.07,1551678024,13786.95,51.48937731,7.40548411,182.03,14.28,0.00,86.98,0,-117.00,-19.00,0.00,0.00,32.00,0.00,0,59
638.07,1551678024,13786.97,51.48937731,7.40548411,182.03,14.28,0.00,86.98,0,-133.00,-18.00,0.00,0.00,16.00,0.00,0,233
638.07,1551678024,13786.97,51.48937731,7.40548411,182.03,14.28,0.00,86.98,0,-136.00,-22.00,0.00,0.00,16.00,0.00,0,32
638.07,1551678024,13786.98,51.48937731,7.40548411,182.03,14.28,0.00,86.98,0,-139.00,-24.00,0.00,0.00,16.00,0.00,0,200
638.08,1551678024,13787.00,51.48937731,7.40548411,182.03,14.28,0.00,86.98,0,-72.00,-9.00,0.00,0.00,63.00,0.00,0,450
638.08,1551678024,13787.00,51.48937731,7.40548411,182.03,14.28,0.00,86.98,0,-103.00,-12.00,0.00,0.00,39.00,0.00,0,52
638.08,1551678024,13787.01,51.48937731,7.40548411,182.03,14.28,0.00,86.98,0,-105.00,-14.00,0.00,0.00,38.00,0.00,0,38
638.08,1551678024,13787.01,51.48937731,7.40548411,182.03,14.28,0.00,86.98,0,-107.00,-17.00,0.00,0.00,38.00,0.00,0,316
638.08,1551678024,13787.03,51.48937731,7.40548411,182.03,14.28,0.00,86.98,0,0.00,0.00,0.00,0.00,63.00,0.00,0,149
650.06,1551678036,13946.13,51.48965752,7.40765730,181.69,8.28,0.00,79.70,0,-74.00,-8.00,0.00,0.00,60.00,0.00,0,171
651.06,1551678037,13954.42,51.48967204,7.40776469,181.23,7.93,0.00,80.31,0,-74.00,-8.00,0.00,0.00,60.00,0.00,0,171
652.06,1551678038,13962.35,51.48968869,7.40788484,181.01,8.07,0.00,78.82,0,-75.00,-8.00,0.00,0.00,58.00,0.00,0,171
653.07,1551678039,13970.43,51.48970538,7.40799901,180.68,8.29,0.00,79.24,0,-75.00,-8.00,0.00,0.00,58.00,0.00,0,171
