43.00,1551418018,616.50,51.44501228,7.49060392,266.30,11.50,0.00,127.63,0,-127.00,-20.00,0.00,0.00,24.00,0.00,0,209
43.00,1551418018,616.51,51.44501228,7.49060392,266.30,11.50,0.00,127.63,0,-128.00,-20.00,0.00,0.00,23.00,0.00,0,388
44.00,1551418019,628.00,51.44495237,7.49073681,267.01,11.08,0.00,127.59,0,-127.00,-20.00,0.00,0.00,24.00,0.00,0,209
44.00,1551418019,628.00,51.44495237,7.49073681,267.01,11.08,0.00,127.59,0,-128.00,-20.00,0.00,0.00,23.00,0.00,0,388
89.00,1551418064,1035.23,51.44212778,7.48891148,266.82,15.86,0.00,218.71,0,-84.00,-10.00,0.00,0.00,51.00,0.00,0,431
90.00,1551418065,1051.07,51.44201971,7.48875905,266.30,16.20,0.00,220.10,0,-84.00,-10.00,0.00,0.00,51.00,0.00,0,431
91.00,1551418066,1067.35,51.44191728,7.48860724,265.81,16.27,0.00,222.20,0,-83.00,-12.00,0.00,0.00,55.00,0.00,0,431
92.00,1551418067,1083.56,51.44181453,7.48845218,265.79,15.88,0.00,223.80,0,-83.00,-12.00,0.00,0.00,55.00,0.00,0,431
93.00,1551418068,1099.43,51.44171293,7.48829651,266.43,15.10,0.00,225.32,0,-83.00,-12.00,0.00,0.00,55.00,0.00,0,431
94.00,1551418069,1114.52,51.44161718,7.48814176,266.96,14.73,0.00,226.92,0,-77.00,-9.00,0.00,0.00,57.00,0.00,0,431
95.00,1551418070,1129.26,51.44151903,7.48796731,267.71,15.28,0.00,227.72,0,-77.00,-9.00,0.00,0.00,57.00,0.00,0,431
108.00,1551418083,1326.81,51.44043931,7.48568085,276.03,15.86,0.00,233.16,0,-78.00,-9.00,0.00,0.00,56.00,0.00,0,430
109.00,1551418084,1342.69,51.44035504,7.48548854,276.28,16.09,0.00,232.70,0,-78.00,-9.00,0.00,0.00,56.00,0.00,0,430
110.00,1551418085,1358.76,51.44027248,7.48529722,276.54,15.92,0.00,233.55,0,-83.00,-8.00,0.00,0.00,51.00,0.00,0,430
111.00,1551418086,1374.70,51.44018599,7.48510316,276.76,16.52,0.00,233.15,0,-83.00,-8.00,0.00,0.00,51.00,0.00,0,430
112.00,1551418087,1391.29,51.44010136,7.48490876,277.03,16.36,0.00,232.19,0,-82.00,-11.00,0.00,0.00,57.00,0.00,0,431
113.00,1551418088,1407.56,51.44001874,7.48472167,277.28,16.48,0.00,232.41,0,-82.00,-11.00,0.00,0.00,57.00,0.00,0,431
114.00,1551418089,1424.06,51.43993460,7.48454645,277.53,16.51,0.00,231.55,0,-82.00,-11.00,0.00,0.00,57.00,0.00,0,431
136.00,1551418111,1791.44,51.43820661,7.47991219,280.29,18.07,0.00,239.57,0,-108.00,-9.00,0.00,0.00,27.00,0.00,0,38
137.00,1551418112,1809.51,51.43812992,7.47968563,280.46,18.03,0.00,240.66,0,-108.00,-9.00,0.00,0.00,27.00,0.00,0,38
138.00,1551418113,1827.55,51.43805222,7.47946207,280.47,17.00,0.00,241.22,0,-106.00,-8.00,0.00,0.00,28.00,0.00,0,38
139.00,1551418114,1844.55,51.43798055,7.47924525,280.48,16.90,0.00,241.85,0,-106.00,-8.00,0.00,0.00,28.00,0.00,0,38
144.00,1551418119,1927.03,51.43761373,7.47814954,281.45,16.67,0.00,240.92,0,-110.00,-9.00,0.00,0.00,25.00,0.00,0,430
144.00,1551418119,1927.03,51.43761373,7.47814954,281.45,16.67,0.00,240.92,0,-112.00,-11.00,0.00,0.00,25.00,0.00,0,70
144.00,1551418119,1927.03,51.43761373,7.47814954,281.45,16.67,0.00,240.92,0,-117.00,-17.00,0.00,0.00,26.00,0.00,0,53
145.00,1551418120,1943.68,51.43754752,7.47793981,281.83,16.11,0.00,240.67,0,-110.00,-9.00,0.00,0.00,25.00,0.00,0,430
145.00,1551418120,1943.68,51.43754752,7.47793981,281.83,16.11,0.00,240.67,0,-112.00,-11.00,0.00,0.00,25.00,0.00,0,70
145.00,1551418120,1943.70,51.43754752,7.47793981,281.83,16.11,0.00,240.67,0,-117.00,-17.00,0.00,0.00,26.00,0.00,0,53
146.00,1551418121,1959.76,51.43748365,7.47774395,281.94,14.78,0.00,241.39,0,-111.00,-10.00,0.00,0.00,25.00,0.00,0,430
146.00,1551418121,1959.78,51.43748365,7.47774395,281.94,14.78,0.00,241.39,0,-112.00,-12.00,0.00,0.00,25.00,0.00,0,70
147.00,1551418122,1974.58,51.43742676,7.47756277,282.31,14.64,0.00,242.14,0,-111.00,-10.00,0.00,0.00,25.00,0.00,0,430
147.00,1551418122,1974.58,51.43742676,7.47756277,282.31,14.64,0.00,242.14,0,-112.00,-12.00,0.00,0.00,25.00,0.00,0,70
148.00,1551418123,1989.22,51.43736381,7.47737671,282.54,15.01,0.00,241.55,0,-111.00,-12.00,0.00,0.00,26.00,0.00,0,70
148.00,1551418123,1989.22,51.43736381,7.47737671,282.54,15.01,0.00,241.55,0,-113.00,-13.00,0.00,0.00,26.00,0.00,0,430
149.00,1551418124,2004.23,51.43730210,7.47718823,283.00,14.62,0.00,241.42,0,-111.00,-12.00,0.00,0.00,26.00,0.00,0,70
149.00,1551418124,2004.23,51.43730210,7.47718823,283.00,14.62,0.00,241.42,0,-113.00,-13.00,0.00,0.00,26.00,0.00,0,430
150.00,1551418125,2018.86,51.43724782,7.47701126,283.25,13.47,0.00,243.91,0,-111.00,-9.00,0.00,0.00,23.00,0.00,0,70
150.00,1551418125,2018.86,51.43724782,7.47701126,283.25,13.47,0.00,243.91,0,-113.00,-11.00,0.00,0.00,23.00,0.00,0,430
150.00,1551418125,2018.86,51.43724782,7.47701126,283.25,13.47,0.00,243.91,0,-105.00,-14.00,0.00,0.00,36.00,0.00,0,213
150.00,1551418125,2018.88,51.43724782,7.47701126,283.25,13.47,0.00,243.91,0,-110.00,-19.00,0.00,0.00,36.00,0.00,0,80
151.00,1551418126,2032.34,51.43720568,7.47683482,283.77,12.57,0.00,247.52,0,-111.00,-9.00,0.00,0.00,23.00,0.00,0,70
151.00,1551418126,2032.34,51.43720568,7.47683482,283.77,12.57,0.00,247.52,0,-113.00,-11.00,0.00,0.00,23.00,0.00,0,430
151.00,1551418126,2032.34,51.43720568,7.47683482,283.77,12.57,0.00,247.52,0,-105.00,-14.00,0.00,0.00,36.00,0.00,0,213
151.00,1551418126,2032.34,51.43720568,7.47683482,283.77,12.57,0.00,247.52,0,-110.00,-19.00,0.00,0.00,36.00,0.00,0,80
152.00,1551418127,2044.89,51.43719871,7.47665361,284.48,11.36,0.00,264.46,0,-111.00,-9.00,0.00,0.00,24.00,0.00,0,430
152.00,1551418127,2044.90,51.43719871,7.47665361,284.48,11.36,0.00,264.46,0,-113.00,-12.00,0.00,0.00,24.00,0.00,0,70
152.00,1551418127,2044.90,51.43719871,7.47665361,284.48,11.36,0.00,264.46,0,-106.00,-16.00,0.00,0.00,36.00,0.00,0,213
152.00,1551418127,2044.90,51.43719871,7.47665361,284.48,11.36,0.00,264.46,0,-109.00,-19.00,0.00,0.00,36.00,0.00,0,456
153.00,1551418128,2056.25,51.43719457,7.47648687,285.02,10.02,0.00,267.66,0,-111.00,-9.00,0.00,0.00,24.00,0.00,0,430
153.00,1551418128,2056.26,51.43719457,7.47648687,285.02,10.02,0.00,267.66,0,-113.00,-12.00,0.00,0.00,24.00,0.00,0,70
153.00,1551418128,2056.26,51.43719457,7.47648687,285.02,10.02,0.00,267.66,0,-106.00,-16.00,0.00,0.00,36.00,0.00,0,213
153.00,1551418128,2056.26,51.43719457,7.47648687,285.02,10.02,0.00,267.66,0,-109.00,-19.00,0.00,0.00,36.00,0.00,0,456
154.00,1551418129,2066.32,51.43723136,7.47635483,285.13,9.17,0.00,296.86,0,-106.00,-9.00,0.00,0.00,28.00,0.00,0,430
154.00,1551418129,2066.32,51.43723136,7.47635483,285.13,9.17,0.00,296.86,0,-112.00,-14.00,0.00,0.00,27.00,0.00,0,70
154.01,1551418129,2066.33,51.43723136,7.47635483,285.13,9.17,0.00,296.86,0,-108.00,-15.00,0.00,0.00,33.00,0.00,0,213
154.01,1551418129,2066.33,51.43723136,7.47635483,285.13,9.17,0.00,296.86,0,-112.00,-20.00,0.00,0.00,33.00,0.00,0,135
155.00,1551418130,2075.44,51.43729842,7.47625111,284.61,9.38,0.00,320.86,0,-106.00,-9.00,0.00,0.00,28.00,0.00,0,430
155.00,1551418130,2075.45,51.43729842,7.47625111,284.61,9.38,0.00,320.86,0,-112.00,-14.00,0.00,0.00,27.00,0.00,0,70
155.00,1551418130,2075.45,51.43729842,7.47625111,284.61,9.38,0.00,320.86,0,-108.00,-15.00,0.00,0.00,33.00,0.00,0,213
155.00,1551418130,2075.45,51.43729842,7.47625111,284.61,9.38,0.00,320.86,0,-112.00,-20.00,0.00,0.00,33.00,0.00,0,135
156.00,1551418131,2084.83,51.43738137,7.47620786,283.69,9.07,0.00,344.43,0,-106.00,-9.00,0.00,0.00,28.00,0.00,0,430
156.00,1551418131,2084.83,51.43738137,7.47620786,283.69,9.07,0.00,344.43,0,-112.00,-14.00,0.00,0.00,27.00,0.00,0,70
156.00,1551418131,2084.84,51.43738137,7.47620786,283.69,9.07,0.00,344.43,0,-108.00,-15.00,0.00,0.00,33.00,0.00,0,213
156.00,1551418131,2084.84,51.43738137,7.47620786,283.69,9.07,0.00,344.43,0,-112.00,-20.00,0.00,0.00,33.00,0.00,0,135
157.00,1551418132,2093.89,51.43746079,7.47622119,283.91,9.05,0.00,9.03,0,-103.00,-6.00,0.00,0.00,29.00,0.00,0,430
157.00,1551418132,2093.90,51.43746079,7.47622119,283.91,9.05,0.00,9.03,0,-111.00,-17.00,0.00,0.00,32.00,0.00,0,213
157.00,1551418132,2093.90,51.43746079,7.47622119,283.91,9.05,0.00,9.03,0,-113.00,-20.00,0.00,0.00,32.00,0.00,0,135
158.00,1551418133,2102.94,51.43753772,7.47629041,284.11,9.85,0.00,36.02,0,-103.00,-6.00,0.00,0.00,29.00,0.00,0,430
158.00,1551418133,2102.95,51.43753772,7.47629041,284.11,9.85,0.00,36.02,0,-111.00,-17.00,0.00,0.00,32.00,0.00,0,213
158.00,1551418133,2102.95,51.43753772,7.47629041,284.11,9.85,0.00,36.02,0,-113.00,-20.00,0.00,0.00,32.00,0.00,0,135
159.00,1551418134,2112.79,51.43761165,7.47637300,284.43,10.67,0.00,39.72,0,-95.00,-6.00,0.00,0.00,37.00,0.00,0,430
159.00,1551418134,2112.80,51.43761165,7.47637300,284.43,10.67,0.00,39.72,0,-111.00,-17.00,0.00,0.00,33.00,0.00,0,213
159.00,1551418134,2112.80,51.43761165,7.47637300,284.43,10.67,0.00,39.72,0,-113.00,-20.00,0.00,0.00,33.00,0.00,0,71
160.00,1551418135,2123.46,51.43767167,7.47650078,284.75,11.93,0.00,54.59,0,-95.00,-6.00,0.00,0.00,37.00,0.00,0,430
160.00,1551418135,2123.47,51.43767167,7.47650078,284.75,11.93,0.00,54.59,0,-111.00,-17.00,0.00,0.00,33.00,0.00,0,213
160.00,1551418135,2123.47,51.43767167,7.47650078,284.75,11.93,0.00,54.59,0,-113.00,-20.00,0.00,0.00,33.00,0.00,0,71
198.00,1551418173,2905.42,51.44248149,7.48465710,274.16,23.09,0.00,26.08,0,-82.00,-11.00,0.00,0.00,55.00,0.00,0,429
199.00,1551418174,2928.39,51.44265333,7.48479762,273.25,22.78,0.00,25.43,0,-82.00,-11.00,0.00,0.00,55.00,0.00,0,429
200.00,1551418175,2951.20,51.44283551,7.48493466,272.39,22.63,0.00,24.58,0,-82.00,-11.00,0.00,0.00,55.00,0.00,0,429
201.00,1551418176,2973.81,51.44301595,7.48506866,271.55,22.56,0.00,24.17,0,-76.00,-10.00,0.00,0.00,61.00,0.00,0,429
202.00,1551418177,2996.39,51.44319612,7.48519942,270.75,22.76,0.00,24.09,0,-76.00,-10.00,0.00,0.00,61.00,0.00,0,429
203.00,1551418178,3019.15,51.44338153,7.48532390,270.14,22.69,0.00,23.37,0,-81.00,-8.00,0.00,0.00,54.00,0.00,0,429
204.00,1551418179,3041.84,51.44356617,7.48544745,269.63,22.05,0.00,23.04,0,-81.00,-8.00,0.00,0.00,54.00,0.00,0,429
238.00,1551418213,3612.61,51.44369179,7.48331563,265.21,23.20,0.00,267.79,0,-80.00,-10.00,0.00,0.00,56.00,0.00,0,430
239.00,1551418214,3635.79,51.44368736,7.48297526,265.54,23.14,0.00,267.95,0,-80.00,-10.00,0.00,0.00,56.00,0.00,0,430
240.00,1551418215,3659.05,51.44368227,7.48263694,265.48,23.23,0.00,267.23,0,-84.00,-11.00,0.00,0.00,53.00,0.00,0,430
241.00,1551418216,3682.14,51.44367578,7.48229768,265.27,23.55,0.00,267.18,0,-84.00,-11.00,0.00,0.00,53.00,0.00,0,430
242.00,1551418217,3705.71,51.44366624,7.48195396,265.05,24.05,0.00,267.00,0,-84.00,-11.00,0.00,0.00,53.00,0.00,0,430
243.00,1551418218,3729.78,51.44365371,7.48161360,264.66,24.48,0.00,266.51,0,-85.00,-8.00,0.00,0.00,49.00,0.00,0,430
244.00,1551418219,3754.26,51.44363859,7.48126210,264.41,24.46,0.00,265.94,0,-85.00,-8.00,0.00,0.00,49.00,0.00,0,430
245.00,1551418220,3778.74,51.44362167,7.48090035,264.29,24.37,0.00,265.57,0,-98.00,-15.00,0.00,0.00,44.00,0.00,0,429
246.00,1551418221,3803.06,51.44360117,7.48054785,264.29,24.48,0.00,265.25,0,-98.00,-15.00,0.00,0.00,44.00,0.00,0,429
266.00,1551418241,4373.85,51.44280192,7.47240762,254.35,29.82,0.00,259.04,0,-99.00,-7.00,0.00,0.00,34.00,0.00,0,397
267.00,1551418242,4403.67,51.44274454,7.47198327,253.65,30.33,0.00,258.31,0,-99.00,-7.00,0.00,0.00,34.00,0.00,0,397
268.00,1551418243,4433.97,51.44268118,7.47155260,252.90,30.96,0.00,256.67,0,-106.00,-7.00,0.00,0.00,27.00,0.00,0,430
269.00,1551418244,4464.93,51.44261720,7.47111572,252.10,31.21,0.00,256.46,0,-106.00,-7.00,0.00,0.00,27.00,0.00,0,430
270.00,1551418245,4496.17,51.44255334,7.47067584,251.29,31.27,0.00,257.16,0,-107.00,-9.00,0.00,0.00,27.00,0.00,0,430
271.00,1551418246,4527.45,51.44248834,7.47024822,250.45,31.04,0.00,257.45,0,-107.00,-9.00,0.00,0.00,27.00,0.00,0,430
272.00,1551418247,4558.45,51.44242751,7.46980781,249.61,31.20,0.00,257.28,0,-108.00,-9.00,0.00,0.00,26.00,0.00,0,430
273.00,1551418248,4589.68,51.44236719,7.46936928,248.69,31.32,0.00,257.67,0,-108.00,-9.00,0.00,0.00,26.00,0.00,0,430
274.00,1551418249,4621.07,51.44231229,7.46892686,247.69,31.91,0.00,258.25,0,-108.00,-9.00,0.00,0.00,25.00,0.00,0,430
274.00,1551418249,4621.07,51.44231229,7.46892686,247.69,31.91,0.00,258.25,0,-115.00,-16.00,0.00,0.00,26.00,0.00,0,72
274.00,1551418249,4621.07,51.44231229,7.46892686,247.69,31.91,0.00,258.25,0,-118.00,-19.00,0.00,0.00,26.00,0.00,0,388
274.00,1551418249,4621.10,51.44231229,7.46892686,247.69,31.91,0.00,258.25,0,-96.00,-7.00,0.00,0.00,37.00,0.00,0,448
274.00,1551418249,4621.10,51.44231229,7.46892686,247.69,31.91,0.00,258.25,0,0.00,0.00,0.00,0.00,63.00,0.00,0,237
274.00,1551418249,4621.10,51.44231229,7.46892686,247.69,31.91,0.00,258.25,0,0.00,0.00,0.00,0.00,63.00,0.00,0,31
274.00,1551418249,4621.10,51.44231229,7.46892686,247.69,31.91,0.00,258.25,0,0.00,0.00,0.00,0.00,63.00,0.00,0,61
275.00,1551418250,4652.95,51.44225541,7.46847909,246.60,32.57,0.00,258.80,0,-108.00,-9.00,0.00,0.00,25.00,0.00,0,430
275.00,1551418250,4652.99,51.44225541,7.46847909,246.60,32.57,0.00,258.80,0,-115.00,-16.00,0.00,0.00,26.00,0.00,0,72
275.00,1551418250,4652.99,51.44225541,7.46847909,246.60,32.57,0.00,258.80,0,-118.00,-19.00,0.00,0.00,26.00,0.00,0,388
275.00,1551418250,4652.99,51.44225541,7.46847909,246.60,32.57,0.00,258.80,0,-96.00,-7.00,0.00,0.00,37.00,0.00,0,448
275.00,1551418250,4653.02,51.44225541,7.46847909,246.60,32.57,0.00,258.80,0,0.00,0.00,0.00,0.00,63.00,0.00,0,237
275.00,1551418250,4653.02,51.44225541,7.46847909,246.60,32.57,0.00,258.80,0,0.00,0.00,0.00,0.00,63.00,0.00,0,31
275.00,1551418250,4653.02,51.44225541,7.46847909,246.60,32.57,0.00,258.80,0,0.00,0.00,0.00,0.00,63.00,0.00,0,61
278.00,1551418253,4751.72,51.44209436,7.46709111,243.30,33.00,0.00,259.28,0,-113.00,-12.00,0.00,0.00,24.00,0.00,0,72
278.00,1551418253,4751.72,51.44209436,7.46709111,243.30,33.00,0.00,259.28,0,-116.00,-14.00,0.00,0.00,24.00,0.00,0,397
279.00,1551418254,4784.72,51.44204355,7.46662669,242.39,32.70,0.00,259.91,0,-113.00,-12.00,0.00,0.00,24.00,0.00,0,72
279.00,1551418254,4784.72,51.44204355,7.46662669,242.39,32.70,0.00,259.91,0,-116.00,-14.00,0.00,0.00,24.00,0.00,0,397
280.00,1551418255,4817.45,51.44199481,7.46617352,241.54,32.17,0.00,259.99,0,-113.00,-14.00,0.00,0.00,26.00,0.00,0,118
280.00,1551418255,4817.45,51.44199481,7.46617352,241.54,32.17,0.00,259.99,0,-111.00,-12.00,0.00,0.00,26.00,0.00,0,72
280.00,1551418255,4817.45,51.44199481,7.46617352,241.54,32.17,0.00,259.99,0,-116.00,-16.00,0.00,0.00,26.00,0.00,0,157
281.00,1551418256,4849.62,51.44194917,7.46571494,240.61,32.23,0.00,260.27,0,-113.00,-14.00,0.00,0.00,26.00,0.00,0,118
281.00,1551418256,4849.62,51.44194917,7.46571494,240.61,32.23,0.00,260.27,0,-111.00,-12.00,0.00,0.00,26.00,0.00,0,72
281.00,1551418256,4849.62,51.44194917,7.46571494,240.61,32.23,0.00,260.27,0,-116.00,-16.00,0.00,0.00,26.00,0.00,0,157
282.01,1551418257,4882.08,51.44190308,7.46525715,239.66,32.33,0.00,260.13,0,-109.00,-10.00,0.00,0.00,27.00,0.00,0,72
282.01,1551418257,4882.08,51.44190308,7.46525715,239.66,32.33,0.00,260.13,0,-109.00,-11.00,0.00,0.00,27.00,0.00,0,118
282.01,1551418257,4882.11,51.44190308,7.46525715,239.66,32.33,0.00,260.13,0,-114.00,-14.00,0.00,0.00,26.00,0.00,0,157
282.01,1551418257,4882.11,51.44190308,7.46525715,239.66,32.33,0.00,260.13,0,-102.00,-12.00,0.00,0.00,36.00,0.00,0,229
282.01,1551418257,4882.11,51.44190308,7.46525715,239.66,32.33,0.00,260.13,0,-103.00,-13.00,0.00,0.00,35.00,0.00,0,448
282.01,1551418257,4882.11,51.44190308,7.46525715,239.66,32.33,0.00,260.13,0,0.00,0.00,0.00,0.00,63.00,0.00,0,427
282.01,1551418257,4882.14,51.44190308,7.46525715,239.66,32.33,0.00,260.13,0,0.00,0.00,0.00,0.00,63.00,0.00,0,28
282.01,1551418257,4882.14,51.44190308,7.46525715,239.66,32.33,0.00,260.13,0,0.00,0.00,0.00,0.00,63.00,0.00,0,26
283.00,1551418258,4914.22,51.44186291,7.46479483,238.79,32.93,0.00,261.43,0,-109.00,-10.00,0.00,0.00,27.00,0.00,0,72
283.00,1551418258,4914.22,51.44186291,7.46479483,238.79,32.93,0.00,261.43,0,-109.00,-11.00,0.00,0.00,27.00,0.00,0,118
283.00,1551418258,4914.22,51.44186291,7.46479483,238.79,32.93,0.00,261.43,0,-114.00,-14.00,0.00,0.00,26.00,0.00,0,157
283.00,1551418258,4914.22,51.44186291,7.46479483,238.79,32.93,0.00,261.43,0,-102.00,-12.00,0.00,0.00,36.00,0.00,0,229
283.00,1551418258,4914.25,51.44186291,7.46479483,238.79,32.93,0.00,261.43,0,-103.00,-13.00,0.00,0.00,35.00,0.00,0,448
283.00,1551418258,4914.25,51.44186291,7.46479483,238.79,32.93,0.00,261.43,0,0.00,0.00,0.00,0.00,63.00,0.00,0,427
283.00,1551418258,4914.25,51.44186291,7.46479483,238.79,32.93,0.00,261.43,0,0.00,0.00,0.00,0.00,63.00,0.00,0,28
283.00,1551418258,4914.28,51.44186291,7.46479483,238.79,32.93,0.00,261.43,0,0.00,0.00,0.00,0.00,63.00,0.00,0,26
284.00,1551418259,4947.11,51.44182997,7.46431837,237.81,33.46,0.00,262.64,0,-109.00,-10.00,0.00,0.00,27.00,0.00,0,72
284.00,1551418259,4947.15,51.44182997,7.46431837,237.81,33.46,0.00,262.64,0,-109.00,-11.00,0.00,0.00,27.00,0.00,0,118
284.00,1551418259,4947.15,51.44182997,7.46431837,237.81,33.46,0.00,262.64,0,-114.00,-14.00,0.00,0.00,26.00,0.00,0,157
284.00,1551418259,4947.15,51.44182997,7.46431837,237.81,33.46,0.00,262.64,0,-102.00,-12.00,0.00,0.00,36.00,0.00,0,229
284.00,1551418259,4947.18,51.44182997,7.46431837,237.81,33.46,0.00,262.64,0,-103.00,-13.00,0.00,0.00,35.00,0.00,0,448
284.00,1551418259,4947.18,51.44182997,7.46431837,237.81,33.46,0.00,262.64,0,0.00,0.00,0.00,0.00,63.00,0.00,0,427
284.00,1551418259,4947.18,51.44182997,7.46431837,237.81,33.46,0.00,262.64,0,0.00,0.00,0.00,0.00,63.00,0.00,0,28
284.00,1551418259,4947.18,51.44182997,7.46431837,237.81,33.46,0.00,262.64,0,0.00,0.00,0.00,0.00,63.00,0.00,0,26
287.00,1551418262,5048.59,51.44172193,7.46286172,234.47,34.64,0.00,263.45,0,-108.00,-9.00,0.00,0.00,27.00,0.00,0,72
287.00,1551418262,5048.59,51.44172193,7.46286172,234.47,34.64,0.00,263.45,0,-113.00,-13.00,0.00,0.00,26.00,0.00,0,157
288.00,1551418263,5083.26,51.44169016,7.46236509,233.48,35.03,0.00,263.86,0,-108.00,-9.00,0.00,0.00,27.00,0.00,0,72
288.00,1551418263,5083.26,51.44169016,7.46236509,233.48,35.03,0.00,263.86,0,-113.00,-13.00,0.00,0.00,26.00,0.00,0,157
289.00,1551418264,5118.23,51.44166280,7.46185786,232.62,35.29,0.00,265.12,0,-109.00,-10.00,0.00,0.00,27.00,0.00,0,72
289.00,1551418264,5118.26,51.44166280,7.46185786,232.62,35.29,0.00,265.12,0,-114.00,-13.00,0.00,0.00,24.00,0.00,0,430
289.00,1551418264,5118.26,51.44166280,7.46185786,232.62,35.29,0.00,265.12,0,-115.00,-16.00,0.00,0.00,26.00,0.00,0,157
290.00,1551418265,5153.55,51.44163663,7.46135664,231.98,35.25,0.00,265.08,0,-109.00,-10.00,0.00,0.00,27.00,0.00,0,72
290.00,1551418265,5153.58,51.44163663,7.46135664,231.98,35.25,0.00,265.08,0,-114.00,-13.00,0.00,0.00,24.00,0.00,0,430
290.00,1551418265,5153.58,51.44163663,7.46135664,231.98,35.25,0.00,265.08,0,-115.00,-16.00,0.00,0.00,26.00,0.00,0,157
291.00,1551418266,5188.80,51.44161577,7.46085857,231.17,34.52,0.00,266.34,0,-108.00,-10.00,0.00,0.00,27.00,0.00,0,72
291.00,1551418266,5188.80,51.44161577,7.46085857,231.17,34.52,0.00,266.34,0,-110.00,-15.00,0.00,0.00,30.00,0.00,0,35
291.00,1551418266,5188.84,51.44161577,7.46085857,231.17,34.52,0.00,266.34,0,-112.00,-12.00,0.00,0.00,25.00,0.00,0,430
292.00,1551418267,5223.32,51.44159683,7.46037120,230.65,33.60,0.00,266.63,0,-108.00,-10.00,0.00,0.00,27.00,0.00,0,72
292.00,1551418267,5223.32,51.44159683,7.46037120,230.65,33.60,0.00,266.63,0,-110.00,-15.00,0.00,0.00,30.00,0.00,0,35
292.00,1551418267,5223.32,51.44159683,7.46037120,230.65,33.60,0.00,266.63,0,-112.00,-12.00,0.00,0.00,25.00,0.00,0,430
295.00,1551418270,5322.28,51.44156681,7.45896274,230.90,32.01,0.00,269.44,0,-108.00,-15.00,0.00,0.00,32.00,0.00,0,35
295.00,1551418270,5322.31,51.44156681,7.45896274,230.90,32.01,0.00,269.44,0,-107.00,-12.00,0.00,0.00,30.00,0.00,0,118
296.00,1551418271,5354.32,51.44156227,7.45849538,231.62,32.01,0.00,269.82,0,-108.00,-15.00,0.00,0.00,32.00,0.00,0,35
296.00,1551418271,5354.32,51.44156227,7.45849538,231.62,32.01,0.00,269.82,0,-107.00,-12.00,0.00,0.00,30.00,0.00,0,118
303.00,1551418278,5585.20,51.44155667,7.45514164,231.34,34.57,0.00,272.28,0,-89.00,-9.00,0.00,0.00,49.00,0.00,0,449
304.00,1551418279,5619.60,51.44157384,7.45465131,230.92,34.96,0.00,272.72,0,-89.00,-9.00,0.00,0.00,49.00,0.00,0,449
305.00,1551418280,5654.56,51.44159045,7.45414266,230.69,34.52,0.00,273.12,0,-89.00,-9.00,0.00,0.00,49.00,0.00,0,449
333.00,1551418308,6606.45,51.44320525,7.44069464,221.54,35.06,0.00,287.43,0,-84.00,-9.00,0.00,0.00,51.00,0.00,0,74
333.00,1551418308,6606.45,51.44320525,7.44069464,221.54,35.06,0.00,287.43,0,-74.00,-8.00,0.00,0.00,63.00,0.00,0,56
334.00,1551418309,6641.51,51.44329821,7.44022105,220.52,35.43,0.00,287.90,0,-84.00,-9.00,0.00,0.00,51.00,0.00,0,74
334.00,1551418309,6641.54,51.44329821,7.44022105,220.52,35.43,0.00,287.90,0,-74.00,-8.00,0.00,0.00,63.00,0.00,0,56
364.00,1551418339,7702.06,51.44820749,7.42738911,190.52,34.28,0.00,321.33,0,-106.00,-17.00,0.00,0.00,36.00,0.00,0,312
364.00,1551418339,7702.06,51.44820749,7.42738911,190.52,34.28,0.00,321.33,0,-109.00,-19.00,0.00,0.00,36.00,0.00,0,40
364.00,1551418339,7702.09,51.44820749,7.42738911,190.52,34.28,0.00,321.33,0,-101.00,-11.00,0.00,0.00,39.00,0.00,0,70
365.01,1551418340,7736.48,51.44845655,7.42708430,188.41,34.17,0.00,322.39,0,-106.00,-17.00,0.00,0.00,36.00,0.00,0,312
365.01,1551418340,7736.51,51.44845655,7.42708430,188.41,34.17,0.00,322.39,0,-109.00,-19.00,0.00,0.00,36.00,0.00,0,40
365.01,1551418340,7736.51,51.44845655,7.42708430,188.41,34.17,0.00,322.39,0,-101.00,-11.00,0.00,0.00,39.00,0.00,0,70
366.01,1551418341,7770.65,51.44870858,7.42679225,186.26,34.25,0.00,324.05,0,-111.00,-16.00,0.00,0.00,32.00,0.00,0,40
366.01,1551418341,7770.65,51.44870858,7.42679225,186.26,34.25,0.00,324.05,0,-111.00,-16.00,0.00,0.00,31.00,0.00,0,312
366.01,1551418341,7770.65,51.44870858,7.42679225,186.26,34.25,0.00,324.05,0,-101.00,-9.00,0.00,0.00,37.00,0.00,0,70
367.00,1551418342,7804.83,51.44897045,7.42650621,184.17,34.49,0.00,325.17,0,-111.00,-16.00,0.00,0.00,32.00,0.00,0,40
367.00,1551418342,7804.83,51.44897045,7.42650621,184.17,34.49,0.00,325.17,0,-111.00,-16.00,0.00,0.00,31.00,0.00,0,312
367.00,1551418342,7804.86,51.44897045,7.42650621,184.17,34.49,0.00,325.17,0,-101.00,-9.00,0.00,0.00,37.00,0.00,0,70
368.00,1551418343,7839.18,51.44922502,7.42623248,182.12,34.56,0.00,326.50,0,-111.00,-16.00,0.00,0.00,32.00,0.00,0,40
368.00,1551418343,7839.21,51.44922502,7.42623248,182.12,34.56,0.00,326.50,0,-111.00,-16.00,0.00,0.00,31.00,0.00,0,312
368.00,1551418343,7839.21,51.44922502,7.42623248,182.12,34.56,0.00,326.50,0,-101.00,-9.00,0.00,0.00,37.00,0.00,0,70
369.00,1551418344,7873.74,51.44948981,7.42596488,180.15,34.60,0.00,327.52,0,-111.00,-11.00,0.00,0.00,26.00,0.00,0,40
369.00,1551418344,7873.74,51.44948981,7.42596488,180.15,34.60,0.00,327.52,0,-111.00,-11.00,0.00,0.00,26.00,0.00,0,312
369.00,1551418344,7873.74,51.44948981,7.42596488,180.15,34.60,0.00,327.52,0,-99.00,-8.00,0.00,0.00,38.00,0.00,0,70
370.00,1551418345,7908.34,51.44976334,7.42570654,178.24,35.16,0.00,329.96,0,-111.00,-11.00,0.00,0.00,26.00,0.00,0,40
370.00,1551418345,7908.34,51.44976334,7.42570654,178.24,35.16,0.00,329.96,0,-111.00,-11.00,0.00,0.00,26.00,0.00,0,312
370.00,1551418345,7908.34,51.44976334,7.42570654,178.24,35.16,0.00,329.96,0,-99.00,-8.00,0.00,0.00,38.00,0.00,0,70
373.00,1551418348,8013.00,51.45058288,7.42500055,173.19,34.51,0.00,333.56,0,-104.00,-9.00,0.00,0.00,32.00,0.00,0,27
374.00,1551418349,8047.51,51.45087280,7.42478790,171.83,35.36,0.00,335.57,0,-104.00,-9.00,0.00,0.00,32.00,0.00,0,27
375.00,1551418350,8082.87,51.45116789,7.42458958,170.65,35.56,0.00,337.25,0,-98.00,-13.00,0.00,0.00,41.00,0.00,0,230
375.00,1551418350,8082.90,51.45116789,7.42458958,170.65,35.56,0.00,337.25,0,-98.00,-10.00,0.00,0.00,37.00,0.00,0,376
375.00,1551418350,8082.90,51.45116789,7.42458958,170.65,35.56,0.00,337.25,0,-104.00,-10.00,0.00,0.00,33.00,0.00,0,27
375.00,1551418350,8082.90,51.45116789,7.42458958,170.65,35.56,0.00,337.25,0,-109.00,-15.00,0.00,0.00,33.00,0.00,0,119
376.00,1551418351,8118.46,51.45147240,7.42438881,170.10,35.71,0.00,338.04,0,-98.00,-13.00,0.00,0.00,41.00,0.00,0,230
376.00,1551418351,8118.46,51.45147240,7.42438881,170.10,35.71,0.00,338.04,0,-98.00,-10.00,0.00,0.00,37.00,0.00,0,376
376.00,1551418351,8118.46,51.45147240,7.42438881,170.10,35.71,0.00,338.04,0,-104.00,-10.00,0.00,0.00,33.00,0.00,0,27
376.00,1551418351,8118.50,51.45147240,7.42438881,170.10,35.71,0.00,338.04,0,-109.00,-15.00,0.00,0.00,33.00,0.00,0,119
377.00,1551418352,8154.20,51.45177529,7.42421675,169.39,35.41,0.00,339.37,0,-86.00,-7.00,0.00,0.00,46.00,0.00,0,230
377.00,1551418352,8154.20,51.45177529,7.42421675,169.39,35.41,0.00,339.37,0,-90.00,-7.00,0.00,0.00,43.00,0.00,0,376
377.00,1551418352,8154.20,51.45177529,7.42421675,169.39,35.41,0.00,339.37,0,-94.00,-6.00,0.00,0.00,39.00,0.00,0,119
377.00,1551418352,8154.24,51.45177529,7.42421675,169.39,35.41,0.00,339.37,0,-99.00,-9.00,0.00,0.00,35.00,0.00,0,377
378.00,1551418353,8189.54,51.45207508,7.42405474,168.28,35.07,0.00,341.04,0,-86.00,-7.00,0.00,0.00,46.00,0.00,0,230
378.00,1551418353,8189.58,51.45207508,7.42405474,168.28,35.07,0.00,341.04,0,-90.00,-7.00,0.00,0.00,43.00,0.00,0,376
378.00,1551418353,8189.58,51.45207508,7.42405474,168.28,35.07,0.00,341.04,0,-94.00,-6.00,0.00,0.00,39.00,0.00,0,119
378.00,1551418353,8189.58,51.45207508,7.42405474,168.28,35.07,0.00,341.04,0,-99.00,-9.00,0.00,0.00,35.00,0.00,0,377
379.00,1551418354,8224.65,51.45238088,7.42389460,166.99,35.21,0.00,341.37,0,-95.00,-12.00,0.00,0.00,43.00,0.00,0,70
379.00,1551418354,8224.65,51.45238088,7.42389460,166.99,35.21,0.00,341.37,0,-99.00,-11.00,0.00,0.00,38.00,0.00,0,27
379.00,1551418354,8224.65,51.45238088,7.42389460,166.99,35.21,0.00,341.37,0,-102.00,-8.00,0.00,0.00,34.00,0.00,0,377
380.00,1551418355,8259.86,51.45267304,7.42373989,166.08,35.51,0.00,342.43,0,-95.00,-12.00,0.00,0.00,43.00,0.00,0,70
380.00,1551418355,8259.86,51.45267304,7.42373989,166.08,35.51,0.00,342.43,0,-99.00,-11.00,0.00,0.00,38.00,0.00,0,27
380.00,1551418355,8259.90,51.45267304,7.42373989,166.08,35.51,0.00,342.43,0,-102.00,-8.00,0.00,0.00,34.00,0.00,0,377
385.00,1551418360,8437.56,51.45417438,7.42302113,160.72,34.94,0.00,344.07,0,-79.00,-8.00,0.00,0.00,55.00,0.00,0,230
385.00,1551418360,8437.59,51.45417438,7.42302113,160.72,34.94,0.00,344.07,0,-86.00,-9.00,0.00,0.00,50.00,0.00,0,119
386.00,1551418361,8472.50,51.45447490,7.42288644,159.82,34.45,0.00,344.14,0,-79.00,-8.00,0.00,0.00,55.00,0.00,0,230
386.00,1551418361,8472.50,51.45447490,7.42288644,159.82,34.45,0.00,344.14,0,-86.00,-9.00,0.00,0.00,50.00,0.00,0,119
387.00,1551418362,8507.12,51.45477510,7.42275232,159.19,34.24,0.00,343.18,0,-88.00,-8.00,0.00,0.00,46.00,0.00,0,119
388.00,1551418363,8541.16,51.45507413,7.42261682,158.53,34.56,0.00,343.13,0,-88.00,-8.00,0.00,0.00,46.00,0.00,0,119
389.00,1551418364,8575.72,51.45536599,7.42246841,157.71,34.64,0.00,342.63,0,-88.00,-8.00,0.00,0.00,46.00,0.00,0,119
390.00,1551418365,8610.39,51.45566321,7.42231857,156.94,34.79,0.00,342.27,0,-77.00,-10.00,0.00,0.00,58.00,0.00,0,230
390.00,1551418365,8610.43,51.45566321,7.42231857,156.94,34.79,0.00,342.27,0,-82.00,-7.00,0.00,0.00,53.00,0.00,0,119
391.00,1551418366,8645.19,51.45595718,7.42216851,156.13,34.30,0.00,341.69,0,-77.00,-10.00,0.00,0.00,58.00,0.00,0,230
391.00,1551418366,8645.19,51.45595718,7.42216851,156.13,34.30,0.00,341.69,0,-82.00,-7.00,0.00,0.00,53.00,0.00,0,119
392.00,1551418367,8679.49,51.45624703,7.42200344,155.40,33.46,0.00,340.20,0,-84.00,-7.00,0.00,0.00,49.00,0.00,0,119
393.00,1551418368,8712.92,51.45652851,7.42183119,154.61,33.11,0.00,339.19,0,-84.00,-7.00,0.00,0.00,49.00,0.00,0,119
394.00,1551418369,8746.03,51.45681314,7.42166172,154.09,33.22,0.00,338.28,0,-90.00,-9.00,0.00,0.00,46.00,0.00,0,119
395.00,1551418370,8779.28,51.45708915,7.42147786,153.30,33.52,0.00,337.60,0,-90.00,-9.00,0.00,0.00,46.00,0.00,0,119
396.00,1551418371,8812.80,51.45737632,7.42128961,152.46,33.78,0.00,336.88,0,-82.00,-9.00,0.00,0.00,52.00,0.00,0,230
396.00,1551418371,8812.83,51.45737632,7.42128961,152.46,33.78,0.00,336.88,0,-85.00,-7.00,0.00,0.00,47.00,0.00,0,376
396.00,1551418371,8812.83,51.45737632,7.42128961,152.46,33.78,0.00,336.88,0,-93.00,-9.00,0.00,0.00,42.00,0.00,0,119
396.00,1551418371,8812.83,51.45737632,7.42128961,152.46,33.78,0.00,336.88,0,-97.00,-8.00,0.00,0.00,36.00,0.00,0,377
397.00,1551418372,8846.62,51.45765254,7.42108811,151.66,33.21,0.00,334.98,0,-82.00,-9.00,0.00,0.00,52.00,0.00,0,230
397.00,1551418372,8846.62,51.45765254,7.42108811,151.66,33.21,0.00,334.98,0,-85.00,-7.00,0.00,0.00,47.00,0.00,0,376
397.00,1551418372,8846.65,51.45765254,7.42108811,151.66,33.21,0.00,334.98,0,-93.00,-9.00,0.00,0.00,42.00,0.00,0,119
397.00,1551418372,8846.65,51.45765254,7.42108811,151.66,33.21,0.00,334.98,0,-97.00,-8.00,0.00,0.00,36.00,0.00,0,377
404.00,1551418379,9076.27,51.45945415,7.41955173,150.38,31.52,0.00,328.85,0,-91.00,-11.00,0.00,0.00,45.00,0.00,0,39
404.00,1551418379,9076.27,51.45945415,7.41955173,150.38,31.52,0.00,328.85,0,-94.00,-13.00,0.00,0.00,44.00,0.00,0,40
405.00,1551418380,9107.78,51.45970157,7.41931332,150.66,31.78,0.00,328.19,0,-91.00,-11.00,0.00,0.00,45.00,0.00,0,39
405.00,1551418380,9107.78,51.45970157,7.41931332,150.66,31.78,0.00,328.19,0,-94.00,-13.00,0.00,0.00,44.00,0.00,0,40
406.00,1551418381,9139.56,51.45994296,7.41907527,151.38,31.98,0.00,327.93,0,-90.00,-10.00,0.00,0.00,46.00,0.00,0,39
407.00,1551418382,9171.55,51.46018355,7.41882055,152.15,32.19,0.00,326.45,0,-90.00,-10.00,0.00,0.00,46.00,0.00,0,39
408.00,1551418383,9203.73,51.46042102,7.41855533,152.49,32.28,0.00,324.83,0,-88.00,-13.00,0.00,0.00,52.00,0.00,0,93
409.00,1551418384,9236.01,51.46066030,7.41829060,152.59,32.44,0.00,324.04,0,-88.00,-13.00,0.00,0.00,52.00,0.00,0,93
410.01,1551418385,9268.65,51.46089628,7.41801258,152.58,32.62,0.00,323.43,0,-91.00,-12.00,0.00,0.00,46.00,0.00,0,39
410.01,1551418385,9268.65,51.46089628,7.41801258,152.58,32.62,0.00,323.43,0,-78.00,-8.00,0.00,0.00,59.00,0.00,0,69
411.00,1551418386,9301.07,51.46112903,7.41773199,152.40,33.15,0.00,322.64,0,-91.00,-12.00,0.00,0.00,46.00,0.00,0,39
411.00,1551418386,9301.07,51.46112903,7.41773199,152.40,33.15,0.00,322.64,0,-78.00,-8.00,0.00,0.00,59.00,0.00,0,69
412.00,1551418387,9334.22,51.46136007,7.41743596,152.05,32.96,0.00,321.24,0,-91.00,-12.00,0.00,0.00,46.00,0.00,0,39
412.00,1551418387,9334.22,51.46136007,7.41743596,152.05,32.96,0.00,321.24,0,-78.00,-8.00,0.00,0.00,59.00,0.00,0,69
421.00,1551418396,9635.95,51.46336115,7.41448946,149.55,32.50,0.00,312.98,0,-86.00,-8.00,0.00,0.00,48.00,0.00,0,93
422.00,1551418397,9668.42,51.46354986,7.41415531,149.28,32.23,0.00,312.18,0,-86.00,-8.00,0.00,0.00,48.00,0.00,0,93
423.00,1551418398,9700.68,51.46374375,7.41381252,149.10,32.05,0.00,311.31,0,-89.00,-8.00,0.00,0.00,45.00,0.00,0,119
423.00,1551418398,9700.68,51.46374375,7.41381252,149.10,32.05,0.00,311.31,0,-95.00,-10.00,0.00,0.00,41.00,0.00,0,93
424.00,1551418399,9732.73,51.46393294,7.41345071,149.00,31.97,0.00,310.72,0,-89.00,-8.00,0.00,0.00,45.00,0.00,0,119
424.00,1551418399,9732.73,51.46393294,7.41345071,149.00,31.97,0.00,310.72,0,-95.00,-10.00,0.00,0.00,41.00,0.00,0,93
425.00,1551418400,9764.70,51.46411556,7.41309925,149.11,31.48,0.00,310.00,0,-94.00,-9.00,0.00,0.00,41.00,0.00,0,119
425.00,1551418400,9764.73,51.46411556,7.41309925,149.11,31.48,0.00,310.00,0,-97.00,-11.00,0.00,0.00,39.00,0.00,0,93
426.00,1551418401,9796.14,51.46429824,7.41274899,149.44,31.58,0.00,309.72,0,-94.00,-9.00,0.00,0.00,41.00,0.00,0,119
426.00,1551418401,9796.18,51.46429824,7.41274899,149.44,31.58,0.00,309.72,0,-97.00,-11.00,0.00,0.00,39.00,0.00,0,93
427.00,1551418402,9827.76,51.46447775,7.41239099,149.86,31.66,0.00,309.46,0,-98.00,-11.00,0.00,0.00,38.00,0.00,0,93
428.00,1551418403,9859.38,51.46465662,7.41203723,150.23,31.80,0.00,308.51,0,-98.00,-11.00,0.00,0.00,38.00,0.00,0,93
429.00,1551418404,9891.22,51.46483518,7.41167638,150.42,32.00,0.00,308.43,0,-97.00,-9.00,0.00,0.00,38.00,0.00,0,93
429.00,1551418404,9891.22,51.46483518,7.41167638,150.42,32.00,0.00,308.43,0,-102.00,-13.00,0.00,0.00,38.00,0.00,0,119
430.00,1551418405,9923.22,51.46501460,7.41131410,150.56,32.21,0.00,308.30,0,-97.00,-9.00,0.00,0.00,38.00,0.00,0,93
430.00,1551418405,9923.22,51.46501460,7.41131410,150.56,32.21,0.00,308.30,0,-102.00,-13.00,0.00,0.00,38.00,0.00,0,119
431.00,1551418406,9955.59,51.46519701,7.41095049,150.53,32.05,0.00,308.46,0,-98.00,-9.00,0.00,0.00,37.00,0.00,0,93
431.00,1551418406,9955.59,51.46519701,7.41095049,150.53,32.05,0.00,308.46,0,-103.00,-14.00,0.00,0.00,37.00,0.00,0,119
432.00,1551418407,9987.48,51.46537050,7.41060004,150.74,31.81,0.00,308.11,0,-98.00,-9.00,0.00,0.00,37.00,0.00,0,93
432.00,1551418407,9987.48,51.46537050,7.41060004,150.74,31.81,0.00,308.11,0,-103.00,-14.00,0.00,0.00,37.00,0.00,0,119
433.00,1551418408,10019.28,51.46554415,7.41025376,151.17,31.89,0.00,308.09,0,-98.00,-9.00,0.00,0.00,37.00,0.00,0,93
433.00,1551418408,10019.28,51.46554415,7.41025376,151.17,31.89,0.00,308.09,0,-103.00,-14.00,0.00,0.00,37.00,0.00,0,119
434.00,1551418409,10051.30,51.46572252,7.40989479,151.58,31.98,0.00,307.72,0,-102.00,-10.00,0.00,0.00,34.00,0.00,0,93
434.00,1551418409,10051.33,51.46572252,7.40989479,151.58,31.98,0.00,307.72,0,-106.00,-12.00,0.00,0.00,32.00,0.00,0,266
434.01,1551418409,10051.37,51.46572252,7.40989479,151.58,31.98,0.00,307.72,0,-106.00,-12.00,0.00,0.00,32.00,0.00,0,377
435.00,1551418410,10083.18,51.46590196,7.40953297,152.05,32.21,0.00,307.85,0,-102.00,-10.00,0.00,0.00,34.00,0.00,0,93
435.00,1551418410,10083.18,51.46590196,7.40953297,152.05,32.21,0.00,307.85,0,-106.00,-12.00,0.00,0.00,32.00,0.00,0,266
435.00,1551418410,10083.18,51.46590196,7.40953297,152.05,32.21,0.00,307.85,0,-106.00,-12.00,0.00,0.00,32.00,0.00,0,377
436.00,1551418411,10115.36,51.46608209,7.40916773,152.50,32.39,0.00,308.14,0,-101.00,-10.00,0.00,0.00,35.00,0.00,0,458
436.00,1551418411,10115.36,51.46608209,7.40916773,152.50,32.39,0.00,308.14,0,-105.00,-13.00,0.00,0.00,34.00,0.00,0,266
436.00,1551418411,10115.39,51.46608209,7.40916773,152.50,32.39,0.00,308.14,0,-105.00,-12.00,0.00,0.00,32.00,0.00,0,93
437.00,1551418412,10147.75,51.46626103,7.40880472,152.88,32.44,0.00,308.11,0,-101.00,-10.00,0.00,0.00,35.00,0.00,0,458
437.00,1551418412,10147.78,51.46626103,7.40880472,152.88,32.44,0.00,308.11,0,-105.00,-13.00,0.00,0.00,34.00,0.00,0,266
437.00,1551418412,10147.78,51.46626103,7.40880472,152.88,32.44,0.00,308.11,0,-105.00,-12.00,0.00,0.00,32.00,0.00,0,93
440.00,1551418415,10246.15,51.46681547,7.40768685,153.71,33.14,0.00,308.85,0,-101.00,-12.00,0.00,0.00,36.00,0.00,0,458
440.00,1551418415,10246.15,51.46681547,7.40768685,153.71,33.14,0.00,308.85,0,-101.00,-10.00,0.00,0.00,34.00,0.00,0,93
440.00,1551418415,10246.19,51.46681547,7.40768685,153.71,33.14,0.00,308.85,0,-102.00,-13.00,0.00,0.00,36.00,0.00,0,171
440.00,1551418415,10246.19,51.46681547,7.40768685,153.71,33.14,0.00,308.85,0,-92.00,-8.00,0.00,0.00,47.00,0.00,0,386
440.00,1551418415,10246.19,51.46681547,7.40768685,153.71,33.14,0.00,308.85,0,-94.00,-10.00,0.00,0.00,47.00,0.00,0,57
441.00,1551418416,10279.26,51.46699877,7.40731591,154.05,32.82,0.00,309.17,0,-101.00,-12.00,0.00,0.00,36.00,0.00,0,458
441.00,1551418416,10279.26,51.46699877,7.40731591,154.05,32.82,0.00,309.17,0,-101.00,-10.00,0.00,0.00,34.00,0.00,0,93
441.00,1551418416,10279.29,51.46699877,7.40731591,154.05,32.82,0.00,309.17,0,-102.00,-13.00,0.00,0.00,36.00,0.00,0,171
441.00,1551418416,10279.29,51.46699877,7.40731591,154.05,32.82,0.00,309.17,0,-92.00,-8.00,0.00,0.00,47.00,0.00,0,386
441.00,1551418416,10279.29,51.46699877,7.40731591,154.05,32.82,0.00,309.17,0,-94.00,-10.00,0.00,0.00,47.00,0.00,0,57
442.00,1551418417,10312.05,51.46718441,7.40695259,154.25,32.08,0.00,309.51,0,-97.00,-10.00,0.00,0.00,39.00,0.00,0,93
442.00,1551418417,10312.05,51.46718441,7.40695259,154.25,32.08,0.00,309.51,0,-91.00,-9.00,0.00,0.00,48.00,0.00,0,386
442.00,1551418417,10312.08,51.46718441,7.40695259,154.25,32.08,0.00,309.51,0,-92.00,-11.00,0.00,0.00,49.00,0.00,0,57
443.00,1551418418,10344.16,51.46736743,7.40659665,154.58,32.07,0.00,309.41,0,-97.00,-10.00,0.00,0.00,39.00,0.00,0,93
443.00,1551418418,10344.16,51.46736743,7.40659665,154.58,32.07,0.00,309.41,0,-91.00,-9.00,0.00,0.00,48.00,0.00,0,386
443.00,1551418418,10344.19,51.46736743,7.40659665,154.58,32.07,0.00,309.41,0,-92.00,-11.00,0.00,0.00,49.00,0.00,0,57
444.00,1551418419,10376.20,51.46754985,7.40624205,154.97,32.02,0.00,309.99,0,-98.00,-9.00,0.00,0.00,37.00,0.00,0,93
444.00,1551418419,10376.23,51.46754985,7.40624205,154.97,32.02,0.00,309.99,0,-91.00,-9.00,0.00,0.00,47.00,0.00,0,386
444.00,1551418419,10376.23,51.46754985,7.40624205,154.97,32.02,0.00,309.99,0,-93.00,-12.00,0.00,0.00,48.00,0.00,0,69
445.00,1551418420,10408.22,51.46773222,7.40587964,155.55,31.50,0.00,309.66,0,-98.00,-9.00,0.00,0.00,37.00,0.00,0,93
445.00,1551418420,10408.25,51.46773222,7.40587964,155.55,31.50,0.00,309.66,0,-91.00,-9.00,0.00,0.00,47.00,0.00,0,386
445.00,1551418420,10408.25,51.46773222,7.40587964,155.55,31.50,0.00,309.66,0,-93.00,-12.00,0.00,0.00,48.00,0.00,0,69
446.00,1551418421,10439.72,51.46791433,7.40553007,155.92,30.98,0.00,310.66,0,-91.00,-6.00,0.00,0.00,41.00,0.00,0,93
446.00,1551418421,10439.72,51.46791433,7.40553007,155.92,30.98,0.00,310.66,0,-90.00,-10.00,0.00,0.00,48.00,0.00,0,386
447.00,1551418422,10470.69,51.46809190,7.40520187,156.24,30.26,0.00,311.66,0,-91.00,-6.00,0.00,0.00,41.00,0.00,0,93
447.00,1551418422,10470.69,51.46809190,7.40520187,156.24,30.26,0.00,311.66,0,-90.00,-10.00,0.00,0.00,48.00,0.00,0,386
448.00,1551418423,10501.01,51.46826910,7.40487611,156.64,28.99,0.00,311.62,0,-97.00,-13.00,0.00,0.00,41.00,0.00,0,377
448.00,1551418423,10501.01,51.46826910,7.40487611,156.64,28.99,0.00,311.62,0,-100.00,-15.00,0.00,0.00,41.00,0.00,0,39
448.00,1551418423,10501.04,51.46826910,7.40487611,156.64,28.99,0.00,311.62,0,-101.00,-16.00,0.00,0.00,40.00,0.00,0,119
449.00,1551418424,10529.95,51.46844362,7.40455866,156.95,28.98,0.00,312.54,0,-97.00,-13.00,0.00,0.00,41.00,0.00,0,377
449.00,1551418424,10529.97,51.46844362,7.40455866,156.95,28.98,0.00,312.54,0,-100.00,-15.00,0.00,0.00,41.00,0.00,0,39
449.00,1551418424,10529.97,51.46844362,7.40455866,156.95,28.98,0.00,312.54,0,-101.00,-16.00,0.00,0.00,40.00,0.00,0,119
450.00,1551418425,10558.96,51.46861464,7.40424953,157.29,29.30,0.00,312.35,0,-103.00,-10.00,0.00,0.00,33.00,0.00,0,74
450.00,1551418425,10558.96,51.46861464,7.40424953,157.29,29.30,0.00,312.35,0,-106.00,-14.00,0.00,0.00,33.00,0.00,0,377
450.00,1551418425,10558.96,51.46861464,7.40424953,157.29,29.30,0.00,312.35,0,-107.00,-13.00,0.00,0.00,33.00,0.00,0,119
451.00,1551418426,10588.23,51.46879341,7.40393313,157.54,29.47,0.00,312.60,0,-103.00,-10.00,0.00,0.00,33.00,0.00,0,74
451.00,1551418426,10588.23,51.46879341,7.40393313,157.54,29.47,0.00,312.60,0,-106.00,-14.00,0.00,0.00,33.00,0.00,0,377
451.00,1551418426,10588.26,51.46879341,7.40393313,157.54,29.47,0.00,312.60,0,-107.00,-13.00,0.00,0.00,33.00,0.00,0,119
452.00,1551418427,10617.84,51.46897418,7.40361980,157.75,29.44,0.00,312.85,0,-101.00,-10.00,0.00,0.00,35.00,0.00,0,74
452.00,1551418427,10617.84,51.46897418,7.40361980,157.75,29.44,0.00,312.85,0,-105.00,-14.00,0.00,0.00,34.00,0.00,0,120
452.01,1551418427,10617.87,51.46897418,7.40361980,157.75,29.44,0.00,312.85,0,-106.00,-13.00,0.00,0.00,33.00,0.00,0,119
453.00,1551418428,10647.17,51.46915104,7.40331392,157.63,28.58,0.00,312.74,0,-101.00,-10.00,0.00,0.00,35.00,0.00,0,74
453.00,1551418428,10647.17,51.46915104,7.40331392,157.63,28.58,0.00,312.74,0,-105.00,-14.00,0.00,0.00,34.00,0.00,0,120
453.00,1551418428,10647.17,51.46915104,7.40331392,157.63,28.58,0.00,312.74,0,-106.00,-13.00,0.00,0.00,33.00,0.00,0,119
454.00,1551418429,10675.72,51.46932422,7.40303409,157.14,27.66,0.00,314.27,0,-101.00,-10.00,0.00,0.00,35.00,0.00,0,74
454.00,1551418429,10675.72,51.46932422,7.40303409,157.14,27.66,0.00,314.27,0,-105.00,-14.00,0.00,0.00,34.00,0.00,0,120
454.00,1551418429,10675.75,51.46932422,7.40303409,157.14,27.66,0.00,314.27,0,-106.00,-13.00,0.00,0.00,33.00,0.00,0,119
455.00,1551418430,10703.40,51.46948452,7.40277409,157.11,25.79,0.00,314.61,0,-103.00,-9.00,0.00,0.00,31.00,0.00,0,74
455.00,1551418430,10703.40,51.46948452,7.40277409,157.11,25.79,0.00,314.61,0,-109.00,-12.00,0.00,0.00,28.00,0.00,0,119
455.00,1551418430,10703.40,51.46948452,7.40277409,157.11,25.79,0.00,314.61,0,-109.00,-14.00,0.00,0.00,31.00,0.00,0,377
455.00,1551418430,10703.43,51.46948452,7.40277409,157.11,25.79,0.00,314.61,0,-103.00,-12.00,0.00,0.00,38.00,0.00,0,386
455.00,1551418430,10703.43,51.46948452,7.40277409,157.11,25.79,0.00,314.61,0,-105.00,-14.00,0.00,0.00,39.00,0.00,0,69
456.00,1551418431,10729.19,51.46963891,7.40251994,156.79,25.12,0.00,314.45,0,-103.00,-9.00,0.00,0.00,31.00,0.00,0,74
456.00,1551418431,10729.19,51.46963891,7.40251994,156.79,25.12,0.00,314.45,0,-109.00,-12.00,0.00,0.00,28.00,0.00,0,119
456.00,1551418431,10729.22,51.46963891,7.40251994,156.79,25.12,0.00,314.45,0,-109.00,-14.00,0.00,0.00,31.00,0.00,0,377
456.00,1551418431,10729.22,51.46963891,7.40251994,156.79,25.12,0.00,314.45,0,-103.00,-12.00,0.00,0.00,38.00,0.00,0,386
456.00,1551418431,10729.22,51.46963891,7.40251994,156.79,25.12,0.00,314.45,0,-105.00,-14.00,0.00,0.00,39.00,0.00,0,69
457.00,1551418432,10754.29,51.46979323,7.40227417,155.85,24.80,0.00,315.44,0,-104.00,-12.00,0.00,0.00,34.00,0.00,0,266
458.00,1551418433,10779.06,51.46995244,7.40203593,155.21,24.23,0.00,316.48,0,-104.00,-12.00,0.00,0.00,34.00,0.00,0,266
459.00,1551418434,10803.32,51.47010828,7.40181283,155.38,22.87,0.00,317.63,0,-100.00,-9.00,0.00,0.00,38.00,0.00,0,386
459.00,1551418434,10803.32,51.47010828,7.40181283,155.38,22.87,0.00,317.63,0,-104.00,-13.00,0.00,0.00,38.00,0.00,0,137
460.00,1551418435,10826.21,51.47024968,7.40160163,155.65,22.47,0.00,318.09,0,-100.00,-9.00,0.00,0.00,38.00,0.00,0,386
460.00,1551418435,10826.21,51.47024968,7.40160163,155.65,22.47,0.00,318.09,0,-104.00,-13.00,0.00,0.00,38.00,0.00,0,137
461.00,1551418436,10848.66,51.47039449,7.40139141,156.19,21.78,0.00,317.66,0,-99.00,-9.00,0.00,0.00,39.00,0.00,0,386
461.00,1551418436,10848.66,51.47039449,7.40139141,156.19,21.78,0.00,317.66,0,-102.00,-12.00,0.00,0.00,39.00,0.00,0,137
462.00,1551418437,10870.43,51.47053597,7.40118091,156.68,21.00,0.00,317.15,0,-99.00,-9.00,0.00,0.00,39.00,0.00,0,386
462.00,1551418437,10870.43,51.47053597,7.40118091,156.68,21.00,0.00,317.15,0,-102.00,-12.00,0.00,0.00,39.00,0.00,0,137
463.00,1551418438,10891.45,51.47067148,7.40096252,156.78,20.44,0.00,315.91,0,-102.00,-10.00,0.00,0.00,34.00,0.00,0,377
463.00,1551418438,10891.45,51.47067148,7.40096252,156.78,20.44,0.00,315.91,0,-106.00,-13.00,0.00,0.00,33.00,0.00,0,143
463.00,1551418438,10891.45,51.47067148,7.40096252,156.78,20.44,0.00,315.91,0,-100.00,-9.00,0.00,0.00,39.00,0.00,0,376
463.00,1551418438,10891.47,51.47067148,7.40096252,156.78,20.44,0.00,315.91,0,-100.00,-9.00,0.00,0.00,39.00,0.00,0,386
464.00,1551418439,10911.88,51.47080802,7.40075839,157.07,20.44,0.00,316.27,0,-102.00,-10.00,0.00,0.00,34.00,0.00,0,377
464.00,1551418439,10911.88,51.47080802,7.40075839,157.07,20.44,0.00,316.27,0,-106.00,-13.00,0.00,0.00,33.00,0.00,0,143
464.00,1551418439,10911.90,51.47080802,7.40075839,157.07,20.44,0.00,316.27,0,-100.00,-9.00,0.00,0.00,39.00,0.00,0,376
464.00,1551418439,10911.90,51.47080802,7.40075839,157.07,20.44,0.00,316.27,0,-100.00,-9.00,0.00,0.00,39.00,0.00,0,386
465.00,1551418440,10932.30,51.47094329,7.40055361,157.51,20.69,0.00,316.37,0,-108.00,-12.00,0.00,0.00,29.00,0.00,0,143
465.00,1551418440,10932.32,51.47094329,7.40055361,157.51,20.69,0.00,316.37,0,-109.00,-12.00,0.00,0.00,29.00,0.00,0,377
465.00,1551418440,10932.32,51.47094329,7.40055361,157.51,20.69,0.00,316.37,0,-107.00,-13.00,0.00,0.00,34.00,0.00,0,386
465.00,1551418440,10932.32,51.47094329,7.40055361,157.51,20.69,0.00,316.37,0,-107.00,-13.00,0.00,0.00,35.00,0.00,0,376
466.00,1551418441,10952.98,51.47107809,7.40035206,158.18,20.83,0.00,317.02,0,-108.00,-12.00,0.00,0.00,29.00,0.00,0,143
466.00,1551418441,10952.98,51.47107809,7.40035206,158.18,20.83,0.00,317.02,0,-109.00,-12.00,0.00,0.00,29.00,0.00,0,377
466.00,1551418441,10952.98,51.47107809,7.40035206,158.18,20.83,0.00,317.02,0,-107.00,-13.00,0.00,0.00,34.00,0.00,0,386
466.00,1551418441,10953.01,51.47107809,7.40035206,158.18,20.83,0.00,317.02,0,-107.00,-13.00,0.00,0.00,35.00,0.00,0,376
469.00,1551418444,11016.42,51.47151046,7.39971703,158.80,21.16,0.00,317.75,0,-104.00,-10.00,0.00,0.00,31.00,0.00,0,120
470.00,1551418445,11037.58,51.47164750,7.39951270,159.05,20.74,0.00,317.49,0,-104.00,-10.00,0.00,0.00,31.00,0.00,0,120
471.00,1551418446,11058.34,51.47178222,7.39931822,159.61,20.14,0.00,318.19,0,-104.00,-10.00,0.00,0.00,32.00,0.00,0,120
472.00,1551418447,11078.46,51.47191607,7.39912892,160.18,19.72,0.00,319.04,0,-104.00,-10.00,0.00,0.00,32.00,0.00,0,120
473.01,1551418448,11098.32,51.47204484,7.39894349,160.71,19.19,0.00,318.29,0,-103.00,-10.00,0.00,0.00,33.00,0.00,0,120
474.00,1551418449,11117.40,51.47216838,7.39876969,161.30,18.89,0.00,318.43,0,-103.00,-10.00,0.00,0.00,33.00,0.00,0,120
475.00,1551418450,11136.28,51.47229684,7.39859245,161.87,18.67,0.00,319.26,0,-103.00,-10.00,0.00,0.00,33.00,0.00,0,120
478.00,1551418453,11192.50,51.47268451,7.39805726,163.56,19.32,0.00,319.71,0,-106.00,-13.00,0.00,0.00,32.00,0.00,0,120
479.00,1551418454,11211.86,51.47281402,7.39787848,164.03,19.14,0.00,318.72,0,-106.00,-13.00,0.00,0.00,32.00,0.00,0,120
480.00,1551418455,11230.94,51.47294406,7.39770080,164.50,18.96,0.00,319.40,0,-107.00,-14.00,0.00,0.00,32.00,0.00,0,120
481.00,1551418456,11249.89,51.47306858,7.39752923,164.90,18.87,0.00,319.90,0,-107.00,-14.00,0.00,0.00,32.00,0.00,0,120
482.00,1551418457,11268.78,51.47319649,7.39735323,165.24,18.97,0.00,320.16,0,-103.00,-8.00,0.00,0.00,35.00,0.00,0,392
482.00,1551418457,11268.78,51.47319649,7.39735323,165.24,18.97,0.00,320.16,0,-109.00,-15.00,0.00,0.00,35.00,0.00,0,57
483.00,1551418458,11287.76,51.47333113,7.39717781,165.61,19.27,0.00,320.66,0,-103.00,-8.00,0.00,0.00,35.00,0.00,0,392
483.00,1551418458,11287.76,51.47333113,7.39717781,165.61,19.27,0.00,320.66,0,-109.00,-15.00,0.00,0.00,35.00,0.00,0,57
484.00,1551418459,11307.04,51.47345977,7.39700655,165.65,19.92,0.00,320.88,0,-106.00,-10.00,0.00,0.00,34.00,0.00,0,392
484.00,1551418459,11307.04,51.47345977,7.39700655,165.65,19.92,0.00,320.88,0,-112.00,-16.00,0.00,0.00,33.00,0.00,0,57
485.00,1551418460,11326.94,51.47360284,7.39681944,165.86,20.61,0.00,321.10,0,-106.00,-10.00,0.00,0.00,34.00,0.00,0,392
485.00,1551418460,11326.96,51.47360284,7.39681944,165.86,20.61,0.00,321.10,0,-112.00,-16.00,0.00,0.00,33.00,0.00,0,57
486.00,1551418461,11347.59,51.47374301,7.39663349,166.05,20.64,0.00,321.32,0,-108.00,-13.00,0.00,0.00,33.00,0.00,0,392
486.00,1551418461,11347.59,51.47374301,7.39663349,166.05,20.64,0.00,321.32,0,-112.00,-16.00,0.00,0.00,33.00,0.00,0,57
487.00,1551418462,11368.19,51.47389086,7.39644308,166.23,21.19,0.00,321.64,0,-108.00,-13.00,0.00,0.00,33.00,0.00,0,392
487.00,1551418462,11368.19,51.47389086,7.39644308,166.23,21.19,0.00,321.64,0,-112.00,-16.00,0.00,0.00,33.00,0.00,0,57
488.00,1551418463,11389.37,51.47404593,7.39624608,166.66,21.66,0.00,321.40,0,-106.00,-19.00,0.00,0.00,38.00,0.00,0,312
488.00,1551418463,11389.39,51.47404593,7.39624608,166.66,21.66,0.00,321.40,0,-109.00,-14.00,0.00,0.00,34.00,0.00,0,392
488.00,1551418463,11389.39,51.47404593,7.39624608,166.66,21.66,0.00,321.40,0,-112.00,-16.00,0.00,0.00,34.00,0.00,0,57
489.00,1551418464,11411.03,51.47420453,7.39604623,166.90,21.89,0.00,321.53,0,-106.00,-19.00,0.00,0.00,38.00,0.00,0,312
489.00,1551418464,11411.05,51.47420453,7.39604623,166.90,21.89,0.00,321.53,0,-109.00,-14.00,0.00,0.00,34.00,0.00,0,392
489.00,1551418464,11411.05,51.47420453,7.39604623,166.90,21.89,0.00,321.53,0,-112.00,-16.00,0.00,0.00,34.00,0.00,0,57
490.00,1551418465,11432.92,51.47437768,7.39585526,167.23,22.21,0.00,324.62,0,-110.00,-12.00,0.00,0.00,28.00,0.00,0,312
490.00,1551418465,11432.92,51.47437768,7.39585526,167.23,22.21,0.00,324.62,0,-106.00,-12.00,0.00,0.00,36.00,0.00,0,57
490.00,1551418465,11432.95,51.47437768,7.39585526,167.23,22.21,0.00,324.62,0,-108.00,-14.00,0.00,0.00,35.00,0.00,0,392
491.00,1551418466,11455.13,51.47455344,7.39566565,167.55,21.57,0.00,323.77,0,-110.00,-12.00,0.00,0.00,28.00,0.00,0,312
491.00,1551418466,11455.15,51.47455344,7.39566565,167.55,21.57,0.00,323.77,0,-106.00,-12.00,0.00,0.00,36.00,0.00,0,57
491.00,1551418466,11455.15,51.47455344,7.39566565,167.55,21.57,0.00,323.77,0,-108.00,-14.00,0.00,0.00,35.00,0.00,0,392
492.00,1551418467,11476.72,51.47472950,7.39547473,167.98,21.85,0.00,323.98,0,-106.00,-12.00,0.00,0.00,32.00,0.00,0,120
492.00,1551418467,11476.72,51.47472950,7.39547473,167.98,21.85,0.00,323.98,0,-111.00,-16.00,0.00,0.00,33.00,0.00,0,312
492.00,1551418467,11476.72,51.47472950,7.39547473,167.98,21.85,0.00,323.98,0,-106.00,-12.00,0.00,0.00,36.00,0.00,0,57
492.00,1551418467,11476.74,51.47472950,7.39547473,167.98,21.85,0.00,323.98,0,-107.00,-14.00,0.00,0.00,36.00,0.00,0,392
493.00,1551418468,11498.57,51.47490150,7.39529479,168.32,22.22,0.00,325.71,0,-106.00,-12.00,0.00,0.00,32.00,0.00,0,120
493.00,1551418468,11498.60,51.47490150,7.39529479,168.32,22.22,0.00,325.71,0,-111.00,-16.00,0.00,0.00,33.00,0.00,0,312
493.00,1551418468,11498.60,51.47490150,7.39529479,168.32,22.22,0.00,325.71,0,-106.00,-12.00,0.00,0.00,36.00,0.00,0,57
493.00,1551418468,11498.60,51.47490150,7.39529479,168.32,22.22,0.00,325.71,0,-107.00,-14.00,0.00,0.00,36.00,0.00,0,392
494.01,1551418469,11520.91,51.47506998,7.39512047,168.61,22.16,0.00,326.91,0,-107.00,-9.00,0.00,0.00,28.00,0.00,0,120
494.01,1551418469,11520.93,51.47506998,7.39512047,168.61,22.16,0.00,326.91,0,-107.00,-9.00,0.00,0.00,27.00,0.00,0,312
494.01,1551418469,11520.93,51.47506998,7.39512047,168.61,22.16,0.00,326.91,0,-111.00,-13.00,0.00,0.00,27.00,0.00,0,378
494.01,1551418469,11520.93,51.47506998,7.39512047,168.61,22.16,0.00,326.91,0,-104.00,-12.00,0.00,0.00,38.00,0.00,0,392
494.01,1551418469,11520.95,51.47506998,7.39512047,168.61,22.16,0.00,326.91,0,-108.00,-16.00,0.00,0.00,38.00,0.00,0,57
495.00,1551418470,11542.96,51.47524105,7.39495113,169.00,22.30,0.00,328.51,0,-107.00,-9.00,0.00,0.00,28.00,0.00,0,120
495.00,1551418470,11542.96,51.47524105,7.39495113,169.00,22.30,0.00,328.51,0,-107.00,-9.00,0.00,0.00,27.00,0.00,0,312
495.00,1551418470,11542.98,51.47524105,7.39495113,169.00,22.30,0.00,328.51,0,-111.00,-13.00,0.00,0.00,27.00,0.00,0,378
495.00,1551418470,11542.98,51.47524105,7.39495113,169.00,22.30,0.00,328.51,0,-104.00,-12.00,0.00,0.00,38.00,0.00,0,392
495.00,1551418470,11542.98,51.47524105,7.39495113,169.00,22.30,0.00,328.51,0,-108.00,-16.00,0.00,0.00,38.00,0.00,0,57
496.00,1551418471,11565.26,51.47540866,7.39478280,169.38,23.17,0.00,329.51,0,-107.00,-9.00,0.00,0.00,28.00,0.00,0,120
496.00,1551418471,11565.26,51.47540866,7.39478280,169.38,23.17,0.00,329.51,0,-107.00,-9.00,0.00,0.00,27.00,0.00,0,312
496.00,1551418471,11565.29,51.47540866,7.39478280,169.38,23.17,0.00,329.51,0,-111.00,-13.00,0.00,0.00,27.00,0.00,0,378
496.00,1551418471,11565.29,51.47540866,7.39478280,169.38,23.17,0.00,329.51,0,-104.00,-12.00,0.00,0.00,38.00,0.00,0,392
496.00,1551418471,11565.29,51.47540866,7.39478280,169.38,23.17,0.00,329.51,0,-108.00,-16.00,0.00,0.00,38.00,0.00,0,57
497.00,1551418472,11588.43,51.47558312,7.39461079,169.96,22.75,0.00,328.37,0,-108.00,-9.00,0.00,0.00,27.00,0.00,0,449
497.00,1551418472,11588.43,51.47558312,7.39461079,169.96,22.75,0.00,328.37,0,-111.00,-12.00,0.00,0.00,26.00,0.00,0,120
497.00,1551418472,11588.43,51.47558312,7.39461079,169.96,22.75,0.00,328.37,0,-113.00,-14.00,0.00,0.00,27.00,0.00,0,378
497.00,1551418472,11588.45,51.47558312,7.39461079,169.96,22.75,0.00,328.37,0,-95.00,-8.00,0.00,0.00,39.00,0.00,0,392
498.00,1551418473,11611.16,51.47575140,7.39444242,170.62,23.08,0.00,328.73,0,-108.00,-9.00,0.00,0.00,27.00,0.00,0,449
498.00,1551418473,11611.19,51.47575140,7.39444242,170.62,23.08,0.00,328.73,0,-111.00,-12.00,0.00,0.00,26.00,0.00,0,120
498.00,1551418473,11611.19,51.47575140,7.39444242,170.62,23.08,0.00,328.73,0,-113.00,-14.00,0.00,0.00,27.00,0.00,0,378
498.00,1551418473,11611.19,51.47575140,7.39444242,170.62,23.08,0.00,328.73,0,-95.00,-8.00,0.00,0.00,39.00,0.00,0,392
505.00,1551418480,11772.74,51.47705838,7.39338724,173.58,22.39,0.00,336.77,0,-110.00,-13.00,0.00,0.00,28.00,0.00,0,312
506.00,1551418481,11795.12,51.47724183,7.39327257,173.82,21.39,0.00,338.85,0,-110.00,-13.00,0.00,0.00,28.00,0.00,0,312
507.00,1551418482,11816.53,51.47742107,7.39317733,174.33,20.48,0.00,341.38,0,-108.00,-9.00,0.00,0.00,27.00,0.00,0,120
507.00,1551418482,11816.53,51.47742107,7.39317733,174.33,20.48,0.00,341.38,0,-110.00,-10.00,0.00,0.00,25.00,0.00,0,312
507.00,1551418482,11816.53,51.47742107,7.39317733,174.33,20.48,0.00,341.38,0,-112.00,-14.00,0.00,0.00,27.00,0.00,0,378
508.00,1551418483,11836.99,51.47758489,7.39311665,174.70,19.25,0.00,347.07,0,-108.00,-9.00,0.00,0.00,27.00,0.00,0,120
508.00,1551418483,11837.01,51.47758489,7.39311665,174.70,19.25,0.00,347.07,0,-110.00,-10.00,0.00,0.00,25.00,0.00,0,312
508.00,1551418483,11837.01,51.47758489,7.39311665,174.70,19.25,0.00,347.07,0,-112.00,-14.00,0.00,0.00,27.00,0.00,0,378
509.00,1551418484,11856.25,51.47776150,7.39306376,174.76,18.40,0.00,349.24,0,-105.00,-10.00,0.00,0.00,30.00,0.00,0,378
509.00,1551418484,11856.26,51.47776150,7.39306376,174.76,18.40,0.00,349.24,0,-107.00,-10.00,0.00,0.00,28.00,0.00,0,120
509.00,1551418484,11856.26,51.47776150,7.39306376,174.76,18.40,0.00,349.24,0,-108.00,-9.00,0.00,0.00,27.00,0.00,0,312
510.00,1551418485,11874.66,51.47794148,7.39303099,174.31,18.46,0.00,353.04,0,-105.00,-10.00,0.00,0.00,30.00,0.00,0,378
510.00,1551418485,11874.66,51.47794148,7.39303099,174.31,18.46,0.00,353.04,0,-107.00,-10.00,0.00,0.00,28.00,0.00,0,120
510.00,1551418485,11874.66,51.47794148,7.39303099,174.31,18.46,0.00,353.04,0,-108.00,-9.00,0.00,0.00,27.00,0.00,0,312
511.00,1551418486,11893.10,51.47812147,7.39306467,174.03,18.84,0.00,7.41,0,-105.00,-11.00,0.00,0.00,31.00,0.00,0,120
512.00,1551418487,11911.94,51.47829501,7.39310763,173.68,19.06,0.00,9.30,0,-105.00,-11.00,0.00,0.00,31.00,0.00,0,120
536.00,1551418511,12257.05,51.48074205,7.39473336,182.86,16.08,0.00,57.87,0,-91.00,-10.00,0.00,0.00,50.00,0.00,0,431
537.00,1551418512,12273.10,51.48081451,7.39492016,183.19,16.11,0.00,58.28,0,-91.00,-10.00,0.00,0.00,50.00,0.00,0,431
538.00,1551418513,12289.16,51.48089175,7.39512760,183.41,16.24,0.00,58.66,0,-91.00,-10.00,0.00,0.00,50.00,0.00,0,431
549.00,1551418524,12459.15,51.48164955,7.39722159,185.07,13.69,0.00,56.64,0,-107.00,-15.00,0.00,0.00,34.00,0.00,0,378
550.00,1551418525,12472.83,51.48171758,7.39737739,184.97,13.23,0.00,55.61,0,-107.00,-15.00,0.00,0.00,34.00,0.00,0,378
553.00,1551418528,12510.64,51.48190854,7.39780399,185.01,11.68,0.00,53.33,0,-103.00,-14.00,0.00,0.00,36.00,0.00,0,448
554.00,1551418529,12522.32,51.48197398,7.39793487,184.96,11.26,0.00,52.37,0,-103.00,-14.00,0.00,0.00,36.00,0.00,0,448
557.01,1551418532,12554.72,51.48216151,7.39826450,185.60,9.92,0.00,48.74,0,-99.00,-13.00,0.00,0.00,40.00,0.00,0,448
558.00,1551418533,12564.57,51.48221802,7.39836236,185.70,9.53,0.00,47.47,0,-99.00,-13.00,0.00,0.00,40.00,0.00,0,448
559.00,1551418534,12574.11,51.48227780,7.39845740,185.85,9.05,0.00,45.92,0,-99.00,-13.00,0.00,0.00,40.00,0.00,0,448
560.00,1551418535,12583.16,51.48234358,7.39854932,186.26,8.94,0.00,44.10,0,-95.00,-10.00,0.00,0.00,40.00,0.00,0,448
560.00,1551418535,12583.16,51.48234358,7.39854932,186.26,8.94,0.00,44.10,0,-83.00,-9.00,0.00,0.00,56.00,0.00,0,52
561.00,1551418536,12592.10,51.48240948,7.39863790,186.54,8.84,0.00,42.76,0,-95.00,-10.00,0.00,0.00,40.00,0.00,0,448
561.00,1551418536,12592.10,51.48240948,7.39863790,186.54,8.84,0.00,42.76,0,-83.00,-9.00,0.00,0.00,56.00,0.00,0,52
562.00,1551418537,12600.94,51.48247809,7.39872141,187.05,8.90,0.00,41.01,0,-100.00,-11.00,0.00,0.00,36.00,0.00,0,448
562.00,1551418537,12600.95,51.48247809,7.39872141,187.05,8.90,0.00,41.01,0,-88.00,-9.00,0.00,0.00,50.00,0.00,0,52
563.00,1551418538,12609.85,51.48254343,7.39879835,187.28,8.77,0.00,39.33,0,-100.00,-11.00,0.00,0.00,36.00,0.00,0,448
563.00,1551418538,12609.86,51.48254343,7.39879835,187.28,8.77,0.00,39.33,0,-88.00,-9.00,0.00,0.00,50.00,0.00,0,52
564.00,1551418539,12618.62,51.48260951,7.39887287,187.42,8.78,0.00,37.82,0,-98.00,-10.00,0.00,0.00,37.00,0.00,0,448
564.00,1551418539,12618.63,51.48260951,7.39887287,187.42,8.78,0.00,37.82,0,-88.00,-8.00,0.00,0.00,51.00,0.00,0,52
565.00,1551418540,12627.40,51.48267766,7.39894785,187.70,9.25,0.00,36.93,0,-98.00,-10.00,0.00,0.00,37.00,0.00,0,448
565.00,1551418540,12627.40,51.48267766,7.39894785,187.70,9.25,0.00,36.93,0,-88.00,-8.00,0.00,0.00,51.00,0.00,0,52
566.00,1551418541,12636.64,51.48274816,7.39902416,187.88,9.24,0.00,36.01,0,-84.00,-6.00,0.00,0.00,49.00,0.00,0,448
566.00,1551418541,12636.64,51.48274816,7.39902416,187.88,9.24,0.00,36.01,0,-83.00,-8.00,0.00,0.00,54.00,0.00,0,52
567.00,1551418542,12645.88,51.48281744,7.39909852,187.98,9.37,0.00,35.50,0,-84.00,-6.00,0.00,0.00,49.00,0.00,0,448
567.00,1551418542,12645.89,51.48281744,7.39909852,187.98,9.37,0.00,35.50,0,-83.00,-8.00,0.00,0.00,54.00,0.00,0,52
568.00,1551418543,12655.26,51.48289651,7.39918459,188.21,10.71,0.00,34.99,0,-90.00,-8.00,0.00,0.00,43.00,0.00,0,448
568.00,1551418543,12655.27,51.48289651,7.39918459,188.21,10.71,0.00,34.99,0,-87.00,-8.00,0.00,0.00,51.00,0.00,0,52
569.00,1551418544,12665.97,51.48298446,7.39928141,188.11,12.14,0.00,34.43,0,-90.00,-8.00,0.00,0.00,43.00,0.00,0,448
569.00,1551418544,12665.97,51.48298446,7.39928141,188.11,12.14,0.00,34.43,0,-87.00,-8.00,0.00,0.00,51.00,0.00,0,52
570.00,1551418545,12678.11,51.48308229,7.39938682,188.10,12.96,0.00,33.86,0,-90.00,-8.00,0.00,0.00,43.00,0.00,0,448
570.00,1551418545,12678.11,51.48308229,7.39938682,188.10,12.96,0.00,33.86,0,-82.00,-7.00,0.00,0.00,55.00,0.00,0,52
571.00,1551418546,12691.10,51.48318724,7.39949767,188.31,14.12,0.00,33.52,0,-90.00,-8.00,0.00,0.00,43.00,0.00,0,448
571.00,1551418546,12691.11,51.48318724,7.39949767,188.31,14.12,0.00,33.52,0,-82.00,-7.00,0.00,0.00,55.00,0.00,0,52
572.00,1551418547,12705.18,51.48329844,7.39961525,188.45,14.39,0.00,33.29,0,-94.00,-12.00,0.00,0.00,44.00,0.00,0,449
573.00,1551418548,12719.57,51.48340080,7.39972688,188.31,14.17,0.00,33.47,0,-94.00,-12.00,0.00,0.00,44.00,0.00,0,449
574.00,1551418549,12733.74,51.48349980,7.39983623,187.95,14.02,0.00,33.53,0,-99.00,-11.00,0.00,0.00,37.00,0.00,0,313
575.00,1551418550,12747.78,51.48360215,7.39994899,187.46,13.68,0.00,34.32,0,-99.00,-11.00,0.00,0.00,37.00,0.00,0,313
585.00,1551418560,12876.09,51.48453921,7.40106404,183.88,12.19,0.00,40.10,0,-101.00,-12.00,0.00,0.00,37.00,0.00,0,313
586.00,1551418561,12888.27,51.48462705,7.40118747,184.21,12.37,0.00,41.09,0,-101.00,-12.00,0.00,0.00,37.00,0.00,0,313
587.00,1551418562,12900.64,51.48470786,7.40130524,184.31,12.33,0.00,41.52,0,-99.00,-12.00,0.00,0.00,38.00,0.00,0,313
588.00,1551418563,12912.98,51.48478751,7.40142144,184.68,12.05,0.00,41.86,0,-99.00,-12.00,0.00,0.00,38.00,0.00,0,313
589.00,1551418564,12925.03,51.48486707,7.40154173,184.94,11.83,0.00,41.37,0,-98.00,-11.00,0.00,0.00,38.00,0.00,0,313
590.00,1551418565,12936.85,51.48494327,7.40165022,185.27,11.76,0.00,41.03,0,-98.00,-11.00,0.00,0.00,38.00,0.00,0,313
591.00,1551418566,12948.63,51.48502171,7.40176256,185.30,11.75,0.00,41.60,0,-99.00,-11.00,0.00,0.00,37.00,0.00,0,313
592.00,1551418567,12960.36,51.48509479,7.40187350,185.23,11.16,0.00,42.91,0,-99.00,-11.00,0.00,0.00,37.00,0.00,0,313
593.00,1551418568,12971.53,51.48516085,7.40199051,185.25,11.15,0.00,44.02,0,-101.00,-11.00,0.00,0.00,36.00,0.00,0,313
594.00,1551418569,12982.68,51.48522783,7.40211425,184.96,10.78,0.00,45.16,0,-101.00,-11.00,0.00,0.00,36.00,0.00,0,313
610.00,1551418585,13123.90,51.48622104,7.40224792,179.90,12.75,0.00,327.16,0,-93.00,-8.00,0.00,0.00,40.00,0.00,0,451
611.00,1551418586,13136.64,51.48631852,7.40215792,180.13,13.56,0.00,329.13,0,-93.00,-8.00,0.00,0.00,40.00,0.00,0,451
612.00,1551418587,13150.21,51.48642448,7.40207257,180.48,12.76,0.00,331.48,0,-98.00,-12.00,0.00,0.00,39.00,0.00,0,451
612.00,1551418587,13150.21,51.48642448,7.40207257,180.48,12.76,0.00,331.48,0,-99.00,-13.00,0.00,0.00,39.00,0.00,0,313
613.00,1551418588,13162.97,51.48652790,7.40199699,180.89,12.03,0.00,334.09,0,-98.00,-12.00,0.00,0.00,39.00,0.00,0,451
613.00,1551418588,13162.97,51.48652790,7.40199699,180.89,12.03,0.00,334.09,0,-99.00,-13.00,0.00,0.00,39.00,0.00,0,313
614.00,1551418589,13174.99,51.48663090,7.40193246,181.15,12.05,0.00,337.00,0,-97.00,-11.00,0.00,0.00,40.00,0.00,0,481
614.00,1551418589,13174.99,51.48663090,7.40193246,181.15,12.05,0.00,337.00,0,-98.00,-11.00,0.00,0.00,39.00,0.00,0,313
614.00,1551418589,13175.01,51.48663090,7.40193246,181.15,12.05,0.00,337.00,0,-99.00,-12.00,0.00,0.00,38.00,0.00,0,451
615.00,1551418590,13187.04,51.48673813,7.40187364,181.35,12.29,0.00,339.86,0,-97.00,-11.00,0.00,0.00,40.00,0.00,0,481
615.00,1551418590,13187.05,51.48673813,7.40187364,181.35,12.29,0.00,339.86,0,-98.00,-11.00,0.00,0.00,39.00,0.00,0,313
615.00,1551418590,13187.05,51.48673813,7.40187364,181.35,12.29,0.00,339.86,0,-99.00,-12.00,0.00,0.00,38.00,0.00,0,451
616.00,1551418591,13199.33,51.48684153,7.40182806,181.26,12.11,0.00,342.26,0,-95.00,-9.00,0.00,0.00,39.00,0.00,0,313
616.00,1551418591,13199.34,51.48684153,7.40182806,181.26,12.11,0.00,342.26,0,-100.00,-12.00,0.00,0.00,38.00,0.00,0,451
616.00,1551418591,13199.34,51.48684153,7.40182806,181.26,12.11,0.00,342.26,0,-96.00,-11.00,0.00,0.00,45.00,0.00,0,13
616.00,1551418591,13199.34,51.48684153,7.40182806,181.26,12.11,0.00,342.26,0,-100.00,-16.00,0.00,0.00,45.00,0.00,0,16
617.00,1551418592,13211.44,51.48695022,7.40178662,181.30,12.33,0.00,344.57,0,-95.00,-9.00,0.00,0.00,39.00,0.00,0,313
617.00,1551418592,13211.45,51.48695022,7.40178662,181.30,12.33,0.00,344.57,0,-100.00,-12.00,0.00,0.00,38.00,0.00,0,451
617.00,1551418592,13211.45,51.48695022,7.40178662,181.30,12.33,0.00,344.57,0,-96.00,-11.00,0.00,0.00,45.00,0.00,0,13
617.00,1551418592,13211.45,51.48695022,7.40178662,181.30,12.33,0.00,344.57,0,-100.00,-16.00,0.00,0.00,45.00,0.00,0,16
618.00,1551418593,13223.76,51.48704750,7.40175997,181.11,12.10,0.00,346.68,0,-93.00,-9.00,0.00,0.00,41.00,0.00,0,451
619.00,1551418594,13235.86,51.48715041,7.40173660,180.93,11.92,0.00,349.06,0,-93.00,-9.00,0.00,0.00,41.00,0.00,0,451
620.00,1551418595,13247.85,51.48726017,7.40171689,180.85,11.90,0.00,351.14,0,-89.00,-9.00,0.00,0.00,46.00,0.00,0,451
621.00,1551418596,13259.69,51.48736911,7.40170320,180.61,11.79,0.00,353.35,0,-89.00,-9.00,0.00,0.00,46.00,0.00,0,451
622.00,1551418597,13271.46,51.48747971,7.40169803,180.44,11.79,0.00,355.35,0,-89.00,-9.00,0.00,0.00,46.00,0.00,0,451
623.00,1551418598,13283.26,51.48759201,7.40169834,180.46,11.10,0.00,357.18,0,-91.00,-11.00,0.00,0.00,46.00,0.00,0,451
624.00,1551418599,13294.35,51.48768555,7.40170573,180.31,10.47,0.00,358.25,0,-91.00,-11.00,0.00,0.00,46.00,0.00,0,451
625.00,1551418600,13304.81,51.48776820,7.40171472,179.80,10.11,0.00,359.03,0,-89.00,-9.00,0.00,0.00,46.00,0.00,0,451
626.00,1551418601,13314.93,51.48785421,7.40172218,179.23,9.79,0.00,359.52,0,-89.00,-9.00,0.00,0.00,46.00,0.00,0,451
627.00,1551418602,13324.73,51.48793873,7.40172898,178.80,9.71,0.00,359.90,0,-92.00,-11.00,0.00,0.00,46.00,0.00,0,451
628.00,1551418603,13334.46,51.48802579,7.40174000,178.35,9.59,0.00,0.38,0,-92.00,-11.00,0.00,0.00,46.00,0.00,0,451
629.00,1551418604,13344.03,51.48811152,7.40175109,177.70,9.24,0.00,0.19,0,-92.00,-8.00,0.00,0.00,41.00,0.00,0,451
629.00,1551418604,13344.04,51.48811152,7.40175109,177.70,9.24,0.00,0.19,0,-131.00,-17.00,0.00,0.00,17.00,0.00,0,227
629.00,1551418604,13344.04,51.48811152,7.40175109,177.70,9.24,0.00,0.19,0,-123.00,-15.00,0.00,0.00,27.00,0.00,0,112
629.00,1551418604,13344.04,51.48811152,7.40175109,177.70,9.24,0.00,0.19,0,-124.00,-18.00,0.00,0.00,27.00,0.00,0,348
630.00,1551418605,13353.27,51.48819217,7.40175756,177.18,9.00,0.00,0.34,0,-92.00,-8.00,0.00,0.00,41.00,0.00,0,451
630.00,1551418605,13353.28,51.48819217,7.40175756,177.18,9.00,0.00,0.34,0,-131.00,-17.00,0.00,0.00,17.00,0.00,0,227
630.00,1551418605,13353.28,51.48819217,7.40175756,177.18,9.00,0.00,0.34,0,-123.00,-15.00,0.00,0.00,27.00,0.00,0,112
630.00,1551418605,13353.28,51.48819217,7.40175756,177.18,9.00,0.00,0.34,0,-124.00,-18.00,0.00,0.00,27.00,0.00,0,348
631.00,1551418606,13362.27,51.48826936,7.40176272,176.79,8.48,0.00,0.17,0,-89.00,-7.00,0.00,0.00,44.00,0.00,0,451
631.00,1551418606,13362.28,51.48826936,7.40176272,176.79,8.48,0.00,0.17,0,-131.00,-17.00,0.00,0.00,17.00,0.00,0,227
631.00,1551418606,13362.28,51.48826936,7.40176272,176.79,8.48,0.00,0.17,0,-123.00,-15.00,0.00,0.00,27.00,0.00,0,112
631.00,1551418606,13362.28,51.48826936,7.40176272,176.79,8.48,0.00,0.17,0,-124.00,-18.00,0.00,0.00,27.00,0.00,0,348
632.00,1551418607,13370.75,51.48834910,7.40176673,176.64,7.94,0.00,0.54,0,-89.00,-7.00,0.00,0.00,44.00,0.00,0,451
632.00,1551418607,13370.75,51.48834910,7.40176673,176.64,7.94,0.00,0.54,0,-131.00,-17.00,0.00,0.00,17.00,0.00,0,227
632.00,1551418607,13370.75,51.48834910,7.40176673,176.64,7.94,0.00,0.54,0,-123.00,-15.00,0.00,0.00,27.00,0.00,0,112
632.00,1551418607,13370.76,51.48834910,7.40176673,176.64,7.94,0.00,0.54,0,-124.00,-18.00,0.00,0.00,27.00,0.00,0,348
633.00,1551418608,13378.68,51.48843001,7.40177033,176.62,7.91,0.00,0.52,0,-84.00,-6.00,0.00,0.00,48.00,0.00,0,451
633.00,1551418608,13378.68,51.48843001,7.40177033,176.62,7.91,0.00,0.52,0,-131.00,-16.00,0.00,0.00,17.00,0.00,0,227
633.00,1551418608,13378.69,51.48843001,7.40177033,176.62,7.91,0.00,0.52,0,-123.00,-15.00,0.00,0.00,27.00,0.00,0,112
633.00,1551418608,13378.69,51.48843001,7.40177033,176.62,7.91,0.00,0.52,0,-124.00,-18.00,0.00,0.00,27.00,0.00,0,348
634.00,1551418609,13386.60,51.48850467,7.40177011,176.99,7.70,0.00,0.63,0,-84.00,-6.00,0.00,0.00,48.00,0.00,0,451
634.00,1551418609,13386.60,51.48850467,7.40177011,176.99,7.70,0.00,0.63,0,-131.00,-16.00,0.00,0.00,17.00,0.00,0,227
634.00,1551418609,13386.60,51.48850467,7.40177011,176.99,7.70,0.00,0.63,0,-123.00,-15.00,0.00,0.00,27.00,0.00,0,112
634.00,1551418609,13386.60,51.48850467,7.40177011,176.99,7.70,0.00,0.63,0,-124.00,-18.00,0.00,0.00,27.00,0.00,0,348
635.00,1551418610,13394.29,51.48856500,7.40176861,177.54,6.64,0.00,0.35,0,-110.00,-19.00,0.00,0.00,39.00,0.00,0,17
635.00,1551418610,13394.29,51.48856500,7.40176861,177.54,6.64,0.00,0.35,0,-112.00,-20.00,0.00,0.00,38.00,0.00,0,348
635.00,1551418610,13394.30,51.48856500,7.40176861,177.54,6.64,0.00,0.35,0,-113.00,-19.00,0.00,0.00,39.00,0.00,0,112
635.00,1551418610,13394.30,51.48856500,7.40176861,177.54,6.64,0.00,0.35,0,-131.00,-20.00,0.00,0.00,21.00,0.00,0,227
636.00,1551418611,13400.94,51.48861745,7.40176552,178.21,6.29,0.00,359.97,0,-110.00,-19.00,0.00,0.00,39.00,0.00,0,17
636.00,1551418611,13400.94,51.48861745,7.40176552,178.21,6.29,0.00,359.97,0,-112.00,-20.00,0.00,0.00,38.00,0.00,0,348
636.00,1551418611,13400.94,51.48861745,7.40176552,178.21,6.29,0.00,359.97,0,-113.00,-19.00,0.00,0.00,39.00,0.00,0,112
636.00,1551418611,13400.94,51.48861745,7.40176552,178.21,6.29,0.00,359.97,0,-131.00,-20.00,0.00,0.00,21.00,0.00,0,227
637.00,1551418612,13407.24,51.48866622,7.40176434,178.71,4.84,0.00,359.90,0,-116.00,-20.00,0.00,0.00,34.00,0.00,0,17
637.00,1551418612,13407.24,51.48866622,7.40176434,178.71,4.84,0.00,359.90,0,-116.00,-19.00,0.00,0.00,34.00,0.00,0,112
637.00,1551418612,13407.24,51.48866622,7.40176434,178.71,4.84,0.00,359.90,0,-116.00,-20.00,0.00,0.00,34.00,0.00,0,348
637.00,1551418612,13407.25,51.48866622,7.40176434,178.71,4.84,0.00,359.90,0,-131.00,-20.00,0.00,0.00,21.00,0.00,0,227
638.00,1551418613,13412.07,51.48870531,7.40176473,178.74,3.80,0.00,359.41,0,-116.00,-20.00,0.00,0.00,34.00,0.00,0,17
638.00,1551418613,13412.07,51.48870531,7.40176473,178.74,3.80,0.00,359.41,0,-116.00,-19.00,0.00,0.00,34.00,0.00,0,112
638.00,1551418613,13412.07,51.48870531,7.40176473,178.74,3.80,0.00,359.41,0,-116.00,-20.00,0.00,0.00,34.00,0.00,0,348
638.00,1551418613,13412.07,51.48870531,7.40176473,178.74,3.80,0.00,359.41,0,-131.00,-20.00,0.00,0.00,21.00,0.00,0,227
639.00,1551418614,13415.88,51.48875416,7.40176336,179.26,4.42,0.00,0.06,0,-116.00,-20.00,0.00,0.00,33.00,0.00,0,17
639.00,1551418614,13415.88,51.48875416,7.40176336,179.26,4.42,0.00,0.06,0,-117.00,-19.00,0.00,0.00,33.00,0.00,0,112
639.00,1551418614,13415.88,51.48875416,7.40176336,179.26,4.42,0.00,0.06,0,-117.00,-20.00,0.00,0.00,33.00,0.00,0,348
639.00,1551418614,13415.88,51.48875416,7.40176336,179.26,4.42,0.00,0.06,0,-131.00,-20.00,0.00,0.00,21.00,0.00,0,227
640.00,1551418615,13420.30,51.48879990,7.40176114,179.41,4.17,0.00,0.44,0,-116.00,-20.00,0.00,0.00,33.00,0.00,0,17
640.00,1551418615,13420.30,51.48879990,7.40176114,179.41,4.17,0.00,0.44,0,-117.00,-19.00,0.00,0.00,33.00,0.00,0,112
640.00,1551418615,13420.30,51.48879990,7.40176114,179.41,4.17,0.00,0.44,0,-117.00,-20.00,0.00,0.00,33.00,0.00,0,348
640.00,1551418615,13420.30,51.48879990,7.40176114,179.41,4.17,0.00,0.44,0,-131.00,-20.00,0.00,0.00,21.00,0.00,0,227
641.01,1551418616,13424.49,51.48883890,7.40176106,179.25,4.40,0.00,359.96,0,-116.00,-19.00,0.00,0.00,33.00,0.00,0,17
641.01,1551418616,13424.49,51.48883890,7.40176106,179.25,4.40,0.00,359.96,0,-117.00,-19.00,0.00,0.00,33.00,0.00,0,348
641.01,1551418616,13424.49,51.48883890,7.40176106,179.25,4.40,0.00,359.96,0,-117.00,-19.00,0.00,0.00,33.00,0.00,0,112
641.01,1551418616,13424.49,51.48883890,7.40176106,179.25,4.40,0.00,359.96,0,-131.00,-20.00,0.00,0.00,21.00,0.00,0,227
642.00,1551418617,13428.87,51.48888382,7.40175843,179.12,4.90,0.00,359.44,0,-116.00,-19.00,0.00,0.00,33.00,0.00,0,17
642.00,1551418617,13428.87,51.48888382,7.40175843,179.12,4.90,0.00,359.44,0,-117.00,-19.00,0.00,0.00,33.00,0.00,0,348
642.00,1551418617,13428.87,51.48888382,7.40175843,179.12,4.90,0.00,359.44,0,-117.00,-19.00,0.00,0.00,33.00,0.00,0,112
642.00,1551418617,13428.87,51.48888382,7.40175843,179.12,4.90,0.00,359.44,0,-131.00,-20.00,0.00,0.00,21.00,0.00,0,227
643.00,1551418618,13433.76,51.48893629,7.40175692,179.17,5.54,0.00,359.55,0,-116.00,-19.00,0.00,0.00,33.00,0.00,0,17
643.00,1551418618,13433.76,51.48893629,7.40175692,179.17,5.54,0.00,359.55,0,-117.00,-19.00,0.00,0.00,33.00,0.00,0,348
643.00,1551418618,13433.76,51.48893629,7.40175692,179.17,5.54,0.00,359.55,0,-117.00,-19.00,0.00,0.00,33.00,0.00,0,112
643.00,1551418618,13433.77,51.48893629,7.40175692,179.17,5.54,0.00,359.55,0,-131.00,-20.00,0.00,0.00,21.00,0.00,0,227
644.00,1551418619,13439.30,51.48897781,7.40175629,178.66,5.70,0.00,359.78,0,-131.00,-18.00,0.00,0.00,19.00,0.00,0,227
645.00,1551418620,13445.00,51.48903057,7.40175832,177.95,6.81,0.00,359.31,0,-131.00,-18.00,0.00,0.00,19.00,0.00,0,227
646.00,1551418621,13451.81,51.48909837,7.40175981,177.40,8.02,0.00,0.25,0,-131.00,-18.00,0.00,0.00,18.00,0.00,0,227
647.00,1551418622,13459.84,51.48915999,7.40176116,176.67,8.24,0.00,0.68,0,-131.00,-18.00,0.00,0.00,18.00,0.00,0,227
650.00,1551418625,13483.50,51.48935108,7.40180832,174.45,5.76,0.00,29.62,0,-81.00,-8.00,0.00,0.00,53.00,0.00,0,450
651.00,1551418626,13489.27,51.48939444,7.40188792,173.15,6.28,0.00,57.49,0,-81.00,-8.00,0.00,0.00,53.00,0.00,0,450
652.00,1551418627,13495.55,51.48941970,7.40199542,172.69,7.09,0.00,77.67,0,-85.00,-8.00,0.00,0.00,49.00,0.00,0,450
653.00,1551418628,13502.65,51.48943239,7.40210727,172.44,8.81,0.00,80.56,0,-85.00,-8.00,0.00,0.00,49.00,0.00,0,450
654.00,1551418629,13511.46,51.48944195,7.40224488,172.25,10.30,0.00,83.99,0,-86.00,-9.00,0.00,0.00,47.00,0.00,0,450
655.00,1551418630,13521.77,51.48944238,7.40238373,172.10,10.87,0.00,86.11,0,-86.00,-9.00,0.00,0.00,47.00,0.00,0,450
656.00,1551418631,13532.64,51.48944485,7.40253998,172.25,11.71,0.00,87.32,0,-87.00,-9.00,0.00,0.00,47.00,0.00,0,450
657.00,1551418632,13544.35,51.48944267,7.40272547,172.49,12.75,0.00,88.75,0,-87.00,-9.00,0.00,0.00,47.00,0.00,0,450
658.00,1551418633,13557.13,51.48944152,7.40290994,172.49,13.37,0.00,89.47,0,-84.00,-9.00,0.00,0.00,51.00,0.00,0,450
659.00,1551418634,13570.46,51.48943679,7.40309878,172.42,14.06,0.00,90.13,0,-84.00,-9.00,0.00,0.00,51.00,0.00,0,450
660.00,1551418635,13584.53,51.48943316,7.40329996,172.38,14.69,0.00,90.95,0,-90.00,-13.00,0.00,0.00,49.00,0.00,0,451
661.00,1551418636,13599.21,51.48942901,7.40351157,172.46,15.13,0.00,90.33,0,-90.00,-13.00,0.00,0.00,49.00,0.00,0,451
671.00,1551418646,13739.48,51.48940459,7.40551721,174.98,12.72,0.00,86.80,0,-78.00,-11.00,0.00,0.00,58.00,0.00,0,452
671.00,1551418646,13739.48,51.48940459,7.40551721,174.98,12.72,0.00,86.80,0,-105.00,-18.00,0.00,0.00,43.00,0.00,0,348
671.00,1551418646,13739.49,51.48940459,7.40551721,174.98,12.72,0.00,86.80,0,-105.00,-18.00,0.00,0.00,43.00,0.00,0,378
671.00,1551418646,13739.49,51.48940459,7.40551721,174.98,12.72,0.00,86.80,0,-106.00,-18.00,0.00,0.00,42.00,0.00,0,36
671.00,1551418646,13739.49,51.48940459,7.40551721,174.98,12.72,0.00,86.80,0,-130.00,-15.00,0.00,0.00,17.00,0.00,0,233
672.00,1551418647,13752.22,51.48941584,7.40570463,175.16,12.97,0.00,84.76,0,-78.00,-11.00,0.00,0.00,58.00,0.00,0,452
672.00,1551418647,13752.22,51.48941584,7.40570463,175.16,12.97,0.00,84.76,0,-105.00,-18.00,0.00,0.00,43.00,0.00,0,348
672.00,1551418647,13752.23,51.48941584,7.40570463,175.16,12.97,0.00,84.76,0,-105.00,-18.00,0.00,0.00,43.00,0.00,0,378
672.00,1551418647,13752.23,51.48941584,7.40570463,175.16,12.97,0.00,84.76,0,-106.00,-18.00,0.00,0.00,42.00,0.00,0,36
672.00,1551418647,13752.23,51.48941584,7.40570463,175.16,12.97,0.00,84.76,0,-130.00,-15.00,0.00,0.00,17.00,0.00,0,233
677.00,1551418652,13816.95,51.48952489,7.40663755,175.06,13.05,0.00,78.74,0,-113.00,-20.00,0.00,0.00,36.00,0.00,0,36
677.00,1551418652,13816.96,51.48952489,7.40663755,175.06,13.05,0.00,78.74,0,-111.00,-17.00,0.00,0.00,36.00,0.00,0,348
678.00,1551418653,13830.01,51.48955320,7.40683184,174.82,13.30,0.00,77.60,0,-113.00,-20.00,0.00,0.00,36.00,0.00,0,36
678.00,1551418653,13830.01,51.48955320,7.40683184,174.82,13.30,0.00,77.60,0,-111.00,-17.00,0.00,0.00,36.00,0.00,0,348
679.00,1551418654,13843.31,51.48958126,7.40701040,174.60,13.02,0.00,78.33,0,-113.00,-16.00,0.00,0.00,33.00,0.00,0,348
679.00,1551418654,13843.32,51.48958126,7.40701040,174.60,13.02,0.00,78.33,0,-124.00,-19.00,0.00,0.00,25.00,0.00,0,389
679.00,1551418654,13843.32,51.48958126,7.40701040,174.60,13.02,0.00,78.33,0,-124.00,-21.00,0.00,0.00,25.00,0.00,0,17
679.00,1551418654,13843.32,51.48958126,7.40701040,174.60,13.02,0.00,78.33,0,-123.00,-11.00,0.00,0.00,19.00,0.00,0,32
679.00,1551418654,13843.34,51.48958126,7.40701040,174.60,13.02,0.00,78.33,0,-127.00,-14.00,0.00,0.00,18.00,0.00,0,233
680.00,1551418655,13856.33,51.48960900,7.40720306,174.40,13.02,0.00,77.74,0,-113.00,-16.00,0.00,0.00,33.00,0.00,0,348
680.00,1551418655,13856.34,51.48960900,7.40720306,174.40,13.02,0.00,77.74,0,-124.00,-19.00,0.00,0.00,25.00,0.00,0,389
680.00,1551418655,13856.34,51.48960900,7.40720306,174.40,13.02,0.00,77.74,0,-124.00,-21.00,0.00,0.00,25.00,0.00,0,17
680.00,1551418655,13856.34,51.48960900,7.40720306,174.40,13.02,0.00,77.74,0,-123.00,-11.00,0.00,0.00,19.00,0.00,0,32
680.00,1551418655,13856.34,51.48960900,7.40720306,174.40,13.02,0.00,77.74,0,-127.00,-14.00,0.00,0.00,18.00,0.00,0,233
681.00,1551418656,13869.37,51.48963477,7.40738266,174.82,12.82,0.00,78.11,0,-121.00,-17.00,0.00,0.00,25.00,0.00,0,348
681.00,1551418656,13869.37,51.48963477,7.40738266,174.82,12.82,0.00,78.11,0,-124.00,-20.00,0.00,0.00,26.00,0.00,0,389
681.00,1551418656,13869.37,51.48963477,7.40738266,174.82,12.82,0.00,78.11,0,-127.00,-13.00,0.00,0.00,18.00,0.00,0,32
681.00,1551418656,13869.39,51.48963477,7.40738266,174.82,12.82,0.00,78.11,0,-129.00,-15.00,0.00,0.00,17.00,0.00,0,233
681.00,1551418656,13869.39,51.48963477,7.40738266,174.82,12.82,0.00,78.11,0,0.00,0.00,0.00,0.00,63.00,0.00,0,233
681.00,1551418656,13869.39,51.48963477,7.40738266,174.82,12.82,0.00,78.11,0,0.00,0.00,0.00,0.00,63.00,0.00,0,27
681.00,1551418656,13869.39,51.48963477,7.40738266,174.82,12.82,0.00,78.11,0,0.00,0.00,0.00,0.00,63.00,0.00,0,56
682.00,1551418657,13882.19,51.48966009,7.40756601,175.34,13.05,0.00,77.62,0,-121.00,-17.00,0.00,0.00,25.00,0.00,0,348
682.00,1551418657,13882.20,51.48966009,7.40756601,175.34,13.05,0.00,77.62,0,-124.00,-20.00,0.00,0.00,26.00,0.00,0,389
682.00,1551418657,13882.20,51.48966009,7.40756601,175.34,13.05,0.00,77.62,0,-127.00,-13.00,0.00,0.00,18.00,0.00,0,32
682.00,1551418657,13882.20,51.48966009,7.40756601,175.34,13.05,0.00,77.62,0,-129.00,-15.00,0.00,0.00,17.00,0.00,0,233
682.00,1551418657,13882.21,51.48966009,7.40756601,175.34,13.05,0.00,77.62,0,0.00,0.00,0.00,0.00,63.00,0.00,0,233
682.00,1551418657,13882.21,51.48966009,7.40756601,175.34,13.05,0.00,77.62,0,0.00,0.00,0.00,0.00,63.00,0.00,0,27
682.00,1551418657,13882.21,51.48966009,7.40756601,175.34,13.05,0.00,77.62,0,0.00,0.00,0.00,0.00,63.00,0.00,0,56
683.01,1551418658,13895.35,51.48968494,7.40773864,175.99,12.94,0.00,76.75,0,-122.00,-18.00,0.00,0.00,25.00,0.00,0,348
683.01,1551418658,13895.35,51.48968494,7.40773864,175.99,12.94,0.00,76.75,0,-122.00,-20.00,0.00,0.00,26.00,0.00,0,17
683.01,1551418658,13895.35,51.48968494,7.40773864,175.99,12.94,0.00,76.75,0,-124.00,-20.00,0.00,0.00,26.00,0.00,0,389
683.01,1551418658,13895.36,51.48968494,7.40773864,175.99,12.94,0.00,76.75,0,-129.00,-15.00,0.00,0.00,17.00,0.00,0,32
683.01,1551418658,13895.36,51.48968494,7.40773864,175.99,12.94,0.00,76.75,0,-130.00,-16.00,0.00,0.00,17.00,0.00,0,233
683.01,1551418658,13895.36,51.48968494,7.40773864,175.99,12.94,0.00,76.75,0,-74.00,-6.00,0.00,0.00,58.00,0.00,0,171
683.01,1551418658,13895.37,51.48968494,7.40773864,175.99,12.94,0.00,76.75,0,-81.00,-12.00,0.00,0.00,57.00,0.00,0,450
683.01,1551418658,13895.37,51.48968494,7.40773864,175.99,12.94,0.00,76.75,0,0.00,0.00,0.00,0.00,63.00,0.00,0,233
683.01,1551418658,13895.37,51.48968494,7.40773864,175.99,12.94,0.00,76.75,0,0.00,0.00,0.00,0.00,63.00,0.00,0,27
683.01,1551418658,13895.37,51.48968494,7.40773864,175.99,12.94,0.00,76.75,0,0.00,0.00,0.00,0.00,63.00,0.00,0,56
684.00,1551418659,13908.18,51.48971012,7.40791615,176.89,12.92,0.00,77.44,0,-122.00,-18.00,0.00,0.00,25.00,0.00,0,348
684.00,1551418659,13908.18,51.48971012,7.40791615,176.89,12.92,0.00,77.44,0,-122.00,-20.00,0.00,0.00,26.00,0.00,0,17
684.00,1551418659,13908.20,51.48971012,7.40791615,176.89,12.92,0.00,77.44,0,-124.00,-20.00,0.00,0.00,26.00,0.00,0,389
684.00,1551418659,13908.20,51.48971012,7.40791615,176.89,12.92,0.00,77.44,0,-129.00,-15.00,0.00,0.00,17.00,0.00,0,32
684.00,1551418659,13908.20,51.48971012,7.40791615,176.89,12.92,0.00,77.44,0,-130.00,-16.00,0.00,0.00,17.00,0.00,0,233
684.00,1551418659,13908.20,51.48971012,7.40791615,176.89,12.92,0.00,77.44,0,-74.00,-6.00,0.00,0.00,58.00,0.00,0,171
684.00,1551418659,13908.21,51.48971012,7.40791615,176.89,12.92,0.00,77.44,0,-81.00,-12.00,0.00,0.00,57.00,0.00,0,450
684.00,1551418659,13908.21,51.48971012,7.40791615,176.89,12.92,0.00,77.44,0,0.00,0.00,0.00,0.00,63.00,0.00,0,233
684.00,1551418659,13908.21,51.48971012,7.40791615,176.89,12.92,0.00,77.44,0,0.00,0.00,0.00,0.00,63.00,0.00,0,27
684.00,1551418659,13908.22,51.48971012,7.40791615,176.89,12.92,0.00,77.44,0,0.00,0.00,0.00,0.00,63.00,0.00,0,56
685.00,1551418660,13921.10,51.48973734,7.40809916,177.29,12.82,0.00,78.51,0,-122.00,-18.00,0.00,0.00,25.00,0.00,0,348
685.00,1551418660,13921.10,51.48973734,7.40809916,177.29,12.82,0.00,78.51,0,-122.00,-20.00,0.00,0.00,26.00,0.00,0,17
685.00,1551418660,13921.11,51.48973734,7.40809916,177.29,12.82,0.00,78.51,0,-124.00,-20.00,0.00,0.00,26.00,0.00,0,389
685.00,1551418660,13921.11,51.48973734,7.40809916,177.29,12.82,0.00,78.51,0,-129.00,-15.00,0.00,0.00,17.00,0.00,0,32
685.00,1551418660,13921.11,51.48973734,7.40809916,177.29,12.82,0.00,78.51,0,-130.00,-16.00,0.00,0.00,17.00,0.00,0,233
685.00,1551418660,13921.13,51.48973734,7.40809916,177.29,12.82,0.00,78.51,0,-74.00,-6.00,0.00,0.00,58.00,0.00,0,171
685.00,1551418660,13921.13,51.48973734,7.40809916,177.29,12.82,0.00,78.51,0,-81.00,-12.00,0.00,0.00,57.00,0.00,0,450
685.00,1551418660,13921.14,51.48973734,7.40809916,177.29,12.82,0.00,78.51,0,0.00,0.00,0.00,0.00,63.00,0.00,0,233
685.00,1551418660,13921.14,51.48973734,7.40809916,177.29,12.82,0.00,78.51,0,0.00,0.00,0.00,0.00,63.00,0.00,0,27
685.00,1551418660,13921.14,51.48973734,7.40809916,177.29,12.82,0.00,78.51,0,0.00,0.00,0.00,0.00,63.00,0.00,0,56
686.00,1551418661,13933.93,51.48976090,7.40828651,177.66,13.12,0.00,79.21,0,-122.00,-18.00,0.00,0.00,25.00,0.00,0,348
686.00,1551418661,13933.93,51.48976090,7.40828651,177.66,13.12,0.00,79.21,0,-125.00,-22.00,0.00,0.00,25.00,0.00,0,112
686.00,1551418661,13933.93,51.48976090,7.40828651,177.66,13.12,0.00,79.21,0,-124.00,-21.00,0.00,0.00,26.00,0.00,0,389
686.00,1551418661,13933.94,51.48976090,7.40828651,177.66,13.12,0.00,79.21,0,-131.00,-17.00,0.00,0.00,17.00,0.00,0,233
686.00,1551418661,13933.94,51.48976090,7.40828651,177.66,13.12,0.00,79.21,0,-132.00,-18.00,0.00,0.00,17.00,0.00,0,32
686.00,1551418661,13933.94,51.48976090,7.40828651,177.66,13.12,0.00,79.21,0,-74.00,-6.00,0.00,0.00,58.00,0.00,0,171
686.00,1551418661,13933.96,51.48976090,7.40828651,177.66,13.12,0.00,79.21,0,-81.00,-12.00,0.00,0.00,57.00,0.00,0,450
686.00,1551418661,13933.96,51.48976090,7.40828651,177.66,13.12,0.00,79.21,0,0.00,0.00,0.00,0.00,63.00,0.00,0,233
686.00,1551418661,13933.96,51.48976090,7.40828651,177.66,13.12,0.00,79.21,0,0.00,0.00,0.00,0.00,63.00,0.00,0,27
686.00,1551418661,13933.96,51.48976090,7.40828651,177.66,13.12,0.00,79.21,0,0.00,0.00,0.00,0.00,63.00,0.00,0,56
687.00,1551418662,13947.04,51.48978427,7.40847684,177.69,12.94,0.00,78.88,0,-122.00,-18.00,0.00,0.00,25.00,0.00,0,348
687.00,1551418662,13947.04,51.48978427,7.40847684,177.69,12.94,0.00,78.88,0,-125.00,-22.00,0.00,0.00,25.00,0.00,0,112
687.00,1551418662,13947.05,51.48978427,7.40847684,177.69,12.94,0.00,78.88,0,-124.00,-21.00,0.00,0.00,26.00,0.00,0,389
687.00,1551418662,13947.05,51.48978427,7.40847684,177.69,12.94,0.00,78.88,0,-131.00,-17.00,0.00,0.00,17.00,0.00,0,233
687.00,1551418662,13947.05,51.48978427,7.40847684,177.69,12.94,0.00,78.88,0,-132.00,-18.00,0.00,0.00,17.00,0.00,0,32
687.00,1551418662,13947.05,51.48978427,7.40847684,177.69,12.94,0.00,78.88,0,-74.00,-6.00,0.00,0.00,58.00,0.00,0,171
687.00,1551418662,13947.06,51.48978427,7.40847684,177.69,12.94,0.00,78.88,0,-81.00,-12.00,0.00,0.00,57.00,0.00,0,450
687.00,1551418662,13947.06,51.48978427,7.40847684,177.69,12.94,0.00,78.88,0,0.00,0.00,0.00,0.00,63.00,0.00,0,233
687.00,1551418662,13947.06,51.48978427,7.40847684,177.69,12.94,0.00,78.88,0,0.00,0.00,0.00,0.00,63.00,0.00,0,27
687.00,1551418662,13947.08,51.48978427,7.40847684,177.69,12.94,0.00,78.88,0,0.00,0.00,0.00,0.00,63.00,0.00,0,56
