0.06,1551677386,0.00,51.45032810,7.48825872,239.20,0.31,0.00,243.45,1,-107.00,-10.00,3.00,5.00,28.00,13.00,12918809,429
1.06,1551677387,0.31,51.45032842,7.48825104,239.36,0.52,0.21,243.45,1,-109.00,-11.00,5.00,7.00,27.00,13.00,12918809,429
2.06,1551677388,0.83,51.45032267,7.48822665,239.51,2.45,1.94,239.32,1,-109.00,-11.00,5.00,7.00,27.00,13.00,12918809,429
3.07,1551677389,3.30,51.45030553,7.48819968,241.04,4.46,1.99,222.46,1,-108.00,-11.00,1.00,6.00,28.00,13.00,12918809,429
4.07,1551677390,7.73,51.45027436,7.48818369,242.48,4.77,0.31,195.77,1,-108.00,-11.00,1.00,6.00,28.00,13.00,12918809,429
5.06,1551677391,12.49,51.45023020,7.48820600,243.94,6.69,1.92,166.78,1,-108.00,-11.00,1.00,6.00,28.00,13.00,12918809,429
6.06,1551677392,19.18,51.45014490,7.48823772,245.06,9.49,2.81,166.01,1,-106.00,-9.00,4.00,8.00,28.00,13.00,12918809,429
7.06,1551677393,28.67,51.45006683,7.48826905,245.63,9.77,0.27,166.72,1,-106.00,-9.00,4.00,8.00,28.00,13.00,12918809,429
8.06,1551677394,38.44,51.44997958,7.48829723,246.01,10.58,0.81,168.23,1,-106.00,-9.00,3.00,7.00,28.00,13.00,12918809,429
9.06,1551677395,49.01,51.44987841,7.48832797,246.35,11.75,1.17,169.21,1,-106.00,-9.00,3.00,7.00,28.00,13.00,12918809,429
10.06,1551677396,60.75,51.44976714,7.48835362,246.82,12.47,0.72,170.63,1,-104.00,-8.00,7.00,6.00,29.00,13.00,12918809,429
11.08,1551677397,73.41,51.44964862,7.48838002,247.21,13.27,0.79,171.80,1,-104.00,-8.00,7.00,6.00,29.00,13.00,12918809,429
12.06,1551677398,86.50,51.44952476,7.48839956,247.88,14.07,0.81,173.49,1,-105.00,-8.00,4.00,6.00,28.00,13.00,12918809,429
13.06,1551677399,100.56,51.44941170,7.48840976,248.65,13.87,-0.20,175.18,1,-105.00,-8.00,4.00,6.00,28.00,13.00,12918809,429
14.06,1551677400,114.43,51.44930461,7.48840786,249.27,14.00,0.13,177.23,1,-101.00,-7.00,6.00,8.00,31.00,13.00,12918809,429
15.06,1551677401,128.42,51.44918391,7.48840054,249.81,14.10,0.10,179.60,1,-101.00,-7.00,6.00,8.00,31.00,13.00,12918809,429
16.06,1551677402,142.53,51.44906144,7.48838699,250.48,14.09,-0.01,182.27,1,-99.00,-6.00,10.00,10.00,32.00,13.00,12918809,429
17.06,1551677403,156.62,51.44893763,7.48836494,251.17,13.89,-0.20,185.11,1,-99.00,-6.00,10.00,10.00,32.00,13.00,12918809,429
18.06,1551677404,170.52,51.44880935,7.48833233,251.84,13.88,-0.02,187.47,1,-97.00,-7.00,13.00,10.00,35.00,13.00,12918809,429
19.06,1551677405,184.40,51.44868781,7.48829254,252.10,13.51,-0.37,189.75,1,-97.00,-7.00,13.00,10.00,35.00,13.00,12918809,429
20.06,1551677406,197.91,51.44855987,7.48823874,252.32,13.50,-0.01,192.44,1,-98.00,-6.00,15.00,8.00,35.00,13.00,12918809,429
21.06,1551677407,211.40,51.44843060,7.48818045,252.54,13.97,0.47,193.79,1,-98.00,-6.00,15.00,8.00,35.00,13.00,12918809,429
22.06,1551677408,225.35,51.44829821,7.48811835,252.49,14.11,0.14,193.44,1,-99.00,-6.00,15.00,11.00,32.00,13.00,12918809,429
23.06,1551677409,239.46,51.44817120,7.48806012,252.35,14.26,0.16,193.70,1,-99.00,-6.00,15.00,11.00,32.00,13.00,12918809,429
24.07,1551677410,253.85,51.44804558,7.48800177,252.50,14.09,-0.18,193.16,1,-99.00,-6.00,13.00,9.00,32.00,13.00,12918809,429
25.06,1551677411,267.84,51.44791917,7.48795221,252.58,13.96,-0.12,192.53,1,-99.00,-6.00,13.00,9.00,32.00,13.00,12918809,429
26.06,1551677412,281.79,51.44780341,7.48790668,252.74,13.46,-0.51,193.03,1,-99.00,-6.00,13.00,9.00,32.00,13.00,12918809,429
27.06,1551677413,295.25,51.44767476,7.48786945,252.77,14.56,1.10,190.14,1,-98.00,-6.00,11.00,9.00,33.00,13.00,12918809,429
28.06,1551677414,309.81,51.44754064,7.48784474,253.05,15.00,0.44,186.88,1,-98.00,-6.00,11.00,9.00,33.00,13.00,12918809,429
29.06,1551677415,324.82,51.44740649,7.48783605,253.29,14.24,-0.76,183.87,1,-96.00,-6.00,7.00,9.00,36.00,13.00,12918809,429
30.06,1551677416,339.06,51.44727232,7.48784306,253.25,15.07,0.82,180.65,1,-96.00,-6.00,7.00,9.00,36.00,13.00,12918809,429
31.06,1551677417,354.13,51.44712950,7.48786249,252.91,15.73,0.66,176.87,1,-93.00,-5.00,8.00,6.00,39.00,13.00,12918809,429
32.06,1551677418,369.86,51.44698677,7.48790013,252.93,15.66,-0.07,173.23,1,-93.00,-5.00,8.00,6.00,39.00,13.00,12918809,429
33.06,1551677419,385.52,51.44684849,7.48795257,253.17,15.88,0.22,169.80,1,-98.00,-6.00,13.00,10.00,34.00,13.00,12918809,429
34.06,1551677420,401.39,51.44670804,7.48801532,253.61,15.82,-0.05,166.55,1,-98.00,-6.00,13.00,10.00,34.00,13.00,12918809,429
35.06,1551677421,417.23,51.44657484,7.48809177,254.00,16.53,0.71,162.99,1,-95.00,-6.00,13.00,11.00,36.00,13.00,12918809,429
36.06,1551677422,433.76,51.44644723,7.48817937,254.41,16.24,-0.30,159.83,1,-95.00,-6.00,13.00,11.00,36.00,13.00,12918809,429
37.06,1551677423,450.00,51.44631985,7.48828405,254.30,16.09,-0.14,156.17,1,-93.00,-5.00,16.00,13.00,36.00,13.00,12918809,429
38.06,1551677424,466.09,51.44619310,7.48841100,254.12,16.41,0.32,152.32,1,-93.00,-5.00,16.00,13.00,36.00,13.00,12918809,429
39.06,1551677425,482.48,51.44607585,7.48854856,254.27,16.42,0.02,148.41,1,-93.00,-5.00,19.00,2.00,40.00,13.00,12918809,429
40.06,1551677426,498.91,51.44596584,7.48869909,254.54,16.38,-0.05,144.61,1,-93.00,-5.00,19.00,2.00,40.00,13.00,12918809,429
41.06,1551677427,515.31,51.44585766,7.48886866,255.21,16.07,-0.30,140.58,1,-95.00,-6.00,19.00,2.00,36.00,13.00,12918809,429
42.06,1551677428,531.39,51.44575707,7.48904841,256.20,15.92,-0.15,136.77,1,-95.00,-6.00,19.00,2.00,36.00,13.00,12918809,429
43.06,1551677429,547.31,51.44566458,7.48922916,257.07,15.46,-0.46,134.07,1,-95.00,-6.00,17.00,2.00,36.00,13.00,12918809,429
44.06,1551677430,562.77,51.44557530,7.48941400,257.99,15.14,-0.32,131.90,1,-95.00,-6.00,17.00,2.00,36.00,13.00,12918809,429
45.07,1551677431,578.04,51.44548331,7.48961133,259.08,15.46,0.31,130.13,1,-96.00,-7.00,13.00,2.00,35.00,13.00,12918809,429
46.06,1551677432,593.37,51.44539167,7.48981289,260.31,15.54,0.09,129.04,1,-96.00,-7.00,13.00,2.00,35.00,13.00,12918809,429
47.06,1551677433,608.91,51.44530132,7.49001288,261.63,15.65,0.10,128.26,1,-96.00,-7.00,13.00,2.00,35.00,13.00,12918809,429
48.06,1551677434,624.56,51.44521358,7.49021772,263.13,15.20,-0.45,127.68,1,-97.00,-6.00,10.00,2.00,33.00,13.00,12918809,429
49.06,1551677435,639.75,51.44512843,7.49041514,264.86,14.94,-0.26,126.73,1,-97.00,-6.00,10.00,2.00,33.00,13.00,12918809,429
50.06,1551677436,654.69,51.44504710,7.49060319,266.53,14.38,-0.56,127.33,1,-100.00,-7.00,9.00,8.00,33.00,7.00,12918809,429
51.06,1551677437,669.07,51.44497764,7.49077007,268.02,13.95,-0.43,126.80,1,-100.00,-7.00,9.00,8.00,33.00,7.00,12918809,429
52.06,1551677438,683.02,51.44490559,7.49094000,269.38,13.39,-0.56,127.01,1,-99.00,-6.00,9.00,13.00,32.00,7.00,12918809,429
53.06,1551677439,696.41,51.44484057,7.49109440,270.70,11.80,-1.59,127.08,1,-99.00,-6.00,9.00,13.00,32.00,7.00,12918809,429
54.06,1551677440,708.21,51.44478557,7.49122821,271.75,10.09,-1.71,126.27,1,-101.00,-6.00,13.00,9.00,30.00,7.00,12918809,429
55.06,1551677441,718.30,51.44473964,7.49134345,272.59,8.90,-1.19,126.33,1,-101.00,-6.00,13.00,9.00,30.00,7.00,12918809,429
56.06,1551677442,727.21,51.44470246,7.49143901,273.27,7.08,-1.82,127.02,1,-103.00,-7.00,11.00,11.00,30.00,7.00,12918809,429
57.06,1551677443,734.29,51.44467316,7.49151023,273.83,5.32,-1.76,127.37,1,-103.00,-7.00,11.00,11.00,30.00,7.00,12918809,429
58.06,1551677444,739.61,51.44464572,7.49157185,273.88,4.00,-1.32,127.81,1,-102.00,-7.00,14.00,5.00,30.00,7.00,12918809,429
59.06,1551677445,743.62,51.44463907,7.49159509,273.93,1.41,-2.60,128.04,1,-102.00,-7.00,14.00,5.00,30.00,7.00,12918809,429
60.06,1551677446,745.02,51.44463907,7.49159509,273.93,0.00,-1.41,128.04,1,-103.00,-8.00,13.00,2.00,31.00,7.00,12918809,429
61.06,1551677447,745.02,51.44463907,7.49159509,273.93,0.00,0.00,128.04,1,-103.00,-8.00,13.00,2.00,31.00,7.00,12918809,429
62.06,1551677448,745.02,51.44463907,7.49159509,273.92,0.00,0.00,128.04,1,-102.00,-8.00,8.00,2.00,32.00,7.00,12918809,429
63.06,1551677449,745.02,51.44463907,7.49159509,273.91,0.00,0.00,128.04,1,-102.00,-8.00,8.00,2.00,32.00,7.00,12918809,429
64.06,1551677450,745.02,51.44463907,7.49159509,273.91,0.00,0.00,128.04,1,-102.00,-7.00,8.00,2.00,31.00,7.00,12918809,429
65.06,1551677451,745.02,51.44463907,7.49159509,273.91,0.00,0.00,128.04,1,-102.00,-7.00,8.00,2.00,31.00,7.00,12918809,429
66.07,1551677452,745.02,51.44463907,7.49159509,273.90,0.00,0.00,128.04,1,-102.00,-6.00,10.00,2.00,31.00,7.00,12918809,429
67.06,1551677453,745.02,51.44463907,7.49159509,273.90,0.00,0.00,128.04,1,-102.00,-6.00,10.00,2.00,31.00,7.00,12918809,429
68.06,1551677454,745.02,51.44463907,7.49159509,273.91,0.00,0.00,128.04,1,-102.00,-6.00,10.00,2.00,31.00,7.00,12918809,429
69.06,1551677455,745.02,51.44463907,7.49159509,273.91,0.00,0.00,128.04,1,-102.00,-7.00,10.00,13.00,31.00,7.00,12918809,429
70.06,1551677456,745.02,51.44463907,7.49159509,273.92,0.00,0.00,128.04,1,-102.00,-7.00,10.00,13.00,31.00,7.00,12918809,429
71.06,1551677457,745.02,51.44463907,7.49159509,273.93,0.00,0.00,128.04,1,-104.00,-7.00,27.00,14.00,29.00,7.00,12918809,429
72.06,1551677458,745.02,51.44463907,7.49159509,273.94,0.00,0.00,128.04,1,-104.00,-7.00,27.00,14.00,29.00,7.00,12918809,429
73.06,1551677459,745.02,51.44463907,7.49159509,273.95,0.00,0.00,128.04,1,-102.00,-7.00,21.00,14.00,32.00,7.00,12918809,429
74.06,1551677460,745.02,51.44463907,7.49159509,273.96,0.00,0.00,128.04,1,-102.00,-7.00,21.00,14.00,32.00,7.00,12918809,429
75.06,1551677461,745.02,51.44463907,7.49159509,273.96,0.00,0.00,128.04,1,-103.00,-7.00,25.00,11.00,27.00,7.00,12918809,429
76.06,1551677462,745.02,51.44463907,7.49159509,273.97,0.00,0.00,128.04,1,-103.00,-7.00,25.00,11.00,27.00,7.00,12918809,429
77.06,1551677463,745.02,51.44463907,7.49159509,273.98,0.00,0.00,128.04,1,-101.00,-6.00,23.00,11.00,30.00,7.00,12918809,429
78.06,1551677464,745.02,51.44463907,7.49159509,273.99,0.00,0.00,128.04,1,-101.00,-6.00,23.00,11.00,30.00,7.00,12918809,429
79.06,1551677465,745.02,51.44463907,7.49159509,274.00,0.00,0.00,128.04,1,-102.00,-6.00,24.00,14.00,30.00,7.00,12918809,429
80.06,1551677466,745.02,51.44463907,7.49159509,274.01,0.00,0.00,128.04,1,-102.00,-6.00,24.00,14.00,30.00,7.00,12918809,429
81.06,1551677467,745.02,51.44463907,7.49159509,274.02,0.00,0.00,128.04,1,-103.00,-7.00,20.00,8.00,30.00,7.00,12918809,429
82.06,1551677468,745.02,51.44463907,7.49159509,274.03,0.00,0.00,128.04,1,-103.00,-7.00,20.00,8.00,30.00,7.00,12918809,429
83.06,1551677469,745.02,51.44463907,7.49159509,274.14,0.00,0.00,128.04,1,-99.00,-6.00,7.00,2.00,34.00,7.00,12918809,429
84.06,1551677470,745.02,51.44463907,7.49159509,274.27,0.00,0.00,120.39,1,-99.00,-6.00,7.00,2.00,34.00,7.00,12918809,429
85.06,1551677471,745.02,51.44463907,7.49159509,274.39,0.00,0.00,130.61,1,-100.00,-7.00,12.00,2.00,33.00,7.00,12918809,429
86.06,1551677472,745.02,51.44456293,7.49175379,275.52,4.58,0.00,131.04,1,-100.00,-7.00,12.00,2.00,33.00,7.00,12918809,429
87.07,1551677473,749.65,51.44450643,7.49175053,276.74,7.16,2.55,179.58,1,-100.00,-7.00,13.00,2.00,33.00,7.00,12918809,429
88.06,1551677474,756.74,51.44444747,7.49171361,276.93,7.55,0.40,200.17,1,-100.00,-7.00,13.00,2.00,33.00,7.00,12918809,429
89.06,1551677475,764.29,51.44438051,7.49164177,276.84,8.97,1.42,213.68,1,-100.00,-7.00,13.00,2.00,33.00,7.00,12918809,429
90.06,1551677476,773.27,51.44430468,7.49155401,276.93,10.33,1.36,214.21,1,-99.00,-6.00,18.00,2.00,34.00,7.00,12918809,429
91.06,1551677477,783.60,51.44422924,7.49146120,277.15,10.95,0.62,214.74,1,-99.00,-6.00,18.00,2.00,34.00,7.00,12918809,429
92.06,1551677478,794.54,51.44414767,7.49136006,277.32,12.17,1.22,215.12,1,-93.00,-6.00,21.00,2.00,39.00,7.00,12918809,429
93.06,1551677479,806.73,51.44406060,7.49125007,277.71,13.00,0.82,215.88,1,-93.00,-6.00,21.00,2.00,39.00,7.00,12918809,429
94.06,1551677480,819.71,51.44395809,7.49112806,278.02,14.13,1.14,216.29,1,-89.00,-6.00,20.00,2.00,43.00,7.00,12918809,429
95.06,1551677481,833.84,51.44384778,7.49100062,278.14,14.81,0.67,216.43,1,-89.00,-6.00,20.00,2.00,43.00,7.00,12918809,429
96.06,1551677482,848.65,51.44373808,7.49087330,278.13,14.56,-0.25,216.21,1,-84.00,-6.00,19.00,2.00,48.00,7.00,12918809,429
97.06,1551677483,863.21,51.44363107,7.49074770,277.79,14.50,-0.06,216.33,1,-84.00,-6.00,19.00,2.00,48.00,7.00,12918809,429
98.06,1551677484,877.70,51.44352264,7.49062408,277.92,14.56,0.06,216.53,1,-76.00,-5.00,24.00,15.00,56.00,5.00,12918809,429
99.11,1551677485,893.00,51.44341280,7.49049962,278.37,14.63,0.07,216.70,1,-76.00,-5.00,24.00,15.00,56.00,5.00,12918809,429
100.06,1551677486,906.89,51.44330565,7.49037784,278.79,14.87,0.24,216.60,1,-86.00,-5.00,19.00,12.00,46.00,5.00,12918809,429
101.06,1551677487,921.73,51.44319497,7.49025197,279.36,15.07,0.21,216.55,1,-86.00,-5.00,19.00,12.00,46.00,5.00,12918809,429
102.06,1551677488,936.83,51.44308174,7.49012241,279.66,15.33,0.26,216.41,1,-91.00,-7.00,18.00,11.00,41.00,5.00,12918809,429
103.06,1551677489,952.16,51.44296819,7.48999156,279.78,15.15,-0.19,216.28,1,-91.00,-7.00,18.00,11.00,41.00,5.00,12918809,429
104.06,1551677490,967.32,51.44285352,7.48986460,279.94,15.20,0.05,216.49,1,-84.00,-6.00,25.00,14.00,49.00,5.00,12918809,429
105.06,1551677491,982.50,51.44274174,7.48973437,280.01,15.22,0.02,216.46,1,-84.00,-6.00,25.00,14.00,49.00,5.00,12918809,429
106.06,1551677492,997.73,51.44263575,7.48960344,279.77,15.17,-0.05,217.42,1,-83.00,-7.00,36.00,15.00,49.00,5.00,12918809,429
107.06,1551677493,1012.90,51.44252996,7.48947056,279.54,15.62,0.45,217.08,1,-83.00,-7.00,36.00,15.00,49.00,5.00,12918809,429
108.07,1551677494,1028.64,51.44243081,7.48934289,279.40,14.95,-0.66,218.23,1,-78.00,-6.00,29.00,15.00,53.00,5.00,12918809,429
109.06,1551677495,1043.48,51.44232599,7.48920313,279.16,14.81,-0.14,218.60,1,-78.00,-6.00,29.00,15.00,53.00,5.00,12918809,429
110.06,1551677496,1058.29,51.44222053,7.48906062,278.66,15.18,0.37,217.96,1,-78.00,-6.00,29.00,15.00,53.00,5.00,12918809,429
111.06,1551677497,1073.45,51.44211587,7.48891846,278.17,15.37,0.20,218.41,1,-86.00,-9.00,7.00,15.00,49.00,5.00,12918809,429
112.06,1551677498,1088.82,51.44200801,7.48876817,277.89,15.49,0.12,219.28,1,-86.00,-9.00,7.00,15.00,49.00,5.00,12918809,429
113.06,1551677499,1104.33,51.44190065,7.48862013,277.87,15.04,-0.45,221.51,1,-81.00,-8.00,20.00,14.00,52.00,5.00,12918809,429
114.06,1551677500,1119.37,51.44180235,7.48846245,277.99,15.36,0.32,223.55,1,-81.00,-8.00,20.00,14.00,52.00,5.00,12918809,429
115.06,1551677501,1134.73,51.44169935,7.48828470,278.17,15.89,0.52,226.15,1,-78.00,-9.00,10.00,10.00,55.00,5.00,12918809,429
116.06,1551677502,1150.62,51.44160354,7.48810918,278.26,16.05,0.16,228.16,1,-78.00,-9.00,10.00,10.00,55.00,5.00,12918809,429
117.06,1551677503,1166.64,51.44150035,7.48792023,278.26,16.32,0.28,229.70,1,-75.00,-5.00,11.00,6.00,55.00,2.00,12918810,431
118.06,1551677504,1182.98,51.44139318,7.48772989,277.60,16.54,0.22,230.68,1,-75.00,-5.00,11.00,6.00,55.00,2.00,12918810,431
119.06,1551677505,1199.52,51.44128295,7.48752615,276.55,16.99,0.45,231.04,1,-78.00,-6.00,29.00,15.00,54.00,2.00,12918810,431
120.06,1551677506,1216.51,51.44117497,7.48732916,275.35,16.72,-0.27,231.57,1,-78.00,-6.00,29.00,15.00,54.00,2.00,12918810,431
121.06,1551677507,1233.23,51.44106964,7.48713027,274.36,16.74,0.02,232.08,1,-80.00,-6.00,28.00,15.00,51.00,2.00,12918810,431
122.06,1551677508,1249.95,51.44098068,7.48695265,273.75,16.51,-0.23,232.51,1,-80.00,-6.00,28.00,15.00,51.00,2.00,12918810,431
123.06,1551677509,1266.43,51.44089499,7.48677206,273.62,16.51,-0.00,233.36,1,-75.00,-6.00,21.00,15.00,55.00,2.00,12918810,431
124.06,1551677510,1282.98,51.44081602,7.48659517,274.06,16.50,-0.00,232.84,1,-75.00,-6.00,21.00,15.00,55.00,2.00,12918810,431
125.06,1551677511,1299.48,51.44073186,7.48640695,274.57,16.22,-0.28,233.72,1,-77.00,-6.00,25.00,15.00,55.00,2.00,12918810,431
126.06,1551677512,1315.70,51.44066047,7.48623909,275.34,16.07,-0.15,234.09,1,-77.00,-6.00,25.00,15.00,55.00,2.00,12918810,431
127.06,1551677513,1331.77,51.44058044,7.48604952,276.33,16.42,0.35,233.43,1,-77.00,-9.00,24.00,13.00,57.00,2.00,12918810,431
128.06,1551677514,1348.19,51.44049592,7.48585723,276.98,16.25,-0.17,232.43,1,-77.00,-9.00,24.00,13.00,57.00,2.00,12918810,431
129.07,1551677515,1364.57,51.44041822,7.48567572,277.87,15.76,-0.49,232.88,1,-82.00,-8.00,11.00,12.00,51.00,2.00,12918810,431
130.06,1551677516,1380.22,51.44033641,7.48548417,278.46,15.93,0.17,233.23,1,-82.00,-8.00,11.00,12.00,51.00,2.00,12918810,431
131.06,1551677517,1396.15,51.44025432,7.48529819,279.14,15.74,-0.20,232.84,1,-82.00,-8.00,11.00,12.00,51.00,2.00,12918810,431
132.06,1551677518,1411.89,51.44017176,7.48510473,280.00,16.16,0.42,232.95,1,-81.00,-10.00,4.00,12.00,55.00,2.00,12918810,431
133.06,1551677519,1428.05,51.44008393,7.48490707,280.50,16.20,0.04,232.58,1,-81.00,-10.00,4.00,12.00,55.00,2.00,12918810,431
134.06,1551677520,1444.23,51.44000099,7.48472397,281.28,15.89,-0.31,232.62,1,-81.00,-7.00,14.00,13.00,52.00,3.00,12918811,430
135.06,1551677521,1460.11,51.43992005,7.48454531,282.12,15.72,-0.16,233.03,1,-81.00,-7.00,14.00,13.00,52.00,3.00,12918811,430
136.06,1551677522,1475.84,51.43983268,7.48435034,283.01,16.22,0.49,233.92,1,-79.00,-7.00,18.00,13.00,53.00,3.00,12918811,430
137.06,1551677523,1492.05,51.43974073,7.48415153,283.50,16.42,0.20,233.42,1,-79.00,-7.00,18.00,13.00,53.00,3.00,12918811,430
138.06,1551677524,1508.47,51.43965000,7.48395819,284.05,16.66,0.25,233.95,1,-75.00,-6.00,25.00,15.00,57.00,3.00,12918811,430
139.06,1551677525,1525.13,51.43956065,7.48376436,284.64,17.06,0.40,233.85,1,-75.00,-6.00,25.00,15.00,57.00,3.00,12918811,430
140.06,1551677526,1542.19,51.43948101,7.48357896,285.28,16.59,-0.47,233.52,1,-78.00,-6.00,27.00,15.00,54.00,3.00,12918811,430
141.06,1551677527,1558.78,51.43940115,7.48338712,285.80,16.46,-0.13,234.95,1,-78.00,-6.00,27.00,15.00,54.00,3.00,12918811,430
142.06,1551677528,1575.24,51.43931580,7.48317411,286.07,16.88,0.42,236.43,1,-81.00,-6.00,24.00,2.00,52.00,3.00,12918811,430
143.06,1551677529,1592.12,51.43923475,7.48297298,286.09,17.08,0.20,237.18,1,-81.00,-6.00,24.00,2.00,52.00,3.00,12918811,430
144.06,1551677530,1609.19,51.43915804,7.48275338,286.28,16.76,-0.32,238.17,1,-87.00,-6.00,25.00,2.00,46.00,3.00,12918811,430
145.06,1551677531,1625.95,51.43908100,7.48252964,286.59,16.56,-0.20,239.73,1,-87.00,-6.00,25.00,2.00,46.00,3.00,12918811,430
146.06,1551677532,1642.53,51.43900455,7.48230156,287.15,16.92,0.35,240.06,1,-83.00,-6.00,18.00,2.00,49.00,3.00,12918811,430
147.06,1551677533,1659.44,51.43893073,7.48208794,287.40,17.05,0.14,240.28,1,-83.00,-6.00,18.00,2.00,49.00,3.00,12918811,430
148.06,1551677534,1676.48,51.43885798,7.48186745,287.74,17.49,0.44,240.75,1,-90.00,-6.00,12.00,2.00,40.00,6.00,12918811,430
149.06,1551677535,1693.99,51.43877971,7.48163541,288.03,17.67,0.18,241.14,1,-90.00,-6.00,12.00,2.00,40.00,6.00,12918811,430
150.07,1551677536,1711.79,51.43870070,7.48140015,288.11,17.78,0.10,241.03,1,-100.00,-6.00,10.00,10.00,28.00,6.00,12918811,430
151.06,1551677537,1729.42,51.43862504,7.48117101,287.75,17.40,-0.38,241.44,1,-100.00,-6.00,10.00,10.00,28.00,6.00,12918811,430
152.06,1551677538,1746.82,51.43855093,7.48094880,287.33,17.51,0.11,241.11,1,-100.00,-6.00,10.00,10.00,28.00,6.00,12918811,430
153.06,1551677539,1764.34,51.43847903,7.48073116,286.98,17.65,0.14,240.55,1,-103.00,-7.00,14.00,8.00,28.00,6.00,12918811,430
154.06,1551677540,1782.01,51.43840177,7.48050504,286.52,17.99,0.34,240.30,1,-103.00,-7.00,14.00,8.00,28.00,6.00,12918811,430
155.06,1551677541,1800.00,51.43832854,7.48028409,286.06,18.02,0.03,240.70,1,-105.00,-7.00,11.00,5.00,27.00,6.00,12918811,430
156.06,1551677542,1818.02,51.43825420,7.48005815,285.70,18.14,0.11,240.09,1,-105.00,-7.00,11.00,5.00,27.00,6.00,12918811,430
157.06,1551677543,1836.16,51.43817823,7.47983149,285.53,17.18,-0.96,240.63,1,-108.00,-10.00,1.00,7.00,25.00,6.00,12918811,430
158.06,1551677544,1853.34,51.43810486,7.47962189,285.06,17.04,-0.14,241.39,1,-108.00,-10.00,1.00,7.00,25.00,6.00,12918811,430
159.06,1551677545,1870.39,51.43802978,7.47940242,285.22,17.60,0.56,240.81,1,-109.00,-11.00,0.00,6.00,27.00,6.00,12918811,430
160.06,1551677546,1888.01,51.43795324,7.47918329,285.88,17.06,-0.54,241.36,1,-109.00,-11.00,0.00,6.00,27.00,6.00,12918811,430
161.06,1551677547,1905.06,51.43788602,7.47897501,286.37,16.15,-0.91,242.25,1,-109.00,-11.00,-4.00,6.00,27.00,6.00,12918811,430
162.06,1551677548,1921.20,51.43782013,7.47876653,286.82,15.93,-0.23,242.86,1,-109.00,-11.00,-4.00,6.00,27.00,6.00,12918811,430
163.06,1551677549,1937.13,51.43775401,7.47855811,287.18,16.44,0.51,242.44,1,-110.00,-11.00,2.00,6.00,25.00,6.00,12918811,430
164.06,1551677550,1953.56,51.43768813,7.47834917,287.14,16.30,-0.13,241.82,1,-110.00,-11.00,2.00,6.00,25.00,6.00,12918811,430
165.06,1551677551,1969.88,51.43762043,7.47813201,286.75,16.75,0.45,241.95,1,-110.00,-11.00,-4.00,6.00,27.00,6.00,12918811,430
166.06,1551677552,1986.63,51.43754669,7.47790384,286.12,17.26,0.51,241.81,1,-110.00,-11.00,-4.00,6.00,27.00,6.00,12918811,430
167.07,1551677553,2003.91,51.43747429,7.47767826,286.01,16.85,-0.41,241.41,1,-114.00,-13.00,-4.00,5.00,24.00,6.00,12918811,430
168.07,1551677554,2020.76,51.43740799,7.47746171,285.73,16.24,-0.62,242.09,1,-114.00,-13.00,-4.00,5.00,24.00,6.00,12918811,430
169.07,1551677555,2037.01,51.43734333,7.47725580,285.38,15.22,-1.02,242.53,1,-112.00,-14.00,-6.00,2.00,30.00,6.00,12918811,430
170.07,1551677556,2052.23,51.43727978,7.47706024,285.35,15.17,-0.05,242.30,1,-112.00,-14.00,-6.00,2.00,30.00,6.00,12918811,430
171.06,1551677557,2067.35,51.43724573,7.47686585,285.61,14.18,-0.99,255.10,1,-112.00,-11.00,1.00,2.00,24.00,6.00,12918811,430
172.06,1551677558,2081.53,51.43721663,7.47666325,285.73,12.62,-1.56,258.07,1,-112.00,-11.00,1.00,2.00,24.00,6.00,12918811,430
173.07,1551677559,2094.26,51.43721862,7.47649086,285.75,10.81,-1.79,273.88,1,-111.00,-11.00,2.00,2.00,25.00,6.00,12918811,430
174.06,1551677560,2104.97,51.43724678,7.47635237,286.28,9.66,-1.16,291.83,1,-111.00,-11.00,2.00,2.00,25.00,6.00,12918811,430
175.06,1551677561,2114.63,51.43730271,7.47624486,287.32,9.48,-0.18,312.33,1,-111.00,-11.00,2.00,2.00,25.00,6.00,12918811,430
176.06,1551677562,2124.11,51.43738734,7.47618523,288.03,10.11,0.63,342.43,1,-110.00,-9.00,11.00,2.00,25.00,6.00,12918811,430
177.06,1551677563,2134.22,51.43746355,7.47618700,288.41,10.22,0.11,8.27,1,-110.00,-9.00,11.00,2.00,25.00,6.00,12918811,430
178.06,1551677564,2144.42,51.43752518,7.47625664,289.02,10.39,0.18,37.75,1,-108.00,-8.00,16.00,2.00,25.00,6.00,12918811,430
179.06,1551677565,2154.81,51.43758064,7.47636207,289.39,10.94,0.55,50.86,1,-108.00,-8.00,16.00,2.00,25.00,6.00,12918811,430
180.06,1551677566,2165.76,51.43764471,7.47648528,289.56,11.91,0.97,51.42,1,-101.00,-6.00,22.00,2.00,31.00,6.00,12918811,430
181.06,1551677567,2177.67,51.43771869,7.47663259,289.45,13.40,1.49,51.92,1,-101.00,-6.00,22.00,2.00,31.00,6.00,12918811,430
182.06,1551677568,2191.07,51.43779816,7.47679643,289.16,15.04,1.64,52.52,1,-90.00,-6.00,23.00,2.00,42.00,6.00,12918811,430
183.06,1551677569,2206.11,51.43788538,7.47697862,288.50,16.34,1.30,52.87,1,-90.00,-6.00,23.00,2.00,42.00,6.00,12918811,430
184.06,1551677570,2222.46,51.43797489,7.47717802,287.65,17.49,1.15,53.73,1,-85.00,-5.00,22.00,2.00,45.00,6.00,12918811,430
185.06,1551677571,2239.93,51.43806883,7.47738463,286.89,18.62,1.12,54.36,1,-85.00,-5.00,22.00,2.00,45.00,6.00,12918811,430
186.06,1551677572,2258.57,51.43816199,7.47760440,286.16,19.62,1.00,54.92,1,-84.00,-5.00,24.00,2.00,46.00,6.00,12918811,430
187.06,1551677573,2278.18,51.43826023,7.47783670,285.69,20.66,1.04,55.38,1,-84.00,-5.00,24.00,2.00,46.00,6.00,12918811,430
188.06,1551677574,2298.84,51.43837390,7.47809711,285.09,21.83,1.18,54.91,1,-88.00,-6.00,28.00,15.00,44.00,9.00,12918811,430
189.06,1551677575,2320.67,51.43847561,7.47835021,284.88,22.38,0.55,56.78,1,-88.00,-6.00,28.00,15.00,44.00,9.00,12918811,430
190.06,1551677576,2343.03,51.43859098,7.47863043,284.69,23.43,1.05,56.61,1,-92.00,-5.00,37.00,14.00,39.00,9.00,12918811,430
191.06,1551677577,2366.49,51.43871072,7.47892367,284.70,24.37,0.93,56.68,1,-92.00,-5.00,37.00,14.00,39.00,9.00,12918811,430
192.06,1551677578,2390.86,51.43883764,7.47921857,284.63,25.23,0.87,55.60,1,-93.00,-6.00,27.00,12.00,39.00,9.00,12918811,430
193.06,1551677579,2416.09,51.43896979,7.47952293,284.63,25.98,0.75,55.59,1,-93.00,-6.00,27.00,12.00,39.00,9.00,12918811,430
194.07,1551677580,2442.31,51.43910892,7.47984369,284.18,26.82,0.83,55.32,1,-96.00,-6.00,28.00,12.00,36.00,9.00,12918811,430
195.06,1551677581,2468.88,51.43925163,7.48016733,283.51,26.92,0.11,54.93,1,-96.00,-6.00,28.00,12.00,36.00,9.00,12918811,430
196.06,1551677582,2495.81,51.43939096,7.48047174,282.96,26.53,-0.40,54.34,1,-96.00,-6.00,28.00,12.00,36.00,9.00,12918811,430
197.06,1551677583,2522.33,51.43952851,7.48077540,282.30,25.90,-0.63,53.45,1,-94.00,-6.00,26.00,12.00,37.00,9.00,12918811,430
198.06,1551677584,2548.23,51.43966632,7.48106361,281.74,25.43,-0.46,52.72,1,-94.00,-6.00,26.00,12.00,37.00,9.00,12918811,430
199.06,1551677585,2573.66,51.43980878,7.48134749,281.02,25.10,-0.33,51.03,1,-93.00,-5.00,33.00,11.00,38.00,9.00,12918811,430
200.06,1551677586,2598.76,51.43995069,7.48163236,280.08,25.00,-0.10,50.12,1,-93.00,-5.00,33.00,11.00,38.00,9.00,12918811,430
201.06,1551677587,2623.76,51.44010249,7.48190001,279.08,24.98,-0.02,47.16,1,-88.00,-6.00,21.00,2.00,45.00,9.00,12918811,430
202.06,1551677588,2648.74,51.44027200,7.48217311,278.57,25.23,0.25,44.41,1,-88.00,-6.00,21.00,2.00,45.00,9.00,12918811,430
203.06,1551677589,2673.97,51.44044147,7.48243295,278.21,25.11,-0.12,42.65,1,-89.00,-6.00,24.00,2.00,43.00,9.00,12918811,430
204.06,1551677590,2699.07,51.44060564,7.48268257,278.21,24.94,-0.16,42.02,1,-89.00,-6.00,24.00,2.00,43.00,9.00,12918811,430
205.06,1551677591,2724.04,51.44076373,7.48290661,277.81,24.91,-0.03,40.17,1,-88.00,-6.00,22.00,2.00,43.00,9.00,12918811,430
206.06,1551677592,2748.93,51.44091585,7.48312677,276.84,24.95,0.04,39.22,1,-88.00,-6.00,22.00,2.00,43.00,9.00,12918811,430
207.06,1551677593,2773.88,51.44107153,7.48333827,275.43,25.07,0.12,37.67,1,-86.00,-6.00,21.00,2.00,46.00,9.00,12918811,430
208.06,1551677594,2798.95,51.44123057,7.48355352,273.61,24.81,-0.26,36.97,1,-86.00,-6.00,21.00,2.00,46.00,9.00,12918811,430
209.06,1551677595,2823.76,51.44140978,7.48375794,271.99,24.37,-0.44,34.11,1,-76.00,-5.00,26.00,14.00,53.00,2.00,12918811,430
210.06,1551677596,2848.13,51.44159583,7.48395144,270.70,24.60,0.23,31.57,1,-76.00,-5.00,26.00,14.00,53.00,2.00,12918811,430
211.06,1551677597,2872.73,51.44178599,7.48413527,269.74,24.81,0.21,30.43,1,-79.00,-5.00,38.00,14.00,52.00,2.00,12918811,430
212.06,1551677598,2897.54,51.44197633,7.48431076,268.57,25.03,0.22,28.73,1,-79.00,-5.00,38.00,14.00,52.00,2.00,12918811,430
213.06,1551677599,2922.57,51.44216763,7.48447515,267.19,24.98,-0.05,27.27,1,-72.00,-6.00,30.00,14.00,57.00,2.00,12918811,430
214.06,1551677600,2947.55,51.44235584,7.48463223,266.16,24.81,-0.17,26.67,1,-72.00,-6.00,30.00,14.00,57.00,2.00,12918811,430
215.07,1551677601,2972.58,51.44254325,7.48478063,265.06,24.53,-0.28,25.62,1,-80.00,-7.00,27.00,12.00,52.00,2.00,12918811,430
216.06,1551677602,2996.91,51.44273459,7.48492963,264.06,24.32,-0.20,24.74,1,-80.00,-7.00,27.00,12.00,52.00,2.00,12918811,430
217.06,1551677603,3021.24,51.44292931,7.48507342,262.84,24.13,-0.19,23.92,1,-80.00,-7.00,27.00,12.00,52.00,2.00,12918811,430
218.06,1551677604,3045.37,51.44311361,7.48520875,261.66,23.13,-1.01,23.25,1,-80.00,-7.00,18.00,14.00,56.00,2.00,12918811,430
219.06,1551677605,3068.49,51.44329979,7.48532628,261.17,22.43,-0.70,22.84,1,-80.00,-7.00,18.00,14.00,56.00,2.00,12918811,430
220.06,1551677606,3090.92,51.44348401,7.48544359,260.85,20.95,-1.48,23.97,1,-93.00,-15.00,-5.00,2.00,48.00,2.00,12918811,430
221.06,1551677607,3111.87,51.44364683,7.48556224,259.88,19.59,-1.36,23.24,1,-93.00,-15.00,-5.00,2.00,48.00,2.00,12918811,430
222.06,1551677608,3131.38,51.44380131,7.48566458,258.58,18.81,-0.78,21.75,1,-68.00,-6.00,28.00,15.00,63.00,3.00,12918809,429
223.06,1551677609,3150.25,51.44396339,7.48577050,257.50,18.08,-0.73,21.41,1,-68.00,-6.00,28.00,15.00,63.00,3.00,12918809,429
224.06,1551677610,3168.30,51.44416916,7.48587504,258.06,17.20,-0.88,21.98,1,-70.00,-6.00,29.00,12.00,61.00,3.00,12918809,429
225.06,1551677611,3185.52,51.44433412,7.48598215,258.51,16.55,-0.64,24.05,1,-70.00,-6.00,29.00,12.00,61.00,3.00,12918809,429
226.06,1551677612,3202.07,51.44446751,7.48608834,259.14,15.98,-0.57,27.66,1,-70.00,-6.00,33.00,15.00,61.00,3.00,12918809,429
227.06,1551677613,3218.05,51.44457131,7.48623753,259.50,15.28,-0.70,43.08,1,-70.00,-6.00,33.00,15.00,61.00,3.00,12918809,429
228.06,1551677614,3233.32,51.44464585,7.48640683,259.74,14.61,-0.67,56.83,1,-73.00,-5.00,31.00,15.00,58.00,3.00,12918809,429
229.06,1551677615,3247.94,51.44471459,7.48658555,260.29,13.84,-0.76,60.60,1,-73.00,-5.00,31.00,15.00,58.00,3.00,12918809,429
230.06,1551677616,3261.78,51.44477143,7.48676587,260.53,14.14,0.30,61.89,1,-80.00,-5.00,32.00,15.00,50.00,3.00,12918809,429
231.06,1551677617,3275.93,51.44473497,7.48697025,260.53,14.50,0.36,107.00,1,-80.00,-5.00,32.00,15.00,50.00,3.00,12918809,429
232.06,1551677618,3290.43,51.44465964,7.48714231,260.30,14.83,0.32,130.26,1,-79.00,-6.00,33.00,15.00,50.00,3.00,12918809,429
233.06,1551677619,3305.26,51.44457615,7.48730087,260.18,14.37,-0.45,132.95,1,-79.00,-6.00,33.00,15.00,50.00,3.00,12918809,429
234.06,1551677620,3319.63,51.44445858,7.48740533,260.32,14.27,-0.10,152.76,1,-63.00,-4.00,33.00,2.00,63.00,3.00,12918809,429
235.06,1551677621,3333.90,51.44432314,7.48746848,260.98,14.30,0.03,168.72,1,-63.00,-4.00,33.00,2.00,63.00,3.00,12918809,429
236.07,1551677622,3348.31,51.44419444,7.48746197,261.33,14.31,0.01,185.48,1,-65.00,-5.00,32.00,2.00,63.00,3.00,12918809,429
237.06,1551677623,3362.51,51.44406860,7.48740302,260.89,14.28,-0.03,200.88,1,-65.00,-5.00,32.00,2.00,63.00,3.00,12918809,429
238.06,1551677624,3376.79,51.44396989,7.48730048,260.44,14.81,0.53,214.16,1,-65.00,-5.00,32.00,2.00,63.00,3.00,12918809,429
239.06,1551677625,3391.60,51.44389164,7.48715621,260.26,14.64,-0.17,232.37,1,-65.00,-5.00,32.00,2.00,63.00,3.00,12918809,429
240.06,1551677626,3406.24,51.44382331,7.48699349,259.99,15.08,0.44,236.48,1,-65.00,-5.00,32.00,2.00,63.00,3.00,12918809,429
241.06,1551677627,3421.32,51.44379794,7.48679016,259.80,15.50,0.42,262.42,1,-68.00,-5.00,30.00,2.00,62.00,3.00,12918809,429
242.06,1551677628,3436.81,51.44377707,7.48656895,259.50,16.28,0.78,264.83,1,-68.00,-5.00,30.00,2.00,62.00,3.00,12918809,429
243.06,1551677629,3453.06,51.44376215,7.48634087,259.30,17.06,0.79,266.52,1,-74.00,-5.00,25.00,15.00,56.00,3.00,12918809,429
244.06,1551677630,3470.12,51.44374471,7.48608365,259.19,18.02,0.96,267.01,1,-74.00,-5.00,25.00,15.00,56.00,3.00,12918809,429
245.06,1551677631,3488.18,51.44373043,7.48581980,258.92,18.80,0.77,266.23,1,-78.00,-5.00,32.00,15.00,53.00,3.00,12918809,429
246.06,1551677632,3506.98,51.44371834,7.48553949,258.63,19.88,1.08,265.55,1,-78.00,-5.00,32.00,15.00,53.00,3.00,12918809,429
247.06,1551677633,3526.86,51.44370416,7.48523259,257.97,20.48,0.60,264.95,1,-87.00,-5.00,22.00,12.00,43.00,3.00,12918809,429
248.06,1551677634,3547.33,51.44368586,7.48492648,256.78,20.61,0.13,265.73,1,-87.00,-5.00,22.00,12.00,43.00,3.00,12918809,429
249.06,1551677635,3567.94,51.44367692,7.48457672,256.20,22.63,2.02,269.35,1,-84.00,-6.00,24.00,13.00,46.00,3.00,12918809,429
250.06,1551677636,3590.57,51.44367160,7.48427745,256.00,23.34,0.71,268.42,1,-84.00,-6.00,24.00,13.00,46.00,3.00,12918809,429
251.06,1551677637,3613.90,51.44366415,7.48395088,255.98,24.18,0.85,268.45,1,-75.00,-4.00,27.00,13.00,56.00,3.00,12918809,429
252.06,1551677638,3638.09,51.44364983,7.48360469,256.30,24.99,0.80,268.07,1,-75.00,-4.00,27.00,13.00,56.00,3.00,12918809,429
253.06,1551677639,3663.10,51.44365732,7.48324406,257.78,24.80,-0.18,267.67,1,-79.00,-7.00,19.00,14.00,54.00,3.00,12918809,429
254.06,1551677640,3687.90,51.44365462,7.48286513,258.80,24.63,-0.17,267.39,1,-79.00,-7.00,19.00,14.00,54.00,3.00,12918809,429
255.06,1551677641,3712.51,51.44365578,7.48251440,260.09,25.07,0.44,267.42,1,-85.00,-9.00,8.00,2.00,52.00,3.00,12918809,429
256.06,1551677642,3737.61,51.44365595,7.48215316,261.37,25.52,0.45,267.08,1,-85.00,-9.00,8.00,2.00,52.00,3.00,12918809,429
257.07,1551677643,3763.34,51.44364094,7.48176831,261.42,26.06,0.53,266.67,1,-85.00,-6.00,14.00,2.00,44.00,3.00,12918811,430
258.06,1551677644,3789.16,51.44362583,7.48138465,260.87,26.50,0.45,266.37,1,-85.00,-6.00,14.00,2.00,44.00,3.00,12918811,430
259.06,1551677645,3815.64,51.44361408,7.48102365,260.71,26.55,0.04,265.71,1,-85.00,-6.00,14.00,2.00,44.00,3.00,12918811,430
260.06,1551677646,3842.24,51.44359681,7.48064372,260.42,26.22,-0.32,265.16,1,-88.00,-7.00,15.00,2.00,42.00,3.00,12918811,430
261.06,1551677647,3868.43,51.44358039,7.48029463,260.43,25.53,-0.69,264.13,1,-88.00,-7.00,15.00,2.00,42.00,3.00,12918811,430
262.06,1551677648,3893.97,51.44355380,7.47992618,260.09,25.34,-0.19,263.06,1,-92.00,-7.00,18.00,2.00,40.00,3.00,12918811,430
263.06,1551677649,3919.30,51.44352445,7.47955865,259.73,25.35,0.02,262.21,1,-92.00,-7.00,18.00,2.00,40.00,3.00,12918811,430
264.06,1551677650,3944.66,51.44349903,7.47920022,259.94,25.58,0.23,262.59,1,-86.00,-6.00,20.00,15.00,45.00,7.00,12918811,430
265.06,1551677651,3970.24,51.44347339,7.47883531,260.39,25.72,0.14,263.12,1,-86.00,-6.00,20.00,15.00,45.00,7.00,12918811,430
266.06,1551677652,3995.97,51.44344667,7.47846535,260.95,25.78,0.05,262.84,1,-84.00,-5.00,24.00,4.00,45.00,7.00,12918811,430
267.06,1551677653,4021.74,51.44341954,7.47809467,261.47,25.99,0.21,263.24,1,-84.00,-5.00,24.00,4.00,45.00,7.00,12918811,430
268.06,1551677654,4047.73,51.44339145,7.47771926,261.82,26.42,0.43,262.52,1,-80.00,-5.00,27.00,15.00,51.00,7.00,12918811,430
269.06,1551677655,4074.15,51.44336276,7.47734180,261.86,26.86,0.44,262.16,1,-80.00,-5.00,27.00,15.00,51.00,7.00,12918811,430
270.06,1551677656,4101.01,51.44332870,7.47695548,261.68,27.31,0.45,261.86,1,-85.00,-6.00,19.00,15.00,47.00,7.00,12918811,430
271.06,1551677657,4128.32,51.44329369,7.47655929,261.46,27.68,0.37,261.29,1,-85.00,-6.00,19.00,15.00,47.00,7.00,12918811,430
272.06,1551677658,4156.00,51.44325895,7.47617031,261.01,27.78,0.10,261.33,1,-83.00,-6.00,22.00,15.00,46.00,7.00,12918811,430
273.06,1551677659,4183.78,51.44321806,7.47577770,260.45,27.74,-0.05,260.50,1,-83.00,-6.00,22.00,15.00,46.00,7.00,12918811,430
274.06,1551677660,4211.51,51.44317705,7.47538502,259.83,27.65,-0.09,261.31,1,-82.00,-5.00,24.00,15.00,48.00,7.00,12918811,430
275.06,1551677661,4239.16,51.44313503,7.47499165,259.13,27.85,0.20,259.52,1,-82.00,-5.00,24.00,15.00,48.00,7.00,12918811,430
276.06,1551677662,4267.01,51.44308063,7.47459170,258.48,28.25,0.40,257.48,1,-92.00,-6.00,17.00,2.00,35.00,7.00,12918811,430
277.06,1551677663,4295.27,51.44302692,7.47419717,257.80,28.13,-0.12,258.04,1,-92.00,-6.00,17.00,2.00,35.00,7.00,12918811,430
278.07,1551677664,4323.68,51.44297517,7.47380488,257.10,27.73,-0.40,258.10,1,-94.00,-6.00,6.00,2.00,37.00,7.00,12918811,430
279.06,1551677665,4351.14,51.44292307,7.47340899,256.42,28.06,0.33,257.83,1,-94.00,-6.00,6.00,2.00,37.00,7.00,12918811,430
280.06,1551677666,4379.23,51.44286963,7.47301229,255.65,28.28,0.22,257.61,1,-94.00,-6.00,6.00,2.00,37.00,7.00,12918811,430
281.06,1551677667,4407.47,51.44281508,7.47261747,254.81,28.15,-0.12,257.01,1,-101.00,-7.00,6.00,2.00,32.00,7.00,12935194,397
282.06,1551677668,4435.60,51.44276074,7.47222147,253.91,28.26,0.11,257.82,1,-101.00,-7.00,6.00,2.00,32.00,7.00,12935194,397
283.06,1551677669,4463.91,51.44270615,7.47181722,252.98,28.51,0.25,258.32,1,-103.00,-6.00,13.00,2.00,29.00,7.00,12935194,397
284.06,1551677670,4492.42,51.44265216,7.47141324,252.04,28.77,0.27,257.93,1,-103.00,-6.00,13.00,2.00,29.00,7.00,12935194,397
285.06,1551677671,4521.19,51.44259827,7.47100553,251.07,29.01,0.24,257.94,1,-104.00,-7.00,4.00,2.00,28.00,7.00,12935194,397
286.06,1551677672,4550.20,51.44254423,7.47059273,250.11,29.28,0.27,258.17,1,-104.00,-7.00,4.00,2.00,28.00,7.00,12935194,397
287.06,1551677673,4579.48,51.44249059,7.47017774,249.10,29.53,0.26,258.13,1,-106.00,-7.00,-2.00,2.00,27.00,7.00,12935194,397
288.06,1551677674,4609.04,51.44243593,7.46975305,248.15,29.83,0.30,258.18,1,-106.00,-7.00,-2.00,2.00,27.00,7.00,12935194,397
289.06,1551677675,4638.88,51.44238072,7.46932708,247.19,30.31,0.47,258.35,1,-108.00,-8.00,4.00,2.00,24.00,7.00,12918811,430
290.06,1551677676,4669.15,51.44232812,7.46888666,246.32,30.94,0.63,258.55,1,-108.00,-8.00,4.00,2.00,24.00,7.00,12918811,430
291.06,1551677677,4700.09,51.44227442,7.46844433,245.39,31.51,0.58,258.57,1,-108.00,-8.00,7.00,2.00,25.00,7.00,12918811,430
292.06,1551677678,4731.60,51.44221935,7.46799218,244.44,32.06,0.55,258.68,1,-108.00,-8.00,7.00,2.00,25.00,7.00,12918811,430
293.07,1551677679,4763.73,51.44216349,7.46753453,243.38,32.54,0.48,258.82,1,-110.00,-9.00,-1.00,2.00,23.00,7.00,12918811,430
294.06,1551677680,4796.24,51.44210743,7.46705957,242.32,33.02,0.47,259.27,1,-110.00,-9.00,-1.00,2.00,23.00,7.00,12918811,430
295.06,1551677681,4829.25,51.44205616,7.46658333,241.30,33.45,0.43,259.63,1,-113.00,-10.00,-4.00,2.00,22.00,7.00,12918811,430
296.06,1551677682,4862.70,51.44200461,7.46610530,240.26,33.75,0.30,260.10,1,-113.00,-10.00,-4.00,2.00,22.00,7.00,12918811,430
297.07,1551677683,4896.59,51.44195325,7.46562698,239.29,33.84,0.09,260.13,1,-113.00,-11.00,-4.00,2.00,23.00,7.00,12897050,430
298.06,1551677684,4930.29,51.44190864,7.46515166,238.32,33.25,-0.60,260.94,1,-113.00,-11.00,-4.00,2.00,23.00,7.00,12897050,430
299.07,1551677685,4963.78,51.44186562,7.46467705,237.32,32.94,-0.31,261.47,1,-108.00,-9.00,4.00,2.00,27.00,7.00,12897050,118
300.06,1551677686,4996.38,51.44182695,7.46421242,236.46,32.84,-0.09,262.00,1,-108.00,-9.00,4.00,2.00,27.00,7.00,12897050,118
301.06,1551677687,5029.26,51.44178966,7.46373929,235.59,32.94,0.10,262.82,1,-108.00,-9.00,4.00,2.00,27.00,7.00,12897050,118
302.06,1551677688,5062.27,51.44175757,7.46326018,234.76,33.29,0.34,263.67,1,-106.00,-9.00,2.00,2.00,28.00,7.00,12897050,118
303.06,1551677689,5095.55,51.44172574,7.46277923,234.19,33.67,0.38,263.95,1,-106.00,-9.00,2.00,2.00,28.00,7.00,12897050,118
304.06,1551677690,5129.22,51.44169325,7.46229194,233.98,33.85,0.18,264.10,1,-108.00,-11.00,-1.00,2.00,27.00,7.00,12897050,118
305.06,1551677691,5163.07,51.44166794,7.46180318,234.01,34.49,0.64,265.26,1,-108.00,-11.00,-1.00,2.00,27.00,7.00,12897050,118
306.06,1551677692,5197.56,51.44164238,7.46130563,234.07,34.94,0.46,265.93,1,-109.00,-11.00,7.00,2.00,28.00,7.00,12897050,118
307.06,1551677693,5232.29,51.44161942,7.46080048,234.03,35.29,0.35,266.29,1,-109.00,-11.00,7.00,2.00,28.00,7.00,12897050,118
308.07,1551677694,5268.11,51.44159664,7.46029581,233.75,35.30,0.01,266.86,1,-102.00,-8.00,10.00,2.00,32.00,7.00,14301721,72
309.06,1551677695,5303.10,51.44158062,7.45978533,233.44,35.26,-0.04,267.50,1,-102.00,-8.00,10.00,2.00,32.00,7.00,14301721,72
310.06,1551677696,5338.28,51.44156754,7.45927565,233.17,35.35,0.10,268.23,1,-98.00,-8.00,15.00,2.00,36.00,7.00,14301721,72
311.06,1551677697,5373.63,51.44156196,7.45877309,233.01,35.10,-0.25,268.70,1,-98.00,-8.00,15.00,2.00,36.00,7.00,14301721,72
312.06,1551677698,5408.74,51.44155425,7.45827133,232.87,34.91,-0.19,269.08,1,-94.00,-7.00,18.00,2.00,39.00,7.00,14301721,72
313.06,1551677699,5443.65,51.44154658,7.45776902,232.67,34.96,0.05,269.38,1,-94.00,-7.00,18.00,2.00,39.00,7.00,14301721,72
314.06,1551677700,5478.61,51.44154454,7.45726561,232.37,35.10,0.14,269.84,1,-87.00,-8.00,19.00,10.00,45.00,14.00,14301721,72
315.06,1551677701,5513.71,51.44154334,7.45675546,232.20,35.21,0.10,269.87,1,-87.00,-8.00,19.00,10.00,45.00,14.00,14301721,72
316.06,1551677702,5548.98,51.44154318,7.45624858,231.98,35.28,0.07,270.29,1,-81.00,-5.00,24.00,1.00,48.00,14.00,14301721,72
317.06,1551677703,5584.23,51.44154735,7.45575192,231.81,34.51,-0.77,270.64,1,-81.00,-5.00,24.00,1.00,48.00,14.00,14301721,72
318.06,1551677704,5618.78,51.44155240,7.45525449,231.83,34.26,-0.25,270.87,1,-82.00,-5.00,19.00,10.00,47.00,14.00,14301721,72
319.06,1551677705,5653.04,51.44155933,7.45476776,231.77,34.07,-0.20,271.80,1,-82.00,-5.00,19.00,10.00,47.00,14.00,14301721,72
320.07,1551677706,5687.45,51.44157927,7.45427604,231.79,34.07,-0.00,273.25,1,-81.00,-4.00,22.00,12.00,47.00,14.00,14301721,72
321.06,1551677707,5721.11,51.44159849,7.45379446,231.60,33.91,-0.16,274.22,1,-81.00,-4.00,22.00,12.00,47.00,14.00,14301721,72
322.06,1551677708,5755.05,51.44162679,7.45331504,231.04,34.01,0.11,275.89,1,-81.00,-4.00,22.00,12.00,47.00,14.00,14301721,72
323.06,1551677709,5789.03,51.44165728,7.45282176,230.82,34.14,0.12,275.49,1,-82.00,-5.00,26.00,15.00,49.00,14.00,14301721,72
324.06,1551677710,5823.17,51.44168627,7.45233383,230.39,34.39,0.25,275.31,1,-82.00,-5.00,26.00,15.00,49.00,14.00,14301721,72
325.06,1551677711,5857.56,51.44171673,7.45184360,229.91,34.52,0.14,275.93,1,-81.00,-6.00,24.00,15.00,51.00,14.00,14301721,72
326.06,1551677712,5892.08,51.44175002,7.45134578,229.55,34.73,0.21,276.61,1,-81.00,-6.00,24.00,15.00,51.00,14.00,14301721,72
327.06,1551677713,5926.81,51.44178930,7.45085236,229.25,34.31,-0.43,277.26,1,-79.00,-6.00,19.00,15.00,52.00,14.00,14301721,72
328.07,1551677714,5961.26,51.44182885,7.45036476,228.96,33.84,-0.46,277.47,1,-79.00,-6.00,19.00,15.00,52.00,14.00,14301721,72
329.06,1551677715,5994.97,51.44186642,7.44988222,228.65,33.66,-0.18,277.90,1,-77.00,-5.00,18.00,15.00,52.00,14.00,14301721,72
330.06,1551677716,6028.63,51.44190629,7.44940632,228.28,33.34,-0.32,277.83,1,-77.00,-5.00,18.00,15.00,52.00,14.00,14301721,72
331.06,1551677717,6061.97,51.44195095,7.44893654,227.93,32.92,-0.43,278.31,1,-75.00,-5.00,28.00,15.00,56.00,14.00,14301721,72
332.06,1551677718,6094.88,51.44200080,7.44847244,227.56,32.57,-0.35,279.44,1,-75.00,-5.00,28.00,15.00,56.00,14.00,14301721,72
333.06,1551677719,6127.45,51.44205155,7.44801202,227.13,32.62,0.05,280.11,1,-75.00,-4.00,17.00,12.00,53.00,14.00,14301721,72
334.06,1551677720,6160.07,51.44211030,7.44754837,226.79,32.79,0.16,280.78,1,-75.00,-4.00,17.00,12.00,53.00,14.00,14301721,72
335.06,1551677721,6192.86,51.44217069,7.44708247,226.60,32.91,0.12,280.72,1,-75.00,-5.00,25.00,2.00,57.00,14.00,14301721,72
336.06,1551677722,6225.77,51.44223821,7.44662509,226.44,33.09,0.17,282.45,1,-75.00,-5.00,25.00,2.00,57.00,14.00,14301721,72
337.06,1551677723,6258.86,51.44230714,7.44615899,226.29,33.40,0.31,282.15,1,-77.00,-5.00,31.00,2.00,53.00,14.00,14301721,72
338.06,1551677724,6292.26,51.44237695,7.44568636,226.19,33.72,0.33,282.45,1,-77.00,-5.00,31.00,2.00,53.00,14.00,14301721,72
339.06,1551677725,6325.98,51.44244715,7.44521089,226.10,34.08,0.36,283.03,1,-74.00,-6.00,15.00,2.00,57.00,14.00,14301721,72
340.06,1551677726,6360.06,51.44251850,7.44473039,225.93,34.51,0.43,283.23,1,-74.00,-6.00,15.00,2.00,57.00,14.00,14301721,72
341.07,1551677727,6394.88,51.44259580,7.44424365,225.78,34.85,0.34,283.83,1,-72.00,-5.00,29.00,2.00,58.00,14.00,14301721,72
342.06,1551677728,6429.42,51.44267247,7.44376296,225.56,34.62,-0.23,284.90,1,-72.00,-5.00,29.00,2.00,58.00,14.00,14301721,72
343.06,1551677729,6464.03,51.44274742,7.44328625,225.24,34.06,-0.56,285.26,1,-72.00,-5.00,29.00,2.00,58.00,14.00,14301721,72
344.06,1551677730,6498.09,51.44282355,7.44281157,224.87,33.97,-0.08,285.16,1,-72.00,-6.00,25.00,2.00,58.00,14.00,14301721,72
345.06,1551677731,6532.09,51.44289955,7.44233572,224.28,34.05,0.08,285.87,1,-72.00,-6.00,25.00,2.00,58.00,14.00,14301721,72
346.06,1551677732,6566.11,51.44298582,7.44186082,223.71,34.26,0.21,286.56,1,-70.00,-6.00,21.00,2.00,60.00,14.00,14301721,72
347.06,1551677733,6600.27,51.44307352,7.44138424,223.16,34.36,0.10,287.31,1,-70.00,-6.00,21.00,2.00,60.00,14.00,14301721,72
348.06,1551677734,6634.74,51.44316068,7.44091080,222.58,34.09,-0.27,287.23,1,-74.00,-7.00,2.00,2.00,58.00,14.00,14301721,72
349.06,1551677735,6668.83,51.44325166,7.44044995,222.01,33.58,-0.51,287.68,1,-74.00,-7.00,2.00,2.00,58.00,14.00,14301721,72
350.06,1551677736,6702.48,51.44334451,7.43998906,221.43,33.58,-0.00,287.82,1,-92.00,-23.00,-5.00,8.00,56.00,3.00,14301721,72
351.06,1551677737,6736.03,51.44343702,7.43952806,220.73,33.58,0.00,288.02,1,-92.00,-23.00,-5.00,8.00,56.00,3.00,14301721,72
352.06,1551677738,6769.58,51.44354037,7.43906862,220.07,33.84,0.26,289.57,1,-70.00,-5.00,28.00,15.00,60.00,2.00,14301723,74
353.06,1551677739,6803.42,51.44364395,7.43860830,219.28,34.09,0.25,289.44,1,-70.00,-5.00,28.00,15.00,60.00,2.00,14301723,74
354.06,1551677740,6837.51,51.44375048,7.43814525,218.64,34.43,0.34,290.40,1,-69.00,-6.00,32.00,15.00,62.00,2.00,14301723,74
355.06,1551677741,6871.94,51.44386454,7.43767654,217.94,34.86,0.43,290.98,1,-69.00,-6.00,32.00,15.00,62.00,2.00,14301723,74
356.06,1551677742,6906.80,51.44398269,7.43719273,217.44,35.31,0.44,291.56,1,-74.00,-5.00,28.00,14.00,58.00,2.00,14301723,74
357.06,1551677743,6942.07,51.44409962,7.43671718,216.93,35.65,0.34,291.40,1,-74.00,-5.00,28.00,14.00,58.00,2.00,14301723,74
358.06,1551677744,6977.79,51.44421300,7.43624514,216.26,35.47,-0.18,291.82,1,-80.00,-6.00,25.00,14.00,51.00,2.00,14301723,74
359.06,1551677745,7013.23,51.44433372,7.43577209,215.36,35.38,-0.09,292.52,1,-80.00,-6.00,25.00,14.00,51.00,2.00,14301723,74
360.06,1551677746,7048.60,51.44445217,7.43530547,214.49,35.62,0.25,293.23,1,-85.00,-6.00,25.00,14.00,46.00,2.00,14301723,74
361.06,1551677747,7084.23,51.44458385,7.43482229,213.59,35.83,0.21,293.82,1,-85.00,-6.00,25.00,14.00,46.00,2.00,14301723,74
362.07,1551677748,7120.31,51.44472516,7.43435706,212.82,35.62,-0.21,295.22,1,-85.00,-6.00,27.00,14.00,46.00,2.00,14301723,74
363.07,1551677749,7155.86,51.44487430,7.43390553,211.86,35.23,-0.39,297.25,1,-85.00,-6.00,27.00,14.00,46.00,2.00,14301723,74
364.06,1551677750,7190.80,51.44502456,7.43344779,210.82,35.35,0.12,298.15,1,-85.00,-6.00,27.00,14.00,46.00,2.00,14301723,74
365.06,1551677751,7226.26,51.44517744,7.43300697,209.43,35.20,-0.15,299.20,1,-86.00,-7.00,28.00,15.00,46.00,2.00,14301723,74
366.06,1551677752,7261.46,51.44533600,7.43257136,207.86,35.21,0.01,300.53,1,-86.00,-7.00,28.00,15.00,46.00,2.00,14301723,74
367.06,1551677753,7296.67,51.44549852,7.43214513,206.03,35.21,0.00,301.92,1,-90.00,-6.00,23.00,12.00,44.00,2.00,14301723,74
368.06,1551677754,7331.88,51.44567214,7.43172235,204.24,35.42,0.21,303.76,1,-90.00,-6.00,23.00,12.00,44.00,2.00,14301723,74
369.06,1551677755,7367.34,51.44585778,7.43130154,202.69,35.71,0.28,305.23,1,-89.00,-5.00,21.00,12.00,40.00,2.00,14301723,74
370.06,1551677756,7403.05,51.44604911,7.43087638,201.31,35.98,0.27,306.36,1,-89.00,-5.00,21.00,12.00,40.00,2.00,14301723,74
371.06,1551677757,7438.99,51.44624314,7.43046371,200.09,35.80,-0.18,307.52,1,-90.00,-6.00,24.00,12.00,41.00,2.00,14301723,74
372.06,1551677758,7474.82,51.44644416,7.43006333,198.93,35.44,-0.36,309.45,1,-90.00,-6.00,24.00,12.00,41.00,2.00,14301723,74
373.06,1551677759,7510.23,51.44664843,7.42967636,197.85,34.89,-0.55,310.92,1,-97.00,-6.00,21.00,12.00,35.00,2.00,14301723,74
374.06,1551677760,7545.16,51.44685954,7.42930596,196.71,34.45,-0.44,312.91,1,-97.00,-6.00,21.00,12.00,35.00,2.00,14301723,74
375.06,1551677761,7579.58,51.44708432,7.42894530,195.64,35.22,0.77,314.87,1,-97.00,-6.00,17.00,10.00,34.00,2.00,14301723,74
376.06,1551677762,7614.83,51.44729960,7.42860584,194.31,35.12,-0.10,315.31,1,-97.00,-6.00,17.00,10.00,34.00,2.00,14301723,74
377.06,1551677763,7649.95,51.44753220,7.42826304,192.83,35.22,0.10,317.16,1,-103.00,-7.00,5.00,8.00,28.00,2.00,14301723,74
378.06,1551677764,7685.20,51.44776357,7.42792376,191.18,35.08,-0.13,317.66,1,-103.00,-7.00,5.00,8.00,28.00,2.00,14301723,74
379.06,1551677765,7720.25,51.44799950,7.42760235,189.29,34.62,-0.46,319.37,1,-104.00,-8.00,7.00,9.00,28.00,2.00,14301723,74
380.06,1551677766,7754.87,51.44824202,7.42729569,187.46,34.11,-0.51,321.19,1,-104.00,-8.00,7.00,9.00,28.00,2.00,14301723,74
381.06,1551677767,7788.98,51.44849151,7.42699931,185.70,34.03,-0.08,322.55,1,-109.00,-7.00,1.00,2.00,24.00,2.00,14301723,74
382.06,1551677768,7823.01,51.44874131,7.42670657,183.99,33.59,-0.44,323.53,1,-109.00,-7.00,1.00,2.00,24.00,2.00,14301723,74
383.07,1551677769,7856.94,51.44899782,7.42643162,182.40,33.56,-0.03,325.31,1,-108.00,-7.00,1.00,2.00,24.00,2.00,14301723,74
384.06,1551677770,7890.17,51.44924755,7.42616663,180.71,33.70,0.14,326.51,1,-108.00,-7.00,1.00,2.00,24.00,2.00,14301723,74
385.06,1551677771,7923.90,51.44950617,7.42590705,178.92,33.55,-0.14,328.15,1,-108.00,-7.00,1.00,2.00,24.00,2.00,14301723,74
386.06,1551677772,7957.42,51.44977106,7.42565865,177.44,33.34,-0.22,330.02,1,-107.00,-7.00,-5.00,2.00,23.00,2.00,14301723,74
387.06,1551677773,7990.72,51.45003674,7.42542450,176.20,33.25,-0.09,331.33,1,-107.00,-7.00,-5.00,2.00,23.00,2.00,14301723,74
388.06,1551677774,8024.04,51.45030518,7.42520120,175.01,33.28,0.03,333.06,1,-108.00,-8.00,-5.00,2.00,24.00,2.00,14301723,74
389.06,1551677775,8057.31,51.45057531,7.42497940,173.87,33.38,0.11,333.94,1,-108.00,-8.00,-5.00,2.00,24.00,2.00,14301723,74
390.06,1551677776,8090.60,51.45085678,7.42477327,172.48,33.59,0.20,335.34,1,-107.00,-9.00,-8.00,2.00,27.00,2.00,13806106,40
391.06,1551677777,8124.22,51.45115156,7.42457942,171.08,34.03,0.44,337.25,1,-107.00,-9.00,-8.00,2.00,27.00,2.00,13806106,40
392.06,1551677778,8158.31,51.45145181,7.42439347,170.35,34.67,0.64,338.67,1,-106.00,-14.00,-9.00,2.00,33.00,2.00,13806106,40
393.06,1551677779,8192.98,51.45175099,7.42421968,169.72,35.19,0.52,339.95,1,-106.00,-14.00,-9.00,2.00,33.00,2.00,13806106,40
394.06,1551677780,8228.10,51.45204751,7.42404811,168.90,35.35,0.16,340.51,1,-101.00,-10.00,-1.00,2.00,33.00,2.00,12896795,377
395.06,1551677781,8263.45,51.45235614,7.42388406,168.24,35.93,0.58,341.80,1,-101.00,-10.00,-1.00,2.00,33.00,2.00,12896795,377
396.06,1551677782,8299.45,51.45266207,7.42372456,167.65,35.63,-0.30,342.67,1,-96.00,-9.00,5.00,2.00,39.00,2.00,12897051,119
397.06,1551677783,8335.08,51.45296869,7.42357332,167.18,35.47,-0.15,342.82,1,-96.00,-9.00,5.00,2.00,39.00,2.00,12897051,119
398.06,1551677784,8370.48,51.45327490,7.42342233,166.63,35.75,0.28,343.61,1,-93.00,-8.00,20.00,2.00,39.00,2.00,12897051,119
399.06,1551677785,8406.27,51.45357782,7.42328828,165.82,35.34,-0.41,344.29,1,-93.00,-8.00,20.00,2.00,39.00,2.00,12897051,119
400.06,1551677786,8441.57,51.45388135,7.42315449,164.83,35.17,-0.17,344.25,1,-89.00,-8.00,-1.00,2.00,43.00,2.00,12897051,119
401.06,1551677787,8476.74,51.45418491,7.42301872,163.88,35.13,-0.05,344.23,1,-89.00,-8.00,-1.00,2.00,43.00,2.00,12897051,119
402.06,1551677788,8511.91,51.45448520,7.42288368,162.93,34.88,-0.25,343.83,1,-89.00,-8.00,11.00,2.00,45.00,2.00,12897051,119
403.06,1551677789,8546.79,51.45478972,7.42274424,161.96,35.24,0.35,343.36,1,-89.00,-8.00,11.00,2.00,45.00,2.00,12897051,119
404.06,1551677790,8581.99,51.45509571,7.42259321,161.01,35.52,0.28,343.11,1,-90.00,-11.00,8.00,2.00,45.00,2.00,12897051,119
405.06,1551677791,8617.54,51.45540501,7.42243901,160.05,35.83,0.32,342.61,1,-90.00,-11.00,8.00,2.00,45.00,2.00,12897051,119
406.07,1551677792,8653.70,51.45571416,7.42227547,159.17,36.06,0.23,341.80,1,-86.00,-9.00,1.00,2.00,48.00,2.00,12897051,119
407.06,1551677793,8689.36,51.45602425,7.42210910,158.42,36.39,0.33,340.87,1,-86.00,-9.00,1.00,2.00,48.00,2.00,12897051,119
408.06,1551677794,8725.82,51.45633364,7.42192949,157.77,36.71,0.32,340.29,1,-86.00,-9.00,1.00,2.00,48.00,2.00,12897051,119
409.06,1551677795,8762.39,51.45663957,7.42174120,157.21,36.81,0.10,338.97,1,-87.00,-8.00,7.00,8.00,46.00,19.00,12897051,119
410.06,1551677796,8799.34,51.45694304,7.42154401,156.87,36.25,-0.56,337.59,1,-87.00,-8.00,7.00,8.00,46.00,19.00,12897051,119
411.06,1551677797,8835.59,51.45723670,7.42134237,156.45,35.57,-0.67,336.48,1,-87.00,-8.00,10.00,8.00,45.00,19.00,12897051,119
412.06,1551677798,8871.16,51.45752606,7.42114106,155.95,34.93,-0.64,335.79,1,-87.00,-8.00,10.00,8.00,45.00,19.00,12897051,119
413.06,1551677799,8906.09,51.45780466,7.42093643,155.56,33.65,-1.27,334.83,1,-88.00,-7.00,7.00,9.00,45.00,19.00,12897051,119
414.06,1551677800,8939.74,51.45807465,7.42073514,155.16,32.96,-0.69,334.52,1,-88.00,-7.00,7.00,9.00,45.00,19.00,12897051,119
415.06,1551677801,8972.71,51.45832458,7.42053434,154.87,30.97,-1.99,333.05,1,-83.00,-6.00,16.00,10.00,48.00,19.00,12897051,119
416.06,1551677802,9003.68,51.45856701,7.42033448,154.52,30.32,-0.65,332.49,1,-83.00,-6.00,16.00,10.00,48.00,19.00,12897051,119
417.07,1551677803,9034.06,51.45879914,7.42013450,154.12,29.88,-0.44,331.35,1,-91.00,-9.00,1.00,8.00,44.00,19.00,12897051,119
418.06,1551677804,9063.92,51.45903263,7.41993460,153.66,29.65,-0.24,330.51,1,-91.00,-9.00,1.00,8.00,44.00,19.00,12897051,119
419.06,1551677805,9093.56,51.45926346,7.41971852,153.23,29.76,0.12,329.58,1,-84.00,-6.00,5.00,9.00,48.00,19.00,12897051,119
420.07,1551677806,9123.36,51.45950648,7.41949208,153.31,30.22,0.46,328.70,1,-84.00,-6.00,5.00,9.00,48.00,19.00,12897051,119
421.06,1551677807,9153.52,51.45974186,7.41925860,153.42,30.85,0.63,327.91,1,-82.00,-6.00,13.00,12.00,49.00,19.00,12897051,119
422.06,1551677808,9184.37,51.45998066,7.41902118,153.42,31.47,0.62,327.12,1,-82.00,-6.00,13.00,12.00,49.00,19.00,12897051,119
423.06,1551677809,9215.84,51.46022153,7.41876153,153.48,32.53,1.06,325.77,1,-87.00,-7.00,10.00,7.00,45.00,19.00,12897051,119
424.06,1551677810,9248.38,51.46046484,7.41848989,153.38,33.12,0.58,324.45,1,-87.00,-7.00,10.00,7.00,45.00,19.00,12897051,119
425.06,1551677811,9281.53,51.46071313,7.41821294,153.13,33.87,0.75,324.08,1,-96.00,-15.00,1.00,3.00,46.00,19.00,12897051,119
426.06,1551677812,9315.36,51.46095188,7.41792567,152.75,34.39,0.53,323.08,1,-96.00,-15.00,1.00,3.00,46.00,19.00,12897051,119
427.06,1551677813,9349.55,51.46118815,7.41762196,152.34,34.70,0.30,322.04,1,-81.00,-8.00,1.00,7.00,53.00,7.00,13806105,39
428.06,1551677814,9384.45,51.46143041,7.41730365,151.92,35.13,0.43,320.73,1,-81.00,-8.00,1.00,7.00,53.00,7.00,13806105,39
429.07,1551677815,9419.87,51.46167430,7.41697839,151.49,35.62,0.49,319.98,1,-81.00,-6.00,21.00,9.00,50.00,7.00,13806105,39
430.06,1551677816,9455.17,51.46191721,7.41663965,151.10,36.04,0.42,319.50,1,-81.00,-6.00,21.00,9.00,50.00,7.00,13806105,39
431.06,1551677817,9491.21,51.46215940,7.41629357,150.86,36.22,0.18,318.31,1,-81.00,-6.00,21.00,9.00,50.00,7.00,13806105,39
432.06,1551677818,9527.44,51.46239689,7.41593561,150.60,36.58,0.36,317.00,1,-85.00,-6.00,16.00,10.00,48.00,7.00,13806105,39
433.06,1551677819,9564.02,51.46263665,7.41557277,150.39,36.95,0.37,316.26,1,-85.00,-6.00,16.00,10.00,48.00,7.00,13806105,39
434.06,1551677820,9600.94,51.46287500,7.41519263,150.29,37.20,0.25,314.99,1,-80.00,-5.00,9.00,9.00,50.00,7.00,13806105,39
435.06,1551677821,9638.21,51.46311695,7.41480811,150.40,37.40,0.20,314.18,1,-80.00,-5.00,9.00,9.00,50.00,7.00,13806105,39
436.06,1551677822,9675.61,51.46335532,7.41441393,150.84,37.61,0.21,313.06,1,-86.00,-7.00,12.00,11.00,48.00,7.00,13806105,39
437.06,1551677823,9713.17,51.46357849,7.41402240,151.32,37.68,0.07,312.05,1,-86.00,-7.00,12.00,11.00,48.00,7.00,13806105,39
438.06,1551677824,9750.81,51.46381023,7.41361749,151.86,37.92,0.24,311.38,1,-84.00,-7.00,9.00,9.00,48.00,7.00,13806105,39
439.06,1551677825,9788.77,51.46403443,7.41320268,152.34,38.03,0.11,310.58,1,-84.00,-7.00,9.00,9.00,48.00,7.00,13806105,39
440.06,1551677826,9826.80,51.46425664,7.41278859,152.78,38.03,0.00,309.91,1,-100.00,-14.00,-5.00,2.00,42.00,7.00,13806105,39
441.06,1551677827,9864.83,51.46447421,7.41236517,153.23,38.18,0.15,309.28,1,-100.00,-14.00,-5.00,2.00,42.00,7.00,13806105,39
442.06,1551677828,9903.08,51.46469241,7.41193883,153.65,38.36,0.18,308.76,1,-101.00,-11.00,-2.00,2.00,34.00,7.00,13806105,39
443.06,1551677829,9941.44,51.46491095,7.41150943,154.06,38.40,0.05,308.30,1,-101.00,-11.00,-2.00,2.00,34.00,7.00,13806105,39
444.06,1551677830,9979.69,51.46512766,7.41107736,154.45,38.57,0.17,308.30,1,-98.00,-10.00,-2.00,2.00,37.00,11.00,13806105,39
445.06,1551677831,10018.41,51.46533870,7.41063733,154.83,38.36,-0.21,307.96,1,-98.00,-10.00,-2.00,2.00,37.00,11.00,13806105,39
446.06,1551677832,10056.66,51.46554888,7.41020285,155.25,38.12,-0.25,308.01,1,-97.00,-8.00,-6.00,6.00,37.00,37.00,12896795,377
447.06,1551677833,10094.86,51.46575867,7.40976937,155.68,38.07,-0.04,307.79,1,-97.00,-8.00,-6.00,6.00,37.00,37.00,12896795,377
448.07,1551677834,10133.04,51.46596712,7.40933711,156.09,37.99,-0.08,307.95,1,-100.00,-12.00,-3.00,6.00,37.00,37.00,12896795,377
449.07,1551677835,10171.00,51.46617479,7.40891046,156.48,37.23,-0.76,308.33,1,-100.00,-12.00,-3.00,6.00,37.00,37.00,12896795,377
450.08,1551677836,10208.60,51.46638509,7.40849522,157.06,36.79,-0.44,309.09,1,-93.00,-8.00,-4.00,6.00,42.00,37.00,12896795,458
451.07,1551677837,10245.01,51.46659032,7.40808950,158.00,36.18,-0.61,309.05,1,-93.00,-8.00,-4.00,6.00,42.00,37.00,12896795,458
452.07,1551677838,10281.23,51.46679145,7.40769230,158.68,35.21,-0.97,308.72,1,-93.00,-8.00,-4.00,6.00,42.00,37.00,12896795,458
453.07,1551677839,10316.44,51.46699071,7.40729404,159.53,34.91,-0.29,309.14,1,-95.00,-9.00,-3.00,8.00,40.00,37.00,12896795,377
454.07,1551677840,10351.35,51.46718507,7.40690508,160.38,34.87,-0.05,309.60,1,-95.00,-9.00,-3.00,8.00,40.00,37.00,12896795,377
455.06,1551677841,10386.12,51.46738019,7.40651523,161.21,34.89,0.02,309.81,1,-88.00,-6.00,2.00,11.00,43.00,37.00,12896795,377
456.06,1551677842,10421.04,51.46757991,7.40613062,162.06,34.96,0.06,310.17,1,-88.00,-6.00,2.00,11.00,43.00,37.00,12896795,377
457.06,1551677843,10456.00,51.46777805,7.40575385,162.60,34.71,-0.25,310.83,1,-89.00,-7.00,22.00,5.00,43.00,37.00,12896795,377
458.06,1551677844,10490.70,51.46798104,7.40538630,162.90,34.22,-0.48,311.27,1,-89.00,-7.00,22.00,5.00,43.00,37.00,12896795,377
459.07,1551677845,10524.96,51.46818445,7.40501895,163.02,34.25,0.03,311.39,1,-99.00,-10.00,1.00,7.00,36.00,37.00,12896795,377
460.07,1551677846,10559.24,51.46838935,7.40465009,163.13,34.26,0.01,311.29,1,-99.00,-10.00,1.00,7.00,36.00,37.00,12896795,377
461.07,1551677847,10593.47,51.46860001,7.40428370,163.23,34.60,0.34,312.37,1,-107.00,-15.00,1.00,4.00,34.00,37.00,12896795,377
462.07,1551677848,10628.07,51.46880687,7.40391625,163.38,34.82,0.21,312.84,1,-107.00,-15.00,1.00,4.00,34.00,37.00,12896795,377
463.07,1551677849,10662.92,51.46902821,7.40354683,163.56,35.17,0.35,313.57,1,-102.00,-12.00,-5.00,6.00,34.00,50.00,14301723,74
464.07,1551677850,10698.09,51.46924390,7.40319283,163.58,35.30,0.13,313.67,1,-102.00,-12.00,-5.00,6.00,34.00,50.00,14301723,74
465.07,1551677851,10733.35,51.46946254,7.40283254,163.29,34.91,-0.39,313.67,1,-101.00,-8.00,-1.00,4.00,32.00,50.00,14301723,74
466.07,1551677852,10768.26,51.46967158,7.40248429,162.85,33.96,-0.95,314.47,1,-101.00,-8.00,-1.00,4.00,32.00,50.00,14301723,74
467.06,1551677853,10802.15,51.46989227,7.40213411,162.76,33.78,-0.18,315.20,1,-98.00,-9.00,2.00,7.00,35.00,50.00,14301723,74
468.06,1551677854,10835.93,51.47010426,7.40179659,162.55,33.39,-0.39,315.53,1,-98.00,-9.00,2.00,7.00,35.00,50.00,14301723,74
469.06,1551677855,10869.32,51.47031884,7.40146003,162.66,33.16,-0.23,316.12,1,-95.00,-7.00,7.00,8.00,37.00,50.00,14301723,74
470.06,1551677856,10902.48,51.47054386,7.40113319,162.88,32.91,-0.25,317.45,1,-95.00,-7.00,7.00,8.00,37.00,50.00,14301723,74
471.07,1551677857,10935.65,51.47076671,7.40082411,163.23,32.55,-0.36,319.20,1,-94.00,-6.00,5.00,8.00,35.00,50.00,14301723,74
472.06,1551677858,10967.94,51.47097702,7.40052746,163.64,31.27,-1.29,318.71,1,-94.00,-6.00,5.00,8.00,35.00,50.00,14301723,74
473.06,1551677859,10999.21,51.47118160,7.40022519,164.32,30.90,-0.37,317.96,1,-94.00,-6.00,5.00,8.00,35.00,50.00,14301723,74
474.06,1551677860,11030.10,51.47138033,7.39993044,165.06,30.72,-0.17,317.71,1,-96.00,-8.00,-1.00,9.00,35.00,50.00,14301723,74
475.06,1551677861,11060.82,51.47158136,7.39963263,165.83,30.62,-0.11,318.14,1,-96.00,-8.00,-1.00,9.00,35.00,50.00,14301723,74
476.06,1551677862,11091.47,51.47178546,7.39933404,166.78,30.38,-0.23,318.33,1,-96.00,-7.00,2.00,10.00,34.00,50.00,14301723,74
477.06,1551677863,11121.82,51.47198870,7.39903530,167.70,30.45,0.07,318.48,1,-96.00,-7.00,2.00,10.00,34.00,50.00,14301723,74
478.06,1551677864,11152.27,51.47219164,7.39874214,168.77,30.57,0.11,318.74,1,-94.00,-5.00,10.00,2.00,34.00,50.00,14301723,74
479.06,1551677865,11182.84,51.47239859,7.39845812,169.51,30.67,0.11,319.22,1,-94.00,-5.00,10.00,2.00,34.00,50.00,14301723,74
480.06,1551677866,11213.48,51.47260538,7.39817771,169.98,30.20,-0.47,319.48,1,-94.00,-7.00,4.00,2.00,33.00,50.00,14301723,74
481.06,1551677867,11243.69,51.47280969,7.39789973,170.31,29.63,-0.57,319.89,1,-94.00,-7.00,4.00,2.00,33.00,50.00,14301723,74
482.06,1551677868,11273.32,51.47300928,7.39762652,170.50,28.96,-0.68,320.08,1,-95.00,-7.00,0.00,2.00,32.00,50.00,14301723,74
483.06,1551677869,11302.31,51.47320295,7.39736883,170.53,28.22,-0.74,320.86,1,-95.00,-7.00,0.00,2.00,32.00,50.00,14301723,74
484.06,1551677870,11330.41,51.47339605,7.39711412,170.62,27.48,-0.74,320.65,1,-96.00,-7.00,7.00,13.00,31.00,59.00,14301723,74
485.06,1551677871,11357.92,51.47358676,7.39685928,170.97,27.40,-0.08,321.45,1,-96.00,-7.00,7.00,13.00,31.00,59.00,14301723,74
486.06,1551677872,11385.32,51.47377691,7.39661785,171.41,26.95,-0.45,321.96,1,-97.00,-12.00,5.00,9.00,31.00,59.00,14301723,74
487.06,1551677873,11412.35,51.47396905,7.39637446,171.83,26.89,-0.06,322.19,1,-97.00,-12.00,5.00,9.00,31.00,59.00,14301723,74
488.06,1551677874,11439.26,51.47415981,7.39613191,172.50,27.15,0.26,322.58,1,-102.00,-7.00,4.00,10.00,25.00,59.00,14301723,74
489.06,1551677875,11466.39,51.47435132,7.39589626,172.89,27.69,0.54,323.57,1,-102.00,-7.00,4.00,10.00,25.00,59.00,14301723,74
490.07,1551677876,11494.13,51.47456286,7.39564885,173.39,27.88,0.20,324.00,1,-110.00,-10.00,1.00,7.00,24.00,59.00,14301723,74
491.07,1551677877,11522.01,51.47476622,7.39541950,174.13,27.90,0.01,324.90,1,-110.00,-10.00,1.00,7.00,24.00,59.00,14301723,74
492.07,1551677878,11550.10,51.47497396,7.39518691,174.85,28.29,0.39,325.88,1,-108.00,-9.00,-2.00,6.00,27.00,43.00,13043481,120
493.06,1551677879,11578.17,51.47519651,7.39497119,175.34,28.80,0.52,328.57,1,-108.00,-9.00,-2.00,6.00,27.00,43.00,13043481,120
494.06,1551677880,11606.97,51.47541866,7.39475524,175.75,29.03,0.22,329.20,1,-108.00,-9.00,-2.00,6.00,27.00,43.00,13043481,120
495.06,1551677881,11636.00,51.47564479,7.39454666,176.27,29.15,0.12,329.70,1,-109.00,-13.00,-1.00,7.00,29.00,13.00,12895514,120
496.06,1551677882,11665.14,51.47587217,7.39434042,176.88,29.29,0.15,330.34,1,-109.00,-13.00,-1.00,7.00,29.00,13.00,12895514,120
497.06,1551677883,11694.35,51.47609914,7.39414110,177.46,28.95,-0.34,331.04,1,-99.00,-6.00,3.00,6.00,31.00,12.00,13884187,449
498.06,1551677884,11723.30,51.47632517,7.39395449,178.22,28.27,-0.69,332.74,1,-99.00,-6.00,3.00,6.00,31.00,12.00,13884187,449
499.06,1551677885,11751.60,51.47654879,7.39378347,178.87,27.96,-0.31,334.38,1,-104.00,-7.00,8.00,9.00,28.00,12.00,13884187,449
500.06,1551677886,11779.55,51.47677322,7.39361036,179.45,27.64,-0.31,335.38,1,-104.00,-7.00,8.00,9.00,28.00,12.00,13884187,449
501.06,1551677887,11807.20,51.47699566,7.39345513,180.15,26.43,-1.21,336.80,1,-106.00,-9.00,2.00,8.00,27.00,12.00,13884187,449
502.06,1551677888,11833.66,51.47720058,7.39332142,180.79,24.57,-1.86,338.49,1,-106.00,-9.00,2.00,8.00,27.00,12.00,13884187,449
503.07,1551677889,11858.27,51.47737718,7.39321459,181.07,21.64,-2.92,340.66,1,-109.00,-11.00,1.00,6.00,27.00,12.00,13884187,449
504.06,1551677890,11879.87,51.47755216,7.39312850,181.18,19.15,-2.49,344.70,1,-109.00,-11.00,1.00,6.00,27.00,12.00,13884187,449
505.06,1551677891,11899.04,51.47774218,7.39306019,181.49,19.79,0.63,347.30,1,-103.00,-9.00,11.00,6.00,32.00,12.00,13884187,449
506.06,1551677892,11918.83,51.47792738,7.39301653,181.65,20.04,0.25,351.34,1,-103.00,-9.00,11.00,6.00,32.00,12.00,13884187,449
507.06,1551677893,11938.85,51.47810723,7.39305139,181.71,20.02,-0.02,6.92,1,-100.00,-6.00,13.00,2.00,33.00,12.00,13884187,449
508.06,1551677894,11958.87,51.47828610,7.39311298,181.52,20.22,0.20,13.13,1,-100.00,-6.00,13.00,2.00,33.00,12.00,13884187,449
509.06,1551677895,11979.07,51.47845444,7.39321955,181.09,20.42,0.20,22.93,1,-100.00,-7.00,11.00,2.00,33.00,12.00,13884187,449
510.06,1551677896,11999.49,51.47861156,7.39335579,180.92,20.48,0.06,29.26,1,-100.00,-7.00,11.00,2.00,33.00,12.00,13884187,449
511.06,1551677897,12019.98,51.47876315,7.39351531,180.88,19.77,-0.71,34.90,1,-101.00,-8.00,12.00,2.00,32.00,11.00,13884187,449
512.06,1551677898,12039.73,51.47889717,7.39366936,180.71,17.17,-2.60,36.59,1,-101.00,-8.00,12.00,2.00,32.00,11.00,13884187,449
513.07,1551677899,12057.03,51.47902261,7.39379932,180.69,14.93,-2.22,33.56,1,-98.00,-8.00,11.00,8.00,34.00,11.00,13884187,449
514.06,1551677900,12071.84,51.47914895,7.39386820,180.98,13.77,-1.17,16.11,1,-98.00,-8.00,11.00,8.00,34.00,11.00,13884187,449
515.06,1551677901,12085.61,51.47926965,7.39387982,180.96,13.69,-0.07,2.43,1,-98.00,-8.00,11.00,8.00,34.00,11.00,13884187,449
516.06,1551677902,12099.30,51.47939089,7.39385115,181.13,14.41,0.71,348.79,1,-94.00,-6.00,11.00,14.00,36.00,11.00,13884187,449
517.06,1551677903,12113.71,51.47950840,7.39380744,181.42,14.40,-0.01,345.31,1,-94.00,-6.00,11.00,14.00,36.00,11.00,13884187,449
518.06,1551677904,12128.10,51.47963149,7.39374419,181.91,14.77,0.38,341.91,1,-91.00,-6.00,19.00,8.00,40.00,11.00,13884187,449
519.06,1551677905,12142.88,51.47975311,7.39366713,182.59,14.09,-0.69,339.12,1,-91.00,-6.00,19.00,8.00,40.00,11.00,13884187,449
520.06,1551677906,12156.97,51.47986313,7.39358757,183.44,13.12,-0.97,337.49,1,-84.00,-6.00,21.00,13.00,46.00,11.00,13884187,449
521.06,1551677907,12170.09,51.47997216,7.39350936,184.23,11.89,-1.23,338.66,1,-84.00,-6.00,21.00,13.00,46.00,11.00,13884187,449
522.06,1551677908,12181.97,51.48007588,7.39348321,185.00,10.62,-1.26,354.06,1,-87.00,-7.00,18.00,2.00,48.00,11.00,13884187,449
523.06,1551677909,12192.60,51.48016435,7.39350007,185.84,9.94,-0.68,12.52,1,-87.00,-7.00,18.00,2.00,48.00,11.00,13884187,449
524.06,1551677910,12202.53,51.48022978,7.39355858,186.51,10.48,0.53,30.66,1,-86.00,-6.00,17.00,2.00,45.00,11.00,13884187,449
525.06,1551677911,12213.02,51.48028619,7.39365573,186.56,11.03,0.55,50.33,1,-86.00,-6.00,17.00,2.00,45.00,11.00,13884187,449
526.06,1551677912,12224.04,51.48035357,7.39378667,186.31,11.87,0.85,53.16,1,-88.00,-7.00,15.00,2.00,43.00,11.00,13884187,449
527.06,1551677913,12235.92,51.48041452,7.39392444,186.27,12.00,0.13,55.22,1,-88.00,-7.00,15.00,2.00,43.00,11.00,13884187,449
528.06,1551677914,12247.92,51.48047227,7.39406669,186.39,12.06,0.05,56.65,1,-90.00,-6.00,17.00,2.00,41.00,11.00,13884187,449
529.06,1551677915,12259.96,51.48053100,7.39421097,186.70,12.41,0.36,57.64,1,-90.00,-6.00,17.00,2.00,41.00,11.00,13884187,449
530.06,1551677916,12272.39,51.48059122,7.39436713,187.13,12.75,0.33,58.47,1,-89.00,-6.00,15.00,2.00,42.00,11.00,13884187,449
531.06,1551677917,12285.14,51.48065100,7.39452618,187.65,13.09,0.34,59.06,1,-89.00,-6.00,15.00,2.00,42.00,11.00,13884187,449
532.06,1551677918,12298.23,51.48071350,7.39469336,187.98,13.94,0.85,58.65,1,-92.00,-6.00,17.00,8.00,41.00,9.00,13884187,449
533.06,1551677919,12312.17,51.48078332,7.39487217,188.33,14.96,1.02,57.97,1,-92.00,-6.00,17.00,8.00,41.00,9.00,13884187,449
534.07,1551677920,12327.28,51.48086059,7.39506693,188.70,15.80,0.83,57.52,1,-81.00,-6.00,23.00,14.00,51.00,9.00,13884187,449
535.06,1551677921,12342.92,51.48094189,7.39526964,189.18,16.85,1.07,58.20,1,-81.00,-6.00,23.00,14.00,51.00,9.00,13884187,449
536.06,1551677922,12359.77,51.48102755,7.39548519,189.70,17.76,0.91,57.78,1,-81.00,-6.00,23.00,14.00,51.00,9.00,13884187,449
537.06,1551677923,12377.53,51.48111122,7.39570473,190.03,17.86,0.09,58.27,1,-90.00,-7.00,7.00,10.00,42.00,9.00,13884187,449
538.06,1551677924,12395.42,51.48119108,7.39591843,190.39,17.62,-0.24,58.72,1,-90.00,-7.00,7.00,10.00,42.00,9.00,13884187,449
539.06,1551677925,12412.97,51.48126956,7.39613630,190.60,17.29,-0.32,59.67,1,-92.00,-6.00,9.00,14.00,39.00,9.00,13884187,449
540.06,1551677926,12430.28,51.48134461,7.39634981,190.69,16.89,-0.40,60.33,1,-92.00,-6.00,9.00,14.00,39.00,9.00,13884187,449
541.06,1551677927,12447.19,51.48141693,7.39655902,190.49,16.56,-0.33,59.90,1,-98.00,-8.00,11.00,6.00,35.00,9.00,13884187,449
542.06,1551677928,12463.77,51.48148751,7.39676015,190.25,16.20,-0.36,59.11,1,-98.00,-8.00,11.00,6.00,35.00,9.00,13884187,449
543.07,1551677929,12480.00,51.48155989,7.39694987,190.35,15.72,-0.47,58.54,1,-101.00,-8.00,3.00,8.00,30.00,9.00,13884187,449
544.06,1551677930,12495.70,51.48163224,7.39713873,190.36,15.28,-0.44,57.97,1,-101.00,-8.00,3.00,8.00,30.00,9.00,13884187,449
545.06,1551677931,12510.97,51.48170496,7.39732185,190.20,15.00,-0.28,57.25,1,-102.00,-9.00,8.00,8.00,31.00,9.00,13884187,449
546.06,1551677932,12525.97,51.48177641,7.39749827,190.09,14.52,-0.48,56.37,1,-102.00,-9.00,8.00,8.00,31.00,9.00,13884187,449
547.06,1551677933,12540.48,51.48184924,7.39766328,190.04,13.88,-0.63,55.16,1,-96.00,-7.00,11.00,9.00,36.00,9.00,13884187,449
548.06,1551677934,12554.37,51.48192058,7.39781863,189.89,13.23,-0.66,53.78,1,-96.00,-7.00,11.00,9.00,36.00,9.00,13884187,449
549.06,1551677935,12567.60,51.48198770,7.39795995,189.68,12.48,-0.75,52.64,1,-98.00,-8.00,4.00,7.00,34.00,9.00,13884187,449
550.06,1551677936,12580.07,51.48205463,7.39809251,189.49,11.94,-0.54,51.63,1,-98.00,-8.00,4.00,7.00,34.00,9.00,13884187,449
551.06,1551677937,12592.02,51.48212465,7.39822039,189.45,11.78,-0.17,50.41,1,-93.00,-7.00,12.00,2.00,40.00,9.00,13884187,449
552.06,1551677938,12603.78,51.48219901,7.39834696,189.53,11.88,0.11,49.12,1,-93.00,-7.00,12.00,2.00,40.00,9.00,13884187,449
553.06,1551677939,12615.68,51.48227669,7.39847283,189.54,12.54,0.65,46.92,1,-92.00,-8.00,7.00,10.00,40.00,6.00,13884187,449
554.06,1551677940,12628.22,51.48235782,7.39859276,189.49,12.37,-0.17,44.91,1,-92.00,-8.00,7.00,10.00,40.00,6.00,13884187,449
555.07,1551677941,12640.70,51.48243941,7.39870629,189.32,12.43,0.06,42.83,1,-100.00,-10.00,1.00,8.00,34.00,6.00,13884187,449
556.06,1551677942,12653.03,51.48253033,7.39882095,189.31,12.79,0.36,41.05,1,-100.00,-10.00,1.00,8.00,34.00,6.00,13884187,449
557.06,1551677943,12665.82,51.48263111,7.39893505,189.48,12.76,-0.03,39.31,1,-100.00,-10.00,1.00,8.00,34.00,6.00,13884187,449
558.06,1551677944,12678.57,51.48273083,7.39904111,189.65,12.30,-0.46,37.83,1,-95.00,-9.00,8.00,7.00,40.00,6.00,13884187,449
559.06,1551677945,12690.87,51.48282852,7.39914926,189.89,12.60,0.29,36.81,1,-95.00,-9.00,8.00,7.00,40.00,6.00,13884187,449
560.06,1551677946,12703.47,51.48293080,7.39926410,190.12,13.41,0.81,36.20,1,-98.00,-11.00,2.00,8.00,38.00,6.00,13884187,449
561.06,1551677947,12716.87,51.48303382,7.39937564,190.35,14.89,1.48,35.07,1,-98.00,-11.00,2.00,8.00,38.00,6.00,13884187,449
562.06,1551677948,12731.76,51.48315251,7.39950093,190.64,15.46,0.57,34.60,1,-91.00,-11.00,1.00,2.00,49.00,6.00,13884187,449
563.06,1551677949,12747.22,51.48327265,7.39962005,190.75,16.50,1.04,33.97,1,-91.00,-11.00,1.00,2.00,49.00,6.00,13884187,449
564.06,1551677950,12763.71,51.48340226,7.39974857,190.81,17.59,1.09,33.80,1,-86.00,-7.00,10.00,2.00,46.00,6.00,13884186,448
565.06,1551677951,12781.34,51.48353702,7.39988047,190.75,17.89,0.30,34.67,1,-86.00,-7.00,10.00,2.00,46.00,6.00,13884186,448
566.06,1551677952,12799.21,51.48366425,7.40001336,190.80,17.78,-0.12,35.13,1,-89.00,-7.00,6.00,9.00,44.00,5.00,13884186,448
567.06,1551677953,12816.97,51.48380187,7.40016098,190.40,17.93,0.16,35.51,1,-89.00,-7.00,6.00,9.00,44.00,5.00,13884186,448
568.06,1551677954,12834.90,51.48393687,7.40030928,189.88,18.22,0.29,36.00,1,-84.00,-7.00,10.00,14.00,48.00,5.00,13884186,448
569.06,1551677955,12853.13,51.48406786,7.40046282,189.34,18.52,0.30,36.77,1,-84.00,-7.00,10.00,14.00,48.00,5.00,13884186,448
570.06,1551677956,12871.67,51.48420094,7.40062435,188.75,19.12,0.60,37.81,1,-95.00,-6.00,9.00,11.00,37.00,5.00,13884186,448
571.06,1551677957,12890.77,51.48433852,7.40079991,188.36,19.55,0.42,39.05,1,-95.00,-6.00,9.00,11.00,37.00,5.00,13884186,448
572.06,1551677958,12910.32,51.48447441,7.40098775,188.09,19.97,0.42,40.12,1,-93.00,-6.00,13.00,10.00,39.00,5.00,13884186,448
573.06,1551677959,12930.28,51.48460575,7.40117967,187.88,19.78,-0.19,40.87,1,-93.00,-6.00,13.00,10.00,39.00,5.00,13884186,448
574.06,1551677960,12950.06,51.48473670,7.40138024,187.90,19.28,-0.50,42.36,1,-93.00,-7.00,5.00,9.00,40.00,5.00,13884186,448
575.06,1551677961,12969.34,51.48486103,7.40157295,187.99,18.71,-0.56,42.39,1,-93.00,-7.00,5.00,9.00,40.00,5.00,13884186,448
576.06,1551677962,12988.09,51.48497794,7.40175469,187.92,18.39,-0.32,41.58,1,-94.00,-7.00,7.00,12.00,37.00,5.00,13884186,448
577.06,1551677963,13006.48,51.48508952,7.40192854,187.76,16.62,-1.77,42.36,1,-94.00,-7.00,7.00,12.00,37.00,5.00,13884186,448
578.07,1551677964,13023.18,51.48519503,7.40209351,187.79,15.27,-1.34,44.04,1,-88.00,-6.00,3.00,12.00,43.00,5.00,13884186,448
579.06,1551677965,13038.36,51.48528502,7.40224484,187.83,13.75,-1.52,45.58,1,-88.00,-6.00,3.00,12.00,43.00,5.00,13884186,448
580.06,1551677966,13052.11,51.48535870,7.40238143,187.61,12.16,-1.59,46.95,1,-88.00,-6.00,3.00,12.00,43.00,5.00,13884186,448
581.06,1551677967,13064.27,51.48542418,7.40250884,187.32,11.10,-1.07,48.27,1,-93.00,-8.00,13.00,2.00,40.00,5.00,13884186,448
582.06,1551677968,13075.36,51.48548552,7.40262930,187.07,9.96,-1.14,49.40,1,-93.00,-8.00,13.00,2.00,40.00,5.00,13884186,448
583.06,1551677969,13085.32,51.48554398,7.40273154,186.96,8.37,-1.59,47.55,1,-91.00,-7.00,13.00,2.00,40.00,5.00,13884186,448
584.06,1551677970,13093.69,51.48559659,7.40277119,187.02,7.50,-0.87,24.56,1,-91.00,-7.00,13.00,2.00,40.00,5.00,13884186,448
585.06,1551677971,13101.19,51.48567265,7.40277285,187.29,8.81,1.31,356.34,1,-92.00,-7.00,14.00,2.00,40.00,5.00,13884186,448
586.06,1551677972,13110.00,51.48573187,7.40274697,187.39,8.25,-0.57,337.73,1,-92.00,-7.00,14.00,2.00,40.00,5.00,13884186,448
587.06,1551677973,13118.24,51.48578704,7.40269002,187.28,9.24,0.99,323.97,1,-91.00,-6.00,9.00,2.00,40.00,5.00,13884186,448
588.06,1551677974,13127.48,51.48584933,7.40262242,186.92,9.75,0.51,323.52,1,-91.00,-6.00,9.00,2.00,40.00,5.00,13884186,448
589.06,1551677975,13137.24,51.48591789,7.40254186,186.45,10.51,0.76,323.13,1,-91.00,-6.00,8.00,2.00,41.00,5.00,13884186,448
590.06,1551677976,13147.75,51.48599960,7.40244396,186.16,11.43,0.92,323.07,1,-91.00,-6.00,8.00,2.00,41.00,5.00,13884186,448
591.06,1551677977,13159.18,51.48609137,7.40233679,186.03,12.09,0.66,324.33,1,-93.00,-6.00,9.00,2.00,38.00,5.00,13884186,448
592.06,1551677978,13171.27,51.48619245,7.40223211,185.93,13.20,1.11,326.14,1,-93.00,-6.00,9.00,2.00,38.00,5.00,13884186,448
593.06,1551677979,13184.49,51.48630493,7.40212284,186.09,14.14,0.94,328.55,1,-96.00,-8.00,6.00,2.00,38.00,5.00,13884186,448
594.06,1551677980,13198.63,51.48642661,7.40201740,186.24,14.28,0.14,330.76,1,-96.00,-8.00,6.00,2.00,38.00,5.00,13884186,448
595.06,1551677981,13212.92,51.48655978,7.40191653,186.49,15.85,1.57,333.90,1,-95.00,-8.00,-1.00,6.00,39.00,7.00,13884186,448
596.06,1551677982,13228.77,51.48668851,7.40184176,186.81,15.71,-0.13,337.22,1,-95.00,-8.00,-1.00,6.00,39.00,7.00,13884186,448
597.06,1551677983,13244.45,51.48681754,7.40178288,186.99,15.51,-0.20,340.28,1,-99.00,-10.00,-1.00,4.00,35.00,15.00,12895513,448
598.06,1551677984,13259.96,51.48694515,7.40173895,186.89,15.23,-0.28,343.48,1,-99.00,-10.00,-1.00,4.00,35.00,15.00,12895513,448
599.07,1551677985,13275.33,51.48706414,7.40170771,186.39,15.20,-0.03,346.47,1,-94.00,-9.00,1.00,8.00,40.00,15.00,12895513,313
600.06,1551677986,13290.41,51.48719892,7.40168269,185.89,15.15,-0.05,349.62,1,-94.00,-9.00,1.00,8.00,40.00,15.00,12895513,313
601.06,1551677987,13305.56,51.48733536,7.40167001,185.30,15.27,0.12,352.60,1,-94.00,-9.00,1.00,8.00,40.00,15.00,12895513,313
602.06,1551677988,13320.83,51.48746838,7.40166666,184.62,15.39,0.13,354.77,1,-87.00,-10.00,4.00,13.00,46.00,15.00,12895513,313
603.06,1551677989,13336.22,51.48760230,7.40167034,183.73,15.36,-0.03,356.31,1,-87.00,-10.00,4.00,13.00,46.00,15.00,12895513,313
604.06,1551677990,13351.58,51.48772533,7.40168107,182.74,15.15,-0.21,357.81,1,-88.00,-8.00,2.00,8.00,44.00,15.00,12895513,313
605.06,1551677991,13366.73,51.48784991,7.40169194,181.63,15.39,0.24,358.62,1,-88.00,-8.00,2.00,8.00,44.00,15.00,12895513,313
606.06,1551677992,13382.12,51.48797566,7.40170402,180.70,14.76,-0.64,359.31,1,-89.00,-8.00,7.00,9.00,43.00,15.00,12895513,313
607.06,1551677993,13396.88,51.48810370,7.40171497,180.15,14.63,-0.13,359.84,1,-89.00,-8.00,7.00,9.00,43.00,15.00,12895513,313
608.06,1551677994,13411.48,51.48823564,7.40172750,179.76,14.64,0.01,0.81,1,-81.00,-5.00,4.00,6.00,48.00,5.00,13828123,451
609.06,1551677995,13426.13,51.48836936,7.40173747,179.37,14.82,0.18,0.15,1,-81.00,-5.00,4.00,6.00,48.00,5.00,13828123,451
610.06,1551677996,13440.95,51.48849915,7.40174351,178.63,14.84,0.02,359.76,1,-83.00,-6.00,14.00,14.00,46.00,5.00,13828123,451
611.06,1551677997,13455.80,51.48862831,7.40174815,177.60,14.77,-0.08,359.83,1,-83.00,-6.00,14.00,14.00,46.00,5.00,13828123,451
612.06,1551677998,13470.55,51.48875336,7.40175116,176.49,14.20,-0.56,359.93,1,-84.00,-6.00,13.00,10.00,47.00,5.00,13828123,451
613.06,1551677999,13484.77,51.48886274,7.40175238,175.31,12.35,-1.86,359.44,1,-84.00,-6.00,13.00,10.00,47.00,5.00,13828123,451
614.06,1551678000,13497.13,51.48897115,7.40175388,174.18,11.78,-0.56,0.03,1,-86.00,-8.00,14.00,11.00,47.00,5.00,13828123,451
615.06,1551678001,13508.90,51.48906522,7.40175494,173.11,10.38,-1.40,359.73,1,-86.00,-8.00,14.00,11.00,47.00,5.00,13828123,451
616.06,1551678002,13519.29,51.48913881,7.40175734,172.15,7.90,-2.48,0.21,1,-86.00,-9.00,8.00,14.00,49.00,5.00,13828123,451
617.06,1551678003,13527.18,51.48919817,7.40176344,171.34,6.33,-1.57,2.77,1,-86.00,-9.00,8.00,14.00,49.00,5.00,13828123,451
618.06,1551678004,13533.52,51.48926703,7.40180506,170.58,7.97,1.64,21.21,1,-87.00,-10.00,7.00,7.00,50.00,5.00,13828123,451
619.06,1551678005,13541.49,51.48931302,7.40189444,169.71,7.57,-0.40,50.27,1,-87.00,-10.00,7.00,7.00,50.00,5.00,13828123,451
620.07,1551678006,13549.12,51.48932921,7.40201868,169.05,8.29,0.71,80.00,1,-84.00,-11.00,8.00,12.00,52.00,5.00,13828123,451
621.06,1551678007,13557.35,51.48934036,7.40214088,168.51,9.69,1.41,83.43,1,-84.00,-11.00,8.00,12.00,52.00,5.00,13828123,451
622.06,1551678008,13567.03,51.48934819,7.40228986,168.77,10.83,1.15,85.62,1,-84.00,-11.00,8.00,12.00,52.00,5.00,13828123,451
623.06,1551678009,13577.86,51.48935338,7.40245070,169.35,11.94,1.11,86.94,1,-91.00,-13.00,-1.00,2.00,51.00,5.00,13828123,451
624.06,1551678010,13589.81,51.48935775,7.40262197,170.03,12.87,0.93,88.24,1,-91.00,-13.00,-1.00,2.00,51.00,5.00,13828123,451
625.07,1551678011,13602.70,51.48936452,7.40280444,170.94,13.68,0.82,89.18,1,-89.00,-10.00,2.00,2.00,46.00,5.00,13828123,451
626.07,1551678012,13616.39,51.48936525,7.40301374,171.88,14.49,0.81,89.71,1,-89.00,-10.00,2.00,2.00,46.00,5.00,13828123,451
627.07,1551678013,13630.88,51.48936886,7.40323102,173.05,15.05,0.56,90.44,1,-89.00,-10.00,3.00,2.00,46.00,5.00,13828123,451
628.07,1551678014,13645.94,51.48937088,7.40344329,174.23,14.92,-0.13,90.64,1,-89.00,-10.00,3.00,2.00,46.00,5.00,13828123,451
629.06,1551678015,13660.80,51.48937021,7.40365106,175.34,14.40,-0.52,91.07,1,-87.00,-10.00,8.00,2.00,47.00,5.00,13828121,450
630.06,1551678016,13675.20,51.48936958,7.40385458,176.29,14.02,-0.38,91.37,1,-87.00,-10.00,8.00,2.00,47.00,5.00,13828121,450
631.06,1551678017,13689.18,51.48936886,7.40405475,177.17,13.98,-0.04,90.86,1,-84.00,-9.00,15.00,2.00,50.00,5.00,13828121,450
632.07,1551678018,13703.23,51.48936564,7.40426871,177.83,14.05,0.08,91.14,1,-84.00,-9.00,15.00,2.00,50.00,5.00,13828121,450
633.07,1551678019,13717.28,51.48936397,7.40446565,178.57,14.04,-0.01,90.99,1,-80.00,-8.00,16.00,2.00,54.00,5.00,13828121,450
634.07,1551678020,13731.32,51.48936055,7.40467499,179.19,13.73,-0.31,91.33,1,-80.00,-8.00,16.00,2.00,54.00,5.00,13828121,450
635.06,1551678021,13745.00,51.48935559,7.40488247,179.76,13.55,-0.19,90.75,1,-111.00,-19.00,-8.00,2.00,36.00,5.00,12893478,112
636.06,1551678022,13758.57,51.48935683,7.40507442,180.50,13.85,0.30,89.95,1,-111.00,-19.00,-8.00,2.00,36.00,5.00,12893478,112
637.07,1551678023,13772.52,51.48936327,7.40528192,181.32,14.40,0.55,88.81,1,-73.00,-9.00,11.00,2.00,63.00,5.00,13828121,450
638.07,1551678024,13786.91,51.48937731,7.40548411,182.03,14.28,-0.13,86.98,1,-73.00,-9.00,11.00,2.00,63.00,5.00,13828121,450
639.06,1551678025,13801.09,51.48939820,7.40567963,182.61,14.01,-0.26,85.29,1,-73.00,-8.00,11.00,2.00,63.00,5.00,13828121,450
640.06,1551678026,13815.10,51.48942396,7.40587977,183.12,14.01,-0.01,83.44,1,-73.00,-8.00,11.00,2.00,63.00,5.00,13828121,450
641.07,1551678027,13829.24,51.48944823,7.40607472,183.59,13.94,-0.06,81.68,1,-73.00,-8.00,7.00,2.00,62.00,5.00,13828121,450
642.06,1551678028,13843.06,51.48947074,7.40626046,183.91,13.98,0.04,80.45,1,-73.00,-8.00,7.00,2.00,62.00,5.00,13828121,450
643.06,1551678029,13857.04,51.48949350,7.40645361,184.05,14.02,0.04,79.60,1,-73.00,-8.00,7.00,2.00,62.00,5.00,13828121,450
644.06,1551678030,13871.04,51.48951847,7.40664681,183.84,13.86,-0.16,78.97,1,-74.00,-9.00,10.00,2.00,62.00,5.00,13828121,450
645.06,1551678031,13884.91,51.48954227,7.40683863,183.58,13.98,0.12,78.52,1,-74.00,-9.00,10.00,2.00,62.00,5.00,13828121,450
646.06,1551678032,13898.90,51.48956762,7.40703494,183.37,13.87,-0.11,78.05,1,-74.00,-8.00,10.00,2.00,61.00,5.00,13828121,450
647.06,1551678033,13912.77,51.48959514,7.40721893,182.88,12.74,-1.13,77.40,1,-74.00,-8.00,10.00,2.00,61.00,5.00,13828121,450
648.06,1551678034,13925.50,51.48962074,7.40738315,182.47,11.06,-1.68,78.18,1,-72.00,-7.00,8.00,2.00,60.00,5.00,13828121,450
649.06,1551678035,13936.58,51.48963994,7.40752891,182.03,9.54,-1.52,78.78,1,-72.00,-7.00,8.00,2.00,60.00,5.00,13828121,450
650.06,1551678036,13946.13,51.48965752,7.40765730,181.69,8.28,-1.25,79.70,1,-74.00,-8.00,6.00,2.00,60.00,5.00,13828121,450
651.06,1551678037,13954.40,51.48967204,7.40776469,181.23,7.93,-0.36,80.31,1,-74.00,-8.00,6.00,2.00,60.00,5.00,13828121,450
652.06,1551678038,13962.34,51.48968869,7.40788484,181.01,8.07,0.14,78.82,1,-78.00,-10.00,2.00,2.00,57.00,3.00,13828121,450
653.06,1551678039,13970.41,51.48970538,7.40799901,180.68,8.29,0.22,79.24,1,-78.00,-10.00,2.00,2.00,57.00,3.00,13828121,450
654.06,1551678040,13978.69,51.48972070,7.40813106,180.47,9.24,0.95,80.31,1,-73.00,-7.00,13.00,11.00,59.00,6.00,13821978,171
655.06,1551678041,13987.93,51.48973941,7.40827261,180.39,10.43,1.19,79.12,1,-73.00,-7.00,13.00,11.00,59.00,6.00,13821978,171
656.06,1551678042,13998.37,51.48975846,7.40842519,180.20,11.42,0.99,78.56,1,-73.00,-5.00,14.00,14.00,55.00,6.00,13821978,171
657.06,1551678043,14009.78,51.48978301,7.40859471,179.80,12.34,0.91,77.86,1,-73.00,-5.00,14.00,14.00,55.00,6.00,13821978,171
658.06,1551678044,14022.13,51.48980646,7.40876485,179.44,12.54,0.20,77.26,1,-70.00,-5.00,14.00,14.00,59.00,6.00,13821978,171
659.06,1551678045,14034.68,51.48983052,7.40894890,179.13,12.67,0.14,77.87,1,-70.00,-5.00,14.00,14.00,59.00,6.00,13821978,171
660.06,1551678046,14047.31,51.48985534,7.40912786,178.75,12.76,0.09,77.99,1,-72.00,-9.00,17.00,12.00,60.00,6.00,13821978,171
661.06,1551678047,14060.06,51.48988041,7.40931245,178.07,12.80,0.04,77.81,1,-72.00,-9.00,17.00,12.00,60.00,6.00,13821978,171
662.07,1551678048,14072.99,51.48990474,7.40948842,177.30,12.85,0.05,77.88,1,-72.00,-5.00,16.00,15.00,55.00,6.00,13821978,171
663.06,1551678049,14085.76,51.48992976,7.40966530,176.44,12.90,0.05,77.91,1,-72.00,-5.00,16.00,15.00,55.00,6.00,13821978,171
664.06,1551678050,14098.66,51.48995457,7.40984289,175.46,12.91,0.01,78.50,1,-72.00,-5.00,16.00,15.00,55.00,6.00,13821978,171
665.06,1551678051,14111.57,51.48997978,7.41002497,174.40,12.99,0.08,78.28,1,-77.00,-6.00,19.00,12.00,54.00,6.00,13821978,171
666.06,1551678052,14124.56,51.49000407,7.41021167,173.36,13.02,0.03,78.56,1,-77.00,-6.00,19.00,12.00,54.00,6.00,13821978,171
667.06,1551678053,14137.58,51.49002736,7.41038878,172.34,12.89,-0.13,78.01,1,-76.00,-5.00,19.00,12.00,55.00,6.00,13821978,171
668.06,1551678054,14150.48,51.49005122,7.41056717,171.31,12.76,-0.13,77.70,1,-76.00,-5.00,19.00,12.00,55.00,6.00,13821978,171
669.06,1551678055,14163.24,51.49007549,7.41073670,170.39,12.71,-0.05,78.18,1,-81.00,-7.00,16.00,14.00,50.00,6.00,13821978,171
670.06,1551678056,14175.95,51.49009995,7.41091525,169.87,12.62,-0.09,77.87,1,-81.00,-7.00,16.00,14.00,50.00,6.00,13821978,171
671.06,1551678057,14188.54,51.49012443,7.41109718,169.78,12.48,-0.15,78.21,1,-83.00,-6.00,18.00,12.00,49.00,6.00,13821978,171
672.06,1551678058,14201.06,51.49014751,7.41127650,169.95,12.22,-0.25,78.11,1,-83.00,-6.00,18.00,12.00,49.00,6.00,13821978,171
