0.09,1551936216,0.02,51.45001889,7.48833719,251.27,9.57,0.00,163.62,0,-112.00,-13.00,0.00,0.00,26.00,0.00,0,118
0.09,1551936216,0.02,51.45001889,7.48833719,251.27,9.57,0.00,163.62,0,-112.00,-14.00,0.00,0.00,27.00,0.00,0,465
1.06,1551936217,9.24,51.44992172,7.48836941,250.92,9.95,0.00,165.39,0,-112.00,-13.00,0.00,0.00,26.00,0.00,0,118
2.06,1551936218,19.20,51.44982747,7.48839575,250.54,10.72,0.00,167.24,0,-112.00,-13.00,0.00,0.00,26.00,0.00,0,118
5.06,1551936221,53.86,51.44951077,7.48845048,249.18,12.89,0.00,173.84,0,-110.00,-12.00,0.00,0.00,28.00,0.00,0,118
6.06,1551936222,66.74,51.44939041,7.48845926,249.24,13.46,0.00,176.05,0,-110.00,-12.00,0.00,0.00,28.00,0.00,0,118
68.06,1551936284,712.34,51.44460574,7.49162021,273.99,0.00,0.00,129.56,0,-108.00,-12.00,0.00,0.00,30.00,0.00,0,431
69.06,1551936285,712.34,51.44460574,7.49162021,274.12,0.00,0.00,129.56,0,-108.00,-12.00,0.00,0.00,30.00,0.00,0,431
72.06,1551936288,712.35,51.44453496,7.49171010,275.52,5.80,0.00,156.82,0,-104.00,-15.00,0.00,0.00,37.00,0.00,0,431
73.06,1551936289,718.12,51.44446993,7.49170883,275.62,6.84,0.00,184.70,0,-104.00,-15.00,0.00,0.00,37.00,0.00,0,431
89.06,1551936305,924.99,51.44290987,7.48993165,276.54,15.76,0.00,216.66,0,-94.00,-12.00,0.00,0.00,45.00,0.00,0,431
90.06,1551936306,940.75,51.44279937,7.48979633,276.97,16.12,0.00,216.32,0,-94.00,-12.00,0.00,0.00,45.00,0.00,0,431
95.06,1551936311,1018.58,51.44225495,7.48911874,276.93,15.22,0.00,217.23,0,-86.00,-10.00,0.00,0.00,51.00,0.00,0,431
96.06,1551936312,1033.82,51.44215298,7.48899215,276.36,15.55,0.00,217.70,0,-86.00,-10.00,0.00,0.00,51.00,0.00,0,431
97.06,1551936313,1049.38,51.44203111,7.48883774,276.26,15.73,0.00,218.96,0,-83.00,-9.00,0.00,0.00,52.00,0.00,0,431
98.06,1551936314,1065.09,51.44191878,7.48868047,276.67,15.25,0.00,220.91,0,-83.00,-9.00,0.00,0.00,52.00,0.00,0,431
99.06,1551936315,1080.34,51.44181887,7.48852577,277.55,15.12,0.00,222.95,0,-78.00,-9.00,0.00,0.00,57.00,0.00,0,431
100.06,1551936316,1095.45,51.44172740,7.48836787,278.41,14.40,0.00,225.81,0,-78.00,-9.00,0.00,0.00,57.00,0.00,0,431
101.07,1551936317,1109.97,51.44163466,7.48819281,278.87,14.88,0.00,228.16,0,-75.00,-7.00,0.00,0.00,59.00,0.00,0,431
102.07,1551936318,1124.86,51.44154286,7.48801270,278.83,16.01,0.00,229.61,0,-75.00,-7.00,0.00,0.00,59.00,0.00,0,431
103.06,1551936319,1140.73,51.44145398,7.48783464,278.93,16.11,0.00,230.67,0,-75.00,-7.00,0.00,0.00,59.00,0.00,0,431
114.06,1551936330,1313.51,51.44052012,7.48584449,283.17,15.43,0.00,232.89,0,-80.00,-11.00,0.00,0.00,57.00,0.00,0,430
115.06,1551936331,1328.95,51.44043309,7.48565882,283.93,14.91,0.00,232.75,0,-80.00,-11.00,0.00,0.00,57.00,0.00,0,430
116.06,1551936332,1343.84,51.44035309,7.48548444,284.36,14.74,0.00,233.14,0,-84.00,-9.00,0.00,0.00,51.00,0.00,0,430
117.06,1551936333,1358.58,51.44027483,7.48531262,285.35,14.78,0.00,233.64,0,-84.00,-9.00,0.00,0.00,51.00,0.00,0,430
143.07,1551936359,1749.76,51.43836491,7.48049775,290.29,15.43,0.00,240.76,0,-108.00,-10.00,0.00,0.00,28.00,0.00,0,38
144.06,1551936360,1764.97,51.43830474,7.48031484,290.32,15.51,0.00,240.97,0,-108.00,-10.00,0.00,0.00,28.00,0.00,0,38
145.06,1551936361,1780.46,51.43823531,7.48011195,290.37,15.36,0.00,240.48,0,-108.00,-10.00,0.00,0.00,28.00,0.00,0,38
146.06,1551936362,1795.82,51.43816157,7.47990698,290.54,15.02,0.00,239.64,0,-106.00,-8.00,0.00,0.00,28.00,0.00,0,38
147.06,1551936363,1810.83,51.43809913,7.47972875,290.11,14.02,0.00,240.00,0,-106.00,-8.00,0.00,0.00,28.00,0.00,0,38
148.06,1551936364,1824.86,51.43803320,7.47954148,290.09,14.45,0.00,239.35,0,-106.00,-8.00,0.00,0.00,27.00,0.00,0,38
149.06,1551936365,1839.31,51.43797295,7.47937037,289.61,14.09,0.00,240.00,0,-106.00,-8.00,0.00,0.00,27.00,0.00,0,38
150.06,1551936366,1853.40,51.43790650,7.47917864,289.71,14.87,0.00,240.68,0,-108.00,-9.00,0.00,0.00,26.00,0.00,0,38
150.06,1551936366,1853.42,51.43790650,7.47917864,289.71,14.87,0.00,240.68,0,-113.00,-14.00,0.00,0.00,26.00,0.00,0,70
151.06,1551936367,1868.27,51.43784467,7.47899916,289.64,14.30,0.00,240.28,0,-108.00,-9.00,0.00,0.00,26.00,0.00,0,38
151.06,1551936367,1868.29,51.43784467,7.47899916,289.64,14.30,0.00,240.28,0,-113.00,-14.00,0.00,0.00,26.00,0.00,0,70
152.06,1551936368,1882.59,51.43777853,7.47880576,289.97,14.08,0.00,240.55,0,-110.00,-10.00,0.00,0.00,26.00,0.00,0,38
152.06,1551936368,1882.60,51.43777853,7.47880576,289.97,14.08,0.00,240.55,0,-113.00,-13.00,0.00,0.00,26.00,0.00,0,70
152.06,1551936368,1882.60,51.43777853,7.47880576,289.97,14.08,0.00,240.55,0,-117.00,-16.00,0.00,0.00,25.00,0.00,0,395
153.07,1551936369,1896.77,51.43771513,7.47861360,290.44,14.18,0.00,241.10,0,-110.00,-10.00,0.00,0.00,26.00,0.00,0,38
153.07,1551936369,1896.78,51.43771513,7.47861360,290.44,14.18,0.00,241.10,0,-113.00,-13.00,0.00,0.00,26.00,0.00,0,70
153.07,1551936369,1896.80,51.43771513,7.47861360,290.44,14.18,0.00,241.10,0,-117.00,-16.00,0.00,0.00,25.00,0.00,0,395
154.06,1551936370,1910.83,51.43765765,7.47843668,290.66,14.15,0.00,241.44,0,-108.00,-10.00,0.00,0.00,28.00,0.00,0,38
154.06,1551936370,1910.85,51.43765765,7.47843668,290.66,14.15,0.00,241.44,0,-113.00,-15.00,0.00,0.00,28.00,0.00,0,70
155.06,1551936371,1924.99,51.43759274,7.47824430,291.09,15.01,0.00,238.33,0,-108.00,-10.00,0.00,0.00,28.00,0.00,0,38
155.06,1551936371,1925.00,51.43759274,7.47824430,291.09,15.01,0.00,238.33,0,-113.00,-15.00,0.00,0.00,28.00,0.00,0,70
156.06,1551936372,1939.99,51.43752786,7.47806747,290.92,14.65,0.00,239.07,0,-108.00,-11.00,0.00,0.00,28.00,0.00,0,38
156.06,1551936372,1940.01,51.43752786,7.47806747,290.92,14.65,0.00,239.07,0,-114.00,-16.00,0.00,0.00,28.00,0.00,0,70
157.06,1551936373,1954.64,51.43746451,7.47788539,290.54,14.73,0.00,240.22,0,-108.00,-11.00,0.00,0.00,28.00,0.00,0,38
157.06,1551936373,1954.65,51.43746451,7.47788539,290.54,14.73,0.00,240.22,0,-114.00,-16.00,0.00,0.00,28.00,0.00,0,70
158.06,1551936374,1969.40,51.43739761,7.47768297,290.02,14.84,0.00,240.92,0,-111.00,-10.00,0.00,0.00,24.00,0.00,0,38
158.06,1551936374,1969.42,51.43739761,7.47768297,290.02,14.84,0.00,240.92,0,-111.00,-11.00,0.00,0.00,25.00,0.00,0,70
158.06,1551936374,1969.43,51.43739761,7.47768297,290.02,14.84,0.00,240.92,0,-106.00,-15.00,0.00,0.00,36.00,0.00,0,457
158.06,1551936374,1969.43,51.43739761,7.47768297,290.02,14.84,0.00,240.92,0,-106.00,-15.00,0.00,0.00,36.00,0.00,0,80
158.06,1551936374,1969.45,51.43739761,7.47768297,290.02,14.84,0.00,240.92,0,-107.00,-16.00,0.00,0.00,36.00,0.00,0,161
159.06,1551936375,1984.24,51.43733663,7.47748558,290.03,15.21,0.00,242.02,0,-111.00,-10.00,0.00,0.00,24.00,0.00,0,38
159.06,1551936375,1984.26,51.43733663,7.47748558,290.03,15.21,0.00,242.02,0,-111.00,-11.00,0.00,0.00,25.00,0.00,0,70
159.06,1551936375,1984.27,51.43733663,7.47748558,290.03,15.21,0.00,242.02,0,-106.00,-15.00,0.00,0.00,36.00,0.00,0,457
159.06,1551936375,1984.27,51.43733663,7.47748558,290.03,15.21,0.00,242.02,0,-106.00,-15.00,0.00,0.00,36.00,0.00,0,80
159.06,1551936375,1984.29,51.43733663,7.47748558,290.03,15.21,0.00,242.02,0,-107.00,-16.00,0.00,0.00,36.00,0.00,0,161
160.06,1551936376,1999.44,51.43727485,7.47728856,289.69,15.44,0.00,241.36,0,-111.00,-11.00,0.00,0.00,26.00,0.00,0,70
160.06,1551936376,1999.45,51.43727485,7.47728856,289.69,15.44,0.00,241.36,0,-112.00,-11.00,0.00,0.00,24.00,0.00,0,38
160.06,1551936376,1999.47,51.43727485,7.47728856,289.69,15.44,0.00,241.36,0,-102.00,-12.00,0.00,0.00,36.00,0.00,0,457
160.06,1551936376,1999.47,51.43727485,7.47728856,289.69,15.44,0.00,241.36,0,-106.00,-15.00,0.00,0.00,36.00,0.00,0,213
161.06,1551936377,2014.90,51.43722019,7.47709698,289.88,15.33,0.00,244.22,0,-111.00,-11.00,0.00,0.00,26.00,0.00,0,70
161.06,1551936377,2014.90,51.43722019,7.47709698,289.88,15.33,0.00,244.22,0,-112.00,-11.00,0.00,0.00,24.00,0.00,0,38
161.06,1551936377,2014.91,51.43722019,7.47709698,289.88,15.33,0.00,244.22,0,-102.00,-12.00,0.00,0.00,36.00,0.00,0,457
161.06,1551936377,2014.93,51.43722019,7.47709698,289.88,15.33,0.00,244.22,0,-106.00,-15.00,0.00,0.00,36.00,0.00,0,213
162.06,1551936378,2030.23,51.43717285,7.47689484,290.54,14.95,0.00,248.25,0,-112.00,-12.00,0.00,0.00,25.00,0.00,0,70
162.06,1551936378,2030.25,51.43717285,7.47689484,290.54,14.95,0.00,248.25,0,-115.00,-13.00,0.00,0.00,24.00,0.00,0,38
162.06,1551936378,2030.25,51.43717285,7.47689484,290.54,14.95,0.00,248.25,0,-106.00,-15.00,0.00,0.00,35.00,0.00,0,213
162.06,1551936378,2030.26,51.43717285,7.47689484,290.54,14.95,0.00,248.25,0,-108.00,-16.00,0.00,0.00,35.00,0.00,0,391
162.06,1551936378,2030.28,51.43717285,7.47689484,290.54,14.95,0.00,248.25,0,-108.00,-16.00,0.00,0.00,35.00,0.00,0,71
163.07,1551936379,2045.28,51.43713693,7.47669290,291.13,13.56,0.00,252.09,0,-112.00,-12.00,0.00,0.00,25.00,0.00,0,70
163.07,1551936379,2045.30,51.43713693,7.47669290,291.13,13.56,0.00,252.09,0,-115.00,-13.00,0.00,0.00,24.00,0.00,0,38
163.07,1551936379,2045.30,51.43713693,7.47669290,291.13,13.56,0.00,252.09,0,-106.00,-15.00,0.00,0.00,35.00,0.00,0,213
163.07,1551936379,2045.31,51.43713693,7.47669290,291.13,13.56,0.00,252.09,0,-108.00,-16.00,0.00,0.00,35.00,0.00,0,391
163.07,1551936379,2045.31,51.43713693,7.47669290,291.13,13.56,0.00,252.09,0,-108.00,-16.00,0.00,0.00,35.00,0.00,0,71
164.06,1551936380,2058.74,51.43713607,7.47649735,291.85,12.14,0.00,268.03,0,-113.00,-12.00,0.00,0.00,26.00,0.00,0,70
165.06,1551936381,2070.85,51.43717492,7.47634944,292.23,9.59,0.00,293.98,0,-113.00,-12.00,0.00,0.00,26.00,0.00,0,70
166.06,1551936382,2080.43,51.43723926,7.47622523,291.86,9.31,0.00,313.97,0,-113.00,-12.00,0.00,0.00,26.00,0.00,0,70
206.07,1551936422,2920.58,51.44250296,7.48467153,276.27,24.92,0.00,26.05,0,-79.00,-11.00,0.00,0.00,58.00,0.00,0,429
207.06,1551936423,2945.30,51.44270275,7.48482067,276.13,24.91,0.00,24.78,0,-79.00,-11.00,0.00,0.00,58.00,0.00,0,429
208.06,1551936424,2970.23,51.44290239,7.48497210,275.84,24.85,0.00,24.37,0,-79.00,-11.00,0.00,0.00,58.00,0.00,0,429
209.06,1551936425,2995.06,51.44310161,7.48511980,275.47,24.60,0.00,23.95,0,-78.00,-8.00,0.00,0.00,58.00,0.00,0,429
210.06,1551936426,3019.65,51.44330480,7.48525972,275.06,24.32,0.00,23.28,0,-78.00,-8.00,0.00,0.00,58.00,0.00,0,429
246.06,1551936462,3662.55,51.44366989,7.48272455,270.24,25.39,0.00,267.18,0,-88.00,-8.00,0.00,0.00,46.00,0.00,0,430
247.06,1551936463,3687.96,51.44365909,7.48234831,270.22,26.44,0.00,266.82,0,-88.00,-8.00,0.00,0.00,46.00,0.00,0,430
248.06,1551936464,3714.56,51.44364658,7.48195952,270.11,27.45,0.00,267.09,0,-84.00,-7.00,0.00,0.00,49.00,0.00,0,430
249.06,1551936465,3741.81,51.44363758,7.48157610,269.46,27.83,0.00,266.47,0,-84.00,-7.00,0.00,0.00,49.00,0.00,0,430
250.06,1551936466,3769.62,51.44362327,7.48117915,268.60,28.45,0.00,266.01,0,-84.00,-7.00,0.00,0.00,49.00,0.00,0,430
267.06,1551936483,4280.31,51.44297258,7.47390933,255.22,28.70,0.00,257.72,0,-100.00,-8.00,0.00,0.00,34.00,0.00,0,397
268.06,1551936484,4309.04,51.44291743,7.47349584,254.68,28.90,0.00,258.17,0,-100.00,-8.00,0.00,0.00,34.00,0.00,0,397
269.07,1551936485,4338.18,51.44286158,7.47307723,254.20,29.40,0.00,258.55,0,-104.00,-8.00,0.00,0.00,29.00,0.00,0,430
270.06,1551936486,4367.31,51.44281092,7.47265662,253.69,30.04,0.00,259.01,0,-104.00,-8.00,0.00,0.00,29.00,0.00,0,430
271.06,1551936487,4397.35,51.44275932,7.47223038,252.94,30.77,0.00,258.22,0,-104.00,-8.00,0.00,0.00,29.00,0.00,0,430
274.06,1551936490,4490.40,51.44257033,7.47091357,250.70,31.42,0.00,257.29,0,-112.00,-10.00,0.00,0.00,23.00,0.00,0,430
274.06,1551936490,4490.40,51.44257033,7.47091357,250.70,31.42,0.00,257.29,0,-116.00,-12.00,0.00,0.00,21.00,0.00,0,72
275.07,1551936491,4522.03,51.44250637,7.47046350,249.92,31.73,0.00,257.44,0,-112.00,-10.00,0.00,0.00,23.00,0.00,0,430
275.07,1551936491,4522.07,51.44250637,7.47046350,249.92,31.73,0.00,257.44,0,-116.00,-12.00,0.00,0.00,21.00,0.00,0,72
276.06,1551936492,4553.58,51.44244347,7.47001719,248.93,32.02,0.00,257.72,0,-110.00,-10.00,0.00,0.00,24.00,0.00,0,430
276.06,1551936492,4553.58,51.44244347,7.47001719,248.93,32.02,0.00,257.72,0,-110.00,-10.00,0.00,0.00,24.00,0.00,0,72
276.06,1551936492,4553.61,51.44244347,7.47001719,248.93,32.02,0.00,257.72,0,-117.00,-15.00,0.00,0.00,24.00,0.00,0,16
277.06,1551936493,4585.59,51.44238083,7.46956748,247.72,32.00,0.00,257.73,0,-110.00,-10.00,0.00,0.00,24.00,0.00,0,430
277.06,1551936493,4585.63,51.44238083,7.46956748,247.72,32.00,0.00,257.73,0,-110.00,-10.00,0.00,0.00,24.00,0.00,0,72
277.06,1551936493,4585.63,51.44238083,7.46956748,247.72,32.00,0.00,257.73,0,-117.00,-15.00,0.00,0.00,24.00,0.00,0,16
278.06,1551936494,4617.60,51.44232351,7.46911611,246.36,32.20,0.00,258.00,0,-110.00,-9.00,0.00,0.00,26.00,0.00,0,430
278.06,1551936494,4617.63,51.44232351,7.46911611,246.36,32.20,0.00,258.00,0,-114.00,-13.00,0.00,0.00,25.00,0.00,0,397
278.06,1551936494,4617.63,51.44232351,7.46911611,246.36,32.20,0.00,258.00,0,-115.00,-13.00,0.00,0.00,25.00,0.00,0,72
279.06,1551936495,4649.79,51.44226631,7.46865629,245.13,32.42,0.00,258.18,0,-110.00,-9.00,0.00,0.00,26.00,0.00,0,430
279.06,1551936495,4649.83,51.44226631,7.46865629,245.13,32.42,0.00,258.18,0,-114.00,-13.00,0.00,0.00,25.00,0.00,0,397
279.06,1551936495,4649.86,51.44226631,7.46865629,245.13,32.42,0.00,258.18,0,-115.00,-13.00,0.00,0.00,25.00,0.00,0,72
282.06,1551936498,4746.86,51.44209570,7.46727663,241.66,32.28,0.00,258.68,0,-106.00,-13.00,0.00,0.00,33.00,0.00,0,229
283.06,1551936499,4779.14,51.44204458,7.46681551,240.54,32.29,0.00,259.23,0,-106.00,-13.00,0.00,0.00,33.00,0.00,0,229
284.06,1551936500,4811.49,51.44199479,7.46635324,239.39,32.50,0.00,259.83,0,-100.00,-13.00,0.00,0.00,40.00,0.00,0,229
284.06,1551936500,4811.49,51.44199479,7.46635324,239.39,32.50,0.00,259.83,0,-105.00,-18.00,0.00,0.00,38.00,0.00,0,51
284.06,1551936500,4811.53,51.44199479,7.46635324,239.39,32.50,0.00,259.83,0,-106.00,-15.00,0.00,0.00,35.00,0.00,0,78
285.07,1551936501,4844.22,51.44194950,7.46588903,238.35,32.79,0.00,260.50,0,-100.00,-13.00,0.00,0.00,40.00,0.00,0,229
285.07,1551936501,4844.26,51.44194950,7.46588903,238.35,32.79,0.00,260.50,0,-105.00,-18.00,0.00,0.00,38.00,0.00,0,51
285.07,1551936501,4844.26,51.44194950,7.46588903,238.35,32.79,0.00,260.50,0,-106.00,-15.00,0.00,0.00,35.00,0.00,0,78
286.06,1551936502,4876.75,51.44190404,7.46541217,237.50,33.26,0.00,261.09,0,-100.00,-13.00,0.00,0.00,41.00,0.00,0,229
286.06,1551936502,4876.79,51.44190404,7.46541217,237.50,33.26,0.00,261.09,0,-102.00,-17.00,0.00,0.00,40.00,0.00,0,51
287.06,1551936503,4910.05,51.44185912,7.46493809,236.50,33.43,0.00,261.40,0,-100.00,-13.00,0.00,0.00,41.00,0.00,0,229
287.06,1551936503,4910.08,51.44185912,7.46493809,236.50,33.43,0.00,261.40,0,-102.00,-17.00,0.00,0.00,40.00,0.00,0,51
288.06,1551936504,4943.54,51.44182066,7.46446048,235.50,33.76,0.00,262.24,0,-102.00,-12.00,0.00,0.00,35.00,0.00,0,229
288.06,1551936504,4943.58,51.44182066,7.46446048,235.50,33.76,0.00,262.24,0,-106.00,-15.00,0.00,0.00,35.00,0.00,0,51
288.06,1551936504,4943.58,51.44182066,7.46446048,235.50,33.76,0.00,262.24,0,-106.00,-15.00,0.00,0.00,34.00,0.00,0,449
288.06,1551936504,4943.61,51.44182066,7.46446048,235.50,33.76,0.00,262.24,0,-108.00,-8.00,0.00,0.00,27.00,0.00,0,118
288.06,1551936504,4943.65,51.44182066,7.46446048,235.50,33.76,0.00,262.24,0,-108.00,-8.00,0.00,0.00,27.00,0.00,0,72
288.06,1551936504,4943.65,51.44182066,7.46446048,235.50,33.76,0.00,262.24,0,-114.00,-14.00,0.00,0.00,27.00,0.00,0,157
289.06,1551936505,4977.31,51.44178247,7.46397979,234.64,33.42,0.00,262.71,0,-102.00,-12.00,0.00,0.00,35.00,0.00,0,229
289.06,1551936505,4977.34,51.44178247,7.46397979,234.64,33.42,0.00,262.71,0,-106.00,-15.00,0.00,0.00,35.00,0.00,0,51
289.06,1551936505,4977.37,51.44178247,7.46397979,234.64,33.42,0.00,262.71,0,-106.00,-15.00,0.00,0.00,34.00,0.00,0,449
289.06,1551936505,4977.41,51.44178247,7.46397979,234.64,33.42,0.00,262.71,0,-108.00,-8.00,0.00,0.00,27.00,0.00,0,118
289.06,1551936505,4977.41,51.44178247,7.46397979,234.64,33.42,0.00,262.71,0,-108.00,-8.00,0.00,0.00,27.00,0.00,0,72
289.07,1551936505,4977.44,51.44178247,7.46397979,234.64,33.42,0.00,262.71,0,-114.00,-14.00,0.00,0.00,27.00,0.00,0,157
290.07,1551936506,5010.92,51.44174850,7.46349927,234.03,33.44,0.00,263.26,0,-104.00,-12.00,0.00,0.00,33.00,0.00,0,229
290.07,1551936506,5010.96,51.44174850,7.46349927,234.03,33.44,0.00,263.26,0,-105.00,-13.00,0.00,0.00,34.00,0.00,0,449
290.07,1551936506,5010.96,51.44174850,7.46349927,234.03,33.44,0.00,263.26,0,-105.00,-11.00,0.00,0.00,32.00,0.00,0,54
291.06,1551936507,5044.10,51.44171520,7.46301897,233.50,33.32,0.00,263.87,0,-104.00,-12.00,0.00,0.00,33.00,0.00,0,229
291.06,1551936507,5044.13,51.44171520,7.46301897,233.50,33.32,0.00,263.87,0,-105.00,-13.00,0.00,0.00,34.00,0.00,0,449
291.06,1551936507,5044.13,51.44171520,7.46301897,233.50,33.32,0.00,263.87,0,-105.00,-11.00,0.00,0.00,32.00,0.00,0,54
292.06,1551936508,5077.41,51.44168716,7.46254328,233.17,33.27,0.00,264.36,0,-104.00,-12.00,0.00,0.00,33.00,0.00,0,229
292.06,1551936508,5077.45,51.44168716,7.46254328,233.17,33.27,0.00,264.36,0,-105.00,-13.00,0.00,0.00,34.00,0.00,0,449
292.06,1551936508,5077.45,51.44168716,7.46254328,233.17,33.27,0.00,264.36,0,-105.00,-11.00,0.00,0.00,32.00,0.00,0,54
293.06,1551936509,5110.65,51.44165889,7.46206895,232.78,33.28,0.00,265.07,0,-99.00,-11.00,0.00,0.00,38.00,0.00,0,449
293.06,1551936509,5110.68,51.44165889,7.46206895,232.78,33.28,0.00,265.07,0,-99.00,-11.00,0.00,0.00,37.00,0.00,0,229
293.06,1551936509,5110.71,51.44165889,7.46206895,232.78,33.28,0.00,265.07,0,-104.00,-16.00,0.00,0.00,36.00,0.00,0,51
294.06,1551936510,5143.96,51.44163692,7.46159275,232.54,32.97,0.00,265.72,0,-99.00,-11.00,0.00,0.00,38.00,0.00,0,449
294.06,1551936510,5143.99,51.44163692,7.46159275,232.54,32.97,0.00,265.72,0,-99.00,-11.00,0.00,0.00,37.00,0.00,0,229
294.06,1551936510,5143.99,51.44163692,7.46159275,232.54,32.97,0.00,265.72,0,-104.00,-16.00,0.00,0.00,36.00,0.00,0,51
295.06,1551936511,5177.10,51.44161460,7.46112541,232.33,32.52,0.00,265.85,0,-84.00,-20.00,0.00,0.00,62.00,0.00,0,54
296.06,1551936512,5209.38,51.44159468,7.46066384,231.98,32.30,0.00,266.46,0,-84.00,-20.00,0.00,0.00,62.00,0.00,0,54
297.06,1551936513,5241.78,51.44158076,7.46020189,231.60,32.25,0.00,267.03,0,-92.00,-10.00,0.00,0.00,43.00,0.00,0,449
297.06,1551936513,5241.81,51.44158076,7.46020189,231.60,32.25,0.00,267.03,0,-98.00,-16.00,0.00,0.00,43.00,0.00,0,54
297.06,1551936513,5241.81,51.44158076,7.46020189,231.60,32.25,0.00,267.03,0,-99.00,-16.00,0.00,0.00,43.00,0.00,0,229
297.06,1551936513,5241.84,51.44158076,7.46020189,231.60,32.25,0.00,267.03,0,-98.00,-7.00,0.00,0.00,36.00,0.00,0,72
298.06,1551936514,5273.99,51.44156686,7.45973835,231.36,31.91,0.00,267.56,0,-92.00,-10.00,0.00,0.00,43.00,0.00,0,449
298.06,1551936514,5274.02,51.44156686,7.45973835,231.36,31.91,0.00,267.56,0,-98.00,-16.00,0.00,0.00,43.00,0.00,0,54
298.06,1551936514,5274.02,51.44156686,7.45973835,231.36,31.91,0.00,267.56,0,-99.00,-16.00,0.00,0.00,43.00,0.00,0,229
298.06,1551936514,5274.06,51.44156686,7.45973835,231.36,31.91,0.00,267.56,0,-98.00,-7.00,0.00,0.00,36.00,0.00,0,72
299.06,1551936515,5305.87,51.44155667,7.45928166,231.15,31.82,0.00,268.09,0,-90.00,-6.00,0.00,0.00,43.00,0.00,0,72
300.06,1551936516,5337.67,51.44154762,7.45882538,230.85,31.91,0.00,268.25,0,-90.00,-6.00,0.00,0.00,43.00,0.00,0,72
301.06,1551936517,5369.57,51.44153981,7.45836668,230.52,32.05,0.00,268.71,0,-87.00,-7.00,0.00,0.00,46.00,0.00,0,54
302.06,1551936518,5401.62,51.44153824,7.45789254,230.34,32.44,0.00,269.51,0,-87.00,-7.00,0.00,0.00,46.00,0.00,0,54
303.06,1551936519,5434.13,51.44153768,7.45741609,230.30,32.84,0.00,270.18,0,-93.00,-17.00,0.00,0.00,52.00,0.00,0,449
303.06,1551936519,5434.13,51.44153768,7.45741609,230.30,32.84,0.00,270.18,0,-93.00,-19.00,0.00,0.00,51.00,0.00,0,55
304.06,1551936520,5466.94,51.44153811,7.45694422,230.29,33.33,0.00,270.29,0,-93.00,-17.00,0.00,0.00,52.00,0.00,0,449
304.06,1551936520,5466.97,51.44153811,7.45694422,230.29,33.33,0.00,270.29,0,-93.00,-19.00,0.00,0.00,51.00,0.00,0,55
305.07,1551936521,5500.50,51.44153594,7.45645532,230.40,33.65,0.00,270.44,0,-90.00,-9.00,0.00,0.00,48.00,0.00,0,449
306.06,1551936522,5533.89,51.44153737,7.45597684,230.54,33.32,0.00,270.23,0,-90.00,-9.00,0.00,0.00,48.00,0.00,0,449
307.06,1551936523,5567.24,51.44154594,7.45550531,230.62,32.98,0.00,271.10,0,-88.00,-7.00,0.00,0.00,45.00,0.00,0,449
308.06,1551936524,5600.21,51.44155171,7.45504159,230.77,32.90,0.00,271.66,0,-88.00,-7.00,0.00,0.00,45.00,0.00,0,449
337.06,1551936553,6560.01,51.44307586,7.44145006,223.17,33.05,0.00,286.53,0,-70.00,-7.00,0.00,0.00,63.00,0.00,0,56
338.06,1551936554,6593.07,51.44316511,7.44100055,222.77,32.54,0.00,287.31,0,-70.00,-7.00,0.00,0.00,63.00,0.00,0,56
364.06,1551936580,7460.08,51.44655819,7.42982616,194.72,33.72,0.00,309.77,0,-94.00,-8.00,0.00,0.00,40.00,0.00,0,70
365.06,1551936581,7493.94,51.44675478,7.42946481,193.64,33.90,0.00,311.36,0,-94.00,-8.00,0.00,0.00,40.00,0.00,0,70
366.06,1551936582,7527.84,51.44696325,7.42911051,192.44,33.81,0.00,313.46,0,-96.00,-6.00,0.00,0.00,36.00,0.00,0,70
367.06,1551936583,7561.55,51.44717183,7.42876189,191.28,33.59,0.00,314.17,0,-96.00,-6.00,0.00,0.00,36.00,0.00,0,70
368.06,1551936584,7595.10,51.44739066,7.42843105,190.06,33.89,0.00,315.74,0,-99.00,-8.00,0.00,0.00,34.00,0.00,0,70
369.06,1551936585,7629.03,51.44762292,7.42810045,188.85,34.45,0.00,317.84,0,-99.00,-8.00,0.00,0.00,34.00,0.00,0,70
370.06,1551936586,7663.48,51.44785426,7.42777081,187.72,34.26,0.00,318.48,0,-102.00,-8.00,0.00,0.00,31.00,0.00,0,70
370.06,1551936586,7663.51,51.44785426,7.42777081,187.72,34.26,0.00,318.48,0,-110.00,-9.00,0.00,0.00,26.00,0.00,0,312
371.06,1551936587,7697.74,51.44808336,7.42746059,186.52,33.35,0.00,319.51,0,-102.00,-8.00,0.00,0.00,31.00,0.00,0,70
371.06,1551936587,7697.77,51.44808336,7.42746059,186.52,33.35,0.00,319.51,0,-110.00,-9.00,0.00,0.00,26.00,0.00,0,312
372.06,1551936588,7731.09,51.44832199,7.42716156,185.15,33.80,0.00,321.97,0,-107.00,-8.00,0.00,0.00,27.00,0.00,0,312
372.06,1551936588,7731.13,51.44832199,7.42716156,185.15,33.80,0.00,321.97,0,-109.00,-9.00,0.00,0.00,27.00,0.00,0,74
372.06,1551936588,7731.16,51.44832199,7.42716156,185.15,33.80,0.00,321.97,0,-112.00,-10.00,0.00,0.00,24.00,0.00,0,40
373.06,1551936589,7764.92,51.44856978,7.42686661,183.80,34.04,0.00,323.39,0,-107.00,-8.00,0.00,0.00,27.00,0.00,0,312
373.06,1551936589,7764.96,51.44856978,7.42686661,183.80,34.04,0.00,323.39,0,-109.00,-9.00,0.00,0.00,27.00,0.00,0,74
373.06,1551936589,7764.96,51.44856978,7.42686661,183.80,34.04,0.00,323.39,0,-112.00,-10.00,0.00,0.00,24.00,0.00,0,40
374.07,1551936590,7799.20,51.44882538,7.42658038,182.47,34.16,0.00,325.01,0,-111.00,-9.00,0.00,0.00,24.00,0.00,0,312
374.07,1551936590,7799.24,51.44882538,7.42658038,182.47,34.16,0.00,325.01,0,-112.00,-10.00,0.00,0.00,24.00,0.00,0,40
374.07,1551936590,7799.27,51.44882538,7.42658038,182.47,34.16,0.00,325.01,0,-114.00,-11.00,0.00,0.00,24.00,0.00,0,74
375.06,1551936591,7833.23,51.44909081,7.42630053,180.99,34.50,0.00,326.20,0,-111.00,-9.00,0.00,0.00,24.00,0.00,0,312
375.06,1551936591,7833.27,51.44909081,7.42630053,180.99,34.50,0.00,326.20,0,-112.00,-10.00,0.00,0.00,24.00,0.00,0,40
375.06,1551936591,7833.30,51.44909081,7.42630053,180.99,34.50,0.00,326.20,0,-114.00,-11.00,0.00,0.00,24.00,0.00,0,74
376.06,1551936592,7867.59,51.44935681,7.42603843,179.42,34.35,0.00,327.81,0,-111.00,-9.00,0.00,0.00,24.00,0.00,0,312
376.06,1551936592,7867.62,51.44935681,7.42603843,179.42,34.35,0.00,327.81,0,-112.00,-10.00,0.00,0.00,24.00,0.00,0,40
376.06,1551936592,7867.62,51.44935681,7.42603843,179.42,34.35,0.00,327.81,0,-114.00,-11.00,0.00,0.00,24.00,0.00,0,74
383.06,1551936599,8109.66,51.45131354,7.42446214,172.15,35.91,0.00,338.49,0,-91.00,-10.00,0.00,0.00,44.00,0.00,0,230
383.06,1551936599,8109.66,51.45131354,7.42446214,172.15,35.91,0.00,338.49,0,-93.00,-9.00,0.00,0.00,41.00,0.00,0,376
383.06,1551936599,8109.70,51.45131354,7.42446214,172.15,35.91,0.00,338.49,0,-96.00,-11.00,0.00,0.00,41.00,0.00,0,386
384.06,1551936600,8145.58,51.45161760,7.42427680,171.06,36.05,0.00,339.66,0,-91.00,-10.00,0.00,0.00,44.00,0.00,0,230
384.06,1551936600,8145.58,51.45161760,7.42427680,171.06,36.05,0.00,339.66,0,-93.00,-9.00,0.00,0.00,41.00,0.00,0,376
384.06,1551936600,8145.61,51.45161760,7.42427680,171.06,36.05,0.00,339.66,0,-96.00,-11.00,0.00,0.00,41.00,0.00,0,386
385.06,1551936601,8181.73,51.45191946,7.42410409,169.86,36.10,0.00,340.71,0,-93.00,-9.00,0.00,0.00,44.00,0.00,0,376
385.06,1551936601,8181.77,51.45191946,7.42410409,169.86,36.10,0.00,340.71,0,-93.00,-11.00,0.00,0.00,42.00,0.00,0,70
385.06,1551936601,8181.81,51.45191946,7.42410409,169.86,36.10,0.00,340.71,0,-98.00,-10.00,0.00,0.00,38.00,0.00,0,27
386.06,1551936602,8217.73,51.45221979,7.42393566,168.54,35.84,0.00,341.50,0,-93.00,-9.00,0.00,0.00,44.00,0.00,0,376
386.06,1551936602,8217.73,51.45221979,7.42393566,168.54,35.84,0.00,341.50,0,-93.00,-11.00,0.00,0.00,42.00,0.00,0,70
386.06,1551936602,8217.76,51.45221979,7.42393566,168.54,35.84,0.00,341.50,0,-98.00,-10.00,0.00,0.00,38.00,0.00,0,27
391.06,1551936607,8395.69,51.45373224,7.42320018,162.28,34.84,0.00,343.99,0,-82.00,-8.00,0.00,0.00,51.00,0.00,0,70
391.06,1551936607,8395.69,51.45373224,7.42320018,162.28,34.84,0.00,343.99,0,-91.00,-8.00,0.00,0.00,44.00,0.00,0,40
392.06,1551936608,8430.54,51.45402988,7.42306480,160.90,34.79,0.00,343.89,0,-82.00,-8.00,0.00,0.00,51.00,0.00,0,70
392.06,1551936608,8430.57,51.45402988,7.42306480,160.90,34.79,0.00,343.89,0,-91.00,-8.00,0.00,0.00,44.00,0.00,0,40
393.06,1551936609,8465.33,51.45433052,7.42292677,159.68,34.69,0.00,343.66,0,-78.00,-9.00,0.00,0.00,56.00,0.00,0,230
393.06,1551936609,8465.36,51.45433052,7.42292677,159.68,34.69,0.00,343.66,0,-84.00,-9.00,0.00,0.00,52.00,0.00,0,119
394.06,1551936610,8500.02,51.45463158,7.42278595,158.68,34.86,0.00,343.38,0,-78.00,-9.00,0.00,0.00,56.00,0.00,0,230
394.06,1551936610,8500.06,51.45463158,7.42278595,158.68,34.86,0.00,343.38,0,-84.00,-9.00,0.00,0.00,52.00,0.00,0,119
395.07,1551936611,8535.27,51.45493107,7.42264616,157.72,34.97,0.00,343.26,0,-86.00,-8.00,0.00,0.00,48.00,0.00,0,119
396.06,1551936612,8569.82,51.45523201,7.42250581,156.87,35.00,0.00,343.14,0,-86.00,-8.00,0.00,0.00,48.00,0.00,0,119
397.06,1551936613,8604.96,51.45553290,7.42236212,156.18,34.94,0.00,342.49,0,-86.00,-8.00,0.00,0.00,48.00,0.00,0,119
398.05,1551936614,8639.55,51.45583154,7.42220612,155.66,34.82,0.00,341.82,0,-82.00,-6.00,0.00,0.00,51.00,0.00,0,119
399.06,1551936615,8674.58,51.45613219,7.42203824,154.95,35.03,0.00,340.60,0,-82.00,-6.00,0.00,0.00,51.00,0.00,0,119
400.06,1551936616,8709.60,51.45643267,7.42186909,154.19,35.23,0.00,339.76,0,-89.00,-7.00,0.00,0.00,45.00,0.00,0,119
401.06,1551936617,8744.87,51.45672339,7.42168704,153.32,35.18,0.00,338.50,0,-89.00,-7.00,0.00,0.00,45.00,0.00,0,119
402.06,1551936618,8780.04,51.45701235,7.42150380,152.60,35.33,0.00,337.63,0,-82.00,-9.00,0.00,0.00,52.00,0.00,0,230
402.06,1551936618,8780.08,51.45701235,7.42150380,152.60,35.33,0.00,337.63,0,-89.00,-8.00,0.00,0.00,48.00,0.00,0,119
403.06,1551936619,8815.38,51.45730308,7.42130219,152.13,35.30,0.00,336.45,0,-82.00,-9.00,0.00,0.00,52.00,0.00,0,230
403.06,1551936619,8815.41,51.45730308,7.42130219,152.13,35.30,0.00,336.45,0,-89.00,-8.00,0.00,0.00,48.00,0.00,0,119
404.06,1551936620,8850.64,51.45760019,7.42109667,151.69,35.30,0.00,335.57,0,-87.00,-6.00,0.00,0.00,46.00,0.00,0,119
405.06,1551936621,8886.08,51.45788517,7.42088095,151.42,35.28,0.00,334.55,0,-87.00,-6.00,0.00,0.00,46.00,0.00,0,119
406.06,1551936622,8921.25,51.45817265,7.42065317,151.01,35.22,0.00,333.39,0,-92.00,-8.00,0.00,0.00,42.00,0.00,0,119
407.06,1551936623,8956.54,51.45845610,7.42042725,150.64,35.28,0.00,332.58,0,-92.00,-8.00,0.00,0.00,42.00,0.00,0,119
408.06,1551936624,8991.78,51.45873569,7.42018789,150.33,35.28,0.00,331.62,0,-87.00,-13.00,0.00,0.00,52.00,0.00,0,230
408.06,1551936624,8991.82,51.45873569,7.42018789,150.33,35.28,0.00,331.62,0,-89.00,-10.00,0.00,0.00,47.00,0.00,0,119
408.06,1551936624,8991.82,51.45873569,7.42018789,150.33,35.28,0.00,331.62,0,-91.00,-11.00,0.00,0.00,46.00,0.00,0,39
409.06,1551936625,9027.06,51.45901583,7.41994703,150.06,35.26,0.00,330.88,0,-87.00,-13.00,0.00,0.00,52.00,0.00,0,230
409.06,1551936625,9027.06,51.45901583,7.41994703,150.06,35.26,0.00,330.88,0,-89.00,-10.00,0.00,0.00,47.00,0.00,0,119
409.06,1551936625,9027.10,51.45901583,7.41994703,150.06,35.26,0.00,330.88,0,-91.00,-11.00,0.00,0.00,46.00,0.00,0,39
410.06,1551936626,9062.33,51.45929256,7.41969358,149.89,35.42,0.00,330.10,0,-76.00,-7.00,0.00,0.00,57.00,0.00,0,69
410.06,1551936626,9062.36,51.45929256,7.41969358,149.89,35.42,0.00,330.10,0,-87.00,-7.00,0.00,0.00,47.00,0.00,0,119
410.06,1551936626,9062.36,51.45929256,7.41969358,149.89,35.42,0.00,330.10,0,-92.00,-10.00,0.00,0.00,46.00,0.00,0,39
411.06,1551936627,9097.75,51.45956644,7.41943328,149.60,35.44,0.00,328.72,0,-76.00,-7.00,0.00,0.00,57.00,0.00,0,69
411.06,1551936627,9097.79,51.45956644,7.41943328,149.60,35.44,0.00,328.72,0,-87.00,-7.00,0.00,0.00,47.00,0.00,0,119
411.06,1551936627,9097.79,51.45956644,7.41943328,149.60,35.44,0.00,328.72,0,-92.00,-10.00,0.00,0.00,46.00,0.00,0,39
412.06,1551936628,9133.12,51.45983660,7.41916191,149.50,35.62,0.00,327.57,0,-82.00,-7.00,0.00,0.00,53.00,0.00,0,119
413.06,1551936629,9168.74,51.46009868,7.41888435,149.34,35.69,0.00,326.25,0,-82.00,-7.00,0.00,0.00,53.00,0.00,0,119
414.06,1551936630,9204.47,51.46036361,7.41859936,149.28,36.10,0.00,325.65,0,-88.00,-7.00,0.00,0.00,46.00,0.00,0,119
414.06,1551936630,9204.47,51.46036361,7.41859936,149.28,36.10,0.00,325.65,0,-93.00,-8.00,0.00,0.00,41.00,0.00,0,93
415.06,1551936631,9240.68,51.46062331,7.41829800,149.18,36.04,0.00,324.28,0,-88.00,-7.00,0.00,0.00,46.00,0.00,0,119
415.06,1551936631,9240.72,51.46062331,7.41829800,149.18,36.04,0.00,324.28,0,-93.00,-8.00,0.00,0.00,41.00,0.00,0,93
416.06,1551936632,9276.82,51.46088350,7.41798848,149.04,35.87,0.00,323.16,0,-95.00,-10.00,0.00,0.00,44.00,0.00,0,119
417.06,1551936633,9312.59,51.46114025,7.41767880,149.00,35.93,0.00,322.41,0,-95.00,-10.00,0.00,0.00,44.00,0.00,0,119
418.05,1551936634,9348.24,51.46139568,7.41735924,149.02,36.18,0.00,322.06,0,-95.00,-10.00,0.00,0.00,44.00,0.00,0,119
421.06,1551936637,9456.58,51.46213763,7.41635177,149.10,36.02,0.00,318.23,0,-93.00,-7.00,0.00,0.00,41.00,0.00,0,93
422.06,1551936638,9492.64,51.46237629,7.41599734,149.31,36.29,0.00,317.15,0,-93.00,-7.00,0.00,0.00,41.00,0.00,0,93
427.06,1551936643,9674.51,51.46352658,7.41412368,151.58,36.62,0.00,312.15,0,-91.00,-9.00,0.00,0.00,44.00,0.00,0,93
427.06,1551936643,9674.54,51.46352658,7.41412368,151.58,36.62,0.00,312.15,0,-92.00,-9.00,0.00,0.00,44.00,0.00,0,119
428.06,1551936644,9711.02,51.46375010,7.41372898,151.92,36.70,0.00,311.26,0,-91.00,-9.00,0.00,0.00,44.00,0.00,0,93
428.06,1551936644,9711.02,51.46375010,7.41372898,151.92,36.70,0.00,311.26,0,-92.00,-9.00,0.00,0.00,44.00,0.00,0,119
429.06,1551936645,9747.79,51.46396646,7.41332919,152.43,36.71,0.00,310.73,0,-87.00,-10.00,0.00,0.00,48.00,0.00,0,132
429.06,1551936645,9747.83,51.46396646,7.41332919,152.43,36.71,0.00,310.73,0,-93.00,-12.00,0.00,0.00,45.00,0.00,0,376
429.06,1551936645,9747.83,51.46396646,7.41332919,152.43,36.71,0.00,310.73,0,-94.00,-14.00,0.00,0.00,46.00,0.00,0,230
429.06,1551936645,9747.86,51.46396646,7.41332919,152.43,36.71,0.00,310.73,0,-97.00,-11.00,0.00,0.00,39.00,0.00,0,93
430.06,1551936646,9784.46,51.46417779,7.41292818,152.72,36.63,0.00,309.70,0,-87.00,-10.00,0.00,0.00,48.00,0.00,0,132
430.06,1551936646,9784.49,51.46417779,7.41292818,152.72,36.63,0.00,309.70,0,-93.00,-12.00,0.00,0.00,45.00,0.00,0,376
430.06,1551936646,9784.53,51.46417779,7.41292818,152.72,36.63,0.00,309.70,0,-94.00,-14.00,0.00,0.00,46.00,0.00,0,230
430.06,1551936646,9784.53,51.46417779,7.41292818,152.72,36.63,0.00,309.70,0,-97.00,-11.00,0.00,0.00,39.00,0.00,0,93
431.06,1551936647,9821.13,51.46439023,7.41252616,152.78,36.61,0.00,309.37,0,-95.00,-11.00,0.00,0.00,41.00,0.00,0,57
431.06,1551936647,9821.16,51.46439023,7.41252616,152.78,36.61,0.00,309.37,0,-96.00,-11.00,0.00,0.00,41.00,0.00,0,431
431.06,1551936647,9821.16,51.46439023,7.41252616,152.78,36.61,0.00,309.37,0,-99.00,-15.00,0.00,0.00,41.00,0.00,0,340
431.06,1551936647,9821.20,51.46439023,7.41252616,152.78,36.61,0.00,309.37,0,-99.00,-8.00,0.00,0.00,35.00,0.00,0,93
431.06,1551936647,9821.24,51.46439023,7.41252616,152.78,36.61,0.00,309.37,0,-105.00,-14.00,0.00,0.00,35.00,0.00,0,120
432.06,1551936648,9857.73,51.46460160,7.41211478,153.09,36.76,0.00,308.79,0,-95.00,-11.00,0.00,0.00,41.00,0.00,0,57
432.06,1551936648,9857.77,51.46460160,7.41211478,153.09,36.76,0.00,308.79,0,-96.00,-11.00,0.00,0.00,41.00,0.00,0,431
432.06,1551936648,9857.77,51.46460160,7.41211478,153.09,36.76,0.00,308.79,0,-99.00,-15.00,0.00,0.00,41.00,0.00,0,340
432.06,1551936648,9857.81,51.46460160,7.41211478,153.09,36.76,0.00,308.79,0,-99.00,-8.00,0.00,0.00,35.00,0.00,0,93
432.06,1551936648,9857.84,51.46460160,7.41211478,153.09,36.76,0.00,308.79,0,-105.00,-14.00,0.00,0.00,35.00,0.00,0,120
433.06,1551936649,9894.42,51.46480762,7.41170061,153.17,36.85,0.00,308.61,0,-97.00,-8.00,0.00,0.00,38.00,0.00,0,119
433.06,1551936649,9894.46,51.46480762,7.41170061,153.17,36.85,0.00,308.61,0,-101.00,-10.00,0.00,0.00,35.00,0.00,0,93
434.06,1551936650,9931.31,51.46501372,7.41128718,153.20,36.93,0.00,308.54,0,-97.00,-8.00,0.00,0.00,38.00,0.00,0,119
434.06,1551936650,9931.34,51.46501372,7.41128718,153.20,36.93,0.00,308.54,0,-101.00,-10.00,0.00,0.00,35.00,0.00,0,93
435.06,1551936651,9968.20,51.46522089,7.41087450,152.99,36.91,0.00,308.53,0,-94.00,-10.00,0.00,0.00,41.00,0.00,0,132
435.06,1551936651,9968.24,51.46522089,7.41087450,152.99,36.91,0.00,308.53,0,-99.00,-14.00,0.00,0.00,40.00,0.00,0,386
435.06,1551936651,9968.27,51.46522089,7.41087450,152.99,36.91,0.00,308.53,0,-103.00,-9.00,0.00,0.00,33.00,0.00,0,93
436.06,1551936652,10005.26,51.46542615,7.41045509,152.89,36.91,0.00,308.25,0,-94.00,-10.00,0.00,0.00,41.00,0.00,0,132
436.06,1551936652,10005.30,51.46542615,7.41045509,152.89,36.91,0.00,308.25,0,-99.00,-14.00,0.00,0.00,40.00,0.00,0,386
436.06,1551936652,10005.33,51.46542615,7.41045509,152.89,36.91,0.00,308.25,0,-103.00,-9.00,0.00,0.00,33.00,0.00,0,93
437.07,1551936653,10042.53,51.46563044,7.41003277,152.95,36.93,0.00,308.17,0,-97.00,-13.00,0.00,0.00,41.00,0.00,0,376
437.07,1551936653,10042.57,51.46563044,7.41003277,152.95,36.93,0.00,308.17,0,-97.00,-12.00,0.00,0.00,40.00,0.00,0,69
437.07,1551936653,10042.61,51.46563044,7.41003277,152.95,36.93,0.00,308.17,0,-97.00,-13.00,0.00,0.00,41.00,0.00,0,386
437.07,1551936653,10042.61,51.46563044,7.41003277,152.95,36.93,0.00,308.17,0,-108.00,-12.00,0.00,0.00,31.00,0.00,0,377
437.08,1551936653,10042.64,51.46563044,7.41003277,152.95,36.93,0.00,308.17,0,-109.00,-14.00,0.00,0.00,32.00,0.00,0,93
437.08,1551936653,10042.68,51.46563044,7.41003277,152.95,36.93,0.00,308.17,0,-109.00,-14.00,0.00,0.00,31.00,0.00,0,266
438.06,1551936654,10079.06,51.46583368,7.40961566,153.02,36.89,0.00,307.88,0,-97.00,-13.00,0.00,0.00,41.00,0.00,0,376
438.06,1551936654,10079.09,51.46583368,7.40961566,153.02,36.89,0.00,307.88,0,-97.00,-12.00,0.00,0.00,40.00,0.00,0,69
438.06,1551936654,10079.09,51.46583368,7.40961566,153.02,36.89,0.00,307.88,0,-97.00,-13.00,0.00,0.00,41.00,0.00,0,386
438.06,1551936654,10079.13,51.46583368,7.40961566,153.02,36.89,0.00,307.88,0,-108.00,-12.00,0.00,0.00,31.00,0.00,0,377
438.06,1551936654,10079.17,51.46583368,7.40961566,153.02,36.89,0.00,307.88,0,-109.00,-14.00,0.00,0.00,32.00,0.00,0,93
438.06,1551936654,10079.17,51.46583368,7.40961566,153.02,36.89,0.00,307.88,0,-109.00,-14.00,0.00,0.00,31.00,0.00,0,266
439.06,1551936655,10115.95,51.46603614,7.40919467,153.22,36.87,0.00,308.06,0,-97.00,-13.00,0.00,0.00,41.00,0.00,0,376
439.06,1551936655,10115.95,51.46603614,7.40919467,153.22,36.87,0.00,308.06,0,-97.00,-12.00,0.00,0.00,40.00,0.00,0,69
439.06,1551936655,10115.99,51.46603614,7.40919467,153.22,36.87,0.00,308.06,0,-97.00,-13.00,0.00,0.00,41.00,0.00,0,386
439.06,1551936655,10116.02,51.46603614,7.40919467,153.22,36.87,0.00,308.06,0,-108.00,-12.00,0.00,0.00,31.00,0.00,0,377
439.06,1551936655,10116.02,51.46603614,7.40919467,153.22,36.87,0.00,308.06,0,-109.00,-14.00,0.00,0.00,32.00,0.00,0,93
439.06,1551936655,10116.06,51.46603614,7.40919467,153.22,36.87,0.00,308.06,0,-109.00,-14.00,0.00,0.00,31.00,0.00,0,266
440.06,1551936656,10152.75,51.46623855,7.40877599,153.49,36.87,0.00,308.28,0,-85.00,-8.00,0.00,0.00,48.00,0.00,0,386
440.06,1551936656,10152.78,51.46623855,7.40877599,153.49,36.87,0.00,308.28,0,-99.00,-10.00,0.00,0.00,37.00,0.00,0,458
440.06,1551936656,10152.82,51.46623855,7.40877599,153.49,36.87,0.00,308.28,0,-103.00,-13.00,0.00,0.00,37.00,0.00,0,266
440.06,1551936656,10152.82,51.46623855,7.40877599,153.49,36.87,0.00,308.28,0,-105.00,-12.00,0.00,0.00,34.00,0.00,0,119
441.06,1551936657,10189.61,51.46644085,7.40836296,153.70,36.54,0.00,308.36,0,-85.00,-8.00,0.00,0.00,48.00,0.00,0,386
441.06,1551936657,10189.65,51.46644085,7.40836296,153.70,36.54,0.00,308.36,0,-99.00,-10.00,0.00,0.00,37.00,0.00,0,458
441.06,1551936657,10189.65,51.46644085,7.40836296,153.70,36.54,0.00,308.36,0,-103.00,-13.00,0.00,0.00,37.00,0.00,0,266
441.06,1551936657,10189.68,51.46644085,7.40836296,153.70,36.54,0.00,308.36,0,-105.00,-12.00,0.00,0.00,34.00,0.00,0,119
442.06,1551936658,10226.19,51.46664273,7.40795698,153.98,36.25,0.00,308.60,0,-96.00,-14.00,0.00,0.00,43.00,0.00,0,431
442.06,1551936658,10226.22,51.46664273,7.40795698,153.98,36.25,0.00,308.60,0,-97.00,-15.00,0.00,0.00,43.00,0.00,0,376
442.06,1551936658,10226.22,51.46664273,7.40795698,153.98,36.25,0.00,308.60,0,-98.00,-15.00,0.00,0.00,43.00,0.00,0,57
442.06,1551936658,10226.26,51.46664273,7.40795698,153.98,36.25,0.00,308.60,0,-98.00,-10.00,0.00,0.00,39.00,0.00,0,377
442.06,1551936658,10226.29,51.46664273,7.40795698,153.98,36.25,0.00,308.60,0,-99.00,-11.00,0.00,0.00,39.00,0.00,0,93
443.06,1551936659,10262.44,51.46684385,7.40755310,154.33,35.84,0.00,309.15,0,-96.00,-14.00,0.00,0.00,43.00,0.00,0,431
443.06,1551936659,10262.47,51.46684385,7.40755310,154.33,35.84,0.00,309.15,0,-97.00,-15.00,0.00,0.00,43.00,0.00,0,376
443.06,1551936659,10262.47,51.46684385,7.40755310,154.33,35.84,0.00,309.15,0,-98.00,-15.00,0.00,0.00,43.00,0.00,0,57
443.06,1551936659,10262.51,51.46684385,7.40755310,154.33,35.84,0.00,309.15,0,-98.00,-10.00,0.00,0.00,39.00,0.00,0,377
443.06,1551936659,10262.55,51.46684385,7.40755310,154.33,35.84,0.00,309.15,0,-99.00,-11.00,0.00,0.00,39.00,0.00,0,93
444.06,1551936660,10298.25,51.46704538,7.40715125,154.72,35.72,0.00,309.23,0,-87.00,-8.00,0.00,0.00,46.00,0.00,0,57
444.06,1551936660,10298.28,51.46704538,7.40715125,154.72,35.72,0.00,309.23,0,-96.00,-11.00,0.00,0.00,39.00,0.00,0,377
444.06,1551936660,10298.32,51.46704538,7.40715125,154.72,35.72,0.00,309.23,0,-97.00,-10.00,0.00,0.00,39.00,0.00,0,93
445.06,1551936661,10333.93,51.46724798,7.40675035,155.28,35.72,0.00,309.39,0,-87.00,-8.00,0.00,0.00,46.00,0.00,0,57
445.06,1551936661,10333.96,51.46724798,7.40675035,155.28,35.72,0.00,309.39,0,-96.00,-11.00,0.00,0.00,39.00,0.00,0,377
445.06,1551936661,10334.00,51.46724798,7.40675035,155.28,35.72,0.00,309.39,0,-97.00,-10.00,0.00,0.00,39.00,0.00,0,93
446.06,1551936662,10369.87,51.46745604,7.40635462,155.72,35.69,0.00,309.84,0,-91.00,-13.00,0.00,0.00,48.00,0.00,0,431
446.06,1551936662,10369.87,51.46745604,7.40635462,155.72,35.69,0.00,309.84,0,-91.00,-14.00,0.00,0.00,49.00,0.00,0,69
446.07,1551936662,10369.90,51.46745604,7.40635462,155.72,35.69,0.00,309.84,0,-92.00,-14.00,0.00,0.00,48.00,0.00,0,376
446.07,1551936662,10369.94,51.46745604,7.40635462,155.72,35.69,0.00,309.84,0,-91.00,-7.00,0.00,0.00,43.00,0.00,0,377
446.07,1551936662,10369.94,51.46745604,7.40635462,155.72,35.69,0.00,309.84,0,-96.00,-13.00,0.00,0.00,43.00,0.00,0,93
447.06,1551936663,10405.53,51.46766299,7.40596500,156.21,35.59,0.00,310.10,0,-91.00,-13.00,0.00,0.00,48.00,0.00,0,431
447.06,1551936663,10405.56,51.46766299,7.40596500,156.21,35.59,0.00,310.10,0,-91.00,-14.00,0.00,0.00,49.00,0.00,0,69
447.07,1551936663,10405.60,51.46766299,7.40596500,156.21,35.59,0.00,310.10,0,-92.00,-14.00,0.00,0.00,48.00,0.00,0,376
447.07,1551936663,10405.60,51.46766299,7.40596500,156.21,35.59,0.00,310.10,0,-91.00,-7.00,0.00,0.00,43.00,0.00,0,377
447.07,1551936663,10405.63,51.46766299,7.40596500,156.21,35.59,0.00,310.10,0,-96.00,-13.00,0.00,0.00,43.00,0.00,0,93
448.06,1551936664,10440.97,51.46787127,7.40556632,156.76,35.79,0.00,310.81,0,-93.00,-12.00,0.00,0.00,46.00,0.00,0,376
448.06,1551936664,10440.97,51.46787127,7.40556632,156.76,35.79,0.00,310.81,0,-95.00,-14.00,0.00,0.00,46.00,0.00,0,431
448.06,1551936664,10441.01,51.46787127,7.40556632,156.76,35.79,0.00,310.81,0,-96.00,-13.00,0.00,0.00,44.00,0.00,0,69
449.06,1551936665,10476.73,51.46808381,7.40517488,157.31,35.91,0.00,311.28,0,-93.00,-12.00,0.00,0.00,46.00,0.00,0,376
449.06,1551936665,10476.77,51.46808381,7.40517488,157.31,35.91,0.00,311.28,0,-95.00,-14.00,0.00,0.00,46.00,0.00,0,431
449.06,1551936665,10476.80,51.46808381,7.40517488,157.31,35.91,0.00,311.28,0,-96.00,-13.00,0.00,0.00,44.00,0.00,0,69
450.06,1551936666,10512.68,51.46829740,7.40478708,157.65,36.05,0.00,311.78,0,-92.00,-11.00,0.00,0.00,45.00,0.00,0,69
450.06,1551936666,10512.72,51.46829740,7.40478708,157.65,36.05,0.00,311.78,0,-92.00,-11.00,0.00,0.00,44.00,0.00,0,431
450.06,1551936666,10512.75,51.46829740,7.40478708,157.65,36.05,0.00,311.78,0,-101.00,-11.00,0.00,0.00,36.00,0.00,0,93
450.06,1551936666,10512.75,51.46829740,7.40478708,157.65,36.05,0.00,311.78,0,-103.00,-13.00,0.00,0.00,35.00,0.00,0,39
451.06,1551936667,10548.77,51.46851221,7.40440106,157.88,36.06,0.00,312.04,0,-92.00,-11.00,0.00,0.00,45.00,0.00,0,69
451.06,1551936667,10548.77,51.46851221,7.40440106,157.88,36.06,0.00,312.04,0,-92.00,-11.00,0.00,0.00,44.00,0.00,0,431
451.06,1551936667,10548.80,51.46851221,7.40440106,157.88,36.06,0.00,312.04,0,-101.00,-11.00,0.00,0.00,36.00,0.00,0,93
451.06,1551936667,10548.84,51.46851221,7.40440106,157.88,36.06,0.00,312.04,0,-103.00,-13.00,0.00,0.00,35.00,0.00,0,39
452.06,1551936668,10584.86,51.46872839,7.40402501,158.31,35.33,0.00,312.36,0,-98.00,-10.00,0.00,0.00,37.00,0.00,0,386
452.06,1551936668,10584.86,51.46872839,7.40402501,158.31,35.33,0.00,312.36,0,-100.00,-12.00,0.00,0.00,38.00,0.00,0,230
452.06,1551936668,10584.90,51.46872839,7.40402501,158.31,35.33,0.00,312.36,0,-101.00,-13.00,0.00,0.00,38.00,0.00,0,431
452.06,1551936668,10584.93,51.46872839,7.40402501,158.31,35.33,0.00,312.36,0,-103.00,-9.00,0.00,0.00,33.00,0.00,0,74
452.06,1551936668,10584.93,51.46872839,7.40402501,158.31,35.33,0.00,312.36,0,-105.00,-12.00,0.00,0.00,33.00,0.00,0,93
452.06,1551936668,10584.97,51.46872839,7.40402501,158.31,35.33,0.00,312.36,0,-108.00,-13.00,0.00,0.00,32.00,0.00,0,119
453.06,1551936669,10620.16,51.46894056,7.40365876,158.68,34.95,0.00,313.11,0,-98.00,-10.00,0.00,0.00,37.00,0.00,0,386
453.06,1551936669,10620.19,51.46894056,7.40365876,158.68,34.95,0.00,313.11,0,-100.00,-12.00,0.00,0.00,38.00,0.00,0,230
453.06,1551936669,10620.23,51.46894056,7.40365876,158.68,34.95,0.00,313.11,0,-101.00,-13.00,0.00,0.00,38.00,0.00,0,431
453.06,1551936669,10620.26,51.46894056,7.40365876,158.68,34.95,0.00,313.11,0,-103.00,-9.00,0.00,0.00,33.00,0.00,0,74
453.06,1551936669,10620.26,51.46894056,7.40365876,158.68,34.95,0.00,313.11,0,-105.00,-12.00,0.00,0.00,33.00,0.00,0,93
453.06,1551936669,10620.30,51.46894056,7.40365876,158.68,34.95,0.00,313.11,0,-108.00,-13.00,0.00,0.00,32.00,0.00,0,119
454.06,1551936670,10655.07,51.46916122,7.40330730,158.71,34.86,0.00,314.88,0,-99.00,-12.00,0.00,0.00,39.00,0.00,0,57
454.06,1551936670,10655.07,51.46916122,7.40330730,158.71,34.86,0.00,314.88,0,-99.00,-12.00,0.00,0.00,39.00,0.00,0,386
454.06,1551936670,10655.11,51.46916122,7.40330730,158.71,34.86,0.00,314.88,0,-99.00,-13.00,0.00,0.00,39.00,0.00,0,376
455.06,1551936671,10689.93,51.46937943,7.40295890,158.66,34.83,0.00,315.14,0,-99.00,-12.00,0.00,0.00,39.00,0.00,0,57
455.06,1551936671,10689.97,51.46937943,7.40295890,158.66,34.83,0.00,315.14,0,-99.00,-12.00,0.00,0.00,39.00,0.00,0,386
455.06,1551936671,10689.97,51.46937943,7.40295890,158.66,34.83,0.00,315.14,0,-99.00,-13.00,0.00,0.00,39.00,0.00,0,376
456.06,1551936672,10724.86,51.46959926,7.40260675,158.82,34.63,0.00,315.40,0,-101.00,-12.00,0.00,0.00,36.00,0.00,0,230
456.06,1551936672,10724.90,51.46959926,7.40260675,158.82,34.63,0.00,315.40,0,-102.00,-12.00,0.00,0.00,35.00,0.00,0,386
456.06,1551936672,10724.93,51.46959926,7.40260675,158.82,34.63,0.00,315.40,0,-102.00,-14.00,0.00,0.00,37.00,0.00,0,57
457.06,1551936673,10759.50,51.46982217,7.40225026,159.27,34.65,0.00,315.46,0,-101.00,-12.00,0.00,0.00,36.00,0.00,0,230
457.06,1551936673,10759.53,51.46982217,7.40225026,159.27,34.65,0.00,315.46,0,-102.00,-12.00,0.00,0.00,35.00,0.00,0,386
457.06,1551936673,10759.57,51.46982217,7.40225026,159.27,34.65,0.00,315.46,0,-102.00,-14.00,0.00,0.00,37.00,0.00,0,57
458.07,1551936674,10794.29,51.47004214,7.40189715,159.82,34.52,0.00,315.46,0,-99.00,-13.00,0.00,0.00,40.00,0.00,0,137
458.07,1551936674,10794.32,51.47004214,7.40189715,159.82,34.52,0.00,315.46,0,-101.00,-15.00,0.00,0.00,40.00,0.00,0,376
458.07,1551936674,10794.32,51.47004214,7.40189715,159.82,34.52,0.00,315.46,0,-98.00,-9.00,0.00,0.00,36.00,0.00,0,74
459.06,1551936675,10828.57,51.47026409,7.40155596,160.24,34.05,0.00,316.09,0,-99.00,-13.00,0.00,0.00,40.00,0.00,0,137
459.06,1551936675,10828.60,51.47026409,7.40155596,160.24,34.05,0.00,316.09,0,-101.00,-15.00,0.00,0.00,40.00,0.00,0,376
459.06,1551936675,10828.60,51.47026409,7.40155596,160.24,34.05,0.00,316.09,0,-98.00,-9.00,0.00,0.00,36.00,0.00,0,74
460.06,1551936676,10862.62,51.47048403,7.40121808,160.58,33.88,0.00,315.83,0,-99.00,-13.00,0.00,0.00,40.00,0.00,0,137
460.06,1551936676,10862.62,51.47048403,7.40121808,160.58,33.88,0.00,315.83,0,-101.00,-15.00,0.00,0.00,40.00,0.00,0,376
460.06,1551936676,10862.65,51.47048403,7.40121808,160.58,33.88,0.00,315.83,0,-98.00,-9.00,0.00,0.00,36.00,0.00,0,74
461.06,1551936677,10896.50,51.47070235,7.40088227,160.72,33.75,0.00,316.19,0,-101.00,-13.00,0.00,0.00,38.00,0.00,0,376
461.06,1551936677,10896.50,51.47070235,7.40088227,160.72,33.75,0.00,316.19,0,-104.00,-18.00,0.00,0.00,39.00,0.00,0,57
461.06,1551936677,10896.53,51.47070235,7.40088227,160.72,33.75,0.00,316.19,0,-105.00,-18.00,0.00,0.00,39.00,0.00,0,230
462.06,1551936678,10930.25,51.47092118,7.40054727,160.74,33.60,0.00,316.72,0,-101.00,-13.00,0.00,0.00,38.00,0.00,0,376
462.06,1551936678,10930.28,51.47092118,7.40054727,160.74,33.60,0.00,316.72,0,-104.00,-18.00,0.00,0.00,39.00,0.00,0,57
462.06,1551936678,10930.28,51.47092118,7.40054727,160.74,33.60,0.00,316.72,0,-105.00,-18.00,0.00,0.00,39.00,0.00,0,230
463.06,1551936679,10963.85,51.47113958,7.40021613,160.94,33.17,0.00,316.69,0,-107.00,-14.00,0.00,0.00,33.00,0.00,0,56
463.06,1551936679,10963.88,51.47113958,7.40021613,160.94,33.17,0.00,316.69,0,-107.00,-15.00,0.00,0.00,33.00,0.00,0,431
463.06,1551936679,10963.88,51.47113958,7.40021613,160.94,33.17,0.00,316.69,0,-95.00,-7.00,0.00,0.00,37.00,0.00,0,74
464.06,1551936680,10997.02,51.47135456,7.39988949,161.05,32.99,0.00,316.95,0,-107.00,-14.00,0.00,0.00,33.00,0.00,0,56
464.06,1551936680,10997.02,51.47135456,7.39988949,161.05,32.99,0.00,316.95,0,-107.00,-15.00,0.00,0.00,33.00,0.00,0,431
464.06,1551936680,10997.05,51.47135456,7.39988949,161.05,32.99,0.00,316.95,0,-95.00,-7.00,0.00,0.00,37.00,0.00,0,74
465.06,1551936681,11030.00,51.47157427,7.39957512,161.51,32.54,0.00,318.03,0,-104.00,-11.00,0.00,0.00,32.00,0.00,0,56
465.06,1551936681,11030.04,51.47157427,7.39957512,161.51,32.54,0.00,318.03,0,-108.00,-14.00,0.00,0.00,31.00,0.00,0,78
465.06,1551936681,11030.04,51.47157427,7.39957512,161.51,32.54,0.00,318.03,0,-109.00,-15.00,0.00,0.00,31.00,0.00,0,163
465.06,1551936681,11030.07,51.47157427,7.39957512,161.51,32.54,0.00,318.03,0,-92.00,-5.00,0.00,0.00,40.00,0.00,0,74
466.06,1551936682,11062.67,51.47179131,7.39926157,162.03,32.03,0.00,318.29,0,-104.00,-11.00,0.00,0.00,32.00,0.00,0,56
466.06,1551936682,11062.70,51.47179131,7.39926157,162.03,32.03,0.00,318.29,0,-108.00,-14.00,0.00,0.00,31.00,0.00,0,78
466.06,1551936682,11062.70,51.47179131,7.39926157,162.03,32.03,0.00,318.29,0,-109.00,-15.00,0.00,0.00,31.00,0.00,0,163
466.07,1551936682,11062.73,51.47179131,7.39926157,162.03,32.03,0.00,318.29,0,-92.00,-5.00,0.00,0.00,40.00,0.00,0,74
467.06,1551936683,11094.67,51.47200306,7.39895575,162.59,31.49,0.00,318.73,0,-106.00,-12.00,0.00,0.00,32.00,0.00,0,56
467.06,1551936683,11094.67,51.47200306,7.39895575,162.59,31.49,0.00,318.73,0,-109.00,-15.00,0.00,0.00,31.00,0.00,0,163
467.06,1551936683,11094.70,51.47200306,7.39895575,162.59,31.49,0.00,318.73,0,-110.00,-16.00,0.00,0.00,31.00,0.00,0,392
468.06,1551936684,11126.06,51.47221748,7.39865913,163.23,31.18,0.00,319.18,0,-106.00,-12.00,0.00,0.00,32.00,0.00,0,56
468.06,1551936684,11126.09,51.47221748,7.39865913,163.23,31.18,0.00,319.18,0,-109.00,-15.00,0.00,0.00,31.00,0.00,0,163
468.06,1551936684,11126.12,51.47221748,7.39865913,163.23,31.18,0.00,319.18,0,-110.00,-16.00,0.00,0.00,31.00,0.00,0,392
469.06,1551936685,11157.24,51.47243124,7.39836379,163.89,31.08,0.00,319.57,0,-107.00,-13.00,0.00,0.00,32.00,0.00,0,392
469.06,1551936685,11157.27,51.47243124,7.39836379,163.89,31.08,0.00,319.57,0,-107.00,-14.00,0.00,0.00,32.00,0.00,0,56
469.06,1551936685,11157.30,51.47243124,7.39836379,163.89,31.08,0.00,319.57,0,-110.00,-16.00,0.00,0.00,33.00,0.00,0,163
470.06,1551936686,11188.33,51.47263869,7.39807581,164.54,31.05,0.00,319.75,0,-107.00,-13.00,0.00,0.00,32.00,0.00,0,392
470.06,1551936686,11188.36,51.47263869,7.39807581,164.54,31.05,0.00,319.75,0,-107.00,-14.00,0.00,0.00,32.00,0.00,0,56
470.06,1551936686,11188.36,51.47263869,7.39807581,164.54,31.05,0.00,319.75,0,-110.00,-16.00,0.00,0.00,33.00,0.00,0,163
471.06,1551936687,11219.34,51.47284749,7.39778835,165.08,30.81,0.00,320.05,0,-101.00,-11.00,0.00,0.00,35.00,0.00,0,392
471.06,1551936687,11219.37,51.47284749,7.39778835,165.08,30.81,0.00,320.05,0,-105.00,-14.00,0.00,0.00,35.00,0.00,0,56
472.06,1551936688,11250.15,51.47305531,7.39750533,165.48,30.30,0.00,319.98,0,-101.00,-11.00,0.00,0.00,35.00,0.00,0,392
472.06,1551936688,11250.18,51.47305531,7.39750533,165.48,30.30,0.00,319.98,0,-105.00,-14.00,0.00,0.00,35.00,0.00,0,56
473.06,1551936689,11280.48,51.47325625,7.39723984,165.62,30.10,0.00,320.39,0,-105.00,-12.00,0.00,0.00,32.00,0.00,0,56
473.06,1551936689,11280.48,51.47325625,7.39723984,165.62,30.10,0.00,320.39,0,-105.00,-11.00,0.00,0.00,31.00,0.00,0,392
473.06,1551936689,11280.51,51.47325625,7.39723984,165.62,30.10,0.00,320.39,0,-111.00,-16.00,0.00,0.00,30.00,0.00,0,163
474.06,1551936690,11310.58,51.47346021,7.39696911,165.68,29.92,0.00,320.58,0,-105.00,-12.00,0.00,0.00,32.00,0.00,0,56
474.06,1551936690,11310.61,51.47346021,7.39696911,165.68,29.92,0.00,320.58,0,-105.00,-11.00,0.00,0.00,31.00,0.00,0,392
474.06,1551936690,11310.61,51.47346021,7.39696911,165.68,29.92,0.00,320.58,0,-111.00,-16.00,0.00,0.00,30.00,0.00,0,163
475.06,1551936691,11340.50,51.47366762,7.39669423,165.86,29.71,0.00,320.64,0,-106.00,-13.00,0.00,0.00,32.00,0.00,0,431
475.06,1551936691,11340.52,51.47366762,7.39669423,165.86,29.71,0.00,320.64,0,-107.00,-13.00,0.00,0.00,31.00,0.00,0,78
475.06,1551936691,11340.55,51.47366762,7.39669423,165.86,29.71,0.00,320.64,0,-109.00,-14.00,0.00,0.00,31.00,0.00,0,392
476.06,1551936692,11370.29,51.47388132,7.39642809,166.19,29.71,0.00,321.93,0,-106.00,-13.00,0.00,0.00,32.00,0.00,0,431
476.06,1551936692,11370.32,51.47388132,7.39642809,166.19,29.71,0.00,321.93,0,-107.00,-13.00,0.00,0.00,31.00,0.00,0,78
476.06,1551936692,11370.35,51.47388132,7.39642809,166.19,29.71,0.00,321.93,0,-109.00,-14.00,0.00,0.00,31.00,0.00,0,392
477.06,1551936693,11399.85,51.47409430,7.39617126,166.32,29.77,0.00,323.05,0,-103.00,-10.00,0.00,0.00,33.00,0.00,0,78
477.06,1551936693,11399.85,51.47409430,7.39617126,166.32,29.77,0.00,323.05,0,-106.00,-13.00,0.00,0.00,33.00,0.00,0,340
477.06,1551936693,11399.85,51.47409430,7.39617126,166.32,29.77,0.00,323.05,0,-108.00,-15.00,0.00,0.00,32.00,0.00,0,57
478.06,1551936694,11429.72,51.47431253,7.39590865,166.75,29.68,0.00,323.75,0,-103.00,-10.00,0.00,0.00,33.00,0.00,0,78
478.06,1551936694,11429.75,51.47431253,7.39590865,166.75,29.68,0.00,323.75,0,-106.00,-13.00,0.00,0.00,33.00,0.00,0,340
478.06,1551936694,11429.75,51.47431253,7.39590865,166.75,29.68,0.00,323.75,0,-108.00,-15.00,0.00,0.00,32.00,0.00,0,57
479.07,1551936695,11459.60,51.47452780,7.39566076,167.14,29.83,0.00,324.45,0,-105.00,-15.00,0.00,0.00,36.00,0.00,0,78
479.07,1551936695,11459.63,51.47452780,7.39566076,167.14,29.83,0.00,324.45,0,-106.00,-15.00,0.00,0.00,35.00,0.00,0,57
479.07,1551936695,11459.66,51.47452780,7.39566076,167.14,29.83,0.00,324.45,0,-106.00,-15.00,0.00,0.00,35.00,0.00,0,392
480.06,1551936696,11489.19,51.47475368,7.39540325,167.81,29.96,0.00,325.34,0,-105.00,-15.00,0.00,0.00,36.00,0.00,0,78
480.06,1551936696,11489.19,51.47475368,7.39540325,167.81,29.96,0.00,325.34,0,-106.00,-15.00,0.00,0.00,35.00,0.00,0,57
480.06,1551936696,11489.22,51.47475368,7.39540325,167.81,29.96,0.00,325.34,0,-106.00,-15.00,0.00,0.00,35.00,0.00,0,392
481.06,1551936697,11519.12,51.47497669,7.39516939,168.41,29.88,0.00,326.98,0,-105.00,-15.00,0.00,0.00,36.00,0.00,0,78
481.06,1551936697,11519.15,51.47497669,7.39516939,168.41,29.88,0.00,326.98,0,-106.00,-15.00,0.00,0.00,35.00,0.00,0,57
481.06,1551936697,11519.18,51.47497669,7.39516939,168.41,29.88,0.00,326.98,0,-106.00,-15.00,0.00,0.00,35.00,0.00,0,392
482.06,1551936698,11549.03,51.47520164,7.39494255,168.91,29.81,0.00,328.36,0,-103.00,-12.00,0.00,0.00,33.00,0.00,0,392
482.06,1551936698,11549.06,51.47520164,7.39494255,168.91,29.81,0.00,328.36,0,-105.00,-13.00,0.00,0.00,33.00,0.00,0,163
482.06,1551936698,11549.06,51.47520164,7.39494255,168.91,29.81,0.00,328.36,0,-108.00,-14.00,0.00,0.00,32.00,0.00,0,78
483.06,1551936699,11578.85,51.47542706,7.39472362,169.33,30.08,0.00,329.48,0,-103.00,-12.00,0.00,0.00,33.00,0.00,0,392
483.06,1551936699,11578.85,51.47542706,7.39472362,169.33,30.08,0.00,329.48,0,-105.00,-13.00,0.00,0.00,33.00,0.00,0,163
483.06,1551936699,11578.88,51.47542706,7.39472362,169.33,30.08,0.00,329.48,0,-108.00,-14.00,0.00,0.00,32.00,0.00,0,78
484.06,1551936700,11608.90,51.47565173,7.39450723,169.55,30.04,0.00,329.48,0,-93.00,-7.00,0.00,0.00,40.00,0.00,0,392
485.06,1551936701,11638.90,51.47588127,7.39429110,169.60,29.68,0.00,330.03,0,-93.00,-7.00,0.00,0.00,40.00,0.00,0,392
486.06,1551936702,11668.70,51.47611644,7.39409099,169.52,28.94,0.00,331.82,0,-91.00,-7.00,0.00,0.00,41.00,0.00,0,392
487.06,1551936703,11697.61,51.47635231,7.39390399,169.53,28.29,0.00,333.21,0,-91.00,-7.00,0.00,0.00,41.00,0.00,0,392
488.06,1551936704,11725.90,51.47657867,7.39373012,169.73,27.69,0.00,334.31,0,-94.00,-8.00,0.00,0.00,39.00,0.00,0,392
488.06,1551936704,11725.90,51.47657867,7.39373012,169.73,27.69,0.00,334.31,0,0.00,0.00,0.00,0.00,63.00,0.00,0,323
488.06,1551936704,11725.93,51.47657867,7.39373012,169.73,27.69,0.00,334.31,0,-225.00,-225.00,0.00,0.00,63.00,0.00,0,101
488.06,1551936704,11725.96,51.47657867,7.39373012,169.73,27.69,0.00,334.31,0,-225.00,-225.00,0.00,0.00,63.00,0.00,0,450
488.06,1551936704,11725.96,51.47657867,7.39373012,169.73,27.69,0.00,334.31,0,-225.00,-225.00,0.00,0.00,63.00,0.00,0,356
489.06,1551936705,11753.62,51.47679798,7.39356662,170.05,26.53,0.00,334.55,0,-94.00,-8.00,0.00,0.00,39.00,0.00,0,392
489.06,1551936705,11753.62,51.47679798,7.39356662,170.05,26.53,0.00,334.55,0,0.00,0.00,0.00,0.00,63.00,0.00,0,323
489.06,1551936705,11753.64,51.47679798,7.39356662,170.05,26.53,0.00,334.55,0,-225.00,-225.00,0.00,0.00,63.00,0.00,0,101
489.06,1551936705,11753.67,51.47679798,7.39356662,170.05,26.53,0.00,334.55,0,-225.00,-225.00,0.00,0.00,63.00,0.00,0,450
489.06,1551936705,11753.70,51.47679798,7.39356662,170.05,26.53,0.00,334.55,0,-225.00,-225.00,0.00,0.00,63.00,0.00,0,356
490.06,1551936706,11780.12,51.47701348,7.39342020,170.23,24.76,0.00,336.76,0,-96.00,-10.00,0.00,0.00,39.00,0.00,0,392
490.06,1551936706,11780.14,51.47701348,7.39342020,170.23,24.76,0.00,336.76,0,-103.00,-14.00,0.00,0.00,38.00,0.00,0,78
490.06,1551936706,11780.14,51.47701348,7.39342020,170.23,24.76,0.00,336.76,0,-225.00,-225.00,0.00,0.00,63.00,0.00,0,323
490.06,1551936706,11780.17,51.47701348,7.39342020,170.23,24.76,0.00,336.76,0,-225.00,-225.00,0.00,0.00,63.00,0.00,0,101
490.06,1551936706,11780.19,51.47701348,7.39342020,170.23,24.76,0.00,336.76,0,-225.00,-225.00,0.00,0.00,63.00,0.00,0,356
491.06,1551936707,11804.88,51.47720639,7.39329876,170.51,22.42,0.00,338.66,0,-96.00,-10.00,0.00,0.00,39.00,0.00,0,392
491.06,1551936707,11804.90,51.47720639,7.39329876,170.51,22.42,0.00,338.66,0,-103.00,-14.00,0.00,0.00,38.00,0.00,0,78
491.06,1551936707,11804.92,51.47720639,7.39329876,170.51,22.42,0.00,338.66,0,-225.00,-225.00,0.00,0.00,63.00,0.00,0,323
491.06,1551936707,11804.92,51.47720639,7.39329876,170.51,22.42,0.00,338.66,0,-225.00,-225.00,0.00,0.00,63.00,0.00,0,101
491.06,1551936707,11804.94,51.47720639,7.39329876,170.51,22.42,0.00,338.66,0,-225.00,-225.00,0.00,0.00,63.00,0.00,0,356
492.06,1551936708,11827.26,51.47739019,7.39319717,170.73,20.62,0.00,341.71,0,-93.00,-7.00,0.00,0.00,40.00,0.00,0,392
492.06,1551936708,11827.26,51.47739019,7.39319717,170.73,20.62,0.00,341.71,0,-225.00,-225.00,0.00,0.00,63.00,0.00,0,101
492.06,1551936708,11827.29,51.47739019,7.39319717,170.73,20.62,0.00,341.71,0,-225.00,-225.00,0.00,0.00,63.00,0.00,0,235
493.06,1551936709,11847.87,51.47756806,7.39311919,170.95,19.67,0.00,345.39,0,-93.00,-7.00,0.00,0.00,40.00,0.00,0,392
493.06,1551936709,11847.89,51.47756806,7.39311919,170.95,19.67,0.00,345.39,0,-225.00,-225.00,0.00,0.00,63.00,0.00,0,101
493.06,1551936709,11847.91,51.47756806,7.39311919,170.95,19.67,0.00,345.39,0,-225.00,-225.00,0.00,0.00,63.00,0.00,0,235
494.06,1551936710,11867.58,51.47774953,7.39307678,171.18,19.36,0.00,353.06,0,-88.00,-6.00,0.00,0.00,43.00,0.00,0,392
494.06,1551936710,11867.60,51.47774953,7.39307678,171.18,19.36,0.00,353.06,0,-225.00,-225.00,0.00,0.00,63.00,0.00,0,101
494.06,1551936710,11867.60,51.47774953,7.39307678,171.18,19.36,0.00,353.06,0,-225.00,-225.00,0.00,0.00,63.00,0.00,0,356
494.06,1551936710,11867.62,51.47774953,7.39307678,171.18,19.36,0.00,353.06,0,-225.00,-225.00,0.00,0.00,63.00,0.00,0,487
494.06,1551936710,11867.64,51.47774953,7.39307678,171.18,19.36,0.00,353.06,0,-225.00,-225.00,0.00,0.00,63.00,0.00,0,450
495.06,1551936711,11886.94,51.47791169,7.39306066,171.71,19.76,0.00,355.62,0,-88.00,-6.00,0.00,0.00,43.00,0.00,0,392
495.06,1551936711,11886.94,51.47791169,7.39306066,171.71,19.76,0.00,355.62,0,-225.00,-225.00,0.00,0.00,63.00,0.00,0,101
495.06,1551936711,11886.96,51.47791169,7.39306066,171.71,19.76,0.00,355.62,0,-225.00,-225.00,0.00,0.00,63.00,0.00,0,356
495.06,1551936711,11886.98,51.47791169,7.39306066,171.71,19.76,0.00,355.62,0,-225.00,-225.00,0.00,0.00,63.00,0.00,0,487
495.06,1551936711,11886.98,51.47791169,7.39306066,171.71,19.76,0.00,355.62,0,-225.00,-225.00,0.00,0.00,63.00,0.00,0,450
496.06,1551936712,11906.74,51.47808438,7.39306273,172.10,19.95,0.00,359.57,0,-87.00,-7.00,0.00,0.00,45.00,0.00,0,392
496.06,1551936712,11906.76,51.47808438,7.39306273,172.10,19.95,0.00,359.57,0,-225.00,-225.00,0.00,0.00,63.00,0.00,0,101
496.06,1551936712,11906.76,51.47808438,7.39306273,172.10,19.95,0.00,359.57,0,-225.00,-225.00,0.00,0.00,63.00,0.00,0,323
496.06,1551936712,11906.78,51.47808438,7.39306273,172.10,19.95,0.00,359.57,0,-225.00,-225.00,0.00,0.00,63.00,0.00,0,450
497.06,1551936713,11926.70,51.47827338,7.39313187,172.52,20.10,0.00,13.83,0,-87.00,-7.00,0.00,0.00,45.00,0.00,0,392
497.06,1551936713,11926.72,51.47827338,7.39313187,172.52,20.10,0.00,13.83,0,-225.00,-225.00,0.00,0.00,63.00,0.00,0,101
497.06,1551936713,11926.74,51.47827338,7.39313187,172.52,20.10,0.00,13.83,0,-225.00,-225.00,0.00,0.00,63.00,0.00,0,323
497.07,1551936713,11926.76,51.47827338,7.39313187,172.52,20.10,0.00,13.83,0,-225.00,-225.00,0.00,0.00,63.00,0.00,0,450
498.06,1551936714,11946.74,51.47845459,7.39323870,172.98,20.08,0.00,22.40,0,-91.00,-7.00,0.00,0.00,41.00,0.00,0,392
498.06,1551936714,11946.76,51.47845459,7.39323870,172.98,20.08,0.00,22.40,0,-225.00,-225.00,0.00,0.00,63.00,0.00,0,101
498.06,1551936714,11946.78,51.47845459,7.39323870,172.98,20.08,0.00,22.40,0,-225.00,-225.00,0.00,0.00,63.00,0.00,0,450
498.06,1551936714,11946.78,51.47845459,7.39323870,172.98,20.08,0.00,22.40,0,-225.00,-225.00,0.00,0.00,63.00,0.00,0,323
499.06,1551936715,11966.83,51.47859850,7.39337142,173.38,19.93,0.00,29.41,0,-91.00,-7.00,0.00,0.00,41.00,0.00,0,392
499.06,1551936715,11966.85,51.47859850,7.39337142,173.38,19.93,0.00,29.41,0,-225.00,-225.00,0.00,0.00,63.00,0.00,0,101
499.06,1551936715,11966.85,51.47859850,7.39337142,173.38,19.93,0.00,29.41,0,-225.00,-225.00,0.00,0.00,63.00,0.00,0,450
499.06,1551936715,11966.87,51.47859850,7.39337142,173.38,19.93,0.00,29.41,0,-225.00,-225.00,0.00,0.00,63.00,0.00,0,323
526.06,1551936742,12375.77,51.48122307,7.39605222,183.72,16.58,0.00,60.17,0,-87.00,-11.00,0.00,0.00,49.00,0.00,0,52
527.06,1551936743,12392.34,51.48129682,7.39626109,183.72,16.28,0.00,59.79,0,-87.00,-11.00,0.00,0.00,49.00,0.00,0,52
528.06,1551936744,12408.59,51.48137117,7.39646500,183.96,15.80,0.00,59.65,0,-90.00,-11.00,0.00,0.00,47.00,0.00,0,431
528.06,1551936744,12408.60,51.48137117,7.39646500,183.96,15.80,0.00,59.65,0,-91.00,-11.00,0.00,0.00,46.00,0.00,0,163
529.06,1551936745,12424.38,51.48144390,7.39665678,184.24,15.39,0.00,59.17,0,-90.00,-11.00,0.00,0.00,47.00,0.00,0,431
529.06,1551936745,12424.40,51.48144390,7.39665678,184.24,15.39,0.00,59.17,0,-91.00,-11.00,0.00,0.00,46.00,0.00,0,163
530.06,1551936746,12439.78,51.48151348,7.39684043,184.43,15.10,0.00,58.76,0,-91.00,-12.00,0.00,0.00,46.00,0.00,0,163
530.06,1551936746,12439.80,51.48151348,7.39684043,184.43,15.10,0.00,58.76,0,-93.00,-14.00,0.00,0.00,46.00,0.00,0,52
530.06,1551936746,12439.80,51.48151348,7.39684043,184.43,15.10,0.00,58.76,0,-95.00,-16.00,0.00,0.00,46.00,0.00,0,431
531.06,1551936747,12454.88,51.48158632,7.39702384,184.72,14.70,0.00,58.08,0,-91.00,-12.00,0.00,0.00,46.00,0.00,0,163
531.06,1551936747,12454.90,51.48158632,7.39702384,184.72,14.70,0.00,58.08,0,-93.00,-14.00,0.00,0.00,46.00,0.00,0,52
531.06,1551936747,12454.91,51.48158632,7.39702384,184.72,14.70,0.00,58.08,0,-95.00,-16.00,0.00,0.00,46.00,0.00,0,431
532.06,1551936748,12469.56,51.48165640,7.39720183,184.96,14.33,0.00,57.38,0,-93.00,-11.00,0.00,0.00,43.00,0.00,0,52
532.06,1551936748,12469.58,51.48165640,7.39720183,184.96,14.33,0.00,57.38,0,-107.00,-13.00,0.00,0.00,33.00,0.00,0,448
533.06,1551936749,12483.89,51.48172680,7.39737121,185.16,13.88,0.00,56.82,0,-93.00,-11.00,0.00,0.00,43.00,0.00,0,52
533.06,1551936749,12483.91,51.48172680,7.39737121,185.16,13.88,0.00,56.82,0,-107.00,-13.00,0.00,0.00,33.00,0.00,0,448
534.06,1551936750,12497.77,51.48179352,7.39753177,185.20,13.51,0.00,55.87,0,-91.00,-11.00,0.00,0.00,46.00,0.00,0,52
535.06,1551936751,12511.29,51.48186147,7.39768326,185.15,13.08,0.00,54.89,0,-91.00,-11.00,0.00,0.00,46.00,0.00,0,52
536.06,1551936752,12524.40,51.48193435,7.39783343,185.20,12.70,0.00,53.71,0,-89.00,-11.00,0.00,0.00,48.00,0.00,0,52
537.06,1551936753,12537.10,51.48200345,7.39797309,185.25,12.22,0.00,52.57,0,-89.00,-11.00,0.00,0.00,48.00,0.00,0,52
538.06,1551936754,12549.28,51.48207459,7.39810595,185.23,11.39,0.00,51.34,0,-84.00,-10.00,0.00,0.00,55.00,0.00,0,52
538.06,1551936754,12549.29,51.48207459,7.39810595,185.23,11.39,0.00,51.34,0,-98.00,-11.00,0.00,0.00,40.00,0.00,0,448
539.06,1551936755,12560.67,51.48214049,7.39822249,185.33,10.44,0.00,50.00,0,-84.00,-10.00,0.00,0.00,55.00,0.00,0,52
539.06,1551936755,12560.68,51.48214049,7.39822249,185.33,10.44,0.00,50.00,0,-98.00,-11.00,0.00,0.00,40.00,0.00,0,448
540.06,1551936756,12571.11,51.48220006,7.39832424,185.35,9.48,0.00,48.06,0,-81.00,-8.00,0.00,0.00,53.00,0.00,0,52
540.06,1551936756,12571.12,51.48220006,7.39832424,185.35,9.48,0.00,48.06,0,-94.00,-10.00,0.00,0.00,43.00,0.00,0,448
541.06,1551936757,12580.59,51.48225602,7.39840986,185.35,8.11,0.00,45.96,0,-81.00,-8.00,0.00,0.00,53.00,0.00,0,52
541.06,1551936757,12580.59,51.48225602,7.39840986,185.35,8.11,0.00,45.96,0,-94.00,-10.00,0.00,0.00,43.00,0.00,0,448
542.07,1551936758,12588.75,51.48229571,7.39846929,185.40,5.66,0.00,44.94,0,-86.00,-8.00,0.00,0.00,48.00,0.00,0,52
542.07,1551936758,12588.75,51.48229571,7.39846929,185.40,5.66,0.00,44.94,0,-97.00,-10.00,0.00,0.00,40.00,0.00,0,448
543.06,1551936759,12594.37,51.48232023,7.39850603,185.41,3.69,0.00,44.15,0,-86.00,-8.00,0.00,0.00,48.00,0.00,0,52
543.06,1551936759,12594.37,51.48232023,7.39850603,185.41,3.69,0.00,44.15,0,-97.00,-10.00,0.00,0.00,40.00,0.00,0,448
544.06,1551936760,12598.06,51.48234630,7.39853746,185.43,2.58,0.00,43.54,0,-86.00,-8.00,0.00,0.00,48.00,0.00,0,52
544.06,1551936760,12598.06,51.48234630,7.39853746,185.43,2.58,0.00,43.54,0,-97.00,-10.00,0.00,0.00,40.00,0.00,0,448
545.06,1551936761,12600.64,51.48236777,7.39856285,185.46,1.71,0.00,42.83,0,-85.00,-8.00,0.00,0.00,48.00,0.00,0,52
545.06,1551936761,12600.64,51.48236777,7.39856285,185.46,1.71,0.00,42.83,0,-100.00,-11.00,0.00,0.00,39.00,0.00,0,448
546.06,1551936762,12602.35,51.48237927,7.39857330,185.50,0.71,0.00,42.83,0,-85.00,-8.00,0.00,0.00,48.00,0.00,0,52
546.06,1551936762,12602.35,51.48237927,7.39857330,185.50,0.71,0.00,42.83,0,-100.00,-11.00,0.00,0.00,39.00,0.00,0,448
547.06,1551936763,12603.06,51.48237927,7.39857330,185.51,0.00,0.00,42.83,0,-89.00,-8.00,0.00,0.00,45.00,0.00,0,52
547.06,1551936763,12603.06,51.48237927,7.39857330,185.51,0.00,0.00,42.83,0,-101.00,-10.00,0.00,0.00,36.00,0.00,0,448
548.06,1551936764,12603.06,51.48237927,7.39857330,185.51,0.00,0.00,42.83,0,-89.00,-8.00,0.00,0.00,45.00,0.00,0,52
548.06,1551936764,12603.06,51.48237927,7.39857330,185.51,0.00,0.00,42.83,0,-101.00,-10.00,0.00,0.00,36.00,0.00,0,448
549.06,1551936765,12603.06,51.48237927,7.39857330,185.52,0.00,0.00,42.83,0,-87.00,-8.00,0.00,0.00,47.00,0.00,0,52
549.06,1551936765,12603.06,51.48237927,7.39857330,185.52,0.00,0.00,42.83,0,-97.00,-9.00,0.00,0.00,43.00,0.00,0,448
550.06,1551936766,12603.06,51.48237927,7.39857330,185.53,0.00,0.00,42.83,0,-87.00,-8.00,0.00,0.00,47.00,0.00,0,52
550.06,1551936766,12603.06,51.48237927,7.39857330,185.53,0.00,0.00,42.83,0,-97.00,-9.00,0.00,0.00,43.00,0.00,0,448
551.06,1551936767,12603.06,51.48237927,7.39857330,185.53,0.00,0.00,42.83,0,-88.00,-10.00,0.00,0.00,48.00,0.00,0,52
551.06,1551936767,12603.06,51.48237927,7.39857330,185.53,0.00,0.00,42.83,0,-98.00,-9.00,0.00,0.00,39.00,0.00,0,448
552.06,1551936768,12603.06,51.48237927,7.39857330,185.54,0.00,0.00,42.83,0,-88.00,-10.00,0.00,0.00,48.00,0.00,0,52
552.06,1551936768,12603.06,51.48237927,7.39857330,185.54,0.00,0.00,42.83,0,-98.00,-9.00,0.00,0.00,39.00,0.00,0,448
553.06,1551936769,12603.06,51.48237927,7.39857330,185.55,0.00,0.00,42.83,0,-87.00,-9.00,0.00,0.00,47.00,0.00,0,52
553.06,1551936769,12603.06,51.48237927,7.39857330,185.55,0.00,0.00,42.83,0,-98.00,-10.00,0.00,0.00,39.00,0.00,0,448
554.06,1551936770,12603.06,51.48237927,7.39857330,185.56,0.00,0.00,42.83,0,-87.00,-9.00,0.00,0.00,47.00,0.00,0,52
554.06,1551936770,12603.06,51.48237927,7.39857330,185.56,0.00,0.00,42.83,0,-98.00,-10.00,0.00,0.00,39.00,0.00,0,448
555.06,1551936771,12603.06,51.48237927,7.39857330,185.57,0.00,0.00,42.83,0,-86.00,-8.00,0.00,0.00,47.00,0.00,0,52
555.06,1551936771,12603.06,51.48237927,7.39857330,185.57,0.00,0.00,42.83,0,-99.00,-9.00,0.00,0.00,38.00,0.00,0,448
556.06,1551936772,12603.06,51.48237927,7.39857330,185.58,0.00,0.00,42.83,0,-86.00,-8.00,0.00,0.00,47.00,0.00,0,52
556.06,1551936772,12603.06,51.48237927,7.39857330,185.58,0.00,0.00,42.83,0,-99.00,-9.00,0.00,0.00,38.00,0.00,0,448
557.06,1551936773,12603.06,51.48237927,7.39857330,185.59,0.00,0.00,42.83,0,-89.00,-10.00,0.00,0.00,47.00,0.00,0,52
557.06,1551936773,12603.06,51.48237927,7.39857330,185.59,0.00,0.00,42.83,0,-99.00,-10.00,0.00,0.00,40.00,0.00,0,448
558.06,1551936774,12603.06,51.48237927,7.39857330,185.59,0.00,0.00,42.83,0,-89.00,-10.00,0.00,0.00,47.00,0.00,0,52
558.06,1551936774,12603.06,51.48237927,7.39857330,185.59,0.00,0.00,42.83,0,-99.00,-10.00,0.00,0.00,40.00,0.00,0,448
559.06,1551936775,12603.06,51.48237927,7.39857330,185.66,0.00,0.00,42.83,0,-90.00,-9.00,0.00,0.00,45.00,0.00,0,52
559.06,1551936775,12603.06,51.48237927,7.39857330,185.66,0.00,0.00,42.83,0,-98.00,-9.00,0.00,0.00,41.00,0.00,0,448
560.06,1551936776,12603.06,51.48237927,7.39857330,185.71,0.00,0.00,52.51,0,-90.00,-9.00,0.00,0.00,45.00,0.00,0,52
560.06,1551936776,12603.06,51.48237927,7.39857330,185.71,0.00,0.00,52.51,0,-98.00,-9.00,0.00,0.00,41.00,0.00,0,448
561.06,1551936777,12603.06,51.48242545,7.39863572,186.27,0.00,0.00,38.95,0,-89.00,-9.00,0.00,0.00,45.00,0.00,0,52
561.06,1551936777,12603.06,51.48242545,7.39863572,186.27,0.00,0.00,38.95,0,-102.00,-12.00,0.00,0.00,37.00,0.00,0,448
562.06,1551936778,12603.08,51.48247524,7.39869633,186.81,7.91,0.00,38.48,0,-89.00,-9.00,0.00,0.00,45.00,0.00,0,52
562.06,1551936778,12603.08,51.48247524,7.39869633,186.81,7.91,0.00,38.48,0,-102.00,-12.00,0.00,0.00,37.00,0.00,0,448
563.06,1551936779,12610.99,51.48253029,7.39876229,187.30,9.06,0.00,37.87,0,-86.00,-8.00,0.00,0.00,47.00,0.00,0,52
563.06,1551936779,12611.00,51.48253029,7.39876229,187.30,9.06,0.00,37.87,0,-99.00,-10.00,0.00,0.00,36.00,0.00,0,448
564.06,1551936780,12620.04,51.48260795,7.39885306,187.17,9.74,0.00,36.84,0,-86.00,-8.00,0.00,0.00,47.00,0.00,0,52
564.06,1551936780,12620.05,51.48260795,7.39885306,187.17,9.74,0.00,36.84,0,-99.00,-10.00,0.00,0.00,36.00,0.00,0,448
565.07,1551936781,12629.86,51.48268800,7.39894456,186.91,10.51,0.00,36.02,0,-86.00,-12.00,0.00,0.00,51.00,0.00,0,392
565.07,1551936781,12629.86,51.48268800,7.39894456,186.91,10.51,0.00,36.02,0,-94.00,-11.00,0.00,0.00,42.00,0.00,0,449
566.06,1551936782,12640.33,51.48276932,7.39903110,186.75,11.17,0.00,35.21,0,-86.00,-12.00,0.00,0.00,51.00,0.00,0,392
566.06,1551936782,12640.33,51.48276932,7.39903110,186.75,11.17,0.00,35.21,0,-94.00,-11.00,0.00,0.00,42.00,0.00,0,449
567.06,1551936783,12651.51,51.48285986,7.39912821,186.40,12.18,0.00,34.60,0,-86.00,-12.00,0.00,0.00,51.00,0.00,0,392
567.06,1551936783,12651.51,51.48285986,7.39912821,186.40,12.18,0.00,34.60,0,-94.00,-11.00,0.00,0.00,42.00,0.00,0,449
568.06,1551936784,12663.64,51.48295809,7.39923294,186.09,12.98,0.00,34.24,0,-85.00,-12.00,0.00,0.00,52.00,0.00,0,392
568.06,1551936784,12663.65,51.48295809,7.39923294,186.09,12.98,0.00,34.24,0,-97.00,-11.00,0.00,0.00,40.00,0.00,0,449
569.06,1551936785,12676.62,51.48305634,7.39933722,185.98,13.68,0.00,34.39,0,-85.00,-12.00,0.00,0.00,52.00,0.00,0,392
569.06,1551936785,12676.64,51.48305634,7.39933722,185.98,13.68,0.00,34.39,0,-97.00,-11.00,0.00,0.00,40.00,0.00,0,449
570.06,1551936786,12690.38,51.48315618,7.39943925,186.04,14.68,0.00,33.76,0,-94.00,-12.00,0.00,0.00,44.00,0.00,0,449
571.06,1551936787,12704.99,51.48326927,7.39955595,186.03,15.16,0.00,34.08,0,-94.00,-12.00,0.00,0.00,44.00,0.00,0,449
572.06,1551936788,12720.13,51.48338731,7.39967789,186.02,15.58,0.00,34.08,0,-95.00,-14.00,0.00,0.00,45.00,0.00,0,449
573.06,1551936789,12735.72,51.48350141,7.39979630,186.27,15.89,0.00,34.49,0,-95.00,-14.00,0.00,0.00,45.00,0.00,0,449
578.06,1551936794,12818.08,51.48410397,7.40050736,186.35,17.42,0.00,37.60,0,-100.00,-9.00,0.00,0.00,35.00,0.00,0,313
579.06,1551936795,12835.48,51.48422957,7.40066895,186.42,17.19,0.00,38.45,0,-100.00,-9.00,0.00,0.00,35.00,0.00,0,313
580.05,1551936796,12852.62,51.48434204,7.40082177,186.54,16.87,0.00,39.46,0,-100.00,-10.00,0.00,0.00,37.00,0.00,0,313
580.05,1551936796,12852.62,51.48434204,7.40082177,186.54,16.87,0.00,39.46,0,-101.00,-12.00,0.00,0.00,37.00,0.00,0,451
581.06,1551936797,12869.56,51.48445810,7.40098142,186.52,16.63,0.00,40.43,0,-100.00,-10.00,0.00,0.00,37.00,0.00,0,313
581.06,1551936797,12869.57,51.48445810,7.40098142,186.52,16.63,0.00,40.43,0,-101.00,-12.00,0.00,0.00,37.00,0.00,0,451
582.06,1551936798,12886.18,51.48456576,7.40113912,186.22,16.34,0.00,41.28,0,-99.00,-11.00,0.00,0.00,37.00,0.00,0,313
583.06,1551936799,12902.50,51.48468003,7.40130578,185.92,16.38,0.00,41.75,0,-99.00,-11.00,0.00,0.00,37.00,0.00,0,313
586.07,1551936802,12951.43,51.48499518,7.40177035,185.30,15.81,0.00,41.68,0,-98.00,-10.00,0.00,0.00,37.00,0.00,0,313
586.07,1551936802,12951.44,51.48499518,7.40177035,185.30,15.81,0.00,41.68,0,-101.00,-10.00,0.00,0.00,37.00,0.00,0,171
587.07,1551936803,12967.24,51.48509554,7.40192548,185.17,15.69,0.00,42.44,0,-98.00,-10.00,0.00,0.00,37.00,0.00,0,313
587.07,1551936803,12967.25,51.48509554,7.40192548,185.17,15.69,0.00,42.44,0,-101.00,-10.00,0.00,0.00,37.00,0.00,0,171
588.06,1551936804,12982.81,51.48519018,7.40208179,184.96,15.34,0.00,44.10,0,-98.00,-10.00,0.00,0.00,37.00,0.00,0,313
588.06,1551936804,12982.83,51.48519018,7.40208179,184.96,15.34,0.00,44.10,0,-101.00,-10.00,0.00,0.00,37.00,0.00,0,171
589.06,1551936805,12998.14,51.48528229,7.40224104,184.59,14.80,0.00,45.49,0,-99.00,-11.00,0.00,0.00,39.00,0.00,0,171
590.06,1551936806,13012.93,51.48536580,7.40239156,184.10,13.11,0.00,46.72,0,-99.00,-11.00,0.00,0.00,39.00,0.00,0,171
599.06,1551936815,13097.70,51.48592356,7.40250798,181.98,10.43,0.00,320.99,0,-100.00,-9.00,0.00,0.00,37.00,0.00,0,451
600.06,1551936816,13108.11,51.48600742,7.40240848,182.26,11.32,0.00,322.65,0,-100.00,-9.00,0.00,0.00,37.00,0.00,0,451
601.06,1551936817,13119.45,51.48610823,7.40229716,182.58,12.57,0.00,324.62,0,-95.00,-9.00,0.00,0.00,41.00,0.00,0,451
602.06,1551936818,13132.02,51.48621721,7.40219092,182.81,13.00,0.00,326.87,0,-95.00,-9.00,0.00,0.00,41.00,0.00,0,451
603.06,1551936819,13145.03,51.48631110,7.40210568,183.19,12.85,0.00,328.96,0,-98.00,-10.00,0.00,0.00,38.00,0.00,0,451
603.06,1551936819,13145.04,51.48631110,7.40210568,183.19,12.85,0.00,328.96,0,-101.00,-11.00,0.00,0.00,37.00,0.00,0,313
604.06,1551936820,13157.88,51.48641841,7.40201518,183.43,12.97,0.00,331.33,0,-98.00,-10.00,0.00,0.00,38.00,0.00,0,451
604.06,1551936820,13157.89,51.48641841,7.40201518,183.43,12.97,0.00,331.33,0,-101.00,-11.00,0.00,0.00,37.00,0.00,0,313
605.06,1551936821,13170.83,51.48652626,7.40193657,183.41,13.06,0.00,333.87,0,-101.00,-11.00,0.00,0.00,36.00,0.00,0,451
605.06,1551936821,13170.84,51.48652626,7.40193657,183.41,13.06,0.00,333.87,0,-101.00,-11.00,0.00,0.00,36.00,0.00,0,313
606.06,1551936822,13183.91,51.48663480,7.40186894,183.49,13.14,0.00,336.53,0,-101.00,-11.00,0.00,0.00,36.00,0.00,0,451
606.06,1551936822,13183.92,51.48663480,7.40186894,183.49,13.14,0.00,336.53,0,-101.00,-11.00,0.00,0.00,36.00,0.00,0,313
607.07,1551936823,13197.19,51.48674455,7.40181467,183.62,13.21,0.00,339.36,0,-96.00,-7.00,0.00,0.00,37.00,0.00,0,313
607.07,1551936823,13197.20,51.48674455,7.40181467,183.62,13.21,0.00,339.36,0,-101.00,-11.00,0.00,0.00,36.00,0.00,0,451
608.06,1551936824,13210.29,51.48685519,7.40177016,183.66,13.28,0.00,341.97,0,-96.00,-7.00,0.00,0.00,37.00,0.00,0,313
608.06,1551936824,13210.31,51.48685519,7.40177016,183.66,13.28,0.00,341.97,0,-101.00,-11.00,0.00,0.00,36.00,0.00,0,451
609.06,1551936825,13223.53,51.48697043,7.40173125,183.62,13.21,0.00,344.49,0,-96.00,-7.00,0.00,0.00,37.00,0.00,0,313
609.06,1551936825,13223.55,51.48697043,7.40173125,183.62,13.21,0.00,344.49,0,-101.00,-11.00,0.00,0.00,36.00,0.00,0,451
610.06,1551936826,13236.77,51.48709204,7.40169806,183.88,13.11,0.00,347.17,0,-93.00,-13.00,0.00,0.00,45.00,0.00,0,13
610.06,1551936826,13236.77,51.48709204,7.40169806,183.88,13.11,0.00,347.17,0,-95.00,-13.00,0.00,0.00,44.00,0.00,0,398
610.06,1551936826,13236.78,51.48709204,7.40169806,183.88,13.11,0.00,347.17,0,-99.00,-17.00,0.00,0.00,45.00,0.00,0,436
610.06,1551936826,13236.80,51.48709204,7.40169806,183.88,13.11,0.00,347.17,0,-92.00,-8.00,0.00,0.00,41.00,0.00,0,313
610.06,1551936826,13236.80,51.48709204,7.40169806,183.88,13.11,0.00,347.17,0,-98.00,-10.00,0.00,0.00,40.00,0.00,0,451
611.06,1551936827,13249.88,51.48720979,7.40167834,183.87,12.95,0.00,349.77,0,-93.00,-13.00,0.00,0.00,45.00,0.00,0,13
611.06,1551936827,13249.89,51.48720979,7.40167834,183.87,12.95,0.00,349.77,0,-95.00,-13.00,0.00,0.00,44.00,0.00,0,398
611.06,1551936827,13249.89,51.48720979,7.40167834,183.87,12.95,0.00,349.77,0,-99.00,-17.00,0.00,0.00,45.00,0.00,0,436
611.06,1551936827,13249.91,51.48720979,7.40167834,183.87,12.95,0.00,349.77,0,-92.00,-8.00,0.00,0.00,41.00,0.00,0,313
611.06,1551936827,13249.92,51.48720979,7.40167834,183.87,12.95,0.00,349.77,0,-98.00,-10.00,0.00,0.00,40.00,0.00,0,451
612.06,1551936828,13262.80,51.48732161,7.40166765,183.54,13.02,0.00,352.30,0,-97.00,-11.00,0.00,0.00,39.00,0.00,0,13
612.06,1551936828,13262.81,51.48732161,7.40166765,183.54,13.02,0.00,352.30,0,-91.00,-7.00,0.00,0.00,44.00,0.00,0,313
612.06,1551936828,13262.83,51.48732161,7.40166765,183.54,13.02,0.00,352.30,0,-93.00,-9.00,0.00,0.00,44.00,0.00,0,451
613.06,1551936829,13275.83,51.48742990,7.40166558,182.79,13.07,0.00,354.63,0,-97.00,-11.00,0.00,0.00,39.00,0.00,0,13
613.06,1551936829,13275.83,51.48742990,7.40166558,182.79,13.07,0.00,354.63,0,-91.00,-7.00,0.00,0.00,44.00,0.00,0,313
613.06,1551936829,13275.84,51.48742990,7.40166558,182.79,13.07,0.00,354.63,0,-93.00,-9.00,0.00,0.00,44.00,0.00,0,451
614.06,1551936830,13288.91,51.48754551,7.40166863,181.92,12.87,0.00,356.45,0,-97.00,-13.00,0.00,0.00,42.00,0.00,0,398
614.06,1551936830,13288.91,51.48754551,7.40166863,181.92,12.87,0.00,356.45,0,-98.00,-15.00,0.00,0.00,43.00,0.00,0,13
614.06,1551936830,13288.93,51.48754551,7.40166863,181.92,12.87,0.00,356.45,0,-101.00,-18.00,0.00,0.00,43.00,0.00,0,72
614.06,1551936830,13288.94,51.48754551,7.40166863,181.92,12.87,0.00,356.45,0,-87.00,-7.00,0.00,0.00,47.00,0.00,0,313
615.06,1551936831,13301.77,51.48766583,7.40167520,181.51,12.88,0.00,357.58,0,-97.00,-13.00,0.00,0.00,42.00,0.00,0,398
615.06,1551936831,13301.78,51.48766583,7.40167520,181.51,12.88,0.00,357.58,0,-98.00,-15.00,0.00,0.00,43.00,0.00,0,13
615.06,1551936831,13301.78,51.48766583,7.40167520,181.51,12.88,0.00,357.58,0,-101.00,-18.00,0.00,0.00,43.00,0.00,0,72
615.06,1551936831,13301.80,51.48766583,7.40167520,181.51,12.88,0.00,357.58,0,-87.00,-7.00,0.00,0.00,47.00,0.00,0,313
616.06,1551936832,13314.65,51.48778792,7.40168311,181.22,13.17,0.00,358.67,0,-97.00,-14.00,0.00,0.00,43.00,0.00,0,398
616.06,1551936832,13314.66,51.48778792,7.40168311,181.22,13.17,0.00,358.67,0,-91.00,-9.00,0.00,0.00,44.00,0.00,0,451
616.06,1551936832,13314.68,51.48778792,7.40168311,181.22,13.17,0.00,358.67,0,-91.00,-8.00,0.00,0.00,44.00,0.00,0,313
617.06,1551936833,13327.84,51.48790493,7.40169132,180.68,13.07,0.00,359.67,0,-97.00,-14.00,0.00,0.00,43.00,0.00,0,398
617.06,1551936833,13327.84,51.48790493,7.40169132,180.68,13.07,0.00,359.67,0,-91.00,-9.00,0.00,0.00,44.00,0.00,0,451
617.06,1551936833,13327.86,51.48790493,7.40169132,180.68,13.07,0.00,359.67,0,-91.00,-8.00,0.00,0.00,44.00,0.00,0,313
618.06,1551936834,13340.94,51.48801977,7.40170374,179.97,13.04,0.00,0.26,0,-100.00,-12.00,0.00,0.00,38.00,0.00,0,436
618.06,1551936834,13340.94,51.48801977,7.40170374,179.97,13.04,0.00,0.26,0,-90.00,-7.00,0.00,0.00,43.00,0.00,0,451
618.06,1551936834,13340.96,51.48801977,7.40170374,179.97,13.04,0.00,0.26,0,-96.00,-10.00,0.00,0.00,42.00,0.00,0,313
619.08,1551936835,13354.14,51.48814039,7.40171355,179.44,13.14,0.00,0.38,0,-100.00,-12.00,0.00,0.00,38.00,0.00,0,436
619.08,1551936835,13354.15,51.48814039,7.40171355,179.44,13.14,0.00,0.38,0,-90.00,-7.00,0.00,0.00,43.00,0.00,0,451
619.08,1551936835,13354.15,51.48814039,7.40171355,179.44,13.14,0.00,0.38,0,-96.00,-10.00,0.00,0.00,42.00,0.00,0,313
620.06,1551936836,13367.09,51.48825865,7.40172132,178.80,13.14,0.00,0.12,0,-102.00,-14.00,0.00,0.00,40.00,0.00,0,38
620.06,1551936836,13367.11,51.48825865,7.40172132,178.80,13.14,0.00,0.12,0,-104.00,-15.00,0.00,0.00,36.00,0.00,0,55
620.06,1551936836,13367.12,51.48825865,7.40172132,178.80,13.14,0.00,0.12,0,-105.00,-20.00,0.00,0.00,40.00,0.00,0,351
620.06,1551936836,13367.13,51.48825865,7.40172132,178.80,13.14,0.00,0.12,0,-84.00,-6.00,0.00,0.00,48.00,0.00,0,451
621.06,1551936837,13380.20,51.48837509,7.40172597,177.86,13.56,0.00,359.56,0,-102.00,-14.00,0.00,0.00,40.00,0.00,0,38
621.06,1551936837,13380.22,51.48837509,7.40172597,177.86,13.56,0.00,359.56,0,-104.00,-15.00,0.00,0.00,36.00,0.00,0,55
621.06,1551936837,13380.23,51.48837509,7.40172597,177.86,13.56,0.00,359.56,0,-105.00,-20.00,0.00,0.00,40.00,0.00,0,351
621.06,1551936837,13380.23,51.48837509,7.40172597,177.86,13.56,0.00,359.56,0,-84.00,-6.00,0.00,0.00,48.00,0.00,0,451
622.06,1551936838,13393.77,51.48849546,7.40173096,176.97,13.82,0.00,359.11,0,-104.00,-15.00,0.00,0.00,36.00,0.00,0,436
622.06,1551936838,13393.78,51.48849546,7.40173096,176.97,13.82,0.00,359.11,0,-104.00,-14.00,0.00,0.00,35.00,0.00,0,316
622.06,1551936838,13393.79,51.48849546,7.40173096,176.97,13.82,0.00,359.11,0,-105.00,-16.00,0.00,0.00,37.00,0.00,0,38
622.06,1551936838,13393.81,51.48849546,7.40173096,176.97,13.82,0.00,359.11,0,-85.00,-5.00,0.00,0.00,47.00,0.00,0,451
623.06,1551936839,13407.58,51.48862033,7.40173122,176.35,13.95,0.00,358.92,0,-104.00,-15.00,0.00,0.00,36.00,0.00,0,436
623.06,1551936839,13407.60,51.48862033,7.40173122,176.35,13.95,0.00,358.92,0,-104.00,-14.00,0.00,0.00,35.00,0.00,0,316
623.06,1551936839,13407.60,51.48862033,7.40173122,176.35,13.95,0.00,358.92,0,-105.00,-16.00,0.00,0.00,37.00,0.00,0,38
623.06,1551936839,13407.61,51.48862033,7.40173122,176.35,13.95,0.00,358.92,0,-85.00,-5.00,0.00,0.00,47.00,0.00,0,451
624.06,1551936840,13421.54,51.48874453,7.40173216,176.00,13.62,0.00,359.85,0,-104.00,-13.00,0.00,0.00,35.00,0.00,0,316
624.06,1551936840,13421.55,51.48874453,7.40173216,176.00,13.62,0.00,359.85,0,-105.00,-16.00,0.00,0.00,36.00,0.00,0,436
624.06,1551936840,13421.55,51.48874453,7.40173216,176.00,13.62,0.00,359.85,0,-106.00,-16.00,0.00,0.00,35.00,0.00,0,34
624.06,1551936840,13421.56,51.48874453,7.40173216,176.00,13.62,0.00,359.85,0,-82.00,-5.00,0.00,0.00,50.00,0.00,0,451
625.06,1551936841,13435.15,51.48887120,7.40173436,175.66,13.66,0.00,359.98,0,-104.00,-13.00,0.00,0.00,35.00,0.00,0,316
625.06,1551936841,13435.17,51.48887120,7.40173436,175.66,13.66,0.00,359.98,0,-105.00,-16.00,0.00,0.00,36.00,0.00,0,436
625.06,1551936841,13435.18,51.48887120,7.40173436,175.66,13.66,0.00,359.98,0,-106.00,-16.00,0.00,0.00,35.00,0.00,0,34
625.06,1551936841,13435.18,51.48887120,7.40173436,175.66,13.66,0.00,359.98,0,-82.00,-5.00,0.00,0.00,50.00,0.00,0,451
626.06,1551936842,13448.82,51.48899321,7.40173839,175.13,13.14,0.00,0.02,0,-105.00,-11.00,0.00,0.00,32.00,0.00,0,16
626.06,1551936842,13448.83,51.48899321,7.40173839,175.13,13.14,0.00,0.02,0,-106.00,-13.00,0.00,0.00,32.00,0.00,0,436
626.06,1551936842,13448.83,51.48899321,7.40173839,175.13,13.14,0.00,0.02,0,-108.00,-14.00,0.00,0.00,32.00,0.00,0,316
626.06,1551936842,13448.85,51.48899321,7.40173839,175.13,13.14,0.00,0.02,0,-87.00,-7.00,0.00,0.00,47.00,0.00,0,451
626.06,1551936842,13448.86,51.48899321,7.40173839,175.13,13.14,0.00,0.02,0,-92.00,-14.00,0.00,0.00,47.00,0.00,0,450
627.06,1551936843,13462.00,51.48910110,7.40174194,174.50,11.96,0.00,0.21,0,-105.00,-11.00,0.00,0.00,32.00,0.00,0,16
627.06,1551936843,13462.00,51.48910110,7.40174194,174.50,11.96,0.00,0.21,0,-106.00,-13.00,0.00,0.00,32.00,0.00,0,436
627.06,1551936843,13462.01,51.48910110,7.40174194,174.50,11.96,0.00,0.21,0,-108.00,-14.00,0.00,0.00,32.00,0.00,0,316
627.07,1551936843,13462.02,51.48910110,7.40174194,174.50,11.96,0.00,0.21,0,-87.00,-7.00,0.00,0.00,47.00,0.00,0,451
627.07,1551936843,13462.02,51.48910110,7.40174194,174.50,11.96,0.00,0.21,0,-92.00,-14.00,0.00,0.00,47.00,0.00,0,450
628.07,1551936844,13474.05,51.48920131,7.40174490,174.09,10.44,0.00,0.22,0,-92.00,-7.00,0.00,0.00,40.00,0.00,0,436
628.07,1551936844,13474.06,51.48920131,7.40174490,174.09,10.44,0.00,0.22,0,-93.00,-6.00,0.00,0.00,39.00,0.00,0,16
628.07,1551936844,13474.07,51.48920131,7.40174490,174.09,10.44,0.00,0.22,0,-88.00,-9.00,0.00,0.00,49.00,0.00,0,451
628.07,1551936844,13474.07,51.48920131,7.40174490,174.09,10.44,0.00,0.22,0,-89.00,-13.00,0.00,0.00,49.00,0.00,0,450
629.06,1551936845,13484.36,51.48926691,7.40174887,173.70,7.06,0.00,0.62,0,-92.00,-7.00,0.00,0.00,40.00,0.00,0,436
629.06,1551936845,13484.36,51.48926691,7.40174887,173.70,7.06,0.00,0.62,0,-93.00,-6.00,0.00,0.00,39.00,0.00,0,16
629.06,1551936845,13484.37,51.48926691,7.40174887,173.70,7.06,0.00,0.62,0,-88.00,-9.00,0.00,0.00,49.00,0.00,0,451
629.06,1551936845,13484.37,51.48926691,7.40174887,173.70,7.06,0.00,0.62,0,-89.00,-13.00,0.00,0.00,49.00,0.00,0,450
630.06,1551936846,13491.43,51.48932557,7.40177795,173.62,6.63,0.00,21.75,0,-92.00,-7.00,0.00,0.00,40.00,0.00,0,436
630.06,1551936846,13491.43,51.48932557,7.40177795,173.62,6.63,0.00,21.75,0,-93.00,-6.00,0.00,0.00,39.00,0.00,0,16
630.06,1551936846,13491.43,51.48932557,7.40177795,173.62,6.63,0.00,21.75,0,-88.00,-9.00,0.00,0.00,49.00,0.00,0,451
630.06,1551936846,13491.44,51.48932557,7.40177795,173.62,6.63,0.00,21.75,0,-89.00,-13.00,0.00,0.00,49.00,0.00,0,450
631.06,1551936847,13498.07,51.48937306,7.40186458,173.16,6.47,0.00,61.97,0,-97.00,-9.00,0.00,0.00,37.00,0.00,0,16
631.06,1551936847,13498.07,51.48937306,7.40186458,173.16,6.47,0.00,61.97,0,-100.00,-12.00,0.00,0.00,37.00,0.00,0,351
631.06,1551936847,13498.07,51.48937306,7.40186458,173.16,6.47,0.00,61.97,0,-85.00,-12.00,0.00,0.00,54.00,0.00,0,450
631.06,1551936847,13498.08,51.48937306,7.40186458,173.16,6.47,0.00,61.97,0,-86.00,-12.00,0.00,0.00,54.00,0.00,0,451
631.06,1551936847,13498.08,51.48937306,7.40186458,173.16,6.47,0.00,61.97,0,-225.00,-225.00,0.00,0.00,63.00,0.00,0,149
631.07,1551936847,13498.09,51.48937306,7.40186458,173.16,6.47,0.00,61.97,0,0.00,0.00,0.00,0.00,63.00,0.00,0,181
631.07,1551936847,13498.09,51.48937306,7.40186458,173.16,6.47,0.00,61.97,0,0.00,0.00,0.00,0.00,63.00,0.00,0,130
632.06,1551936848,13504.54,51.48939541,7.40195918,173.13,7.72,0.00,79.17,0,-97.00,-9.00,0.00,0.00,37.00,0.00,0,16
632.06,1551936848,13504.55,51.48939541,7.40195918,173.13,7.72,0.00,79.17,0,-100.00,-12.00,0.00,0.00,37.00,0.00,0,351
632.06,1551936848,13504.55,51.48939541,7.40195918,173.13,7.72,0.00,79.17,0,-85.00,-12.00,0.00,0.00,54.00,0.00,0,450
632.06,1551936848,13504.56,51.48939541,7.40195918,173.13,7.72,0.00,79.17,0,-86.00,-12.00,0.00,0.00,54.00,0.00,0,451
632.07,1551936848,13504.56,51.48939541,7.40195918,173.13,7.72,0.00,79.17,0,-225.00,-225.00,0.00,0.00,63.00,0.00,0,149
632.07,1551936848,13504.56,51.48939541,7.40195918,173.13,7.72,0.00,79.17,0,0.00,0.00,0.00,0.00,63.00,0.00,0,181
632.07,1551936848,13504.57,51.48939541,7.40195918,173.13,7.72,0.00,79.17,0,0.00,0.00,0.00,0.00,63.00,0.00,0,130
633.06,1551936849,13512.22,51.48940676,7.40207503,173.22,9.14,0.00,82.74,0,-83.00,-13.00,0.00,0.00,56.00,0.00,0,451
634.06,1551936850,13521.37,51.48941152,7.40221881,173.48,9.91,0.00,85.56,0,-83.00,-13.00,0.00,0.00,56.00,0.00,0,451
635.06,1551936851,13531.28,51.48941416,7.40236561,173.99,11.06,0.00,87.22,0,-90.00,-12.00,0.00,0.00,48.00,0.00,0,451
636.06,1551936852,13542.34,51.48941344,7.40251899,174.70,11.29,0.00,88.46,0,-90.00,-12.00,0.00,0.00,48.00,0.00,0,451
637.06,1551936853,13553.63,51.48941268,7.40268276,175.49,11.44,0.00,89.32,0,-91.00,-13.00,0.00,0.00,48.00,0.00,0,451
638.06,1551936854,13565.14,51.48941225,7.40286420,175.94,11.64,0.00,89.79,0,-91.00,-13.00,0.00,0.00,48.00,0.00,0,451
639.06,1551936855,13576.69,51.48941081,7.40303996,176.56,12.17,0.00,90.14,0,-89.00,-15.00,0.00,0.00,52.00,0.00,0,451
640.06,1551936856,13588.89,51.48940634,7.40321609,177.37,12.74,0.00,90.99,0,-89.00,-15.00,0.00,0.00,52.00,0.00,0,451
641.06,1551936857,13601.63,51.48940335,7.40340256,177.87,13.35,0.00,91.24,0,-89.00,-14.00,0.00,0.00,51.00,0.00,0,451
642.06,1551936858,13614.97,51.48939670,7.40360319,178.41,13.56,0.00,90.99,0,-89.00,-14.00,0.00,0.00,51.00,0.00,0,451
652.06,1551936868,13748.06,51.48938003,7.40550460,178.33,12.44,0.00,86.85,0,-75.00,-14.00,0.00,0.00,63.00,0.00,0,452
653.06,1551936869,13760.49,51.48939174,7.40568900,178.56,12.39,0.00,84.88,0,-75.00,-14.00,0.00,0.00,63.00,0.00,0,452
654.06,1551936870,13772.90,51.48940524,7.40587153,178.67,12.87,0.00,85.56,0,-78.00,-14.00,0.00,0.00,63.00,0.00,0,452
654.06,1551936870,13772.91,51.48940524,7.40587153,178.67,12.87,0.00,85.56,0,-81.00,-17.00,0.00,0.00,63.00,0.00,0,171
655.06,1551936871,13785.76,51.48941978,7.40604372,178.70,12.33,0.00,83.24,0,-78.00,-14.00,0.00,0.00,63.00,0.00,0,452
655.06,1551936871,13785.77,51.48941978,7.40604372,178.70,12.33,0.00,83.24,0,-81.00,-17.00,0.00,0.00,63.00,0.00,0,171
656.06,1551936872,13798.09,51.48944003,7.40619130,179.59,12.29,0.00,81.05,0,-79.00,-14.00,0.00,0.00,61.00,0.00,0,171
656.06,1551936872,13798.09,51.48944003,7.40619130,179.59,12.29,0.00,81.05,0,-80.00,-15.00,0.00,0.00,61.00,0.00,0,452
657.06,1551936873,13810.37,51.48946092,7.40637044,180.55,12.28,0.00,80.34,0,-79.00,-14.00,0.00,0.00,61.00,0.00,0,171
657.06,1551936873,13810.39,51.48946092,7.40637044,180.55,12.28,0.00,80.34,0,-80.00,-15.00,0.00,0.00,61.00,0.00,0,452
658.07,1551936874,13822.75,51.48948741,7.40655648,181.20,12.25,0.00,79.83,0,-76.00,-18.00,0.00,0.00,63.00,0.00,0,171
658.07,1551936874,13822.75,51.48948741,7.40655648,181.20,12.25,0.00,79.83,0,-76.00,-17.00,0.00,0.00,63.00,0.00,0,452
659.06,1551936875,13834.88,51.48951051,7.40673479,181.40,12.46,0.00,79.18,0,-76.00,-18.00,0.00,0.00,63.00,0.00,0,171
659.06,1551936875,13834.89,51.48951051,7.40673479,181.40,12.46,0.00,79.18,0,-76.00,-17.00,0.00,0.00,63.00,0.00,0,452
662.06,1551936878,13872.51,51.48957906,7.40727512,179.19,12.68,0.00,78.11,0,-79.00,-14.00,0.00,0.00,61.00,0.00,0,171
662.06,1551936878,13872.51,51.48957906,7.40727512,179.19,12.68,0.00,78.11,0,-80.00,-15.00,0.00,0.00,61.00,0.00,0,452
663.06,1551936879,13885.18,51.48960141,7.40745018,178.34,12.65,0.00,78.01,0,-79.00,-14.00,0.00,0.00,61.00,0.00,0,171
663.06,1551936879,13885.20,51.48960141,7.40745018,178.34,12.65,0.00,78.01,0,-80.00,-15.00,0.00,0.00,61.00,0.00,0,452
664.06,1551936880,13897.83,51.48962362,7.40762630,177.47,12.71,0.00,78.32,0,-73.00,-10.00,0.00,0.00,63.00,0.00,0,171
665.06,1551936881,13910.55,51.48964624,7.40780050,176.55,12.69,0.00,77.87,0,-73.00,-10.00,0.00,0.00,63.00,0.00,0,171
