10.81,1551936227,133.51,51.44872867,7.48838226,251.10,15.59,1.29,187.53,1,-98.00,-6.00,13.00,8.00,34.00,13.00,12918809,429,0,0.500002,6.51468,54
21.62,1551936238,290.43,51.44734872,7.48787582,257.02,13.43,-2.32,182.48,1,-97.00,-6.00,11.00,14.00,35.00,13.00,12918809,429,1,0.550002,9.97736,38
31.60,1551936248,431.35,51.44612061,7.48850269,260.64,14.87,0.54,150.57,1,-90.00,-6.00,21.00,12.00,42.00,13.00,12918809,429,2,0.500002,9.7324,39
41.60,1551936258,583.70,51.44519465,7.49023058,267.62,15.08,0.18,127.36,1,-99.00,-7.00,10.00,11.00,33.00,13.00,12918809,429,3,0.500002,9.28078,39
51.58,1551936268,705.61,51.44461716,7.49159488,273.75,3.02,-3.90,127.02,1,-103.00,-7.00,13.00,9.00,30.00,13.00,12918809,429,4,0.500002,10,37
61.91,1551936278,712.34,51.44460574,7.49162021,273.93,0.00,0.00,129.56,1,-102.00,-6.00,14.00,10.00,31.00,13.00,12918809,429,5,0.500002,5.68184,57
72.64,1551936289,715.72,51.44446993,7.49170883,275.62,6.84,1.79,184.70,1,-101.00,-8.00,10.00,10.00,32.00,13.00,12918809,429,6,0.550002,9.40175,37
82.59,1551936299,824.79,51.44359151,7.49073179,274.70,15.30,0.61,216.48,1,-81.00,-6.00,25.00,15.00,49.00,13.00,12918809,429,7,0.500002,9.82805,37
92.77,1551936309,982.90,51.44246696,7.48938369,276.96,15.77,0.29,217.45,1,-82.00,-7.00,16.00,13.00,52.00,13.00,12918809,429,8,0.500002,6.98083,42
102.69,1551936319,1134.92,51.44145398,7.48783464,278.93,16.11,0.16,230.67,1,-79.00,-10.00,6.00,14.00,57.00,2.00,12918810,429,9,0.500002,7.98406,45
113.67,1551936330,1307.60,51.44052012,7.48584449,283.17,15.43,0.44,232.89,1,-75.00,-5.00,18.00,11.00,57.00,2.00,12918810,431,10,0.550002,9.18584,39
123.61,1551936340,1456.05,51.43970925,7.48410183,286.18,14.67,-0.32,232.73,1,-78.00,-6.00,30.00,15.00,53.00,3.00,12918811,430,11,0.500002,9.85225,47
133.79,1551936350,1611.40,51.43894688,7.48220003,289.20,15.20,-0.17,240.51,1,-84.00,-5.00,34.00,15.00,47.00,3.00,12918811,430,12,0.500002,7.2464,44
144.30,1551936360,1768.78,51.43823531,7.48011195,290.37,15.36,-0.61,240.48,1,-103.00,-7.00,26.00,8.00,29.00,3.00,12918811,430,13,0.500002,3.78789,50
154.91,1551936371,1922.90,51.43759274,7.47824430,291.09,15.01,1.00,238.33,1,-111.00,-12.00,0.00,6.00,26.00,3.00,12918811,430,14,0.500002,2.39235,58
164.10,1551936380,2059.23,51.43713607,7.47649735,291.85,12.14,0.00,268.03,1,-111.00,-11.00,-4.00,6.00,25.00,3.00,12918811,430,15,0.500002,4.57668,59
174.62,1551936391,2179.44,51.43797132,7.47718884,286.59,17.65,1.80,53.75,1,-87.00,-5.00,25.00,15.00,43.00,3.00,12918811,430,16,0.550002,10.3774,37
184.59,1551936401,2390.66,51.43911560,7.47984332,288.29,24.58,-0.24,55.51,1,-92.00,-6.00,22.00,12.00,40.00,3.00,12918811,430,17,0.500002,10.101,37
195.64,1551936412,2663.11,51.44067335,7.48273387,284.75,24.46,-0.81,41.19,1,-87.00,-6.00,23.00,15.00,45.00,3.00,12918811,430,18,0.550002,9.84344,37
205.60,1551936422,2909.17,51.44250296,7.48467153,276.27,24.92,0.39,26.05,1,-74.00,-6.00,19.00,15.00,57.00,3.00,12918811,430,19,0.500002,9.9256,37
215.57,1551936432,3141.14,51.44434877,7.48596118,270.62,16.37,-2.15,23.60,1,-68.00,-6.00,26.00,15.00,63.00,2.00,12918809,429,20,0.500002,10.6383,37
225.59,1551936442,3290.30,51.44429713,7.48753452,265.40,14.70,0.76,163.09,1,-79.00,-6.00,33.00,15.00,50.00,2.00,12918809,429,21,0.500002,10.2828,47
235.59,1551936452,3443.04,51.44371846,7.48585736,267.84,17.93,1.47,267.19,1,-77.00,-6.00,30.00,15.00,52.00,2.00,12918809,429,22,0.500002,10.101,45
245.80,1551936462,3656.28,51.44366989,7.48272455,270.24,25.39,1.34,267.18,1,-81.00,-8.00,19.00,8.00,53.00,2.00,12918809,429,23,0.500002,6.58981,38
255.56,1551936472,3932.25,51.44345038,7.47859510,263.19,31.62,1.43,263.34,1,-88.00,-5.00,17.00,12.00,43.00,7.00,12918811,430,24,0.500002,10.101,31
265.67,1551936482,4240.77,51.44302789,7.47431822,255.95,28.67,0.30,257.82,1,-83.00,-6.00,25.00,15.00,48.00,7.00,12918811,430,25,0.500002,7.92082,36
276.36,1551936492,4563.18,51.44238083,7.46956748,247.72,32.00,-0.06,257.73,1,-111.00,-9.00,4.00,8.00,24.00,13.00,12935194,397,26,0.500002,4.10679,53
287.36,1551936503,4920.18,51.44182066,7.46446048,235.50,33.76,1.08,262.24,1,-96.00,-10.00,-3.00,6.00,39.00,12.00,12935170,448,27,0.500002,2.01309,44
295.97,1551936512,5206.59,51.44159468,7.46066384,231.98,32.30,-0.24,266.46,1,-98.00,-12.00,-1.00,7.00,38.00,12.00,12935170,448,28,0.500002,5.19483,37
305.80,1551936522,5525.24,51.44153737,7.45597684,230.54,33.32,-0.45,270.23,1,-88.00,-11.00,-1.00,6.00,47.00,13.00,14301697,54,29,0.500002,6.74539,56
316.61,1551936533,5881.28,51.44178698,7.45080785,229.12,31.55,-0.35,277.55,1,-82.00,-5.00,18.00,11.00,44.00,13.00,14301697,54,30,0.550002,10.0457,41
326.56,1551936543,6202.12,51.44227673,7.44619642,224.52,34.71,1.25,282.71,1,-71.00,-5.00,28.00,15.00,59.00,13.00,14301697,54,31,0.500002,10.1523,27
337.44,1551936553,6572.64,51.44316511,7.44100055,222.77,32.54,-1.34,287.31,1,-57.00,-4.00,28.00,11.00,63.00,13.00,14301697,54,32,0.500002,3.17462,32
346.61,1551936563,6868.17,51.44400181,7.43704230,215.69,33.74,0.79,290.80,1,-65.00,-5.00,32.00,15.00,63.00,1.00,14301699,56,33,0.500002,9.4563,45
356.63,1551936573,7211.22,51.44532536,7.43260881,204.12,33.47,-0.10,300.70,1,-81.00,-6.00,21.00,11.00,49.00,1.00,14301699,56,34,0.500002,8.86921,36
366.67,1551936583,7548.53,51.44717183,7.42876189,191.28,33.59,-0.36,314.17,1,-89.00,-6.00,11.00,8.00,41.00,1.00,14301699,56,35,0.500002,8.0972,37
377.64,1551936594,7921.67,51.44990096,7.42553186,176.89,34.25,0.18,330.11,1,-95.00,-6.00,12.00,9.00,35.00,18.00,13806082,70,36,0.550002,9.24373,33
387.71,1551936604,8277.01,51.45283775,7.42362136,166.33,35.70,-0.38,343.09,1,-88.00,-9.00,6.00,9.00,46.00,19.00,12897027,230,37,0.500002,7.36651,33
397.63,1551936614,8625.01,51.45583154,7.42220612,155.66,34.82,-0.20,341.82,1,-71.00,-6.00,32.00,10.00,61.00,10.00,13806082,70,38,0.500002,8.84959,37
408.09,1551936624,8992.73,51.45873569,7.42018789,150.33,35.28,0.00,331.62,1,-85.00,-10.00,14.00,6.00,50.00,10.00,13806082,70,39,0.500002,4.32434,37
417.63,1551936634,9332.89,51.46139568,7.41735924,149.02,36.18,0.44,322.06,1,-72.00,-6.00,11.00,11.00,59.00,7.00,13806081,69,40,0.500002,8.75277,37
427.66,1551936644,9696.44,51.46375010,7.41372898,151.92,36.70,0.13,311.26,1,-78.00,-5.00,25.00,11.00,53.00,7.00,13806081,69,41,0.500002,8.23048,40
438.08,1551936654,10079.72,51.46583368,7.40961566,153.02,36.89,0.00,307.88,1,-95.00,-11.00,4.00,7.00,40.00,7.00,13806081,69,42,0.500002,4.33371,37
449.00,1551936665,10474.72,51.46808381,7.40517488,157.31,35.91,0.13,311.28,1,-87.00,-9.00,0.00,4.00,47.00,30.00,13884419,386,43,0.500002,2.36408,152
457.98,1551936674,10791.31,51.47004214,7.40189715,159.82,34.52,-0.14,315.46,1,-104.00,-14.00,-6.00,5.00,35.00,34.00,13884419,69,44,0.500002,5.13481,38
469.77,1551936686,11179.19,51.47263869,7.39807581,164.54,31.05,-0.05,319.75,1,-102.00,-11.00,0.00,6.00,34.00,40.00,13507073,57,45,0.500002,4.05681,528
478.19,1551936694,11433.69,51.47431253,7.39590865,166.75,29.68,0.00,323.75,1,-106.00,-12.00,-4.00,5.00,31.00,61.00,14301699,56,46,0.500002,4.8485,41
489.76,1551936706,11772.19,51.47701348,7.39342020,170.23,24.76,-2.52,336.76,1,-105.00,-18.00,-7.00,3.00,38.00,37.00,13565441,431,47,0.500002,2.53647,469
499.72,1551936716,11980.05,51.47875570,7.39353033,173.83,19.70,-0.35,34.88,1,-102.00,-19.00,-10.00,2.00,42.00,37.00,13565441,431,48,0.500002,6.47252,43
507.66,1551936724,12104.61,51.47977319,7.39361785,178.24,14.60,0.23,338.96,1,-78.00,-6.00,19.00,13.00,53.00,11.00,13884163,392,49,0.500002,8.29879,33
517.66,1551936734,12230.43,51.48059214,7.39433790,183.21,16.24,1.99,57.20,1,-85.00,-7.00,15.00,11.00,48.00,11.00,13884163,392,50,0.500002,8.63934,37
527.84,1551936744,12405.10,51.48137117,7.39646500,183.96,15.80,-0.61,59.65,1,-82.00,-8.00,13.00,10.00,50.00,11.00,13884163,392,51,0.500002,6.24027,44
537.88,1551936754,12547.06,51.48207459,7.39810595,185.23,11.39,-1.01,51.34,1,-89.00,-11.00,7.00,7.00,48.00,11.00,13884163,392,52,0.500002,5.76371,37
547.71,1551936764,12603.06,51.48237927,7.39857330,185.51,0.00,0.00,42.83,1,-87.00,-9.00,5.00,11.00,45.00,11.00,13884163,392,53,0.500002,7.53299,33
558.06,1551936774,12603.06,51.48237927,7.39857330,185.59,0.00,0.00,42.83,1,-89.00,-11.00,5.00,9.00,47.00,11.00,13884163,392,54,0.500002,4.4643,37
567.81,1551936784,12660.64,51.48295809,7.39923294,186.09,12.98,1.07,34.24,1,-82.00,-7.00,6.00,9.00,50.00,7.00,13884162,52,55,0.500002,6.30917,31
577.86,1551936794,12814.71,51.48410397,7.40050736,186.35,17.42,0.41,37.60,1,-73.00,-5.00,18.00,11.00,56.00,7.00,13884162,52,56,0.500002,6.00603,46
587.95,1551936804,12981.07,51.48519018,7.40208179,184.96,15.34,-0.39,44.10,1,-86.00,-6.00,7.00,8.00,45.00,7.00,13884162,52,57,0.500002,5.45705,57
598.03,1551936814,13087.89,51.48585551,7.40259862,181.92,9.56,0.56,320.20,1,-82.00,-5.00,19.00,12.00,47.00,7.00,13884162,52,58,0.500002,4.9322,52
609.36,1551936825,13227.52,51.48709204,7.40169806,183.88,13.11,-0.34,347.17,1,-90.00,-9.00,18.00,7.00,44.00,7.00,13884162,52,59,0.550002,3.75108,32
620.25,1551936836,13369.59,51.48825865,7.40172132,178.80,13.14,0.00,0.12,1,-91.00,-8.00,7.00,7.00,43.00,7.00,13884162,52,60,0.500002,2.55919,253
630.26,1551936846,13492.75,51.48932557,7.40177795,173.62,6.63,0.00,21.75,1,-108.00,-15.00,-5.00,4.00,32.00,7.00,13884162,52,61,0.500002,5.30506,452
639.01,1551936855,13576.12,51.48941081,7.40303996,176.56,12.17,0.56,90.14,1,-84.00,-11.00,13.00,8.00,52.00,3.00,13828121,450,62,0.500002,5.16131,47
648.98,1551936865,13708.82,51.48936855,7.40494537,177.93,12.99,-0.31,90.48,1,-78.00,-11.00,20.00,12.00,60.00,3.00,13828121,450,63,0.500002,5.33335,55
659.11,1551936875,13835.49,51.48951051,7.40673479,181.40,12.46,0.00,79.18,1,-76.00,-12.00,10.00,12.00,62.00,3.00,13828121,450,64,0.500002,4.62965,57
668.89,1551936885,13959.87,51.48974651,7.40852352,174.60,13.04,0.03,77.91,1,-75.00,-7.00,3.00,6.00,57.00,6.00,13821978,171,65,0.500002,5.85654,55
678.99,1551936895,14088.99,51.49000770,7.41030253,169.30,11.95,-0.10,78.24,1,-77.00,-6.00,10.00,4.00,54.00,6.00,13821978,171,66,0.500002,5.12166,58
