0.11,1551936220,0.07,51.45129840,7.49245850,248.63,10.68,0.00,165.32,0,-97.00,-9.00,0.00,0.00,43.00,0.00,0,67
1.05,1551936221,10.05,51.44984656,7.48840200,248.93,10.83,0.00,167.42,0,-98.00,-9.00,0.00,0.00,42.00,0.00,0,67
2.05,1551936222,20.88,51.44974761,7.48842847,249.08,11.75,0.00,169.63,0,-98.00,-9.00,0.00,0.00,42.00,0.00,0,67
3.05,1551936223,32.62,51.44963715,7.48844993,249.34,12.31,0.00,171.55,0,-98.00,-8.00,0.00,0.00,41.00,0.00,0,67
4.05,1551936224,44.93,51.44952371,7.48846163,249.67,12.87,0.00,173.88,0,-98.00,-8.00,0.00,0.00,41.00,0.00,0,67
5.05,1551936225,57.80,51.44940240,7.48846660,250.22,13.36,0.00,176.00,0,-100.00,-9.00,0.00,0.00,41.00,0.00,0,67
6.05,1551936226,71.18,51.44927505,7.48846935,250.73,13.87,0.00,177.94,0,-100.00,-9.00,0.00,0.00,41.00,0.00,0,67
7.05,1551936227,85.08,51.44915116,7.48846069,251.00,14.25,0.00,179.84,0,-104.00,-11.00,0.00,0.00,39.00,0.00,0,67
7.05,1551936227,85.08,51.44915116,7.48846069,251.00,14.25,0.00,179.84,0,-102.00,-9.00,0.00,0.00,35.00,0.00,0,157
8.05,1551936228,99.31,51.44902376,7.48844763,251.17,14.19,0.00,182.30,0,-104.00,-11.00,0.00,0.00,39.00,0.00,0,67
8.05,1551936228,99.32,51.44902376,7.48844763,251.17,14.19,0.00,182.30,0,-102.00,-9.00,0.00,0.00,35.00,0.00,0,157
9.05,1551936229,113.50,51.44889680,7.48842045,251.85,14.45,0.00,185.31,0,-104.00,-11.00,0.00,0.00,39.00,0.00,0,67
9.05,1551936229,113.51,51.44889680,7.48842045,251.85,14.45,0.00,185.31,0,-102.00,-9.00,0.00,0.00,35.00,0.00,0,157
10.05,1551936230,127.98,51.44876025,7.48837872,252.42,15.09,0.00,187.77,0,-104.00,-11.00,0.00,0.00,38.00,0.00,0,67
10.05,1551936230,127.98,51.44876025,7.48837872,252.42,15.09,0.00,187.77,0,-109.00,-13.00,0.00,0.00,35.00,0.00,0,125
10.05,1551936230,128.00,51.44876025,7.48837872,252.42,15.09,0.00,187.77,0,-103.00,-10.00,0.00,0.00,35.00,0.00,0,157
10.05,1551936230,128.01,51.44876025,7.48837872,252.42,15.09,0.00,187.77,0,-105.00,-10.00,0.00,0.00,34.00,0.00,0,451
11.05,1551936231,143.09,51.44862509,7.48832805,253.11,14.37,0.00,189.86,0,-104.00,-11.00,0.00,0.00,38.00,0.00,0,67
11.05,1551936231,143.10,51.44862509,7.48832805,253.11,14.37,0.00,189.86,0,-109.00,-13.00,0.00,0.00,35.00,0.00,0,125
11.05,1551936231,143.10,51.44862509,7.48832805,253.11,14.37,0.00,189.86,0,-103.00,-10.00,0.00,0.00,35.00,0.00,0,157
11.05,1551936231,143.11,51.44862509,7.48832805,253.11,14.37,0.00,189.86,0,-105.00,-10.00,0.00,0.00,34.00,0.00,0,451
12.05,1551936232,157.45,51.44849879,7.48827476,253.51,14.26,0.00,191.71,0,-106.00,-12.00,0.00,0.00,38.00,0.00,0,67
12.05,1551936232,157.47,51.44849879,7.48827476,253.51,14.26,0.00,191.71,0,-107.00,-14.00,0.00,0.00,38.00,0.00,0,195
12.05,1551936232,157.47,51.44849879,7.48827476,253.51,14.26,0.00,191.71,0,-108.00,-15.00,0.00,0.00,39.00,0.00,0,125
12.05,1551936232,157.48,51.44849879,7.48827476,253.51,14.26,0.00,191.71,0,-105.00,-11.00,0.00,0.00,34.00,0.00,0,157
12.05,1551936232,157.50,51.44849879,7.48827476,253.51,14.26,0.00,191.71,0,-106.00,-10.00,0.00,0.00,33.00,0.00,0,451
13.05,1551936233,171.70,51.44837199,7.48822136,253.87,14.64,0.00,192.32,0,-106.00,-12.00,0.00,0.00,38.00,0.00,0,67
13.05,1551936233,171.71,51.44837199,7.48822136,253.87,14.64,0.00,192.32,0,-107.00,-14.00,0.00,0.00,38.00,0.00,0,195
13.05,1551936233,171.73,51.44837199,7.48822136,253.87,14.64,0.00,192.32,0,-108.00,-15.00,0.00,0.00,39.00,0.00,0,125
13.05,1551936233,171.74,51.44837199,7.48822136,253.87,14.64,0.00,192.32,0,-105.00,-11.00,0.00,0.00,34.00,0.00,0,157
13.05,1551936233,171.74,51.44837199,7.48822136,253.87,14.64,0.00,192.32,0,-106.00,-10.00,0.00,0.00,33.00,0.00,0,451
14.05,1551936234,186.35,51.44823851,7.48816712,254.14,14.58,0.00,193.09,0,-107.00,-11.00,0.00,0.00,36.00,0.00,0,125
14.05,1551936234,186.36,51.44823851,7.48816712,254.14,14.58,0.00,193.09,0,-109.00,-13.00,0.00,0.00,35.00,0.00,0,195
14.05,1551936234,186.39,51.44823851,7.48816712,254.14,14.58,0.00,193.09,0,-110.00,-13.00,0.00,0.00,35.00,0.00,0,341
14.05,1551936234,186.41,51.44823851,7.48816712,254.14,14.58,0.00,193.09,0,-104.00,-9.00,0.00,0.00,34.00,0.00,0,451
14.06,1551936234,186.42,51.44823851,7.48816712,254.14,14.58,0.00,193.09,0,-107.00,-12.00,0.00,0.00,34.00,0.00,0,452
15.05,1551936235,200.92,51.44811801,7.48811040,254.06,14.72,0.00,192.95,0,-107.00,-11.00,0.00,0.00,36.00,0.00,0,125
15.05,1551936235,200.93,51.44811801,7.48811040,254.06,14.72,0.00,192.95,0,-109.00,-13.00,0.00,0.00,35.00,0.00,0,195
15.05,1551936235,200.95,51.44811801,7.48811040,254.06,14.72,0.00,192.95,0,-110.00,-13.00,0.00,0.00,35.00,0.00,0,341
15.05,1551936235,200.95,51.44811801,7.48811040,254.06,14.72,0.00,192.95,0,-104.00,-9.00,0.00,0.00,34.00,0.00,0,451
15.05,1551936235,200.96,51.44811801,7.48811040,254.06,14.72,0.00,192.95,0,-107.00,-12.00,0.00,0.00,34.00,0.00,0,452
16.05,1551936236,215.64,51.44799059,7.48805124,253.85,14.80,0.00,192.20,0,-111.00,-12.00,0.00,0.00,32.00,0.00,0,195
16.05,1551936236,215.66,51.44799059,7.48805124,253.85,14.80,0.00,192.20,0,-111.00,-12.00,0.00,0.00,32.00,0.00,0,66
16.05,1551936236,215.67,51.44799059,7.48805124,253.85,14.80,0.00,192.20,0,-112.00,-14.00,0.00,0.00,34.00,0.00,0,124
16.05,1551936236,215.68,51.44799059,7.48805124,253.85,14.80,0.00,192.20,0,-106.00,-11.00,0.00,0.00,33.00,0.00,0,452
16.05,1551936236,215.68,51.44799059,7.48805124,253.85,14.80,0.00,192.20,0,-110.00,-11.00,0.00,0.00,30.00,0.00,0,318
17.05,1551936237,230.44,51.44786321,7.48799666,254.18,13.76,0.00,191.71,0,-111.00,-12.00,0.00,0.00,32.00,0.00,0,195
17.05,1551936237,230.45,51.44786321,7.48799666,254.18,13.76,0.00,191.71,0,-111.00,-12.00,0.00,0.00,32.00,0.00,0,66
17.05,1551936237,230.47,51.44786321,7.48799666,254.18,13.76,0.00,191.71,0,-112.00,-14.00,0.00,0.00,34.00,0.00,0,124
17.05,1551936237,230.47,51.44786321,7.48799666,254.18,13.76,0.00,191.71,0,-106.00,-11.00,0.00,0.00,33.00,0.00,0,452
17.05,1551936237,230.48,51.44786321,7.48799666,254.18,13.76,0.00,191.71,0,-110.00,-11.00,0.00,0.00,30.00,0.00,0,318
18.05,1551936238,244.18,51.44774447,7.48795283,254.49,12.18,0.00,189.84,0,-110.00,-14.00,0.00,0.00,35.00,0.00,0,124
18.05,1551936238,244.19,51.44774447,7.48795283,254.49,12.18,0.00,189.84,0,-110.00,-12.00,0.00,0.00,34.00,0.00,0,195
18.05,1551936238,244.19,51.44774447,7.48795283,254.49,12.18,0.00,189.84,0,-106.00,-12.00,0.00,0.00,34.00,0.00,0,452
19.05,1551936239,256.36,51.44761554,7.48791731,254.87,12.67,0.00,188.86,0,-110.00,-14.00,0.00,0.00,35.00,0.00,0,124
19.05,1551936239,256.38,51.44761554,7.48791731,254.87,12.67,0.00,188.86,0,-110.00,-12.00,0.00,0.00,34.00,0.00,0,195
19.05,1551936239,256.39,51.44761554,7.48791731,254.87,12.67,0.00,188.86,0,-106.00,-12.00,0.00,0.00,34.00,0.00,0,452
20.05,1551936240,269.05,51.44512390,7.48065630,255.63,13.64,0.00,186.98,0,-108.00,-11.00,0.00,0.00,34.00,0.00,0,195
20.05,1551936240,269.06,51.44512390,7.48065630,255.63,13.64,0.00,186.98,0,-108.00,-10.00,0.00,0.00,33.00,0.00,0,341
20.05,1551936240,269.08,51.44512390,7.48065630,255.63,13.64,0.00,186.98,0,-109.00,-13.00,0.00,0.00,35.00,0.00,0,124
20.05,1551936240,269.09,51.44512390,7.48065630,255.63,13.64,0.00,186.98,0,-106.00,-11.00,0.00,0.00,34.00,0.00,0,452
20.05,1551936240,269.09,51.44512390,7.48065630,255.63,13.64,0.00,186.98,0,-108.00,-10.00,0.00,0.00,30.00,0.00,0,318
21.05,1551936241,282.69,51.44735789,7.48788176,256.37,13.58,0.00,184.76,0,-108.00,-11.00,0.00,0.00,34.00,0.00,0,195
21.05,1551936241,282.71,51.44735789,7.48788176,256.37,13.58,0.00,184.76,0,-108.00,-10.00,0.00,0.00,33.00,0.00,0,341
21.05,1551936241,282.72,51.44735789,7.48788176,256.37,13.58,0.00,184.76,0,-109.00,-13.00,0.00,0.00,35.00,0.00,0,124
21.05,1551936241,282.72,51.44735789,7.48788176,256.37,13.58,0.00,184.76,0,-106.00,-11.00,0.00,0.00,34.00,0.00,0,452
21.05,1551936241,282.73,51.44735789,7.48788176,256.37,13.58,0.00,184.76,0,-108.00,-10.00,0.00,0.00,30.00,0.00,0,318
22.05,1551936242,296.26,51.44722380,7.48787860,256.75,13.80,0.00,181.89,0,-107.00,-12.00,0.00,0.00,36.00,0.00,0,195
22.05,1551936242,296.27,51.44722380,7.48787860,256.75,13.80,0.00,181.89,0,-108.00,-14.00,0.00,0.00,37.00,0.00,0,124
22.05,1551936242,296.27,51.44722380,7.48787860,256.75,13.80,0.00,181.89,0,-103.00,-11.00,0.00,0.00,36.00,0.00,0,452
23.05,1551936243,310.06,51.44709347,7.48788765,257.20,13.77,0.00,178.93,0,-107.00,-12.00,0.00,0.00,36.00,0.00,0,195
23.05,1551936243,310.07,51.44709347,7.48788765,257.20,13.77,0.00,178.93,0,-108.00,-14.00,0.00,0.00,37.00,0.00,0,124
23.05,1551936243,310.09,51.44709347,7.48788765,257.20,13.77,0.00,178.93,0,-103.00,-11.00,0.00,0.00,36.00,0.00,0,452
24.05,1551936244,323.83,51.44695813,7.48791545,257.61,14.30,0.00,175.04,0,-110.00,-12.00,0.00,0.00,33.00,0.00,0,124
24.05,1551936244,323.85,51.44695813,7.48791545,257.61,14.30,0.00,175.04,0,-112.00,-12.00,0.00,0.00,31.00,0.00,0,195
24.05,1551936244,323.85,51.44695813,7.48791545,257.61,14.30,0.00,175.04,0,-109.00,-12.00,0.00,0.00,31.00,0.00,0,452
25.05,1551936245,338.14,51.44684160,7.48796242,258.24,14.44,0.00,171.01,0,-110.00,-12.00,0.00,0.00,33.00,0.00,0,124
25.05,1551936245,338.15,51.44684160,7.48796242,258.24,14.44,0.00,171.01,0,-112.00,-12.00,0.00,0.00,31.00,0.00,0,195
25.05,1551936245,338.16,51.44684160,7.48796242,258.24,14.44,0.00,171.01,0,-109.00,-12.00,0.00,0.00,31.00,0.00,0,452
26.05,1551936246,352.57,51.44671966,7.48801913,258.87,14.41,0.00,167.69,0,-111.00,-13.00,0.00,0.00,34.00,0.00,0,124
26.05,1551936246,352.57,51.44671966,7.48801913,258.87,14.41,0.00,167.69,0,-110.00,-13.00,0.00,0.00,31.00,0.00,0,452
27.05,1551936247,366.99,51.44659986,7.48808775,259.76,14.41,0.00,164.48,0,-111.00,-13.00,0.00,0.00,34.00,0.00,0,124
27.05,1551936247,366.99,51.44659986,7.48808775,259.76,14.41,0.00,164.48,0,-110.00,-13.00,0.00,0.00,31.00,0.00,0,452
28.06,1551936248,381.54,51.44648101,7.48817235,260.80,14.24,0.00,161.19,0,-102.00,-10.00,0.00,0.00,39.00,0.00,0,124
28.06,1551936248,381.54,51.44648101,7.48817235,260.80,14.24,0.00,161.19,0,-105.00,-10.00,0.00,0.00,37.00,0.00,0,66
28.06,1551936248,381.55,51.44648101,7.48817235,260.80,14.24,0.00,161.19,0,-106.00,-12.00,0.00,0.00,37.00,0.00,0,67
28.06,1551936248,381.57,51.44648101,7.48817235,260.80,14.24,0.00,161.19,0,-102.00,-9.00,0.00,0.00,36.00,0.00,0,452
28.06,1551936248,381.57,51.44648101,7.48817235,260.80,14.24,0.00,161.19,0,-104.00,-9.00,0.00,0.00,34.00,0.00,0,158
29.05,1551936249,395.66,51.44636432,7.48826989,261.76,14.60,0.00,157.69,0,-102.00,-10.00,0.00,0.00,39.00,0.00,0,124
29.05,1551936249,395.68,51.44636432,7.48826989,261.76,14.60,0.00,157.69,0,-105.00,-10.00,0.00,0.00,37.00,0.00,0,66
29.05,1551936249,395.68,51.44636432,7.48826989,261.76,14.60,0.00,157.69,0,-106.00,-12.00,0.00,0.00,37.00,0.00,0,67
29.05,1551936249,395.69,51.44636432,7.48826989,261.76,14.60,0.00,157.69,0,-102.00,-9.00,0.00,0.00,36.00,0.00,0,452
29.05,1551936249,395.71,51.44636432,7.48826989,261.76,14.60,0.00,157.69,0,-104.00,-9.00,0.00,0.00,34.00,0.00,0,158
30.05,1551936250,410.25,51.44624657,7.48838706,262.48,14.83,0.00,153.99,0,-102.00,-10.00,0.00,0.00,39.00,0.00,0,124
30.05,1551936250,410.27,51.44624657,7.48838706,262.48,14.83,0.00,153.99,0,-105.00,-10.00,0.00,0.00,37.00,0.00,0,66
30.05,1551936250,410.27,51.44624657,7.48838706,262.48,14.83,0.00,153.99,0,-106.00,-12.00,0.00,0.00,37.00,0.00,0,67
30.05,1551936250,410.28,51.44624657,7.48838706,262.48,14.83,0.00,153.99,0,-102.00,-9.00,0.00,0.00,36.00,0.00,0,452
30.05,1551936250,410.30,51.44624657,7.48838706,262.48,14.83,0.00,153.99,0,-104.00,-9.00,0.00,0.00,34.00,0.00,0,158
31.05,1551936251,425.08,51.44613468,7.48851464,263.38,14.87,0.00,150.63,0,-102.00,-11.00,0.00,0.00,41.00,0.00,0,66
31.05,1551936251,425.10,51.44613468,7.48851464,263.38,14.87,0.00,150.63,0,-104.00,-13.00,0.00,0.00,42.00,0.00,0,124
31.05,1551936251,425.11,51.44613468,7.48851464,263.38,14.87,0.00,150.63,0,-104.00,-12.00,0.00,0.00,40.00,0.00,0,67
31.05,1551936251,425.13,51.44613468,7.48851464,263.38,14.87,0.00,150.63,0,-102.00,-9.00,0.00,0.00,37.00,0.00,0,452
31.05,1551936251,425.13,51.44613468,7.48851464,263.38,14.87,0.00,150.63,0,-102.00,-8.00,0.00,0.00,35.00,0.00,0,158
32.05,1551936252,439.96,51.44602275,7.48865282,264.06,14.98,0.00,147.36,0,-102.00,-11.00,0.00,0.00,41.00,0.00,0,66
32.05,1551936252,439.97,51.44602275,7.48865282,264.06,14.98,0.00,147.36,0,-104.00,-13.00,0.00,0.00,42.00,0.00,0,124
32.05,1551936252,439.97,51.44602275,7.48865282,264.06,14.98,0.00,147.36,0,-104.00,-12.00,0.00,0.00,40.00,0.00,0,67
32.05,1551936252,439.99,51.44602275,7.48865282,264.06,14.98,0.00,147.36,0,-102.00,-9.00,0.00,0.00,37.00,0.00,0,452
32.05,1551936252,440.00,51.44602275,7.48865282,264.06,14.98,0.00,147.36,0,-102.00,-8.00,0.00,0.00,35.00,0.00,0,158
33.05,1551936253,454.95,51.44590730,7.48880816,264.64,15.39,0.00,143.98,0,-103.00,-11.00,0.00,0.00,41.00,0.00,0,124
33.05,1551936253,454.97,51.44590730,7.48880816,264.64,15.39,0.00,143.98,0,-103.00,-11.00,0.00,0.00,39.00,0.00,0,66
33.05,1551936253,454.98,51.44590730,7.48880816,264.64,15.39,0.00,143.98,0,-105.00,-12.00,0.00,0.00,38.00,0.00,0,67
33.05,1551936253,454.98,51.44590730,7.48880816,264.64,15.39,0.00,143.98,0,-101.00,-8.00,0.00,0.00,35.00,0.00,0,158
33.05,1551936253,455.00,51.44590730,7.48880816,264.64,15.39,0.00,143.98,0,-102.00,-9.00,0.00,0.00,36.00,0.00,0,452
34.05,1551936254,470.34,51.44579138,7.48898293,265.12,15.54,0.00,140.31,0,-103.00,-11.00,0.00,0.00,41.00,0.00,0,124
34.05,1551936254,470.34,51.44579138,7.48898293,265.12,15.54,0.00,140.31,0,-103.00,-11.00,0.00,0.00,39.00,0.00,0,66
34.05,1551936254,470.36,51.44579138,7.48898293,265.12,15.54,0.00,140.31,0,-105.00,-12.00,0.00,0.00,38.00,0.00,0,67
34.05,1551936254,470.38,51.44579138,7.48898293,265.12,15.54,0.00,140.31,0,-101.00,-8.00,0.00,0.00,35.00,0.00,0,158
34.05,1551936254,470.38,51.44579138,7.48898293,265.12,15.54,0.00,140.31,0,-102.00,-9.00,0.00,0.00,36.00,0.00,0,452
35.05,1551936255,485.88,51.44568910,7.48915701,265.83,15.37,0.00,137.26,0,-105.00,-11.00,0.00,0.00,37.00,0.00,0,66
35.05,1551936255,485.90,51.44568910,7.48915701,265.83,15.37,0.00,137.26,0,-105.00,-12.00,0.00,0.00,38.00,0.00,0,124
35.05,1551936255,485.90,51.44568910,7.48915701,265.83,15.37,0.00,137.26,0,-108.00,-14.00,0.00,0.00,39.00,0.00,0,67
35.05,1551936255,485.91,51.44568910,7.48915701,265.83,15.37,0.00,137.26,0,-103.00,-11.00,0.00,0.00,36.00,0.00,0,452
35.05,1551936255,485.93,51.44568910,7.48915701,265.83,15.37,0.00,137.26,0,-104.00,-10.00,0.00,0.00,35.00,0.00,0,158
36.05,1551936256,501.26,51.44560370,7.48933126,266.44,15.51,0.00,134.71,0,-105.00,-11.00,0.00,0.00,37.00,0.00,0,66
36.05,1551936256,501.27,51.44560370,7.48933126,266.44,15.51,0.00,134.71,0,-105.00,-12.00,0.00,0.00,38.00,0.00,0,124
36.05,1551936256,501.27,51.44560370,7.48933126,266.44,15.51,0.00,134.71,0,-108.00,-14.00,0.00,0.00,39.00,0.00,0,67
36.05,1551936256,501.29,51.44560370,7.48933126,266.44,15.51,0.00,134.71,0,-103.00,-11.00,0.00,0.00,36.00,0.00,0,452
36.05,1551936256,501.30,51.44560370,7.48933126,266.44,15.51,0.00,134.71,0,-104.00,-10.00,0.00,0.00,35.00,0.00,0,158
39.05,1551936259,547.18,51.44534926,7.48988058,268.57,15.26,0.00,129.45,0,-106.00,-12.00,0.00,0.00,38.00,0.00,0,124
39.05,1551936259,547.19,51.44534926,7.48988058,268.57,15.26,0.00,129.45,0,-108.00,-14.00,0.00,0.00,38.00,0.00,0,67
39.05,1551936259,547.21,51.44534926,7.48988058,268.57,15.26,0.00,129.45,0,-109.00,-13.00,0.00,0.00,36.00,0.00,0,125
39.05,1551936259,547.21,51.44534926,7.48988058,268.57,15.26,0.00,129.45,0,-107.00,-12.00,0.00,0.00,34.00,0.00,0,157
39.05,1551936259,547.22,51.44534926,7.48988058,268.57,15.26,0.00,129.45,0,-108.00,-10.00,0.00,0.00,31.00,0.00,0,452
40.05,1551936260,562.44,51.45129840,7.49245850,268.94,15.15,0.00,128.48,0,-106.00,-12.00,0.00,0.00,38.00,0.00,0,124
40.05,1551936260,562.45,51.45129840,7.49245850,268.94,15.15,0.00,128.48,0,-108.00,-14.00,0.00,0.00,38.00,0.00,0,67
40.05,1551936260,562.47,51.45129840,7.49245850,268.94,15.15,0.00,128.48,0,-109.00,-13.00,0.00,0.00,36.00,0.00,0,125
40.05,1551936260,562.47,51.45129840,7.49245850,268.94,15.15,0.00,128.48,0,-107.00,-12.00,0.00,0.00,34.00,0.00,0,157
40.05,1551936260,562.48,51.45129840,7.49245850,268.94,15.15,0.00,128.48,0,-108.00,-10.00,0.00,0.00,31.00,0.00,0,452
41.05,1551936261,577.59,51.44519820,7.49023090,269.31,15.11,0.00,127.92,0,-108.00,-12.00,0.00,0.00,36.00,0.00,0,124
41.05,1551936261,577.60,51.44519820,7.49023090,269.31,15.11,0.00,127.92,0,-111.00,-15.00,0.00,0.00,36.00,0.00,0,67
41.05,1551936261,577.60,51.44519820,7.49023090,269.31,15.11,0.00,127.92,0,-111.00,-16.00,0.00,0.00,36.00,0.00,0,125
41.05,1551936261,577.62,51.44519820,7.49023090,269.31,15.11,0.00,127.92,0,-104.00,-10.00,0.00,0.00,34.00,0.00,0,452
41.05,1551936261,577.63,51.44519820,7.49023090,269.31,15.11,0.00,127.92,0,-105.00,-12.00,0.00,0.00,36.00,0.00,0,157
42.05,1551936262,592.70,51.44512419,7.49040818,269.64,15.18,0.00,127.54,0,-108.00,-12.00,0.00,0.00,36.00,0.00,0,124
42.05,1551936262,592.71,51.44512419,7.49040818,269.64,15.18,0.00,127.54,0,-111.00,-15.00,0.00,0.00,36.00,0.00,0,67
42.05,1551936262,592.73,51.44512419,7.49040818,269.64,15.18,0.00,127.54,0,-111.00,-16.00,0.00,0.00,36.00,0.00,0,125
42.05,1551936262,592.73,51.44512419,7.49040818,269.64,15.18,0.00,127.54,0,-104.00,-10.00,0.00,0.00,34.00,0.00,0,452
42.05,1551936262,592.74,51.44512419,7.49040818,269.64,15.18,0.00,127.54,0,-105.00,-12.00,0.00,0.00,36.00,0.00,0,157
43.05,1551936263,607.88,51.44504800,7.49058807,269.98,14.83,0.00,127.99,0,-105.00,-9.00,0.00,0.00,35.00,0.00,0,124
43.05,1551936263,607.89,51.44504800,7.49058807,269.98,14.83,0.00,127.99,0,-103.00,-8.00,0.00,0.00,33.00,0.00,0,452
43.05,1551936263,607.91,51.44504800,7.49058807,269.98,14.83,0.00,127.99,0,-110.00,-14.00,0.00,0.00,33.00,0.00,0,451
44.05,1551936264,622.75,51.44496946,7.49077278,270.39,14.40,0.00,128.15,0,-105.00,-9.00,0.00,0.00,35.00,0.00,0,124
44.05,1551936264,622.76,51.44496946,7.49077278,270.39,14.40,0.00,128.15,0,-103.00,-8.00,0.00,0.00,33.00,0.00,0,452
44.05,1551936264,622.78,51.44496946,7.49077278,270.39,14.40,0.00,128.15,0,-110.00,-14.00,0.00,0.00,33.00,0.00,0,451
45.05,1551936265,637.10,51.44489290,7.49094365,270.91,13.70,0.00,127.73,0,-106.00,-8.00,0.00,0.00,34.00,0.00,0,124
45.05,1551936265,637.11,51.44489290,7.49094365,270.91,13.70,0.00,127.73,0,-104.00,-8.00,0.00,0.00,32.00,0.00,0,452
45.05,1551936265,637.11,51.44489290,7.49094365,270.91,13.70,0.00,127.73,0,-111.00,-15.00,0.00,0.00,32.00,0.00,0,451
46.05,1551936266,650.82,51.44483114,7.49109673,271.02,12.39,0.00,126.93,0,-106.00,-8.00,0.00,0.00,34.00,0.00,0,124
46.05,1551936266,650.82,51.44483114,7.49109673,271.02,12.39,0.00,126.93,0,-104.00,-8.00,0.00,0.00,32.00,0.00,0,452
46.05,1551936266,650.84,51.44483114,7.49109673,271.02,12.39,0.00,126.93,0,-111.00,-15.00,0.00,0.00,32.00,0.00,0,451
49.06,1551936269,682.86,51.44467608,7.49146425,271.59,6.93,0.00,128.22,0,-115.00,-12.00,0.00,0.00,28.00,0.00,0,66
49.06,1551936269,682.87,51.44467608,7.49146425,271.59,6.93,0.00,128.22,0,-116.00,-13.00,0.00,0.00,28.00,0.00,0,288
49.06,1551936269,682.87,51.44467608,7.49146425,271.59,6.93,0.00,128.22,0,-112.00,-10.00,0.00,0.00,27.00,0.00,0,158
49.06,1551936269,682.88,51.44467608,7.49146425,271.59,6.93,0.00,128.22,0,-114.00,-13.00,0.00,0.00,27.00,0.00,0,437
50.05,1551936270,689.73,51.44464770,7.49153699,272.26,5.11,0.00,127.80,0,-115.00,-12.00,0.00,0.00,28.00,0.00,0,66
50.05,1551936270,689.74,51.44464770,7.49153699,272.26,5.11,0.00,127.80,0,-116.00,-13.00,0.00,0.00,28.00,0.00,0,288
50.05,1551936270,689.74,51.44464770,7.49153699,272.26,5.11,0.00,127.80,0,-112.00,-10.00,0.00,0.00,27.00,0.00,0,158
50.05,1551936270,689.74,51.44464770,7.49153699,272.26,5.11,0.00,127.80,0,-114.00,-13.00,0.00,0.00,27.00,0.00,0,437
51.05,1551936271,694.84,51.44463339,7.49157938,272.31,3.03,0.00,127.18,0,-115.00,-12.00,0.00,0.00,28.00,0.00,0,66
51.05,1551936271,694.84,51.44463339,7.49157938,272.31,3.03,0.00,127.18,0,-116.00,-13.00,0.00,0.00,28.00,0.00,0,288
51.05,1551936271,694.84,51.44463339,7.49157938,272.31,3.03,0.00,127.18,0,-112.00,-10.00,0.00,0.00,27.00,0.00,0,158
51.05,1551936271,694.85,51.44463339,7.49157938,272.31,3.03,0.00,127.18,0,-114.00,-13.00,0.00,0.00,27.00,0.00,0,437
52.05,1551936272,697.86,51.44462132,7.49161764,272.37,1.12,0.00,127.18,0,-114.00,-11.00,0.00,0.00,29.00,0.00,0,66
53.05,1551936273,698.97,51.44462132,7.49161764,272.39,0.00,0.00,127.18,0,-114.00,-11.00,0.00,0.00,29.00,0.00,0,66
54.05,1551936274,698.97,51.44462132,7.49161764,272.40,0.00,0.00,127.18,0,-114.00,-12.00,0.00,0.00,29.00,0.00,0,66
55.05,1551936275,698.97,51.44462132,7.49161764,272.41,0.00,0.00,127.18,0,-114.00,-12.00,0.00,0.00,29.00,0.00,0,66
58.05,1551936278,698.97,51.44462132,7.49161764,272.43,0.00,0.00,127.18,0,-120.00,-12.00,0.00,0.00,23.00,0.00,0,66
58.05,1551936278,698.97,51.44462132,7.49161764,272.43,0.00,0.00,127.18,0,-121.00,-15.00,0.00,0.00,25.00,0.00,0,125
58.05,1551936278,698.97,51.44462132,7.49161764,272.43,0.00,0.00,127.18,0,-124.00,-13.00,0.00,0.00,21.00,0.00,0,341
58.05,1551936278,698.97,51.44462132,7.49161764,272.43,0.00,0.00,127.18,0,-128.00,-16.00,0.00,0.00,20.00,0.00,0,489
58.05,1551936278,698.97,51.44462132,7.49161764,272.43,0.00,0.00,127.18,0,-89.00,-8.00,0.00,0.00,47.00,0.00,0,487
59.05,1551936279,698.97,51.44462132,7.49161764,272.44,0.00,0.00,127.18,0,-120.00,-12.00,0.00,0.00,23.00,0.00,0,66
59.05,1551936279,698.97,51.44462132,7.49161764,272.44,0.00,0.00,127.18,0,-121.00,-15.00,0.00,0.00,25.00,0.00,0,125
59.05,1551936279,698.97,51.44462132,7.49161764,272.44,0.00,0.00,127.18,0,-124.00,-13.00,0.00,0.00,21.00,0.00,0,341
59.05,1551936279,698.97,51.44462132,7.49161764,272.44,0.00,0.00,127.18,0,-128.00,-16.00,0.00,0.00,20.00,0.00,0,489
59.05,1551936279,698.97,51.44462132,7.49161764,272.44,0.00,0.00,127.18,0,-89.00,-8.00,0.00,0.00,47.00,0.00,0,487
60.05,1551936280,698.97,51.44381030,7.49086060,272.45,0.00,0.00,127.18,0,-114.00,-11.00,0.00,0.00,29.00,0.00,0,66
60.05,1551936280,698.97,51.44381030,7.49086060,272.45,0.00,0.00,127.18,0,-124.00,-13.00,0.00,0.00,21.00,0.00,0,341
60.05,1551936280,698.97,51.44381030,7.49086060,272.45,0.00,0.00,127.18,0,-128.00,-17.00,0.00,0.00,21.00,0.00,0,361
60.05,1551936280,698.97,51.44381030,7.49086060,272.45,0.00,0.00,127.18,0,-128.00,-16.00,0.00,0.00,21.00,0.00,0,489
60.05,1551936280,698.97,51.44381030,7.49086060,272.45,0.00,0.00,127.18,0,-88.00,-6.00,0.00,0.00,47.00,0.00,0,487
60.05,1551936280,698.97,51.44381030,7.49086060,272.45,0.00,0.00,127.18,0,-89.00,-6.00,0.00,0.00,42.00,0.00,0,426
61.05,1551936281,698.97,51.44462132,7.49161764,272.46,0.00,0.00,127.18,0,-114.00,-11.00,0.00,0.00,29.00,0.00,0,66
61.05,1551936281,698.97,51.44462132,7.49161764,272.46,0.00,0.00,127.18,0,-124.00,-13.00,0.00,0.00,21.00,0.00,0,341
61.05,1551936281,698.97,51.44462132,7.49161764,272.46,0.00,0.00,127.18,0,-128.00,-17.00,0.00,0.00,21.00,0.00,0,361
61.05,1551936281,698.97,51.44462132,7.49161764,272.46,0.00,0.00,127.18,0,-128.00,-16.00,0.00,0.00,21.00,0.00,0,489
61.05,1551936281,698.97,51.44462132,7.49161764,272.46,0.00,0.00,127.18,0,-88.00,-6.00,0.00,0.00,47.00,0.00,0,487
61.05,1551936281,698.97,51.44462132,7.49161764,272.46,0.00,0.00,127.18,0,-89.00,-6.00,0.00,0.00,42.00,0.00,0,426
62.05,1551936282,698.97,51.44462132,7.49161764,272.47,0.00,0.00,127.18,0,-112.00,-11.00,0.00,0.00,27.00,0.00,0,158
62.05,1551936282,698.97,51.44462132,7.49161764,272.47,0.00,0.00,127.18,0,-124.00,-13.00,0.00,0.00,21.00,0.00,0,341
62.05,1551936282,698.97,51.44462132,7.49161764,272.47,0.00,0.00,127.18,0,-126.00,-15.00,0.00,0.00,21.00,0.00,0,475
62.05,1551936282,698.97,51.44462132,7.49161764,272.47,0.00,0.00,127.18,0,-128.00,-16.00,0.00,0.00,21.00,0.00,0,93
62.05,1551936282,698.97,51.44462132,7.49161764,272.47,0.00,0.00,127.18,0,-87.00,-6.00,0.00,0.00,48.00,0.00,0,487
62.05,1551936282,698.97,51.44462132,7.49161764,272.47,0.00,0.00,127.18,0,-88.00,-5.00,0.00,0.00,43.00,0.00,0,426
63.05,1551936283,698.97,51.44462132,7.49161764,272.48,0.00,0.00,127.18,0,-112.00,-11.00,0.00,0.00,27.00,0.00,0,158
63.05,1551936283,698.97,51.44462132,7.49161764,272.48,0.00,0.00,127.18,0,-124.00,-13.00,0.00,0.00,21.00,0.00,0,341
63.05,1551936283,698.97,51.44462132,7.49161764,272.48,0.00,0.00,127.18,0,-126.00,-15.00,0.00,0.00,21.00,0.00,0,475
63.05,1551936283,698.97,51.44462132,7.49161764,272.48,0.00,0.00,127.18,0,-128.00,-16.00,0.00,0.00,21.00,0.00,0,93
63.05,1551936283,698.97,51.44462132,7.49161764,272.48,0.00,0.00,127.18,0,-87.00,-6.00,0.00,0.00,48.00,0.00,0,487
63.05,1551936283,698.97,51.44462132,7.49161764,272.48,0.00,0.00,127.18,0,-88.00,-5.00,0.00,0.00,43.00,0.00,0,426
64.04,1551936284,698.97,51.44462132,7.49161764,272.49,0.00,0.00,127.18,0,-111.00,-10.00,0.00,0.00,27.00,0.00,0,158
64.04,1551936284,698.97,51.44462132,7.49161764,272.49,0.00,0.00,127.18,0,-124.00,-13.00,0.00,0.00,21.00,0.00,0,341
64.04,1551936284,698.97,51.44462132,7.49161764,272.49,0.00,0.00,127.18,0,-126.00,-15.00,0.00,0.00,21.00,0.00,0,475
64.05,1551936284,698.97,51.44462132,7.49161764,272.49,0.00,0.00,127.18,0,-128.00,-17.00,0.00,0.00,21.00,0.00,0,93
64.05,1551936284,698.97,51.44462132,7.49161764,272.49,0.00,0.00,127.18,0,-88.00,-6.00,0.00,0.00,48.00,0.00,0,487
64.05,1551936284,698.97,51.44462132,7.49161764,272.49,0.00,0.00,127.18,0,-89.00,-6.00,0.00,0.00,42.00,0.00,0,426
65.05,1551936285,698.97,51.44462132,7.49161764,272.50,0.00,0.00,127.18,0,-111.00,-10.00,0.00,0.00,27.00,0.00,0,158
65.05,1551936285,698.97,51.44462132,7.49161764,272.50,0.00,0.00,127.18,0,-124.00,-13.00,0.00,0.00,21.00,0.00,0,341
65.05,1551936285,698.97,51.44462132,7.49161764,272.50,0.00,0.00,127.18,0,-126.00,-15.00,0.00,0.00,21.00,0.00,0,475
65.06,1551936285,698.97,51.44462132,7.49161764,272.50,0.00,0.00,127.18,0,-128.00,-17.00,0.00,0.00,21.00,0.00,0,93
65.06,1551936285,698.97,51.44462132,7.49161764,272.50,0.00,0.00,127.18,0,-88.00,-6.00,0.00,0.00,48.00,0.00,0,487
65.06,1551936285,698.97,51.44462132,7.49161764,272.50,0.00,0.00,127.18,0,-89.00,-6.00,0.00,0.00,42.00,0.00,0,426
66.05,1551936286,698.97,51.44462132,7.49161764,272.50,0.00,0.00,127.18,0,-123.00,-12.00,0.00,0.00,21.00,0.00,0,341
66.05,1551936286,698.97,51.44462132,7.49161764,272.50,0.00,0.00,127.18,0,-127.00,-16.00,0.00,0.00,21.00,0.00,0,475
66.05,1551936286,698.97,51.44462132,7.49161764,272.50,0.00,0.00,127.18,0,-129.00,-17.00,0.00,0.00,21.00,0.00,0,489
66.05,1551936286,698.97,51.44462132,7.49161764,272.50,0.00,0.00,127.18,0,-89.00,-9.00,0.00,0.00,49.00,0.00,0,487
66.05,1551936286,698.97,51.44462132,7.49161764,272.50,0.00,0.00,127.18,0,-90.00,-5.00,0.00,0.00,41.00,0.00,0,426
67.05,1551936287,698.97,51.44462132,7.49161764,272.51,0.00,0.00,127.18,0,-123.00,-12.00,0.00,0.00,21.00,0.00,0,341
67.05,1551936287,698.97,51.44462132,7.49161764,272.51,0.00,0.00,127.18,0,-127.00,-16.00,0.00,0.00,21.00,0.00,0,475
67.05,1551936287,698.97,51.44462132,7.49161764,272.51,0.00,0.00,127.18,0,-129.00,-17.00,0.00,0.00,21.00,0.00,0,489
67.05,1551936287,698.97,51.44462132,7.49161764,272.51,0.00,0.00,127.18,0,-89.00,-9.00,0.00,0.00,49.00,0.00,0,487
67.05,1551936287,698.97,51.44462132,7.49161764,272.51,0.00,0.00,127.18,0,-90.00,-5.00,0.00,0.00,41.00,0.00,0,426
106.05,1551936326,1185.23,51.44106046,7.48712273,281.08,15.44,0.00,232.18,0,-67.00,-10.00,0.00,0.00,63.00,0.00,0,488
107.05,1551936327,1200.66,51.44097892,7.48693555,280.70,15.45,0.00,232.65,0,-67.00,-10.00,0.00,0.00,63.00,0.00,0,488
146.05,1551936366,1783.78,51.43811699,7.47975550,287.68,14.43,0.00,239.82,0,-103.00,-13.00,0.00,0.00,39.00,0.00,0,284
146.05,1551936366,1783.80,51.43811699,7.47975550,287.68,14.43,0.00,239.82,0,-103.00,-13.00,0.00,0.00,38.00,0.00,0,88
147.05,1551936367,1798.22,51.43805283,7.47957041,288.01,14.59,0.00,239.71,0,-103.00,-13.00,0.00,0.00,39.00,0.00,0,284
147.05,1551936367,1798.24,51.43805283,7.47957041,288.01,14.59,0.00,239.71,0,-103.00,-13.00,0.00,0.00,38.00,0.00,0,88
148.05,1551936368,1812.81,51.43798711,7.47938185,288.38,14.78,0.00,240.62,0,-101.00,-15.00,0.00,0.00,42.00,0.00,0,284
148.05,1551936368,1812.83,51.43798711,7.47938185,288.38,14.78,0.00,240.62,0,-102.00,-16.00,0.00,0.00,42.00,0.00,0,88
148.05,1551936368,1812.83,51.43798711,7.47938185,288.38,14.78,0.00,240.62,0,-104.00,-18.00,0.00,0.00,42.00,0.00,0,77
149.05,1551936369,1827.59,51.43791801,7.47918207,288.81,14.77,0.00,240.16,0,-101.00,-15.00,0.00,0.00,42.00,0.00,0,284
149.05,1551936369,1827.60,51.43791801,7.47918207,288.81,14.77,0.00,240.16,0,-102.00,-16.00,0.00,0.00,42.00,0.00,0,88
149.05,1551936369,1827.60,51.43791801,7.47918207,288.81,14.77,0.00,240.16,0,-104.00,-18.00,0.00,0.00,42.00,0.00,0,77
150.05,1551936370,1842.34,51.43785739,7.47900549,288.48,13.06,0.00,240.87,0,-100.00,-10.00,0.00,0.00,38.00,0.00,0,88
150.05,1551936370,1842.35,51.43785739,7.47900549,288.48,13.06,0.00,240.87,0,-102.00,-12.00,0.00,0.00,38.00,0.00,0,284
151.05,1551936371,1855.40,51.43779528,7.47882933,287.66,13.54,0.00,240.31,0,-100.00,-10.00,0.00,0.00,38.00,0.00,0,88
151.05,1551936371,1855.41,51.43779528,7.47882933,287.66,13.54,0.00,240.31,0,-102.00,-12.00,0.00,0.00,38.00,0.00,0,284
152.05,1551936372,1868.94,51.43773626,7.47863956,287.37,13.39,0.00,241.27,0,-97.00,-9.00,0.00,0.00,41.00,0.00,0,88
152.05,1551936372,1868.96,51.43773626,7.47863956,287.37,13.39,0.00,241.27,0,-102.00,-14.00,0.00,0.00,40.00,0.00,0,284
153.05,1551936373,1882.33,51.43768095,7.47846636,287.82,13.62,0.00,241.80,0,-97.00,-9.00,0.00,0.00,41.00,0.00,0,88
153.05,1551936373,1882.35,51.43768095,7.47846636,287.82,13.62,0.00,241.80,0,-102.00,-14.00,0.00,0.00,40.00,0.00,0,284
154.06,1551936374,1896.08,51.43762189,7.47827342,288.03,13.89,0.00,241.02,0,-100.00,-11.00,0.00,0.00,39.00,0.00,0,488
154.06,1551936374,1896.09,51.43762189,7.47827342,288.03,13.89,0.00,241.02,0,-104.00,-15.00,0.00,0.00,39.00,0.00,0,284
155.05,1551936375,1909.84,51.43755698,7.47807583,287.55,14.75,0.00,241.16,0,-100.00,-11.00,0.00,0.00,39.00,0.00,0,488
155.05,1551936375,1909.85,51.43755698,7.47807583,287.55,14.75,0.00,241.16,0,-104.00,-15.00,0.00,0.00,39.00,0.00,0,284
156.05,1551936376,1924.59,51.43749114,7.47788033,287.58,15.02,0.00,241.81,0,-100.00,-11.00,0.00,0.00,39.00,0.00,0,488
156.05,1551936376,1924.61,51.43749114,7.47788033,287.58,15.02,0.00,241.81,0,-104.00,-15.00,0.00,0.00,39.00,0.00,0,284
157.05,1551936377,1939.60,51.43743513,7.47769716,287.37,14.06,0.00,242.60,0,-102.00,-17.00,0.00,0.00,43.00,0.00,0,488
158.05,1551936378,1953.67,51.43737444,7.47750430,287.43,14.62,0.00,243.00,0,-102.00,-17.00,0.00,0.00,43.00,0.00,0,488
163.05,1551936383,2027.18,51.43717044,7.47648458,288.93,11.42,0.00,277.35,0,-99.00,-9.00,0.00,0.00,38.00,0.00,0,488
164.05,1551936384,2038.61,51.43720242,7.47635869,288.90,9.59,0.00,293.30,0,-99.00,-9.00,0.00,0.00,38.00,0.00,0,488
165.05,1551936385,2048.20,51.43724539,7.47621301,288.48,8.42,0.00,297.00,0,-96.00,-8.00,0.00,0.00,41.00,0.00,0,488
166.05,1551936386,2056.61,51.43733501,7.47614953,288.00,9.04,0.00,342.57,0,-96.00,-8.00,0.00,0.00,41.00,0.00,0,488
220.05,1551936440,3189.61,51.44977750,7.48528930,265.29,13.78,0.00,88.81,0,-79.00,-13.00,0.00,0.00,63.00,0.00,0,487
221.05,1551936441,3203.44,51.44470338,7.48700324,265.00,14.25,0.00,105.77,0,-79.00,-13.00,0.00,0.00,63.00,0.00,0,487
222.05,1551936442,3217.65,51.44464327,7.48718270,264.61,14.37,0.00,121.35,0,-79.00,-13.00,0.00,0.00,62.00,0.00,0,487
223.05,1551936443,3232.05,51.44454814,7.48735118,264.36,14.69,0.00,136.65,0,-79.00,-13.00,0.00,0.00,62.00,0.00,0,487
224.05,1551936444,3246.71,51.44444314,7.48745252,264.21,14.69,0.00,151.34,0,-72.00,-12.00,0.00,0.00,63.00,0.00,0,487
225.05,1551936445,3261.38,51.44430951,7.48753110,264.19,14.92,0.00,164.17,0,-72.00,-12.00,0.00,0.00,63.00,0.00,0,487
226.05,1551936446,3276.30,51.44416886,7.48754683,264.23,14.81,0.00,180.82,0,-64.00,-9.00,0.00,0.00,63.00,0.00,0,487
227.05,1551936447,3291.12,51.44405487,7.48749420,264.38,13.97,0.00,198.31,0,-64.00,-9.00,0.00,0.00,63.00,0.00,0,487
228.05,1551936448,3305.08,51.44395033,7.48738010,264.26,14.49,0.00,216.72,0,-64.00,-9.00,0.00,0.00,63.00,0.00,0,487
229.05,1551936449,3319.57,51.44384161,7.48725633,264.34,14.74,0.00,217.86,0,-64.00,-9.00,0.00,0.00,63.00,0.00,0,487
230.05,1551936450,3334.31,51.44378004,7.48705612,264.32,15.30,0.00,247.11,0,-68.00,-9.00,0.00,0.00,63.00,0.00,0,487
231.05,1551936451,3349.64,51.44374909,7.48683161,264.43,15.30,0.00,261.63,0,-68.00,-9.00,0.00,0.00,63.00,0.00,0,487
255.05,1551936475,3910.27,51.44344177,7.47860203,260.58,31.86,0.00,262.99,0,-79.00,-9.00,0.00,0.00,58.00,0.00,0,488
256.05,1551936476,3942.10,51.44340592,7.47814723,259.99,32.65,0.00,262.67,0,-79.00,-9.00,0.00,0.00,58.00,0.00,0,488
257.05,1551936477,3974.75,51.44337015,7.47769320,259.29,32.17,0.00,262.27,0,-85.00,-10.00,0.00,0.00,54.00,0.00,0,488
258.05,1551936478,4006.95,51.44332882,7.47723973,258.39,31.34,0.00,261.96,0,-85.00,-10.00,0.00,0.00,54.00,0.00,0,488
259.05,1551936479,4038.51,51.44328734,7.47679280,257.53,30.46,0.00,261.85,0,-84.00,-7.00,0.00,0.00,51.00,0.00,0,488
260.05,1551936480,4068.73,51.44809670,7.48061260,256.67,29.75,0.00,261.37,0,-84.00,-7.00,0.00,0.00,51.00,0.00,0,488
261.05,1551936481,4098.57,51.44320706,7.47594223,255.91,29.11,0.00,261.05,0,-84.00,-7.00,0.00,0.00,51.00,0.00,0,488
262.05,1551936482,4127.62,51.44316368,7.47552514,255.21,28.69,0.00,260.72,0,-78.00,-8.00,0.00,0.00,59.00,0.00,0,488
263.05,1551936483,4156.29,51.44312231,7.47512460,254.34,28.46,0.00,260.31,0,-78.00,-8.00,0.00,0.00,59.00,0.00,0,488
264.05,1551936484,4184.75,51.44307230,7.47471496,253.41,28.46,0.00,258.76,0,-88.00,-8.00,0.00,0.00,48.00,0.00,0,488
265.05,1551936485,4213.24,51.44302211,7.47430944,252.31,28.55,0.00,258.16,0,-88.00,-8.00,0.00,0.00,48.00,0.00,0,488
266.05,1551936486,4241.82,51.44297151,7.47390402,251.32,28.52,0.00,258.14,0,-100.00,-9.00,0.00,0.00,37.00,0.00,0,488
266.05,1551936486,4241.85,51.44297151,7.47390402,251.32,28.52,0.00,258.14,0,-105.00,-11.00,0.00,0.00,34.00,0.00,0,88
266.05,1551936486,4241.88,51.44297151,7.47390402,251.32,28.52,0.00,258.14,0,-107.00,-15.00,0.00,0.00,37.00,0.00,0,308
267.05,1551936487,4270.35,51.44292010,7.47350291,250.45,28.76,0.00,258.06,0,-100.00,-9.00,0.00,0.00,37.00,0.00,0,488
267.05,1551936487,4270.37,51.44292010,7.47350291,250.45,28.76,0.00,258.06,0,-105.00,-11.00,0.00,0.00,34.00,0.00,0,88
267.05,1551936487,4270.40,51.44292010,7.47350291,250.45,28.76,0.00,258.06,0,-107.00,-15.00,0.00,0.00,37.00,0.00,0,308
268.05,1551936488,4299.07,51.44286708,7.47309081,249.62,29.28,0.00,258.33,0,-105.00,-13.00,0.00,0.00,37.00,0.00,0,488
268.05,1551936488,4299.10,51.44286708,7.47309081,249.62,29.28,0.00,258.33,0,-107.00,-15.00,0.00,0.00,37.00,0.00,0,211
269.05,1551936489,4328.35,51.44281399,7.47266442,248.79,29.87,0.00,258.48,0,-105.00,-13.00,0.00,0.00,37.00,0.00,0,488
269.05,1551936489,4328.38,51.44281399,7.47266442,248.79,29.87,0.00,258.48,0,-107.00,-15.00,0.00,0.00,37.00,0.00,0,211
270.05,1551936490,4358.25,51.44275648,7.47222959,247.89,30.49,0.00,257.71,0,-108.00,-11.00,0.00,0.00,31.00,0.00,0,88
270.05,1551936490,4358.28,51.44275648,7.47222959,247.89,30.49,0.00,257.71,0,-110.00,-12.00,0.00,0.00,31.00,0.00,0,488
270.05,1551936490,4358.31,51.44275648,7.47222959,247.89,30.49,0.00,257.71,0,-114.00,-17.00,0.00,0.00,31.00,0.00,0,486
271.05,1551936491,4388.75,51.44269767,7.47178792,247.02,31.23,0.00,256.93,0,-108.00,-11.00,0.00,0.00,31.00,0.00,0,88
271.05,1551936491,4388.78,51.44269767,7.47178792,247.02,31.23,0.00,256.93,0,-110.00,-12.00,0.00,0.00,31.00,0.00,0,488
271.05,1551936491,4388.81,51.44269767,7.47178792,247.02,31.23,0.00,256.93,0,-114.00,-17.00,0.00,0.00,31.00,0.00,0,486
272.05,1551936492,4419.97,51.44263860,7.47134463,246.12,31.21,0.00,257.18,0,-112.00,-14.00,0.00,0.00,31.00,0.00,0,486
273.05,1551936493,4451.15,51.44257906,7.47090144,245.13,31.22,0.00,257.26,0,-112.00,-14.00,0.00,0.00,31.00,0.00,0,486
274.05,1551936494,4482.34,51.44251894,7.47045588,244.07,31.61,0.00,257.24,0,-109.00,-18.00,0.00,0.00,39.00,0.00,0,308
275.05,1551936495,4513.96,51.44245762,7.47000302,242.99,31.97,0.00,257.73,0,-109.00,-18.00,0.00,0.00,39.00,0.00,0,308
276.05,1551936496,4545.96,51.44239661,7.46954828,242.08,32.12,0.00,258.04,0,-111.00,-14.00,0.00,0.00,32.00,0.00,0,308
277.05,1551936497,4578.08,51.44233639,7.46909741,241.01,32.22,0.00,257.89,0,-111.00,-14.00,0.00,0.00,32.00,0.00,0,308
278.05,1551936498,4610.42,51.44227596,7.46863980,239.95,32.20,0.00,258.38,0,-110.00,-12.00,0.00,0.00,30.00,0.00,0,308
278.05,1551936498,4610.42,51.44227596,7.46863980,239.95,32.20,0.00,258.38,0,-106.00,-8.00,0.00,0.00,33.00,0.00,0,403
278.05,1551936498,4610.46,51.44227596,7.46863980,239.95,32.20,0.00,258.38,0,-109.00,-10.00,0.00,0.00,32.00,0.00,0,195
278.05,1551936498,4610.49,51.44227596,7.46863980,239.95,32.20,0.00,258.38,0,-123.00,-13.00,0.00,0.00,22.00,0.00,0,274
278.05,1551936498,4610.49,51.44227596,7.46863980,239.95,32.20,0.00,258.38,0,-125.00,-14.00,0.00,0.00,22.00,0.00,0,475
278.05,1551936498,4610.52,51.44227596,7.46863980,239.95,32.20,0.00,258.38,0,-128.00,-18.00,0.00,0.00,22.00,0.00,0,361
279.05,1551936499,4642.59,51.44221581,7.46818714,238.88,32.25,0.00,258.41,0,-110.00,-12.00,0.00,0.00,30.00,0.00,0,308
279.05,1551936499,4642.59,51.44221581,7.46818714,238.88,32.25,0.00,258.41,0,-106.00,-8.00,0.00,0.00,33.00,0.00,0,403
279.05,1551936499,4642.62,51.44221581,7.46818714,238.88,32.25,0.00,258.41,0,-109.00,-10.00,0.00,0.00,32.00,0.00,0,195
279.05,1551936499,4642.65,51.44221581,7.46818714,238.88,32.25,0.00,258.41,0,-123.00,-13.00,0.00,0.00,22.00,0.00,0,274
279.05,1551936499,4642.65,51.44221581,7.46818714,238.88,32.25,0.00,258.41,0,-125.00,-14.00,0.00,0.00,22.00,0.00,0,475
279.05,1551936499,4642.68,51.44221581,7.46818714,238.88,32.25,0.00,258.41,0,-128.00,-18.00,0.00,0.00,22.00,0.00,0,361
280.06,1551936500,4675.00,51.43552500,7.47596020,237.98,32.30,0.00,258.88,0,-106.00,-14.00,0.00,0.00,34.00,0.00,0,427
280.06,1551936500,4675.03,51.43552500,7.47596020,237.98,32.30,0.00,258.88,0,-107.00,-15.00,0.00,0.00,34.00,0.00,0,118
281.05,1551936501,4707.10,51.44210536,7.46726259,237.14,32.30,0.00,258.78,0,-106.00,-14.00,0.00,0.00,34.00,0.00,0,427
281.05,1551936501,4707.13,51.44210536,7.46726259,237.14,32.30,0.00,258.78,0,-107.00,-15.00,0.00,0.00,34.00,0.00,0,118
282.05,1551936502,4739.37,51.44204928,7.46680493,236.64,32.32,0.00,259.30,0,-106.00,-14.00,0.00,0.00,34.00,0.00,0,427
282.05,1551936502,4739.40,51.44204928,7.46680493,236.64,32.32,0.00,259.30,0,-107.00,-15.00,0.00,0.00,34.00,0.00,0,118
283.05,1551936503,4771.69,51.44199626,7.46635819,235.91,32.48,0.00,259.72,0,-105.00,-14.00,0.00,0.00,35.00,0.00,0,118
283.05,1551936503,4771.72,51.44199626,7.46635819,235.91,32.48,0.00,259.72,0,-107.00,-16.00,0.00,0.00,34.00,0.00,0,427
284.05,1551936504,4804.14,51.44194963,7.46589242,234.90,32.72,0.00,260.43,0,-105.00,-14.00,0.00,0.00,35.00,0.00,0,118
284.05,1551936504,4804.17,51.44194963,7.46589242,234.90,32.72,0.00,260.43,0,-107.00,-16.00,0.00,0.00,34.00,0.00,0,427
285.05,1551936505,4836.89,51.44190182,7.46542696,234.04,33.07,0.00,260.95,0,-102.00,-14.00,0.00,0.00,38.00,0.00,0,118
285.05,1551936505,4836.89,51.44190182,7.46542696,234.04,33.07,0.00,260.95,0,-104.00,-18.00,0.00,0.00,39.00,0.00,0,427
286.05,1551936506,4869.93,51.44185945,7.46494970,233.10,33.36,0.00,261.58,0,-102.00,-14.00,0.00,0.00,38.00,0.00,0,118
286.05,1551936506,4869.96,51.44185945,7.46494970,233.10,33.36,0.00,261.58,0,-104.00,-18.00,0.00,0.00,39.00,0.00,0,427
287.05,1551936507,4903.35,51.44181808,7.46446928,232.13,33.41,0.00,261.75,0,-103.00,-11.00,0.00,0.00,34.00,0.00,0,118
287.05,1551936507,4903.38,51.44181808,7.46446928,232.13,33.41,0.00,261.75,0,-107.00,-15.00,0.00,0.00,34.00,0.00,0,427
287.05,1551936507,4903.38,51.44181808,7.46446928,232.13,33.41,0.00,261.75,0,-107.00,-14.00,0.00,0.00,33.00,0.00,0,13
288.05,1551936508,4936.73,51.44178054,7.46398999,231.39,33.34,0.00,262.67,0,-103.00,-11.00,0.00,0.00,34.00,0.00,0,118
288.05,1551936508,4936.73,51.44178054,7.46398999,231.39,33.34,0.00,262.67,0,-107.00,-15.00,0.00,0.00,34.00,0.00,0,427
288.05,1551936508,4936.76,51.44178054,7.46398999,231.39,33.34,0.00,262.67,0,-107.00,-14.00,0.00,0.00,33.00,0.00,0,13
289.05,1551936509,4970.10,51.44174293,7.46351595,230.81,33.40,0.00,263.45,0,-105.00,-13.00,0.00,0.00,34.00,0.00,0,118
289.05,1551936509,4970.10,51.44174293,7.46351595,230.81,33.40,0.00,263.45,0,-106.00,-15.00,0.00,0.00,34.00,0.00,0,427
289.05,1551936509,4970.13,51.44174293,7.46351595,230.81,33.40,0.00,263.45,0,-109.00,-18.00,0.00,0.00,34.00,0.00,0,21
290.05,1551936510,5003.50,51.44171006,7.46303905,230.49,33.30,0.00,263.71,0,-105.00,-13.00,0.00,0.00,34.00,0.00,0,118
290.05,1551936510,5003.50,51.44171006,7.46303905,230.49,33.30,0.00,263.71,0,-106.00,-15.00,0.00,0.00,34.00,0.00,0,427
290.05,1551936510,5003.54,51.44171006,7.46303905,230.49,33.30,0.00,263.71,0,-109.00,-18.00,0.00,0.00,34.00,0.00,0,21
291.05,1551936511,5036.74,51.44167806,7.46256381,230.19,33.21,0.00,264.23,0,-104.00,-12.00,0.00,0.00,35.00,0.00,0,118
291.05,1551936511,5036.77,51.44167806,7.46256381,230.19,33.21,0.00,264.23,0,-105.00,-14.00,0.00,0.00,34.00,0.00,0,427
292.05,1551936512,5069.98,51.44165197,7.46208585,230.03,33.23,0.00,264.91,0,-104.00,-12.00,0.00,0.00,35.00,0.00,0,118
292.05,1551936512,5070.01,51.44165197,7.46208585,230.03,33.23,0.00,264.91,0,-105.00,-14.00,0.00,0.00,34.00,0.00,0,427
293.05,1551936513,5103.18,51.44162645,7.46160898,230.04,32.96,0.00,265.55,0,-101.00,-12.00,0.00,0.00,36.00,0.00,0,427
293.05,1551936513,5103.21,51.44162645,7.46160898,230.04,32.96,0.00,265.55,0,-103.00,-12.00,0.00,0.00,36.00,0.00,0,118
294.05,1551936514,5136.14,51.44160545,7.46114099,230.05,32.46,0.00,265.95,0,-101.00,-12.00,0.00,0.00,36.00,0.00,0,427
294.05,1551936514,5136.17,51.44160545,7.46114099,230.05,32.46,0.00,265.95,0,-103.00,-12.00,0.00,0.00,36.00,0.00,0,118
295.05,1551936515,5168.66,51.44158476,7.46067789,229.97,32.37,0.00,266.37,0,-102.00,-14.00,0.00,0.00,38.00,0.00,0,118
295.05,1551936515,5168.66,51.44158476,7.46067789,229.97,32.37,0.00,266.37,0,-104.00,-16.00,0.00,0.00,38.00,0.00,0,427
295.05,1551936515,5168.70,51.44158476,7.46067789,229.97,32.37,0.00,266.37,0,-106.00,-17.00,0.00,0.00,38.00,0.00,0,274
296.05,1551936516,5201.00,51.44156952,7.46021056,229.96,32.26,0.00,267.25,0,-102.00,-14.00,0.00,0.00,38.00,0.00,0,118
296.05,1551936516,5201.04,51.44156952,7.46021056,229.96,32.26,0.00,267.25,0,-104.00,-16.00,0.00,0.00,38.00,0.00,0,427
296.05,1551936516,5201.07,51.44156952,7.46021056,229.96,32.26,0.00,267.25,0,-106.00,-17.00,0.00,0.00,38.00,0.00,0,274
297.05,1551936517,5233.23,51.44155566,7.45974827,230.02,31.82,0.00,267.67,0,-102.00,-13.00,0.00,0.00,36.00,0.00,0,427
298.05,1551936518,5265.05,51.44154332,7.45928998,230.06,31.85,0.00,268.06,0,-102.00,-13.00,0.00,0.00,36.00,0.00,0,427
299.05,1551936519,5296.87,51.44153594,7.45883058,230.08,32.02,0.00,268.44,0,-97.00,-13.00,0.00,0.00,37.00,0.00,0,427
300.05,1551936520,5328.93,51.44439110,7.45597150,229.98,32.24,0.00,268.77,0,-97.00,-13.00,0.00,0.00,37.00,0.00,0,427
301.05,1551936521,5361.39,51.44152624,7.45789714,229.87,32.56,0.00,269.69,0,-99.00,-13.00,0.00,0.00,39.00,0.00,0,427
302.05,1551936522,5393.75,51.44152350,7.45743292,229.63,32.85,0.00,270.11,0,-99.00,-13.00,0.00,0.00,39.00,0.00,0,427
303.05,1551936523,5426.57,51.44152188,7.45695210,229.46,33.14,0.00,270.40,0,-99.00,-13.00,0.00,0.00,39.00,0.00,0,427
346.05,1551936566,6844.20,51.44400794,7.43705964,212.12,33.82,0.00,291.02,0,-74.00,-7.00,0.00,0.00,59.00,0.00,0,449
347.05,1551936567,6877.96,51.44411593,7.43660405,211.21,34.10,0.00,290.79,0,-74.00,-7.00,0.00,0.00,59.00,0.00,0,449
381.05,1551936601,8036.69,51.45100695,7.42462302,173.91,35.61,0.00,336.44,0,-96.00,-14.00,0.00,0.00,44.00,0.00,0,335
381.05,1551936601,8036.73,51.45100695,7.42462302,173.91,35.61,0.00,336.44,0,-97.00,-15.00,0.00,0.00,44.00,0.00,0,21
381.05,1551936601,8036.76,51.45100695,7.42462302,173.91,35.61,0.00,336.44,0,-97.00,-14.00,0.00,0.00,44.00,0.00,0,352
382.04,1551936602,8072.12,51.45130144,7.42443279,172.87,35.50,0.00,337.86,0,-96.00,-14.00,0.00,0.00,44.00,0.00,0,335
382.04,1551936602,8072.16,51.45130144,7.42443279,172.87,35.50,0.00,337.86,0,-97.00,-15.00,0.00,0.00,44.00,0.00,0,21
382.04,1551936602,8072.16,51.45130144,7.42443279,172.87,35.50,0.00,337.86,0,-97.00,-14.00,0.00,0.00,44.00,0.00,0,352
383.05,1551936603,8107.81,51.45160691,7.42425464,171.90,36.48,0.00,340.09,0,-88.00,-7.00,0.00,0.00,45.00,0.00,0,274
383.05,1551936603,8107.81,51.45160691,7.42425464,171.90,36.48,0.00,340.09,0,-94.00,-14.00,0.00,0.00,45.00,0.00,0,118
384.05,1551936604,8144.25,51.45190999,7.42407923,171.01,36.04,0.00,340.48,0,-88.00,-7.00,0.00,0.00,45.00,0.00,0,274
384.05,1551936604,8144.29,51.45190999,7.42407923,171.01,36.04,0.00,340.48,0,-94.00,-14.00,0.00,0.00,45.00,0.00,0,118
385.05,1551936605,8180.36,51.45221515,7.42391945,170.12,35.93,0.00,341.74,0,-92.00,-10.00,0.00,0.00,44.00,0.00,0,352
385.05,1551936605,8180.40,51.45221515,7.42391945,170.12,35.93,0.00,341.74,0,-93.00,-12.00,0.00,0.00,45.00,0.00,0,118
385.05,1551936605,8180.40,51.45221515,7.42391945,170.12,35.93,0.00,341.74,0,-95.00,-12.00,0.00,0.00,43.00,0.00,0,195
386.05,1551936606,8216.26,51.45252006,7.42376042,169.12,35.95,0.00,342.23,0,-92.00,-10.00,0.00,0.00,44.00,0.00,0,352
386.05,1551936606,8216.30,51.45252006,7.42376042,169.12,35.95,0.00,342.23,0,-93.00,-12.00,0.00,0.00,45.00,0.00,0,118
386.05,1551936606,8216.33,51.45252006,7.42376042,169.12,35.95,0.00,342.23,0,-95.00,-12.00,0.00,0.00,43.00,0.00,0,195
387.06,1551936607,8252.50,51.45282679,7.42361067,167.95,35.47,0.00,342.91,0,-92.00,-14.00,0.00,0.00,48.00,0.00,0,352
387.06,1551936607,8252.54,51.45282679,7.42361067,167.95,35.47,0.00,342.91,0,-93.00,-14.00,0.00,0.00,47.00,0.00,0,195
387.06,1551936607,8252.57,51.45282679,7.42361067,167.95,35.47,0.00,342.91,0,-93.00,-15.00,0.00,0.00,48.00,0.00,0,118
388.05,1551936608,8287.69,51.45313094,7.42346677,166.88,35.08,0.00,343.51,0,-92.00,-14.00,0.00,0.00,48.00,0.00,0,352
388.05,1551936608,8287.73,51.45313094,7.42346677,166.88,35.08,0.00,343.51,0,-93.00,-14.00,0.00,0.00,47.00,0.00,0,195
388.05,1551936608,8287.76,51.45313094,7.42346677,166.88,35.08,0.00,343.51,0,-93.00,-15.00,0.00,0.00,48.00,0.00,0,118
389.05,1551936609,8322.77,51.45343236,7.42332866,165.69,34.75,0.00,343.73,0,-92.00,-14.00,0.00,0.00,48.00,0.00,0,352
389.05,1551936609,8322.81,51.45343236,7.42332866,165.69,34.75,0.00,343.73,0,-93.00,-14.00,0.00,0.00,47.00,0.00,0,195
389.05,1551936609,8322.84,51.45343236,7.42332866,165.69,34.75,0.00,343.73,0,-93.00,-15.00,0.00,0.00,48.00,0.00,0,118
390.05,1551936610,8357.53,51.45373054,7.42320231,164.24,34.45,0.00,343.92,0,-89.00,-8.00,0.00,0.00,46.00,0.00,0,195
390.05,1551936610,8357.56,51.45373054,7.42320231,164.24,34.45,0.00,343.92,0,-93.00,-12.00,0.00,0.00,45.00,0.00,0,78
390.05,1551936610,8357.56,51.45373054,7.42320231,164.24,34.45,0.00,343.92,0,-93.00,-11.00,0.00,0.00,45.00,0.00,0,274
391.05,1551936611,8391.98,51.45402891,7.42306948,162.81,34.38,0.00,343.97,0,-89.00,-8.00,0.00,0.00,46.00,0.00,0,195
391.05,1551936611,8391.98,51.45402891,7.42306948,162.81,34.38,0.00,343.97,0,-93.00,-12.00,0.00,0.00,45.00,0.00,0,78
391.05,1551936611,8392.01,51.45402891,7.42306948,162.81,34.38,0.00,343.97,0,-93.00,-11.00,0.00,0.00,45.00,0.00,0,274
392.05,1551936612,8426.39,51.45432866,7.42293420,161.57,34.44,0.00,343.76,0,-90.00,-9.00,0.00,0.00,46.00,0.00,0,13
392.05,1551936612,8426.39,51.45432866,7.42293420,161.57,34.44,0.00,343.76,0,-92.00,-12.00,0.00,0.00,47.00,0.00,0,335
392.05,1551936612,8426.43,51.45432866,7.42293420,161.57,34.44,0.00,343.76,0,-93.00,-12.00,0.00,0.00,46.00,0.00,0,118
393.05,1551936613,8460.80,51.45463035,7.42280043,160.26,34.65,0.00,343.33,0,-90.00,-9.00,0.00,0.00,46.00,0.00,0,13
393.05,1551936613,8460.84,51.45463035,7.42280043,160.26,34.65,0.00,343.33,0,-92.00,-12.00,0.00,0.00,47.00,0.00,0,335
393.05,1551936613,8460.87,51.45463035,7.42280043,160.26,34.65,0.00,343.33,0,-93.00,-12.00,0.00,0.00,46.00,0.00,0,118
394.05,1551936614,8495.49,51.45493749,7.42266054,159.14,34.84,0.00,343.32,0,-86.00,-8.00,0.00,0.00,48.00,0.00,0,13
394.05,1551936614,8495.49,51.45493749,7.42266054,159.14,34.84,0.00,343.32,0,-90.00,-11.00,0.00,0.00,48.00,0.00,0,118
394.05,1551936614,8495.52,51.45493749,7.42266054,159.14,34.84,0.00,343.32,0,-91.00,-13.00,0.00,0.00,47.00,0.00,0,335
395.05,1551936615,8530.33,51.45524111,7.42251988,158.12,34.96,0.00,342.97,0,-86.00,-8.00,0.00,0.00,48.00,0.00,0,13
395.05,1551936615,8530.37,51.45524111,7.42251988,158.12,34.96,0.00,342.97,0,-90.00,-11.00,0.00,0.00,48.00,0.00,0,118
395.05,1551936615,8530.40,51.45524111,7.42251988,158.12,34.96,0.00,342.97,0,-91.00,-13.00,0.00,0.00,47.00,0.00,0,335
396.05,1551936616,8565.29,51.45553883,7.42236938,157.19,34.69,0.00,342.35,0,-86.00,-11.00,0.00,0.00,50.00,0.00,0,195
396.05,1551936616,8565.29,51.45553883,7.42236938,157.19,34.69,0.00,342.35,0,-87.00,-12.00,0.00,0.00,51.00,0.00,0,118
396.05,1551936616,8565.32,51.45553883,7.42236938,157.19,34.69,0.00,342.35,0,-87.00,-11.00,0.00,0.00,50.00,0.00,0,147
397.05,1551936617,8599.95,51.45583799,7.42221993,156.22,34.76,0.00,341.52,0,-86.00,-11.00,0.00,0.00,50.00,0.00,0,195
397.05,1551936617,8599.98,51.45583799,7.42221993,156.22,34.76,0.00,341.52,0,-87.00,-12.00,0.00,0.00,51.00,0.00,0,118
397.05,1551936617,8600.05,51.45583799,7.42221993,156.22,34.76,0.00,341.52,0,-87.00,-11.00,0.00,0.00,50.00,0.00,0,147
398.05,1551936618,8634.71,51.45613675,7.42205613,155.31,34.96,0.00,340.63,0,-89.00,-14.00,0.00,0.00,51.00,0.00,0,251
398.05,1551936618,8634.75,51.45613675,7.42205613,155.31,34.96,0.00,340.63,0,-90.00,-14.00,0.00,0.00,51.00,0.00,0,118
398.05,1551936618,8634.75,51.45613675,7.42205613,155.31,34.96,0.00,340.63,0,-90.00,-14.00,0.00,0.00,51.00,0.00,0,195
399.05,1551936619,8669.70,51.45643590,7.42188829,154.47,34.85,0.00,339.79,0,-89.00,-14.00,0.00,0.00,51.00,0.00,0,251
399.05,1551936619,8669.74,51.45643590,7.42188829,154.47,34.85,0.00,339.79,0,-90.00,-14.00,0.00,0.00,51.00,0.00,0,118
399.05,1551936619,8669.74,51.45643590,7.42188829,154.47,34.85,0.00,339.79,0,-90.00,-14.00,0.00,0.00,51.00,0.00,0,195
400.05,1551936620,8704.52,51.45823000,7.42000480,153.84,35.19,0.00,338.41,0,-88.00,-12.00,0.00,0.00,51.00,0.00,0,352
400.05,1551936620,8704.56,51.45823000,7.42000480,153.84,35.19,0.00,338.41,0,-89.00,-12.00,0.00,0.00,49.00,0.00,0,335
400.05,1551936620,8704.59,51.45823000,7.42000480,153.84,35.19,0.00,338.41,0,-89.00,-11.00,0.00,0.00,48.00,0.00,0,78
401.05,1551936621,8739.72,51.45702651,7.42151692,153.30,35.32,0.00,337.44,0,-88.00,-12.00,0.00,0.00,51.00,0.00,0,352
401.05,1551936621,8739.75,51.45702651,7.42151692,153.30,35.32,0.00,337.44,0,-89.00,-12.00,0.00,0.00,49.00,0.00,0,335
401.05,1551936621,8739.79,51.45702651,7.42151692,153.30,35.32,0.00,337.44,0,-89.00,-11.00,0.00,0.00,48.00,0.00,0,78
402.05,1551936622,8775.01,51.45731659,7.42131603,152.71,35.20,0.00,336.47,0,-90.00,-12.00,0.00,0.00,49.00,0.00,0,352
402.05,1551936622,8775.04,51.45731659,7.42131603,152.71,35.20,0.00,336.47,0,-92.00,-13.00,0.00,0.00,47.00,0.00,0,78
403.05,1551936623,8810.17,51.45760791,7.42111268,152.19,35.28,0.00,335.49,0,-90.00,-12.00,0.00,0.00,49.00,0.00,0,352
403.05,1551936623,8810.21,51.45760791,7.42111268,152.19,35.28,0.00,335.49,0,-92.00,-13.00,0.00,0.00,47.00,0.00,0,78
404.05,1551936624,8845.49,51.45788744,7.42089721,151.73,35.42,0.00,334.67,0,-86.00,-8.00,0.00,0.00,48.00,0.00,0,449
404.05,1551936624,8845.52,51.45788744,7.42089721,151.73,35.42,0.00,334.67,0,-90.00,-13.00,0.00,0.00,49.00,0.00,0,251
405.05,1551936625,8880.94,51.45816436,7.42066976,151.29,35.18,0.00,333.18,0,-86.00,-8.00,0.00,0.00,48.00,0.00,0,449
405.05,1551936625,8880.97,51.45816436,7.42066976,151.29,35.18,0.00,333.18,0,-90.00,-13.00,0.00,0.00,49.00,0.00,0,251
406.05,1551936626,8916.16,51.45844442,7.42043859,150.90,35.26,0.00,332.62,0,-87.00,-10.00,0.00,0.00,54.00,0.00,0,233
407.05,1551936627,8951.31,51.45872292,7.42019499,150.58,35.25,0.00,331.57,0,-87.00,-10.00,0.00,0.00,54.00,0.00,0,233
408.06,1551936628,8986.92,51.45900587,7.41994987,150.34,35.33,0.00,330.88,0,-92.00,-12.00,0.00,0.00,53.00,0.00,0,375
408.06,1551936628,8986.95,51.45900587,7.41994987,150.34,35.33,0.00,330.88,0,-92.00,-13.00,0.00,0.00,53.00,0.00,0,233
408.06,1551936628,8986.99,51.45900587,7.41994987,150.34,35.33,0.00,330.88,0,-84.00,-8.00,0.00,0.00,52.00,0.00,0,192
408.06,1551936628,8987.02,51.45900587,7.41994987,150.34,35.33,0.00,330.88,0,-90.00,-13.00,0.00,0.00,53.00,0.00,0,487
409.05,1551936629,9022.00,51.45927641,7.41969507,150.24,35.34,0.00,329.61,0,-92.00,-12.00,0.00,0.00,53.00,0.00,0,375
409.05,1551936629,9022.03,51.45927641,7.41969507,150.24,35.34,0.00,329.61,0,-92.00,-13.00,0.00,0.00,53.00,0.00,0,233
409.05,1551936629,9022.03,51.45927641,7.41969507,150.24,35.34,0.00,329.61,0,-84.00,-8.00,0.00,0.00,52.00,0.00,0,192
409.05,1551936629,9022.07,51.45927641,7.41969507,150.24,35.34,0.00,329.61,0,-90.00,-13.00,0.00,0.00,53.00,0.00,0,487
410.04,1551936630,9057.16,51.45954899,7.41943754,150.17,35.49,0.00,328.66,0,-92.00,-12.00,0.00,0.00,53.00,0.00,0,375
410.04,1551936630,9057.16,51.45954899,7.41943754,150.17,35.49,0.00,328.66,0,-92.00,-13.00,0.00,0.00,53.00,0.00,0,233
410.04,1551936630,9057.16,51.45954899,7.41943754,150.17,35.49,0.00,328.66,0,-84.00,-8.00,0.00,0.00,52.00,0.00,0,192
410.05,1551936630,9057.20,51.45954899,7.41943754,150.17,35.49,0.00,328.66,0,-90.00,-13.00,0.00,0.00,53.00,0.00,0,487
411.05,1551936631,9092.80,51.45981406,7.41916499,150.01,35.61,0.00,327.60,0,-90.00,-12.00,0.00,0.00,53.00,0.00,0,249
411.05,1551936631,9092.83,51.45981406,7.41916499,150.01,35.61,0.00,327.60,0,-84.00,-8.00,0.00,0.00,53.00,0.00,0,192
411.05,1551936631,9092.87,51.45981406,7.41916499,150.01,35.61,0.00,327.60,0,-90.00,-10.00,0.00,0.00,51.00,0.00,0,424
412.05,1551936632,9128.41,51.46007859,7.41888223,149.80,35.75,0.00,326.51,0,-90.00,-12.00,0.00,0.00,53.00,0.00,0,249
412.05,1551936632,9128.45,51.46007859,7.41888223,149.80,35.75,0.00,326.51,0,-84.00,-8.00,0.00,0.00,53.00,0.00,0,192
412.05,1551936632,9128.45,51.46007859,7.41888223,149.80,35.75,0.00,326.51,0,-90.00,-10.00,0.00,0.00,51.00,0.00,0,424
413.04,1551936633,9163.91,51.46033973,7.41858897,149.57,35.88,0.00,325.28,0,-85.00,-10.00,0.00,0.00,57.00,0.00,0,192
414.05,1551936634,9200.00,51.46060464,7.41829281,149.38,36.01,0.00,324.42,0,-85.00,-10.00,0.00,0.00,57.00,0.00,0,192
415.05,1551936635,9236.05,51.46086546,7.41798308,149.40,36.02,0.00,323.22,0,-83.00,-10.00,0.00,0.00,59.00,0.00,0,348
415.05,1551936635,9236.08,51.46086546,7.41798308,149.40,36.02,0.00,323.22,0,-83.00,-10.00,0.00,0.00,59.00,0.00,0,233
415.05,1551936635,9236.12,51.46086546,7.41798308,149.40,36.02,0.00,323.22,0,-83.00,-11.00,0.00,0.00,56.00,0.00,0,305
415.05,1551936635,9236.12,51.46086546,7.41798308,149.40,36.02,0.00,323.22,0,-84.00,-12.00,0.00,0.00,56.00,0.00,0,487
416.05,1551936636,9272.06,51.46112683,7.41767042,149.52,36.15,0.00,322.46,0,-83.00,-10.00,0.00,0.00,59.00,0.00,0,348
416.05,1551936636,9272.10,51.46112683,7.41767042,149.52,36.15,0.00,322.46,0,-83.00,-10.00,0.00,0.00,59.00,0.00,0,233
416.05,1551936636,9272.14,51.46112683,7.41767042,149.52,36.15,0.00,322.46,0,-83.00,-11.00,0.00,0.00,56.00,0.00,0,305
416.05,1551936636,9272.14,51.46112683,7.41767042,149.52,36.15,0.00,322.46,0,-84.00,-12.00,0.00,0.00,56.00,0.00,0,487
417.05,1551936637,9308.28,51.46138118,7.41734537,149.62,35.98,0.00,321.19,0,-84.00,-10.00,0.00,0.00,58.00,0.00,0,233
417.05,1551936637,9308.32,51.46138118,7.41734537,149.62,35.98,0.00,321.19,0,-80.00,-10.00,0.00,0.00,59.00,0.00,0,487
417.05,1551936637,9308.35,51.46138118,7.41734537,149.62,35.98,0.00,321.19,0,-83.00,-13.00,0.00,0.00,59.00,0.00,0,305
418.04,1551936638,9344.01,51.46163720,7.41701988,149.61,36.12,0.00,320.78,0,-84.00,-10.00,0.00,0.00,58.00,0.00,0,233
418.04,1551936638,9344.05,51.46163720,7.41701988,149.61,36.12,0.00,320.78,0,-80.00,-10.00,0.00,0.00,59.00,0.00,0,487
418.04,1551936638,9344.05,51.46163720,7.41701988,149.61,36.12,0.00,320.78,0,-83.00,-13.00,0.00,0.00,59.00,0.00,0,305
419.05,1551936639,9380.35,51.46189096,7.41667774,149.68,35.98,0.00,319.48,0,-85.00,-10.00,0.00,0.00,57.00,0.00,0,233
419.05,1551936639,9380.38,51.46189096,7.41667774,149.68,35.98,0.00,319.48,0,-88.00,-12.00,0.00,0.00,57.00,0.00,0,348
419.05,1551936639,9380.42,51.46189096,7.41667774,149.68,35.98,0.00,319.48,0,-83.00,-9.00,0.00,0.00,55.00,0.00,0,487
419.05,1551936639,9380.42,51.46189096,7.41667774,149.68,35.98,0.00,319.48,0,-86.00,-12.00,0.00,0.00,55.00,0.00,0,305
420.05,1551936640,9416.37,51.46165110,7.41290040,150.04,36.11,0.00,318.37,0,-85.00,-10.00,0.00,0.00,57.00,0.00,0,233
420.05,1551936640,9416.37,51.46165110,7.41290040,150.04,36.11,0.00,318.37,0,-88.00,-12.00,0.00,0.00,57.00,0.00,0,348
420.05,1551936640,9416.40,51.46165110,7.41290040,150.04,36.11,0.00,318.37,0,-83.00,-9.00,0.00,0.00,55.00,0.00,0,487
420.05,1551936640,9416.44,51.46165110,7.41290040,150.04,36.11,0.00,318.37,0,-86.00,-12.00,0.00,0.00,55.00,0.00,0,305
432.05,1551936652,9854.33,51.46479724,7.41170083,148.55,36.89,0.00,308.46,0,-88.00,-11.00,0.00,0.00,54.00,0.00,0,376
432.05,1551936652,9854.37,51.46479724,7.41170083,148.55,36.89,0.00,308.46,0,-93.00,-12.00,0.00,0.00,52.00,0.00,0,348
432.05,1551936652,9854.40,51.46479724,7.41170083,148.55,36.89,0.00,308.46,0,-85.00,-10.00,0.00,0.00,54.00,0.00,0,194
433.05,1551936653,9891.25,51.46500880,7.41128328,148.51,36.89,0.00,308.39,0,-88.00,-11.00,0.00,0.00,54.00,0.00,0,376
433.05,1551936653,9891.25,51.46500880,7.41128328,148.51,36.89,0.00,308.39,0,-93.00,-12.00,0.00,0.00,52.00,0.00,0,348
433.05,1551936653,9891.29,51.46500880,7.41128328,148.51,36.89,0.00,308.39,0,-85.00,-10.00,0.00,0.00,54.00,0.00,0,194
434.05,1551936654,9928.07,51.46521739,7.41086826,148.62,36.85,0.00,308.36,0,-102.00,-14.00,0.00,0.00,43.00,0.00,0,99
434.05,1551936654,9928.10,51.46521739,7.41086826,148.62,36.85,0.00,308.36,0,-103.00,-13.00,0.00,0.00,41.00,0.00,0,97
435.05,1551936655,9964.92,51.46542561,7.41045308,148.86,36.89,0.00,308.36,0,-102.00,-14.00,0.00,0.00,43.00,0.00,0,99
435.05,1551936655,9964.96,51.46542561,7.41045308,148.86,36.89,0.00,308.36,0,-103.00,-13.00,0.00,0.00,41.00,0.00,0,97
436.05,1551936656,10001.77,51.46563313,7.41004225,149.13,36.91,0.00,308.19,0,-98.00,-12.00,0.00,0.00,45.00,0.00,0,97
437.05,1551936657,10038.71,51.46584153,7.40962649,149.36,37.08,0.00,308.42,0,-98.00,-12.00,0.00,0.00,45.00,0.00,0,97
442.05,1551936662,10222.27,51.46685844,7.40756451,151.24,35.98,0.00,309.24,0,-93.00,-12.00,0.00,0.00,50.00,0.00,0,108
442.05,1551936662,10222.30,51.46685844,7.40756451,151.24,35.98,0.00,309.24,0,-94.00,-12.00,0.00,0.00,47.00,0.00,0,478
443.05,1551936663,10258.28,51.46705949,7.40716375,151.44,35.89,0.00,309.39,0,-93.00,-12.00,0.00,0.00,50.00,0.00,0,108
443.05,1551936663,10258.32,51.46705949,7.40716375,151.44,35.89,0.00,309.39,0,-94.00,-12.00,0.00,0.00,47.00,0.00,0,478
453.05,1551936673,10615.75,51.46916387,7.40331869,154.13,34.77,0.00,314.93,0,-94.00,-13.00,0.00,0.00,52.00,0.00,0,376
453.05,1551936673,10615.78,51.46916387,7.40331869,154.13,34.77,0.00,314.93,0,-79.00,-9.00,0.00,0.00,59.00,0.00,0,286
454.05,1551936674,10650.52,51.46938887,7.40295857,154.32,34.58,0.00,314.50,0,-94.00,-13.00,0.00,0.00,52.00,0.00,0,376
454.05,1551936674,10650.52,51.46938887,7.40295857,154.32,34.58,0.00,314.50,0,-79.00,-9.00,0.00,0.00,59.00,0.00,0,286
455.05,1551936675,10685.03,51.46961271,7.40259985,154.12,34.78,0.00,315.40,0,-84.00,-11.00,0.00,0.00,56.00,0.00,0,286
456.05,1551936676,10719.81,51.46983389,7.40224776,154.08,34.73,0.00,315.24,0,-84.00,-11.00,0.00,0.00,56.00,0.00,0,286
463.05,1551936683,10957.51,51.47135665,7.39988173,158.77,32.90,0.00,316.84,0,-90.00,-12.00,0.00,0.00,53.00,0.00,0,307
464.05,1551936684,10990.37,51.47157419,7.39956096,159.60,32.46,0.00,317.52,0,-90.00,-12.00,0.00,0.00,53.00,0.00,0,307
465.05,1551936685,11022.87,51.47178887,7.39924661,160.40,32.07,0.00,318.35,0,-90.00,-10.00,0.00,0.00,53.00,0.00,0,233
465.05,1551936685,11022.90,51.47178887,7.39924661,160.40,32.07,0.00,318.35,0,-90.00,-11.00,0.00,0.00,51.00,0.00,0,307
466.05,1551936686,11054.96,51.47200191,7.39894412,161.19,31.38,0.00,318.52,0,-90.00,-10.00,0.00,0.00,53.00,0.00,0,233
466.05,1551936686,11054.99,51.47200191,7.39894412,161.19,31.38,0.00,318.52,0,-90.00,-11.00,0.00,0.00,51.00,0.00,0,307
471.06,1551936691,11210.45,51.47305320,7.39750195,163.72,30.24,0.00,320.20,0,-91.00,-8.00,0.00,0.00,50.00,0.00,0,233
472.05,1551936692,11240.41,51.47326135,7.39722548,164.03,30.00,0.00,320.10,0,-91.00,-8.00,0.00,0.00,50.00,0.00,0,233
473.05,1551936693,11270.41,51.47346796,7.39695206,164.23,29.79,0.00,320.18,0,-91.00,-8.00,0.00,0.00,50.00,0.00,0,233
474.05,1551936694,11300.17,51.47367714,7.39668040,164.77,29.80,0.00,320.82,0,-89.00,-7.00,0.00,0.00,50.00,0.00,0,233
475.05,1551936695,11329.97,51.47388527,7.39641138,165.44,29.54,0.00,321.72,0,-89.00,-7.00,0.00,0.00,50.00,0.00,0,233
476.05,1551936696,11359.51,51.47409701,7.39614958,166.22,29.55,0.00,322.25,0,-89.00,-9.00,0.00,0.00,52.00,0.00,0,233
477.05,1551936697,11389.10,51.47430787,7.39589038,166.79,29.62,0.00,323.15,0,-89.00,-9.00,0.00,0.00,52.00,0.00,0,233
488.05,1551936708,11712.50,51.47677176,7.39354473,172.08,26.42,0.00,335.18,0,-76.00,-11.00,0.00,0.00,63.00,0.00,0,307
489.05,1551936709,11738.89,51.47698745,7.39339979,172.33,24.76,0.00,336.82,0,-76.00,-11.00,0.00,0.00,63.00,0.00,0,307
490.05,1551936710,11763.67,51.47720032,7.39326613,172.77,22.71,0.00,338.19,0,-83.00,-9.00,0.00,0.00,58.00,0.00,0,48
490.05,1551936710,11763.69,51.47720032,7.39326613,172.77,22.71,0.00,338.19,0,-74.00,-9.00,0.00,0.00,63.00,0.00,0,307
491.05,1551936711,11786.38,51.47738747,7.39316641,173.27,20.88,0.00,341.76,0,-83.00,-9.00,0.00,0.00,58.00,0.00,0,48
491.05,1551936711,11786.40,51.47738747,7.39316641,173.27,20.88,0.00,341.76,0,-74.00,-9.00,0.00,0.00,63.00,0.00,0,307
492.06,1551936712,11807.42,51.47756442,7.39308617,173.57,19.45,0.00,344.78,0,-83.00,-8.00,0.00,0.00,56.00,0.00,0,48
492.06,1551936712,11807.44,51.47756442,7.39308617,173.57,19.45,0.00,344.78,0,-73.00,-8.00,0.00,0.00,63.00,0.00,0,307
493.05,1551936713,11826.72,51.47774277,7.39304056,173.84,18.81,0.00,352.14,0,-83.00,-8.00,0.00,0.00,56.00,0.00,0,48
493.05,1551936713,11826.74,51.47774277,7.39304056,173.84,18.81,0.00,352.14,0,-73.00,-8.00,0.00,0.00,63.00,0.00,0,307
494.05,1551936714,11845.55,51.47791065,7.39301738,173.95,19.11,0.00,355.06,0,-83.00,-8.00,0.00,0.00,56.00,0.00,0,48
494.05,1551936714,11845.57,51.47791065,7.39301738,173.95,19.11,0.00,355.06,0,-73.00,-8.00,0.00,0.00,63.00,0.00,0,307
495.05,1551936715,11864.64,51.47807294,7.39305255,173.93,17.88,0.00,9.05,0,-67.00,-9.00,0.00,0.00,63.00,0.00,0,308
496.05,1551936716,11882.52,51.47824738,7.39310641,174.18,18.80,0.00,11.45,0,-67.00,-9.00,0.00,0.00,63.00,0.00,0,308
505.05,1551936725,12033.37,51.47950484,7.39374887,179.90,14.12,0.00,337.63,0,-96.00,-7.00,0.00,0.00,43.00,0.00,0,223
506.05,1551936726,12047.48,51.47961976,7.39367273,180.30,14.47,0.00,336.95,0,-96.00,-7.00,0.00,0.00,43.00,0.00,0,223
507.05,1551936727,12061.94,51.47973605,7.39358891,180.67,14.36,0.00,336.28,0,-89.00,-5.00,0.00,0.00,48.00,0.00,0,223
508.05,1551936728,12076.29,51.47984749,7.39350776,180.96,13.66,0.00,335.77,0,-89.00,-5.00,0.00,0.00,48.00,0.00,0,223
509.05,1551936729,12089.96,51.47995286,7.39343957,181.14,11.69,0.00,337.93,0,-93.00,-7.00,0.00,0.00,45.00,0.00,0,223
510.05,1551936730,12101.65,51.48005757,7.39342039,181.22,10.09,0.00,355.23,0,-93.00,-7.00,0.00,0.00,45.00,0.00,0,223
518.05,1551936738,12204.68,51.48066890,7.39450327,183.89,17.17,0.00,56.84,0,-85.00,-6.00,0.00,0.00,52.00,0.00,0,48
519.05,1551936739,12221.89,51.48074637,7.39472202,183.71,18.07,0.00,57.38,0,-85.00,-6.00,0.00,0.00,52.00,0.00,0,48
526.05,1551936746,12344.56,51.48130935,7.39624098,185.61,16.22,0.00,60.10,0,-88.00,-9.00,0.00,0.00,53.00,0.00,0,108
527.05,1551936747,12360.77,51.48138083,7.39644299,185.92,15.84,0.00,59.71,0,-88.00,-9.00,0.00,0.00,53.00,0.00,0,108
566.05,1551936786,12603.29,51.48285553,7.39913252,184.82,12.16,0.00,35.54,0,-90.00,-9.00,0.00,0.00,51.00,0.00,0,223
567.05,1551936787,12615.46,51.48295881,7.39923676,184.95,13.00,0.00,34.83,0,-90.00,-9.00,0.00,0.00,51.00,0.00,0,223
568.05,1551936788,12628.45,51.48306659,7.39934064,185.09,13.86,0.00,34.37,0,-94.00,-8.00,0.00,0.00,45.00,0.00,0,223
569.05,1551936789,12642.30,51.48317417,7.39944450,185.51,14.64,0.00,33.66,0,-94.00,-8.00,0.00,0.00,45.00,0.00,0,223
572.05,1551936792,12687.74,51.48351012,7.39979294,185.69,15.93,0.00,34.45,0,-96.00,-8.00,0.00,0.00,43.00,0.00,0,223
572.05,1551936792,12687.74,51.48351012,7.39979294,185.69,15.93,0.00,34.45,0,-94.00,-8.00,0.00,0.00,43.00,0.00,0,409
573.05,1551936793,12703.62,51.48362160,7.39991635,185.12,16.29,0.00,34.93,0,-96.00,-8.00,0.00,0.00,43.00,0.00,0,223
573.05,1551936793,12703.63,51.48362160,7.39991635,185.12,16.29,0.00,34.93,0,-94.00,-8.00,0.00,0.00,43.00,0.00,0,409
576.06,1551936796,12753.41,51.48398934,7.40033241,184.43,17.21,0.00,36.60,0,-99.00,-8.00,0.00,0.00,41.00,0.00,0,48
577.05,1551936797,12770.38,51.48412042,7.40048942,184.37,17.36,0.00,37.07,0,-99.00,-8.00,0.00,0.00,41.00,0.00,0,48
578.05,1551936798,12787.73,51.48424523,7.40063937,184.49,17.15,0.00,38.06,0,-99.00,-8.00,0.00,0.00,41.00,0.00,0,48
581.05,1551936801,12838.48,51.48460848,7.40111711,185.22,16.41,0.00,41.06,0,-103.00,-11.00,0.00,0.00,39.00,0.00,0,330
581.05,1551936801,12838.50,51.48460848,7.40111711,185.22,16.41,0.00,41.06,0,-104.00,-11.00,0.00,0.00,38.00,0.00,0,48
581.05,1551936801,12838.51,51.48460848,7.40111711,185.22,16.41,0.00,41.06,0,-101.00,-9.00,0.00,0.00,37.00,0.00,0,291
582.05,1551936802,12854.90,51.48471505,7.40127581,185.26,16.32,0.00,41.67,0,-103.00,-11.00,0.00,0.00,39.00,0.00,0,330
582.05,1551936802,12854.90,51.48471505,7.40127581,185.26,16.32,0.00,41.67,0,-104.00,-11.00,0.00,0.00,38.00,0.00,0,48
582.05,1551936802,12854.92,51.48471505,7.40127581,185.26,16.32,0.00,41.67,0,-101.00,-9.00,0.00,0.00,37.00,0.00,0,291
583.05,1551936803,12871.20,51.48482252,7.40143596,185.32,15.99,0.00,42.23,0,-103.00,-10.00,0.00,0.00,39.00,0.00,0,167
583.05,1551936803,12871.20,51.48482252,7.40143596,185.32,15.99,0.00,42.23,0,-99.00,-9.00,0.00,0.00,39.00,0.00,0,291
584.05,1551936804,12887.20,51.48493176,7.40159457,185.71,16.00,0.00,41.75,0,-103.00,-10.00,0.00,0.00,39.00,0.00,0,167
584.05,1551936804,12887.21,51.48493176,7.40159457,185.71,16.00,0.00,41.75,0,-99.00,-9.00,0.00,0.00,39.00,0.00,0,291
585.05,1551936805,12903.23,51.48503521,7.40174858,185.86,15.87,0.00,41.60,0,-104.00,-10.00,0.00,0.00,37.00,0.00,0,330
585.05,1551936805,12903.23,51.48503521,7.40174858,185.86,15.87,0.00,41.60,0,-106.00,-12.00,0.00,0.00,37.00,0.00,0,167
585.05,1551936805,12903.24,51.48503521,7.40174858,185.86,15.87,0.00,41.60,0,-106.00,-11.00,0.00,0.00,36.00,0.00,0,48
585.05,1551936805,12903.26,51.48503521,7.40174858,185.86,15.87,0.00,41.60,0,-102.00,-10.00,0.00,0.00,37.00,0.00,0,291
585.05,1551936805,12903.26,51.48503521,7.40174858,185.86,15.87,0.00,41.60,0,-102.00,-10.00,0.00,0.00,36.00,0.00,0,163
586.05,1551936806,12919.08,51.48513285,7.40189818,185.87,15.56,0.00,42.50,0,-104.00,-10.00,0.00,0.00,37.00,0.00,0,330
586.05,1551936806,12919.10,51.48513285,7.40189818,185.87,15.56,0.00,42.50,0,-106.00,-12.00,0.00,0.00,37.00,0.00,0,167
586.05,1551936806,12919.11,51.48513285,7.40189818,185.87,15.56,0.00,42.50,0,-106.00,-11.00,0.00,0.00,36.00,0.00,0,48
586.05,1551936806,12919.13,51.48513285,7.40189818,185.87,15.56,0.00,42.50,0,-102.00,-10.00,0.00,0.00,37.00,0.00,0,291
586.05,1551936806,12919.13,51.48513285,7.40189818,185.87,15.56,0.00,42.50,0,-102.00,-10.00,0.00,0.00,36.00,0.00,0,163
587.05,1551936807,12934.61,51.48522462,7.40205482,185.66,15.37,0.00,44.09,0,-99.00,-8.00,0.00,0.00,40.00,0.00,0,167
587.05,1551936807,12934.63,51.48522462,7.40205482,185.66,15.37,0.00,44.09,0,-93.00,-6.00,0.00,0.00,42.00,0.00,0,291
588.05,1551936808,12950.00,51.48531444,7.40221644,185.36,14.75,0.00,45.57,0,-99.00,-8.00,0.00,0.00,40.00,0.00,0,167
588.05,1551936808,12950.00,51.48531444,7.40221644,185.36,14.75,0.00,45.57,0,-93.00,-6.00,0.00,0.00,42.00,0.00,0,291
589.05,1551936809,12964.74,51.48539917,7.40237305,184.98,13.03,0.00,46.84,0,-98.00,-7.00,0.00,0.00,41.00,0.00,0,167
589.05,1551936809,12964.75,51.48539917,7.40237305,184.98,13.03,0.00,46.84,0,-96.00,-8.00,0.00,0.00,41.00,0.00,0,291
589.05,1551936809,12964.77,51.48539917,7.40237305,184.98,13.03,0.00,46.84,0,-100.00,-11.00,0.00,0.00,40.00,0.00,0,163
590.05,1551936810,12977.77,51.48547334,7.40250930,184.52,11.39,0.00,47.75,0,-98.00,-7.00,0.00,0.00,41.00,0.00,0,167
590.05,1551936810,12977.78,51.48547334,7.40250930,184.52,11.39,0.00,47.75,0,-96.00,-8.00,0.00,0.00,41.00,0.00,0,291
590.05,1551936810,12977.78,51.48547334,7.40250930,184.52,11.39,0.00,47.75,0,-100.00,-11.00,0.00,0.00,40.00,0.00,0,163
591.05,1551936811,12989.16,51.48552724,7.40262357,183.84,9.44,0.00,48.96,0,-96.00,-8.00,0.00,0.00,44.00,0.00,0,167
591.05,1551936811,12989.17,51.48552724,7.40262357,183.84,9.44,0.00,48.96,0,-101.00,-11.00,0.00,0.00,41.00,0.00,0,330
591.05,1551936811,12989.17,51.48552724,7.40262357,183.84,9.44,0.00,48.96,0,-93.00,-7.00,0.00,0.00,42.00,0.00,0,291
592.05,1551936812,12998.61,51.48557947,7.40271875,183.40,8.17,0.00,46.29,0,-96.00,-8.00,0.00,0.00,44.00,0.00,0,167
592.05,1551936812,12998.62,51.48557947,7.40271875,183.40,8.17,0.00,46.29,0,-101.00,-11.00,0.00,0.00,41.00,0.00,0,330
592.05,1551936812,12998.63,51.48557947,7.40271875,183.40,8.17,0.00,46.29,0,-93.00,-7.00,0.00,0.00,42.00,0.00,0,291
593.05,1551936813,13006.76,51.48564229,7.40275271,183.03,8.00,0.00,16.13,0,-95.00,-7.00,0.00,0.00,40.00,0.00,0,46
594.05,1551936814,13014.76,51.48570321,7.40274434,182.92,8.09,0.00,349.30,0,-95.00,-7.00,0.00,0.00,40.00,0.00,0,46
595.05,1551936815,13022.86,51.48576299,7.40270509,182.89,8.25,0.00,332.68,0,-107.00,-14.00,0.00,0.00,38.00,0.00,0,188
595.05,1551936815,13022.86,51.48576299,7.40270509,182.89,8.25,0.00,332.68,0,-105.00,-14.00,0.00,0.00,37.00,0.00,0,1
596.05,1551936816,13031.12,51.48582571,7.40264929,182.88,8.91,0.00,328.75,0,-107.00,-14.00,0.00,0.00,38.00,0.00,0,188
596.05,1551936816,13031.12,51.48582571,7.40264929,182.88,8.91,0.00,328.75,0,-105.00,-14.00,0.00,0.00,37.00,0.00,0,1
597.06,1551936817,13040.09,51.48588765,7.40258072,182.93,9.69,0.00,325.76,0,-93.00,-8.00,0.00,0.00,44.00,0.00,0,93
597.06,1551936817,13040.10,51.48588765,7.40258072,182.93,9.69,0.00,325.76,0,-95.00,-7.00,0.00,0.00,42.00,0.00,0,419
598.05,1551936818,13049.72,51.48594974,7.40250963,182.81,10.49,0.00,324.71,0,-93.00,-8.00,0.00,0.00,44.00,0.00,0,93
598.05,1551936818,13049.73,51.48594974,7.40250963,182.81,10.49,0.00,324.71,0,-95.00,-7.00,0.00,0.00,42.00,0.00,0,419
599.05,1551936819,13060.22,51.48602615,7.40241667,182.94,11.44,0.00,325.14,0,-93.00,-8.00,0.00,0.00,44.00,0.00,0,93
599.05,1551936819,13060.23,51.48602615,7.40241667,182.94,11.44,0.00,325.14,0,-95.00,-7.00,0.00,0.00,42.00,0.00,0,419
600.05,1551936820,13071.65,51.48139580,7.40432160,183.15,12.24,0.00,326.54,0,-101.00,-10.00,0.00,0.00,40.00,0.00,0,166
600.05,1551936820,13071.66,51.48139580,7.40432160,183.15,12.24,0.00,326.54,0,-101.00,-9.00,0.00,0.00,39.00,0.00,0,93
600.05,1551936820,13071.66,51.48139580,7.40432160,183.15,12.24,0.00,326.54,0,-103.00,-10.00,0.00,0.00,39.00,0.00,0,48
600.05,1551936820,13071.66,51.48139580,7.40432160,183.15,12.24,0.00,326.54,0,-102.00,-8.00,0.00,0.00,35.00,0.00,0,419
600.05,1551936820,13071.68,51.48139580,7.40432160,183.15,12.24,0.00,326.54,0,-104.00,-10.00,0.00,0.00,34.00,0.00,0,293
601.05,1551936821,13083.91,51.48621291,7.40221516,183.54,12.64,0.00,328.33,0,-101.00,-10.00,0.00,0.00,40.00,0.00,0,166
601.05,1551936821,13083.93,51.48621291,7.40221516,183.54,12.64,0.00,328.33,0,-101.00,-9.00,0.00,0.00,39.00,0.00,0,93
601.05,1551936821,13083.94,51.48621291,7.40221516,183.54,12.64,0.00,328.33,0,-103.00,-10.00,0.00,0.00,39.00,0.00,0,48
601.05,1551936821,13083.94,51.48621291,7.40221516,183.54,12.64,0.00,328.33,0,-102.00,-8.00,0.00,0.00,35.00,0.00,0,419
601.05,1551936821,13083.95,51.48621291,7.40221516,183.54,12.64,0.00,328.33,0,-104.00,-10.00,0.00,0.00,34.00,0.00,0,293
604.05,1551936824,13122.22,51.48651804,7.40196690,184.70,12.70,0.00,334.85,0,-96.00,-8.00,0.00,0.00,43.00,0.00,0,330
605.05,1551936825,13134.91,51.48662218,7.40189733,184.92,12.83,0.00,337.18,0,-96.00,-8.00,0.00,0.00,43.00,0.00,0,330
606.05,1551936826,13147.75,51.48673195,7.40183700,184.98,13.12,0.00,339.71,0,-97.00,-8.00,0.00,0.00,43.00,0.00,0,48
606.05,1551936826,13147.77,51.48673195,7.40183700,184.98,13.12,0.00,339.71,0,-99.00,-9.00,0.00,0.00,41.00,0.00,0,93
606.05,1551936826,13147.78,51.48673195,7.40183700,184.98,13.12,0.00,339.71,0,-101.00,-11.00,0.00,0.00,41.00,0.00,0,15
607.05,1551936827,13160.87,51.48685378,7.40178159,185.02,13.20,0.00,342.19,0,-97.00,-8.00,0.00,0.00,43.00,0.00,0,48
607.05,1551936827,13160.89,51.48685378,7.40178159,185.02,13.20,0.00,342.19,0,-99.00,-9.00,0.00,0.00,41.00,0.00,0,93
607.05,1551936827,13160.90,51.48685378,7.40178159,185.02,13.20,0.00,342.19,0,-101.00,-11.00,0.00,0.00,41.00,0.00,0,15
608.05,1551936828,13174.09,51.48697226,7.40174480,184.62,13.18,0.00,344.69,0,-95.00,-7.00,0.00,0.00,44.00,0.00,0,48
608.05,1551936828,13174.10,51.48697226,7.40174480,184.62,13.18,0.00,344.69,0,-96.00,-8.00,0.00,0.00,43.00,0.00,0,93
608.05,1551936828,13174.12,51.48697226,7.40174480,184.62,13.18,0.00,344.69,0,-98.00,-11.00,0.00,0.00,44.00,0.00,0,428
608.05,1551936828,13174.13,51.48697226,7.40174480,184.62,13.18,0.00,344.69,0,-94.00,-8.00,0.00,0.00,43.00,0.00,0,419
608.05,1551936828,13174.13,51.48697226,7.40174480,184.62,13.18,0.00,344.69,0,-97.00,-11.00,0.00,0.00,42.00,0.00,0,405
609.05,1551936829,13187.27,51.48709876,7.40171137,184.20,13.06,0.00,347.18,0,-95.00,-7.00,0.00,0.00,44.00,0.00,0,48
609.05,1551936829,13187.28,51.48709876,7.40171137,184.20,13.06,0.00,347.18,0,-96.00,-8.00,0.00,0.00,43.00,0.00,0,93
609.05,1551936829,13187.29,51.48709876,7.40171137,184.20,13.06,0.00,347.18,0,-98.00,-11.00,0.00,0.00,44.00,0.00,0,428
609.05,1551936829,13187.29,51.48709876,7.40171137,184.20,13.06,0.00,347.18,0,-94.00,-8.00,0.00,0.00,43.00,0.00,0,419
609.05,1551936829,13187.31,51.48709876,7.40171137,184.20,13.06,0.00,347.18,0,-97.00,-11.00,0.00,0.00,42.00,0.00,0,405
610.05,1551936830,13200.30,51.48721923,7.40169196,183.48,12.77,0.00,349.89,0,-92.00,-6.00,0.00,0.00,46.00,0.00,0,48
611.05,1551936831,13213.07,51.48733036,7.40168067,182.83,13.09,0.00,352.36,0,-92.00,-6.00,0.00,0.00,46.00,0.00,0,48
623.05,1551936843,13371.16,51.48877775,7.40173366,176.25,13.66,0.00,359.80,0,-87.00,-12.00,0.00,0.00,57.00,0.00,0,94
623.05,1551936843,13371.16,51.48877775,7.40173366,176.25,13.66,0.00,359.80,0,-93.00,-8.00,0.00,0.00,48.00,0.00,0,427
624.05,1551936844,13384.81,51.48890849,7.40173276,176.26,13.74,0.00,359.74,0,-87.00,-12.00,0.00,0.00,57.00,0.00,0,94
624.05,1551936844,13384.82,51.48890849,7.40173276,176.26,13.74,0.00,359.74,0,-93.00,-8.00,0.00,0.00,48.00,0.00,0,427
625.05,1551936845,13398.57,51.48901552,7.40173454,175.72,13.13,0.00,0.11,0,-81.00,-7.00,0.00,0.00,58.00,0.00,0,94
625.05,1551936845,13398.58,51.48901552,7.40173454,175.72,13.13,0.00,0.11,0,-87.00,-6.00,0.00,0.00,51.00,0.00,0,427
626.05,1551936846,13411.68,51.48912352,7.40173603,174.88,11.94,0.00,0.65,0,-81.00,-7.00,0.00,0.00,58.00,0.00,0,94
626.05,1551936846,13411.69,51.48912352,7.40173603,174.88,11.94,0.00,0.65,0,-87.00,-6.00,0.00,0.00,51.00,0.00,0,427
644.05,1551936864,13609.05,51.48938294,7.40420085,173.79,13.66,0.00,91.32,0,-78.00,-10.00,0.00,0.00,63.00,0.00,0,95
645.05,1551936865,13622.73,51.48937977,7.40438917,173.70,13.58,0.00,91.75,0,-78.00,-10.00,0.00,0.00,63.00,0.00,0,95
646.04,1551936866,13636.25,51.48937612,7.40458328,173.62,13.52,0.00,90.87,0,-74.00,-9.00,0.00,0.00,63.00,0.00,0,95
646.04,1551936866,13636.25,51.48937612,7.40458328,173.62,13.52,0.00,90.87,0,-82.00,-7.00,0.00,0.00,57.00,0.00,0,426
647.05,1551936867,13649.82,51.48937312,7.40476997,173.61,13.25,0.00,90.46,0,-74.00,-9.00,0.00,0.00,63.00,0.00,0,95
647.05,1551936867,13649.84,51.48937312,7.40476997,173.61,13.25,0.00,90.46,0,-82.00,-7.00,0.00,0.00,57.00,0.00,0,426
