0.09,1551936216,0.00,51.45001889,7.48833719,251.27,9.57,0.00,163.62,1,-105.00,-8.00,5.00,10.00,27.00,13.00,12918809,429
1.06,1551936217,9.23,51.44992172,7.48836941,250.92,9.95,0.39,165.39,1,-106.00,-8.00,2.00,6.00,28.00,13.00,12918809,429
2.06,1551936218,19.18,51.44982747,7.48839575,250.54,10.72,0.77,167.24,1,-106.00,-8.00,2.00,6.00,28.00,13.00,12918809,429
3.06,1551936219,29.88,51.44973414,7.48841775,249.85,11.65,0.94,169.34,1,-105.00,-8.00,2.00,6.00,28.00,13.00,12918809,429
4.06,1551936220,41.53,51.44962324,7.48843449,249.60,12.30,0.65,171.30,1,-105.00,-8.00,2.00,6.00,28.00,13.00,12918809,429
5.06,1551936221,53.84,51.44951077,7.48845048,249.18,12.89,0.59,173.84,1,-104.00,-8.00,3.00,6.00,30.00,13.00,12918809,429
6.06,1551936222,66.73,51.44939041,7.48845926,249.24,13.46,0.58,176.05,1,-104.00,-8.00,3.00,6.00,30.00,13.00,12918809,429
7.06,1551936223,80.17,51.44926653,7.48846586,249.21,13.56,0.09,177.81,1,-101.00,-7.00,8.00,7.00,32.00,13.00,12918809,429
8.06,1551936224,93.73,51.44913122,7.48845834,249.57,14.33,0.78,180.05,1,-101.00,-7.00,8.00,7.00,32.00,13.00,12918809,429
9.06,1551936225,108.06,51.44899985,7.48844352,249.78,14.37,0.03,183.19,1,-98.00,-6.00,13.00,8.00,34.00,13.00,12918809,429
10.07,1551936226,122.63,51.44886738,7.48842140,250.04,14.64,0.27,185.45,1,-98.00,-6.00,13.00,8.00,34.00,13.00,12918809,429
11.05,1551936227,137.05,51.44872867,7.48838226,251.10,15.59,0.97,187.53,1,-97.00,-6.00,18.00,12.00,34.00,13.00,12918809,429
12.06,1551936228,152.66,51.44860010,7.48833379,252.20,13.47,-2.12,190.54,1,-97.00,-6.00,18.00,12.00,34.00,13.00,12918809,429
13.06,1551936229,166.13,51.44847731,7.48827772,253.02,13.91,0.44,192.80,1,-97.00,-5.00,14.00,9.00,33.00,13.00,12918809,429
14.06,1551936230,180.04,51.44835453,7.48821662,253.92,14.43,0.52,193.54,1,-97.00,-5.00,14.00,9.00,33.00,13.00,12918809,429
15.06,1551936231,194.58,51.44822765,7.48814958,254.71,14.44,0.01,194.51,1,-99.00,-5.00,10.00,9.00,32.00,13.00,12918809,429
16.06,1551936232,208.92,51.44810033,7.48808485,255.45,14.86,0.42,194.05,1,-99.00,-5.00,10.00,9.00,32.00,13.00,12918809,429
17.06,1551936233,223.79,51.44797765,7.48802722,256.29,14.31,-0.55,193.31,1,-99.00,-5.00,10.00,9.00,32.00,13.00,12918809,429
18.06,1551936234,238.09,51.44784902,7.48797529,256.61,14.57,0.26,191.97,1,-98.00,-6.00,14.00,11.00,34.00,13.00,12918809,429
19.06,1551936235,252.65,51.44772008,7.48793080,256.37,14.57,0.00,190.51,1,-98.00,-6.00,14.00,11.00,34.00,13.00,12918809,429
20.06,1551936236,267.28,51.44759556,7.48789987,256.60,14.97,0.40,187.74,1,-97.00,-6.00,11.00,14.00,35.00,13.00,12918809,429
21.06,1551936237,282.24,51.44746942,7.48788294,256.58,14.71,-0.25,184.63,1,-97.00,-6.00,11.00,14.00,35.00,13.00,12918809,429
22.06,1551936238,296.91,51.44734872,7.48787582,257.02,13.43,-1.29,182.48,1,-96.00,-6.00,21.00,10.00,36.00,13.00,12918809,429
23.06,1551936239,310.33,51.44722363,7.48788018,257.27,13.65,0.23,179.94,1,-96.00,-6.00,21.00,10.00,36.00,13.00,12918809,429
24.06,1551936240,323.98,51.44710040,7.48789207,257.44,14.40,0.75,176.97,1,-98.00,-6.00,12.00,10.00,33.00,13.00,12918809,429
25.06,1551936241,338.38,51.44697533,7.48791882,257.53,14.14,-0.26,174.08,1,-98.00,-6.00,12.00,10.00,33.00,13.00,12918809,429
26.06,1551936242,352.54,51.44685357,7.48795979,257.75,13.89,-0.25,171.06,1,-97.00,-7.00,8.00,10.00,36.00,13.00,12918809,429
27.05,1551936243,366.38,51.44672568,7.48801341,258.00,13.91,0.02,167.63,1,-97.00,-7.00,8.00,10.00,36.00,13.00,12918809,429
28.06,1551936244,380.33,51.44660271,7.48808182,258.26,14.39,0.48,164.44,1,-94.00,-6.00,12.00,12.00,39.00,13.00,12918809,429
29.06,1551936245,394.72,51.44648202,7.48816171,258.69,14.13,-0.26,161.20,1,-94.00,-6.00,12.00,12.00,39.00,13.00,12918809,429
30.06,1551936246,408.93,51.44635863,7.48826373,259.34,14.56,0.43,157.43,1,-90.00,-6.00,21.00,12.00,42.00,13.00,12918809,429
31.06,1551936247,423.45,51.44624126,7.48837548,259.99,14.58,0.02,153.81,1,-90.00,-6.00,21.00,12.00,42.00,13.00,12918809,429
32.06,1551936248,437.99,51.44612061,7.48850269,260.64,14.87,0.29,150.57,1,-96.00,-6.00,14.00,10.00,36.00,13.00,12918809,429
33.06,1551936249,452.87,51.44600173,7.48864950,261.20,15.10,0.23,147.37,1,-96.00,-6.00,14.00,10.00,36.00,13.00,12918809,429
34.06,1551936250,467.96,51.44588489,7.48880983,261.90,15.19,0.08,144.03,1,-92.00,-6.00,32.00,12.00,40.00,13.00,12918809,429
35.06,1551936251,483.15,51.44578065,7.48897782,262.70,15.27,0.08,140.37,1,-92.00,-6.00,32.00,12.00,40.00,13.00,12918809,429
36.06,1551936252,498.54,51.44568430,7.48914290,263.46,15.24,-0.03,137.33,1,-96.00,-6.00,23.00,14.00,36.00,13.00,12918809,429
37.06,1551936253,513.67,51.44559289,7.48931668,264.23,15.63,0.39,134.58,1,-96.00,-6.00,23.00,14.00,36.00,13.00,12918809,429
38.06,1551936254,529.28,51.44551143,7.48949215,265.11,15.54,-0.09,132.30,1,-96.00,-6.00,23.00,14.00,36.00,13.00,12918809,429
39.06,1551936255,544.82,51.44543070,7.48967612,265.89,15.44,-0.10,130.39,1,-99.00,-7.00,10.00,11.00,33.00,13.00,12918809,429
40.06,1551936256,560.32,51.44535052,7.48986612,266.57,15.27,-0.17,128.88,1,-99.00,-7.00,10.00,11.00,33.00,13.00,12918809,429
41.06,1551936257,575.58,51.44527555,7.49004183,267.02,14.98,-0.29,128.00,1,-99.00,-7.00,5.00,7.00,32.00,13.00,12918809,429
42.06,1551936258,590.50,51.44519465,7.49023058,267.62,15.08,0.10,127.36,1,-99.00,-7.00,5.00,7.00,32.00,13.00,12918809,429
43.06,1551936259,605.58,51.44511442,7.49041825,268.32,15.20,0.12,126.84,1,-101.00,-7.00,12.00,11.00,32.00,13.00,12918809,429
44.06,1551936260,620.80,51.44503227,7.49061018,269.14,14.98,-0.23,126.51,1,-101.00,-7.00,12.00,11.00,32.00,13.00,12918809,429
45.06,1551936261,635.76,51.44495194,7.49079245,269.85,14.47,-0.51,126.99,1,-99.00,-7.00,10.00,11.00,33.00,13.00,12918809,429
46.06,1551936262,650.22,51.44487883,7.49096234,270.56,13.72,-0.75,127.54,1,-99.00,-7.00,10.00,11.00,33.00,13.00,12918809,429
47.06,1551936263,663.94,51.44481988,7.49111186,271.11,12.27,-1.45,127.18,1,-101.00,-6.00,13.00,9.00,31.00,13.00,12918809,429
48.06,1551936264,676.22,51.44476327,7.49125073,271.68,10.74,-1.52,127.88,1,-101.00,-6.00,13.00,9.00,31.00,13.00,12918809,429
49.06,1551936265,686.95,51.44471259,7.49137206,272.34,8.84,-1.90,127.20,1,-103.00,-7.00,13.00,9.00,30.00,13.00,12918809,429
50.06,1551936266,695.82,51.44466931,7.49147375,272.95,7.13,-1.70,127.72,1,-103.00,-7.00,13.00,9.00,30.00,13.00,12918809,429
51.06,1551936267,702.96,51.44463688,7.49154857,273.69,5.06,-2.07,127.42,1,-102.00,-6.00,10.00,12.00,29.00,13.00,12918809,429
52.06,1551936268,708.00,51.44461716,7.49159488,273.75,3.02,-2.05,127.02,1,-102.00,-6.00,10.00,12.00,29.00,13.00,12918809,429
53.06,1551936269,711.02,51.44460574,7.49162021,273.84,1.33,-1.69,129.56,1,-101.00,-6.00,7.00,10.00,31.00,13.00,12918809,429
54.06,1551936270,712.34,51.44460574,7.49162021,273.85,0.00,-1.33,129.56,1,-101.00,-6.00,7.00,10.00,31.00,13.00,12918809,429
55.06,1551936271,712.34,51.44460574,7.49162021,273.86,0.00,0.00,129.56,1,-99.00,-7.00,14.00,10.00,34.00,13.00,12918809,429
56.05,1551936272,712.34,51.44460574,7.49162021,273.87,0.00,0.00,129.56,1,-99.00,-7.00,14.00,10.00,34.00,13.00,12918809,429
57.06,1551936273,712.34,51.44460574,7.49162021,273.88,0.00,0.00,129.56,1,-100.00,-7.00,13.00,10.00,32.00,13.00,12918809,429
58.06,1551936274,712.34,51.44460574,7.49162021,273.89,0.00,0.00,129.56,1,-100.00,-7.00,13.00,10.00,32.00,13.00,12918809,429
59.06,1551936275,712.34,51.44460574,7.49162021,273.90,0.00,0.00,129.56,1,-100.00,-7.00,13.00,10.00,32.00,13.00,12918809,429
60.06,1551936276,712.34,51.44460574,7.49162021,273.91,0.00,0.00,129.56,1,-102.00,-6.00,14.00,10.00,31.00,13.00,12918809,429
61.06,1551936277,712.34,51.44460574,7.49162021,273.92,0.00,0.00,129.56,1,-102.00,-6.00,14.00,10.00,31.00,13.00,12918809,429
62.06,1551936278,712.34,51.44460574,7.49162021,273.93,0.00,0.00,129.56,1,-101.00,-6.00,11.00,10.00,32.00,13.00,12918809,429
63.06,1551936279,712.34,51.44460574,7.49162021,273.94,0.00,0.00,129.56,1,-101.00,-6.00,11.00,10.00,32.00,13.00,12918809,429
64.06,1551936280,712.34,51.44460574,7.49162021,273.95,0.00,0.00,129.56,1,-103.00,-7.00,10.00,10.00,30.00,13.00,12918809,429
65.06,1551936281,712.34,51.44460574,7.49162021,273.96,0.00,0.00,129.56,1,-103.00,-7.00,10.00,10.00,30.00,13.00,12918809,429
66.06,1551936282,712.34,51.44460574,7.49162021,273.97,0.00,0.00,129.56,1,-104.00,-9.00,11.00,9.00,31.00,13.00,12918809,429
67.06,1551936283,712.34,51.44460574,7.49162021,273.98,0.00,0.00,129.56,1,-104.00,-9.00,11.00,9.00,31.00,13.00,12918809,429
68.06,1551936284,712.34,51.44460574,7.49162021,273.99,0.00,0.00,129.56,1,-103.00,-7.00,10.00,9.00,30.00,13.00,12918809,429
69.06,1551936285,712.34,51.44460574,7.49162021,274.12,0.00,0.00,129.56,1,-103.00,-7.00,10.00,9.00,30.00,13.00,12918809,429
70.06,1551936286,712.34,51.44460574,7.49162021,274.21,0.00,0.00,132.50,1,-101.00,-8.00,10.00,10.00,32.00,13.00,12918809,429
71.06,1551936287,712.34,51.44460574,7.49162021,275.04,0.00,0.00,133.13,1,-101.00,-8.00,10.00,10.00,32.00,13.00,12918809,429
72.06,1551936288,712.34,51.44453496,7.49171010,275.52,5.80,0.00,156.82,1,-99.00,-7.00,13.00,11.00,32.00,13.00,12918809,429
73.06,1551936289,718.12,51.44446993,7.49170883,275.62,6.84,1.05,184.70,1,-99.00,-7.00,13.00,11.00,32.00,13.00,12918809,429
74.06,1551936290,724.96,51.44440959,7.49165793,275.58,8.31,1.47,210.24,1,-90.00,-6.00,22.00,8.00,41.00,13.00,12918809,429
75.06,1551936291,733.27,51.44434245,7.49159503,275.74,8.86,0.55,213.56,1,-90.00,-6.00,22.00,8.00,41.00,13.00,12918809,429
76.06,1551936292,742.13,51.44427173,7.49150936,276.07,10.16,1.30,215.46,1,-89.00,-6.00,18.00,13.00,43.00,13.00,12918809,429
77.06,1551936293,752.30,51.44418688,7.49141404,275.99,11.40,1.24,215.82,1,-89.00,-6.00,18.00,13.00,43.00,13.00,12918809,429
78.06,1551936294,763.70,51.44409691,7.49131399,275.82,12.21,0.81,215.26,1,-86.00,-6.00,22.00,15.00,45.00,13.00,12918809,429
79.06,1551936295,775.91,51.44400218,7.49120736,275.46,13.03,0.82,214.55,1,-86.00,-6.00,22.00,15.00,45.00,13.00,12918809,429
80.06,1551936296,789.03,51.44390503,7.49109811,275.15,13.69,0.65,214.92,1,-81.00,-6.00,25.00,15.00,49.00,13.00,12918809,429
81.06,1551936297,802.68,51.44380338,7.49098260,274.87,14.16,0.47,215.52,1,-81.00,-6.00,25.00,15.00,49.00,13.00,12918809,429
82.06,1551936298,816.84,51.44369958,7.49086302,274.76,14.97,0.81,216.33,1,-81.00,-6.00,25.00,15.00,49.00,13.00,12918809,429
83.06,1551936299,831.76,51.44359151,7.49073179,274.70,15.30,0.32,216.48,1,-76.00,-5.00,22.00,15.00,58.00,13.00,12918809,429
84.06,1551936300,847.05,51.44348203,7.49060313,274.76,15.42,0.13,216.60,1,-76.00,-5.00,22.00,15.00,58.00,13.00,12918809,429
85.06,1551936301,862.48,51.44336830,7.49047093,274.96,15.54,0.12,216.86,1,-85.00,-5.00,17.00,13.00,48.00,13.00,12918809,429
86.06,1551936302,878.02,51.44325521,7.49033839,275.17,15.67,0.13,216.69,1,-85.00,-5.00,17.00,13.00,48.00,13.00,12918809,429
87.06,1551936303,893.69,51.44314256,7.49020721,275.42,15.62,-0.05,216.50,1,-92.00,-7.00,16.00,11.00,41.00,13.00,12918809,429
88.06,1551936304,909.33,51.44302757,7.49007053,275.89,15.65,0.03,216.82,1,-92.00,-7.00,16.00,11.00,41.00,13.00,12918809,429
89.06,1551936305,924.98,51.44290987,7.48993165,276.54,15.76,0.11,216.66,1,-88.00,-7.00,10.00,12.00,45.00,13.00,12918809,429
90.06,1551936306,940.74,51.44279937,7.48979633,276.97,16.12,0.36,216.32,1,-88.00,-7.00,10.00,12.00,45.00,13.00,12918809,429
91.05,1551936307,956.82,51.44269038,7.48966350,277.14,14.92,-1.20,217.04,1,-82.00,-7.00,16.00,13.00,52.00,13.00,12918809,429
92.06,1551936308,971.86,51.44258142,7.48952702,277.20,15.56,0.63,217.08,1,-82.00,-7.00,16.00,13.00,52.00,13.00,12918809,429
93.06,1551936309,987.32,51.44246696,7.48938369,276.96,15.77,0.21,217.45,1,-79.00,-6.00,9.00,11.00,52.00,13.00,12918809,429
94.05,1551936310,1003.05,51.44235692,7.48924619,276.82,15.49,-0.28,216.96,1,-79.00,-6.00,9.00,11.00,52.00,13.00,12918809,429
95.06,1551936311,1018.57,51.44225495,7.48911874,276.93,15.22,-0.26,217.23,1,-82.00,-7.00,20.00,15.00,51.00,13.00,12918809,429
96.06,1551936312,1033.81,51.44215298,7.48899215,276.36,15.55,0.32,217.70,1,-82.00,-7.00,20.00,15.00,51.00,13.00,12918809,429
97.06,1551936313,1049.35,51.44203111,7.48883774,276.26,15.73,0.18,218.96,1,-80.00,-8.00,24.00,15.00,53.00,13.00,12918809,429
98.06,1551936314,1065.08,51.44191878,7.48868047,276.67,15.25,-0.48,220.91,1,-80.00,-8.00,24.00,15.00,53.00,13.00,12918809,429
99.06,1551936315,1080.31,51.44181887,7.48852577,277.55,15.12,-0.13,222.95,1,-78.00,-7.00,14.00,15.00,55.00,13.00,12918809,429
100.06,1551936316,1095.43,51.44172740,7.48836787,278.41,14.40,-0.72,225.81,1,-78.00,-7.00,14.00,15.00,55.00,13.00,12918809,429
101.06,1551936317,1109.94,51.44163466,7.48819281,278.87,14.88,0.47,228.16,1,-79.00,-10.00,6.00,14.00,57.00,2.00,12918810,429
102.06,1551936318,1124.83,51.44154286,7.48801270,278.83,16.01,1.14,229.61,1,-79.00,-10.00,6.00,14.00,57.00,2.00,12918810,429
103.06,1551936319,1140.71,51.44145398,7.48783464,278.93,16.11,0.10,230.67,1,-79.00,-10.00,6.00,14.00,57.00,2.00,12918810,429
104.06,1551936320,1156.81,51.44136536,7.48764792,279.36,15.99,-0.12,231.32,1,-77.00,-6.00,26.00,15.00,55.00,2.00,12918810,431
105.06,1551936321,1172.82,51.44127662,7.48745281,279.39,15.79,-0.21,231.89,1,-77.00,-6.00,26.00,15.00,55.00,2.00,12918810,431
106.06,1551936322,1188.61,51.44118691,7.48726129,279.40,16.30,0.51,232.81,1,-80.00,-5.00,33.00,15.00,51.00,2.00,12918810,431
107.06,1551936323,1204.88,51.44109977,7.48708253,280.27,15.76,-0.54,232.58,1,-80.00,-5.00,33.00,15.00,51.00,2.00,12918810,431
108.06,1551936324,1220.64,51.44101930,7.48691323,281.03,15.56,-0.20,231.66,1,-78.00,-5.00,32.00,15.00,53.00,2.00,12918810,431
109.06,1551936325,1236.20,51.44093875,7.48674703,281.39,15.52,-0.04,232.17,1,-78.00,-5.00,32.00,15.00,53.00,2.00,12918810,431
110.06,1551936326,1251.72,51.44084575,7.48655674,281.97,15.68,0.16,232.79,1,-73.00,-5.00,27.00,15.00,56.00,2.00,12918810,431
111.06,1551936327,1267.40,51.44076436,7.48637803,282.33,15.32,-0.36,233.47,1,-73.00,-5.00,27.00,15.00,56.00,2.00,12918810,431
112.06,1551936328,1282.78,51.44068448,7.48620265,282.42,15.60,0.27,232.81,1,-75.00,-5.00,18.00,11.00,57.00,2.00,12918810,431
113.06,1551936329,1298.38,51.44060419,7.48602314,282.74,15.16,-0.44,233.22,1,-75.00,-5.00,18.00,11.00,57.00,2.00,12918810,431
114.06,1551936330,1313.49,51.44052012,7.48584449,283.17,15.43,0.27,232.89,1,-78.00,-9.00,14.00,12.00,57.00,2.00,12918810,431
115.06,1551936331,1328.92,51.44043309,7.48565882,283.93,14.91,-0.52,232.75,1,-78.00,-9.00,14.00,12.00,57.00,2.00,12918810,431
116.06,1551936332,1343.81,51.44035309,7.48548444,284.36,14.74,-0.16,233.14,1,-83.00,-8.00,21.00,14.00,50.00,2.00,12918810,431
117.06,1551936333,1358.57,51.44027483,7.48531262,285.35,14.78,0.03,233.64,1,-83.00,-8.00,21.00,14.00,50.00,2.00,12918810,431
118.06,1551936334,1373.33,51.44020145,7.48515569,285.74,14.50,-0.28,233.59,1,-77.00,-7.00,10.00,6.00,56.00,3.00,12918811,430
119.06,1551936335,1387.83,51.44011562,7.48497707,285.74,14.74,0.24,233.16,1,-77.00,-7.00,10.00,6.00,56.00,3.00,12918811,430
120.06,1551936336,1402.57,51.44003396,7.48479489,286.00,15.44,0.70,232.71,1,-77.00,-6.00,30.00,15.00,55.00,3.00,12918811,430
121.06,1551936337,1418.00,51.43995113,7.48462122,286.36,14.98,-0.46,232.88,1,-77.00,-6.00,30.00,15.00,55.00,3.00,12918811,430
122.07,1551936338,1433.16,51.43987244,7.48445695,286.09,14.80,-0.18,233.74,1,-78.00,-6.00,30.00,15.00,53.00,3.00,12918811,430
123.06,1551936339,1447.84,51.43979121,7.48428072,286.02,14.84,0.05,233.12,1,-78.00,-6.00,30.00,15.00,53.00,3.00,12918811,430
124.06,1551936340,1462.62,51.43970925,7.48410183,286.18,14.67,-0.18,232.73,1,-78.00,-6.00,30.00,15.00,53.00,3.00,12918811,430
125.06,1551936341,1477.29,51.43962337,7.48391128,286.58,15.29,0.62,233.11,1,-77.00,-6.00,25.00,15.00,54.00,3.00,12918811,430
126.06,1551936342,1492.58,51.43954483,7.48374045,286.73,15.22,-0.07,233.65,1,-77.00,-6.00,25.00,15.00,54.00,3.00,12918811,430
127.06,1551936343,1507.80,51.43946330,7.48356986,286.75,15.64,0.42,234.25,1,-77.00,-6.00,33.00,15.00,55.00,3.00,12918811,430
128.06,1551936344,1523.44,51.43938967,7.48339383,287.20,15.40,-0.24,235.55,1,-77.00,-6.00,33.00,15.00,55.00,3.00,12918811,430
129.06,1551936345,1538.84,51.43930718,7.48319090,287.44,15.69,0.29,236.30,1,-82.00,-6.00,34.00,15.00,51.00,3.00,12918811,430
130.06,1551936346,1554.53,51.43923001,7.48298858,287.43,15.33,-0.36,236.94,1,-82.00,-6.00,34.00,15.00,51.00,3.00,12918811,430
131.06,1551936347,1569.85,51.43915299,7.48278767,288.13,15.04,-0.29,237.64,1,-84.00,-5.00,34.00,15.00,47.00,3.00,12918811,430
132.05,1551936348,1584.88,51.43908284,7.48259228,288.36,15.19,0.15,237.96,1,-84.00,-5.00,34.00,15.00,47.00,3.00,12918811,430
133.06,1551936349,1600.20,51.43901151,7.48239772,289.03,15.32,0.13,238.65,1,-87.00,-5.00,33.00,11.00,43.00,3.00,12918811,430
134.06,1551936350,1615.41,51.43894688,7.48220003,289.20,15.20,-0.13,240.51,1,-87.00,-5.00,33.00,11.00,43.00,3.00,12918811,430
135.06,1551936351,1630.61,51.43887839,7.48200030,289.19,15.64,0.44,239.28,1,-95.00,-5.00,30.00,10.00,36.00,3.00,12918811,430
136.05,1551936352,1646.23,51.43881430,7.48181241,289.08,15.09,-0.55,238.80,1,-95.00,-5.00,30.00,10.00,36.00,3.00,12918811,430
137.06,1551936353,1661.33,51.43875099,7.48163170,288.83,14.44,-0.65,239.26,1,-101.00,-7.00,25.00,10.00,31.00,3.00,12918811,430
138.06,1551936354,1675.77,51.43868915,7.48145253,288.31,14.50,0.06,239.28,1,-101.00,-7.00,25.00,10.00,31.00,3.00,12918811,430
139.06,1551936355,1690.27,51.43862794,7.48126748,288.19,14.49,-0.01,240.19,1,-103.00,-7.00,27.00,8.00,29.00,3.00,12918811,430
140.06,1551936356,1704.76,51.43856459,7.48108086,288.41,14.63,0.14,239.98,1,-103.00,-7.00,27.00,8.00,29.00,3.00,12918811,430
141.06,1551936357,1719.39,51.43849895,7.48088435,288.87,14.76,0.13,240.73,1,-103.00,-7.00,26.00,8.00,29.00,3.00,12918811,430
142.06,1551936358,1734.15,51.43843270,7.48069156,289.80,15.34,0.58,240.52,1,-103.00,-7.00,26.00,8.00,29.00,3.00,12918811,430
143.07,1551936359,1749.72,51.43836491,7.48049775,290.29,15.43,0.08,240.76,1,-104.00,-7.00,4.00,8.00,27.00,3.00,12918811,430
144.06,1551936360,1764.93,51.43830474,7.48031484,290.32,15.51,0.08,240.97,1,-104.00,-7.00,4.00,8.00,27.00,3.00,12918811,430
145.06,1551936361,1780.44,51.43823531,7.48011195,290.37,15.36,-0.15,240.48,1,-104.00,-7.00,4.00,8.00,27.00,3.00,12918811,430
146.06,1551936362,1795.79,51.43816157,7.47990698,290.54,15.02,-0.34,239.64,1,-110.00,-12.00,0.00,7.00,27.00,3.00,12918811,430
147.06,1551936363,1810.80,51.43809913,7.47972875,290.11,14.02,-1.00,240.00,1,-110.00,-12.00,0.00,7.00,27.00,3.00,12918811,430
148.06,1551936364,1824.83,51.43803320,7.47954148,290.09,14.45,0.43,239.35,1,-110.00,-11.00,0.00,6.00,26.00,3.00,12918811,430
149.06,1551936365,1839.28,51.43797295,7.47937037,289.61,14.09,-0.36,240.00,1,-110.00,-11.00,0.00,6.00,26.00,3.00,12918811,430
150.06,1551936366,1853.39,51.43790650,7.47917864,289.71,14.87,0.78,240.68,1,-110.00,-11.00,-1.00,6.00,26.00,3.00,12918811,430
151.06,1551936367,1868.26,51.43784467,7.47899916,289.64,14.30,-0.58,240.28,1,-110.00,-11.00,-1.00,6.00,26.00,3.00,12918811,430
152.06,1551936368,1882.56,51.43777853,7.47880576,289.97,14.08,-0.21,240.55,1,-111.00,-12.00,0.00,6.00,26.00,3.00,12918811,430
153.07,1551936369,1896.75,51.43771513,7.47861360,290.44,14.18,0.10,241.10,1,-111.00,-12.00,0.00,6.00,26.00,3.00,12918811,430
154.06,1551936370,1910.80,51.43765765,7.47843668,290.66,14.15,-0.03,241.44,1,-110.00,-11.00,-3.00,7.00,27.00,3.00,12918811,430
155.06,1551936371,1924.97,51.43759274,7.47824430,291.09,15.01,0.86,238.33,1,-110.00,-11.00,-3.00,7.00,27.00,3.00,12918811,430
156.06,1551936372,1939.98,51.43752786,7.47806747,290.92,14.65,-0.36,239.07,1,-112.00,-14.00,-3.00,6.00,26.00,3.00,12918811,430
157.06,1551936373,1954.62,51.43746451,7.47788539,290.54,14.73,0.09,240.22,1,-112.00,-14.00,-3.00,6.00,26.00,3.00,12918811,430
158.06,1551936374,1969.39,51.43739761,7.47768297,290.02,14.84,0.10,240.92,1,-113.00,-13.00,-3.00,6.00,24.00,3.00,12918811,430
159.06,1551936375,1984.23,51.43733663,7.47748558,290.03,15.21,0.37,242.02,1,-113.00,-13.00,-3.00,6.00,24.00,3.00,12918811,430
160.06,1551936376,1999.42,51.43727485,7.47728856,289.69,15.44,0.23,241.36,1,-113.00,-13.00,-4.00,6.00,25.00,3.00,12918811,430
161.06,1551936377,2014.87,51.43722019,7.47709698,289.88,15.33,-0.11,244.22,1,-113.00,-13.00,-4.00,6.00,25.00,3.00,12918811,430
162.06,1551936378,2030.22,51.43717285,7.47689484,290.54,14.95,-0.38,248.25,1,-111.00,-11.00,-4.00,6.00,25.00,3.00,12918811,430
163.07,1551936379,2045.26,51.43713693,7.47669290,291.13,13.56,-1.38,252.09,1,-111.00,-11.00,-4.00,6.00,25.00,3.00,12918811,430
164.06,1551936380,2058.74,51.43713607,7.47649735,291.85,12.14,-1.43,268.03,1,-106.00,-7.00,5.00,7.00,27.00,3.00,12918811,430
165.06,1551936381,2070.84,51.43717492,7.47634944,292.23,9.59,-2.56,293.98,1,-106.00,-7.00,5.00,7.00,27.00,3.00,12918811,430
166.06,1551936382,2080.42,51.43723926,7.47622523,291.86,9.31,-0.28,313.97,1,-106.00,-7.00,5.00,7.00,27.00,3.00,12918811,430
167.06,1551936383,2089.72,51.43732970,7.47618615,290.89,8.97,-0.34,345.72,1,-103.00,-7.00,13.00,9.00,29.00,3.00,12918811,430
168.06,1551936384,2098.69,51.43743197,7.47618429,290.10,9.43,0.46,6.15,1,-103.00,-7.00,13.00,9.00,29.00,3.00,12918811,430
169.06,1551936385,2108.12,51.43752316,7.47625111,289.54,10.23,0.81,33.09,1,-90.00,-6.00,24.00,15.00,42.00,3.00,12918811,430
170.06,1551936386,2118.35,51.43758752,7.47636819,288.52,11.10,0.86,52.51,1,-90.00,-6.00,24.00,15.00,42.00,3.00,12918811,430
171.06,1551936387,2129.45,51.43764654,7.47648775,287.85,12.12,1.03,53.45,1,-85.00,-5.00,27.00,5.00,46.00,3.00,12918811,430
172.06,1551936388,2141.57,51.43771632,7.47664206,287.27,13.42,1.29,54.33,1,-85.00,-5.00,27.00,5.00,46.00,3.00,12918811,430
173.06,1551936389,2155.03,51.43779448,7.47681302,286.85,15.11,1.69,53.80,1,-87.00,-5.00,25.00,15.00,43.00,3.00,12918811,430
174.06,1551936390,2170.14,51.43788133,7.47699660,286.67,16.64,1.53,53.13,1,-87.00,-5.00,25.00,15.00,43.00,3.00,12918811,430
175.06,1551936391,2186.73,51.43797132,7.47718884,286.59,17.65,1.01,53.75,1,-85.00,-6.00,27.00,15.00,47.00,3.00,12918811,430
176.06,1551936392,2204.38,51.43806914,7.47740259,286.79,18.64,1.00,54.22,1,-85.00,-6.00,27.00,15.00,47.00,3.00,12918811,430
177.06,1551936393,2223.02,51.43817245,7.47763774,286.94,19.61,0.97,54.96,1,-84.00,-7.00,30.00,15.00,49.00,3.00,12918811,430
178.06,1551936394,2242.63,51.43827551,7.47788432,287.04,20.49,0.89,55.60,1,-84.00,-7.00,30.00,15.00,49.00,3.00,12918811,430
179.06,1551936395,2263.12,51.43838806,7.47814261,287.24,21.03,0.54,56.24,1,-88.00,-11.00,28.00,15.00,49.00,3.00,12918811,430
180.06,1551936396,2284.16,51.43850068,7.47840520,287.42,22.13,1.09,56.22,1,-88.00,-11.00,28.00,15.00,49.00,3.00,12918811,430
181.06,1551936397,2306.28,51.43861630,7.47867551,287.66,23.02,0.90,55.90,1,-93.00,-6.00,22.00,11.00,40.00,3.00,12918811,430
182.06,1551936398,2329.30,51.43873766,7.47895442,288.19,23.68,0.66,56.12,1,-93.00,-6.00,22.00,11.00,40.00,3.00,12918811,430
183.06,1551936399,2353.08,51.43886261,7.47924510,288.57,24.49,0.80,56.10,1,-92.00,-6.00,22.00,12.00,40.00,3.00,12918811,430
184.06,1551936400,2377.57,51.43898855,7.47954306,288.61,24.70,0.21,55.77,1,-92.00,-6.00,22.00,12.00,40.00,3.00,12918811,430
185.06,1551936401,2402.35,51.43911560,7.47984332,288.29,24.58,-0.12,55.51,1,-93.00,-6.00,22.00,12.00,39.00,3.00,12918811,430
186.06,1551936402,2426.75,51.43924631,7.48013046,288.05,24.66,0.09,53.99,1,-93.00,-6.00,22.00,12.00,39.00,3.00,12918811,430
187.06,1551936403,2451.41,51.43937341,7.48040851,287.96,24.63,-0.04,53.30,1,-93.00,-6.00,22.00,12.00,39.00,3.00,12918811,430
188.06,1551936404,2476.04,51.43950390,7.48068740,287.96,24.89,0.27,52.41,1,-95.00,-6.00,19.00,12.00,36.00,3.00,12918811,430
189.06,1551936405,2500.93,51.43964284,7.48096875,287.93,24.66,-0.24,50.72,1,-95.00,-6.00,19.00,12.00,36.00,3.00,12918811,430
190.06,1551936406,2525.59,51.43978016,7.48124768,287.75,24.41,-0.24,50.26,1,-91.00,-6.00,22.00,13.00,41.00,3.00,12918811,430
191.06,1551936407,2550.00,51.43991723,7.48151074,287.65,24.49,0.07,49.67,1,-91.00,-6.00,22.00,13.00,41.00,3.00,12918811,430
192.06,1551936408,2574.48,51.44005885,7.48177471,287.24,24.53,0.04,47.92,1,-90.00,-6.00,23.00,12.00,42.00,3.00,12918811,430
193.06,1551936409,2599.13,51.44020350,7.48203069,286.54,24.59,0.07,46.45,1,-90.00,-6.00,23.00,12.00,42.00,3.00,12918811,430
194.06,1551936410,2623.60,51.44035985,7.48226901,285.86,24.92,0.33,42.36,1,-87.00,-6.00,23.00,15.00,45.00,3.00,12918811,430
195.06,1551936411,2648.62,51.44051785,7.48250722,285.37,24.93,0.01,41.98,1,-87.00,-6.00,23.00,15.00,45.00,3.00,12918811,430
196.06,1551936412,2673.46,51.44067335,7.48273387,284.75,24.46,-0.47,41.19,1,-85.00,-6.00,18.00,12.00,47.00,3.00,12918811,430
197.06,1551936413,2697.92,51.44083081,7.48296194,284.06,24.34,-0.13,40.21,1,-85.00,-6.00,18.00,12.00,47.00,3.00,12918811,430
198.06,1551936414,2722.25,51.44099990,7.48318614,282.96,24.53,0.19,38.76,1,-82.00,-6.00,28.00,14.00,50.00,3.00,12918811,430
199.06,1551936415,2746.78,51.44117970,7.48340737,281.84,25.07,0.54,37.22,1,-82.00,-6.00,28.00,14.00,50.00,3.00,12918811,430
200.06,1551936416,2771.85,51.44136771,7.48361698,280.70,25.06,-0.00,34.55,1,-74.00,-5.00,31.00,15.00,59.00,3.00,12918811,430
201.06,1551936417,2796.91,51.44155941,7.48381443,279.68,24.94,-0.13,32.51,1,-74.00,-5.00,31.00,15.00,59.00,3.00,12918811,430
202.06,1551936418,2821.85,51.44174929,7.48400386,278.53,24.79,-0.15,31.26,1,-76.00,-6.00,27.00,15.00,54.00,3.00,12918811,430
203.06,1551936419,2846.74,51.44193676,7.48417888,277.87,24.50,-0.29,29.20,1,-76.00,-6.00,27.00,15.00,54.00,3.00,12918811,430
204.06,1551936420,2871.14,51.44211873,7.48434426,277.18,24.49,-0.01,27.73,1,-74.00,-6.00,19.00,15.00,57.00,3.00,12918811,430
205.06,1551936421,2895.73,51.44230705,7.48451354,276.56,24.70,0.21,26.89,1,-74.00,-6.00,19.00,15.00,57.00,3.00,12918811,430
206.06,1551936422,2920.55,51.44250296,7.48467153,276.27,24.92,0.21,26.05,1,-75.00,-7.00,26.00,15.00,55.00,3.00,12918811,430
207.06,1551936423,2945.27,51.44270275,7.48482067,276.13,24.91,-0.01,24.78,1,-75.00,-7.00,26.00,15.00,55.00,3.00,12918811,430
208.06,1551936424,2970.18,51.44290239,7.48497210,275.84,24.85,-0.06,24.37,1,-75.00,-7.00,26.00,15.00,55.00,3.00,12918811,430
209.06,1551936425,2995.03,51.44310161,7.48511980,275.47,24.60,-0.25,23.95,1,-80.00,-8.00,13.00,12.00,56.00,3.00,12918811,430
210.06,1551936426,3019.61,51.44330480,7.48525972,275.06,24.32,-0.28,23.28,1,-80.00,-8.00,13.00,12.00,56.00,3.00,12918811,430
211.06,1551936427,3043.93,51.44350524,7.48539679,274.57,24.14,-0.19,23.16,1,-81.00,-6.00,15.00,6.00,51.00,2.00,12918809,429
212.06,1551936428,3068.06,51.44369918,7.48553007,274.00,23.02,-1.12,23.06,1,-81.00,-6.00,15.00,6.00,51.00,2.00,12918809,429
213.06,1551936429,3091.17,51.44388344,7.48565850,273.19,21.74,-1.28,22.39,1,-68.00,-6.00,26.00,15.00,63.00,2.00,12918809,429
214.06,1551936430,3112.82,51.44405097,7.48577248,272.39,19.31,-2.44,22.32,1,-68.00,-6.00,26.00,15.00,63.00,2.00,12918809,429
215.06,1551936431,3132.21,51.44421274,7.48586704,271.45,17.47,-1.83,21.46,1,-71.00,-6.00,32.00,15.00,61.00,2.00,12918809,429
216.06,1551936432,3149.62,51.44434877,7.48596118,270.62,16.37,-1.10,23.60,1,-71.00,-6.00,32.00,15.00,61.00,2.00,12918809,429
217.06,1551936433,3165.99,51.44448422,7.48608054,269.69,16.27,-0.10,27.53,1,-69.00,-5.00,33.00,15.00,62.00,2.00,12918809,429
218.06,1551936434,3182.26,51.44458011,7.48623496,268.67,15.07,-1.20,45.76,1,-69.00,-5.00,33.00,15.00,62.00,2.00,12918809,429
219.06,1551936435,3197.35,51.44464590,7.48640439,267.61,14.12,-0.95,59.94,1,-73.00,-5.00,32.00,15.00,58.00,2.00,12918809,429
220.06,1551936436,3211.45,51.44468342,7.48659238,266.69,13.98,-0.14,74.17,1,-73.00,-5.00,32.00,15.00,58.00,2.00,12918809,429
221.06,1551936437,3225.43,51.44468883,7.48679070,266.16,14.20,0.22,89.99,1,-78.00,-6.00,30.00,15.00,51.00,2.00,12918809,429
222.06,1551936438,3239.64,51.44465652,7.48699405,265.83,14.37,0.17,106.47,1,-78.00,-6.00,30.00,15.00,51.00,2.00,12918809,429
223.06,1551936439,3254.06,51.44460021,7.48716105,265.57,14.36,-0.02,121.35,1,-79.00,-6.00,33.00,15.00,50.00,2.00,12918809,429
224.06,1551936440,3268.36,51.44453583,7.48733061,265.41,14.34,-0.02,124.72,1,-79.00,-6.00,33.00,15.00,50.00,2.00,12918809,429
225.06,1551936441,3282.76,51.44443059,7.48744462,265.50,14.30,-0.04,149.71,1,-63.00,-5.00,35.00,15.00,63.00,2.00,12918809,429
226.06,1551936442,3297.01,51.44429713,7.48753452,265.40,14.70,0.40,163.09,1,-63.00,-5.00,35.00,15.00,63.00,2.00,12918809,429
227.06,1551936443,3311.80,51.44417742,7.48754244,265.29,14.89,0.19,179.38,1,-66.00,-5.00,33.00,15.00,63.00,2.00,12918809,429
228.06,1551936444,3326.58,51.44406223,7.48750061,265.30,13.86,-1.03,192.86,1,-66.00,-5.00,33.00,15.00,63.00,2.00,12918809,429
229.06,1551936445,3340.44,51.44395315,7.48738537,264.91,14.71,0.85,215.40,1,-66.00,-5.00,33.00,15.00,63.00,2.00,12918809,429
230.06,1551936446,3355.16,51.44384736,7.48724154,265.13,15.99,1.27,219.12,1,-72.00,-5.00,34.00,15.00,56.00,2.00,12918809,429
231.06,1551936447,3371.15,51.44378006,7.48703717,265.39,15.28,-0.70,246.03,1,-72.00,-5.00,34.00,15.00,56.00,2.00,12918809,429
232.06,1551936448,3386.43,51.44375880,7.48683031,265.91,15.31,0.02,264.09,1,-78.00,-5.00,30.00,15.00,53.00,2.00,12918809,429
233.06,1551936449,3401.74,51.44374575,7.48660865,266.38,15.76,0.45,266.03,1,-78.00,-5.00,30.00,15.00,53.00,2.00,12918809,429
234.06,1551936450,3417.54,51.44373604,7.48637017,266.94,16.37,0.62,267.26,1,-77.00,-6.00,30.00,15.00,52.00,2.00,12918809,429
235.06,1551936451,3433.93,51.44372726,7.48611913,267.46,17.15,0.78,267.66,1,-77.00,-6.00,30.00,15.00,52.00,2.00,12918809,429
236.06,1551936452,3451.02,51.44371846,7.48585736,267.84,17.93,0.78,267.19,1,-80.00,-6.00,32.00,15.00,52.00,2.00,12918809,429
237.06,1551936453,3468.95,51.44371071,7.48560688,267.96,18.46,0.53,267.05,1,-80.00,-6.00,32.00,15.00,52.00,2.00,12918809,429
238.06,1551936454,3487.40,51.44370126,7.48530671,267.82,19.59,1.13,267.48,1,-90.00,-6.00,29.00,14.00,41.00,2.00,12918809,429
239.06,1551936455,3506.99,51.44369393,7.48504220,267.84,19.43,-0.16,267.85,1,-90.00,-6.00,29.00,14.00,41.00,2.00,12918809,429
240.06,1551936456,3526.42,51.44368724,7.48475068,268.62,20.19,0.76,267.28,1,-84.00,-6.00,25.00,12.00,47.00,2.00,12918809,429
241.06,1551936457,3546.60,51.44368717,7.48445290,269.15,21.81,1.62,269.71,1,-84.00,-6.00,25.00,12.00,47.00,2.00,12918809,429
242.06,1551936458,3568.41,51.44369010,7.48413265,269.88,22.67,0.86,268.87,1,-73.00,-4.00,25.00,15.00,58.00,2.00,12918809,429
243.06,1551936459,3591.08,51.44368794,7.48379827,270.27,23.23,0.56,268.37,1,-73.00,-4.00,25.00,15.00,58.00,2.00,12918809,429
244.06,1551936460,3614.40,51.44368628,7.48345163,270.28,23.79,0.56,268.10,1,-81.00,-8.00,19.00,8.00,53.00,2.00,12918809,429
245.06,1551936461,3638.20,51.44368078,7.48309720,270.27,24.40,0.60,267.90,1,-81.00,-8.00,19.00,8.00,53.00,2.00,12918809,429
246.06,1551936462,3662.52,51.44366989,7.48272455,270.24,25.39,0.99,267.18,1,-88.00,-10.00,10.00,11.00,46.00,2.00,12918809,429
247.06,1551936463,3687.91,51.44365909,7.48234831,270.22,26.44,1.05,266.82,1,-88.00,-10.00,10.00,11.00,46.00,2.00,12918809,429
248.06,1551936464,3714.53,51.44364658,7.48195952,270.11,27.45,1.00,267.09,1,-89.00,-10.00,8.00,12.00,46.00,2.00,12918809,429
249.06,1551936465,3741.76,51.44363758,7.48157610,269.46,27.83,0.39,266.47,1,-89.00,-10.00,8.00,12.00,46.00,2.00,12918809,429
250.06,1551936466,3769.59,51.44362327,7.48117915,268.60,28.45,0.62,266.01,1,-89.00,-10.00,8.00,12.00,46.00,2.00,12918809,429
251.06,1551936467,3798.04,51.44360598,7.48076566,267.70,28.79,0.33,266.28,1,-91.00,-7.00,15.00,10.00,41.00,7.00,12918811,430
252.06,1551936468,3826.83,51.44358217,7.48035334,266.68,29.39,0.60,264.35,1,-91.00,-7.00,15.00,10.00,41.00,7.00,12918811,430
253.06,1551936469,3856.22,51.44355606,7.47992939,265.49,29.96,0.57,263.39,1,-88.00,-5.00,17.00,12.00,43.00,7.00,12918811,430
254.06,1551936470,3886.29,51.44352188,7.47949263,264.50,30.39,0.43,263.12,1,-88.00,-5.00,17.00,12.00,43.00,7.00,12918811,430
255.06,1551936471,3916.68,51.44348686,7.47905069,263.74,30.90,0.51,263.61,1,-85.00,-6.00,22.00,12.00,45.00,7.00,12918811,430
256.06,1551936472,3947.45,51.44345038,7.47859510,263.19,31.62,0.72,263.34,1,-85.00,-6.00,22.00,12.00,45.00,7.00,12918811,430
257.06,1551936473,3979.07,51.44341360,7.47813217,262.61,32.48,0.87,262.82,1,-82.00,-5.00,23.00,15.00,46.00,7.00,12918811,430
258.06,1551936474,4011.55,51.44337226,7.47766994,262.11,32.33,-0.15,261.99,1,-82.00,-5.00,23.00,15.00,46.00,7.00,12918811,430
259.06,1551936475,4043.88,51.44333289,7.47721889,261.71,31.57,-0.77,261.94,1,-88.00,-6.00,19.00,15.00,43.00,7.00,12918811,430
260.06,1551936476,4075.45,51.44329293,7.47677496,261.33,30.89,-0.68,261.06,1,-88.00,-6.00,19.00,15.00,43.00,7.00,12918811,430
261.06,1551936477,4106.36,51.44325461,7.47634576,260.75,29.92,-0.97,261.14,1,-84.00,-5.00,23.00,15.00,47.00,7.00,12918811,430
262.06,1551936478,4136.25,51.44321090,7.47593095,259.95,29.33,-0.59,260.65,1,-84.00,-5.00,23.00,15.00,47.00,7.00,12918811,430
263.06,1551936479,4165.59,51.44316815,7.47552036,259.04,28.94,-0.40,260.46,1,-83.00,-6.00,25.00,15.00,48.00,7.00,12918811,430
264.06,1551936480,4194.64,51.44312701,7.47511976,258.01,28.58,-0.35,259.77,1,-83.00,-6.00,25.00,15.00,48.00,7.00,12918811,430
265.06,1551936481,4223.22,51.44308156,7.47472036,256.97,28.48,-0.10,259.30,1,-98.00,-6.00,13.00,8.00,34.00,7.00,12918811,430
266.06,1551936482,4251.59,51.44302789,7.47431822,255.95,28.67,0.19,257.82,1,-98.00,-6.00,13.00,8.00,34.00,7.00,12918811,430
267.06,1551936483,4280.28,51.44297258,7.47390933,255.22,28.70,0.03,257.72,1,-105.00,-11.00,7.00,8.00,33.00,13.00,12935194,430
268.06,1551936484,4308.99,51.44291743,7.47349584,254.68,28.90,0.20,258.17,1,-105.00,-11.00,7.00,8.00,33.00,13.00,12935194,430
269.07,1551936485,4338.15,51.44286158,7.47307723,254.20,29.40,0.49,258.55,1,-100.00,-7.00,8.00,6.00,32.00,13.00,12935194,397
270.06,1551936486,4367.28,51.44281092,7.47265662,253.69,30.04,0.64,259.01,1,-100.00,-7.00,8.00,6.00,32.00,13.00,12935194,397
271.06,1551936487,4397.32,51.44275932,7.47223038,252.94,30.77,0.73,258.22,1,-100.00,-7.00,8.00,6.00,32.00,13.00,12935194,397
272.06,1551936488,4428.05,51.44269622,7.47179201,252.13,31.10,0.33,256.82,1,-103.00,-6.00,20.00,9.00,27.00,13.00,12935194,397
273.06,1551936489,4459.15,51.44263241,7.47134767,251.49,31.15,0.06,257.08,1,-103.00,-6.00,20.00,9.00,27.00,13.00,12935194,397
274.06,1551936490,4490.33,51.44257033,7.47091357,250.70,31.42,0.26,257.29,1,-111.00,-9.00,4.00,8.00,24.00,13.00,12935194,397
275.06,1551936491,4522.00,51.44250637,7.47046350,249.92,31.73,0.31,257.44,1,-111.00,-9.00,4.00,8.00,24.00,13.00,12935194,397
276.06,1551936492,4553.51,51.44244347,7.47001719,248.93,32.02,0.29,257.72,1,-113.00,-11.00,-3.00,5.00,23.00,12.00,12935170,397
277.06,1551936493,4585.56,51.44238083,7.46956748,247.72,32.00,-0.02,257.73,1,-113.00,-11.00,-3.00,5.00,23.00,12.00,12935170,397
278.06,1551936494,4617.53,51.44232351,7.46911611,246.36,32.20,0.20,258.00,1,-99.00,-8.00,3.00,6.00,33.00,12.00,12935170,448
279.06,1551936495,4649.76,51.44226631,7.46865629,245.13,32.42,0.23,258.18,1,-99.00,-8.00,3.00,6.00,33.00,12.00,12935170,448
280.06,1551936496,4682.09,51.44220853,7.46819246,244.02,32.35,-0.07,258.62,1,-99.00,-8.00,19.00,9.00,34.00,12.00,12935170,448
281.06,1551936497,4714.44,51.44215191,7.46773559,242.84,32.35,0.00,258.80,1,-99.00,-8.00,19.00,9.00,34.00,12.00,12935170,448
282.06,1551936498,4746.82,51.44209570,7.46727663,241.66,32.28,-0.07,258.68,1,-102.00,-9.00,2.00,7.00,32.00,12.00,12935170,448
283.06,1551936499,4779.11,51.44204458,7.46681551,240.54,32.29,0.01,259.23,1,-102.00,-9.00,2.00,7.00,32.00,12.00,12935170,448
284.06,1551936500,4811.43,51.44199479,7.46635324,239.39,32.50,0.21,259.83,1,-96.00,-10.00,-3.00,6.00,39.00,12.00,12935170,448
285.06,1551936501,4844.16,51.44194950,7.46588903,238.35,32.79,0.29,260.50,1,-96.00,-10.00,-3.00,6.00,39.00,12.00,12935170,448
286.06,1551936502,4876.72,51.44190404,7.46541217,237.50,33.26,0.47,261.09,1,-85.00,-20.00,-7.00,4.00,50.00,12.00,12935170,448
287.06,1551936503,4910.01,51.44185912,7.46493809,236.50,33.43,0.17,261.40,1,-85.00,-20.00,-7.00,4.00,50.00,12.00,12935170,448
288.06,1551936504,4943.48,51.44182066,7.46446048,235.50,33.76,0.33,262.24,1,-103.00,-11.00,-3.00,7.00,34.00,12.00,12935170,448
289.06,1551936505,4977.27,51.44178247,7.46397979,234.64,33.42,-0.34,262.71,1,-103.00,-11.00,-3.00,7.00,34.00,12.00,12935170,448
290.07,1551936506,5010.85,51.44174850,7.46349927,234.03,33.44,0.03,263.26,1,-102.00,-11.00,0.00,7.00,34.00,12.00,12935170,448
291.06,1551936507,5044.03,51.44171520,7.46301897,233.50,33.32,-0.13,263.87,1,-102.00,-11.00,0.00,7.00,34.00,12.00,12935170,448
292.06,1551936508,5077.38,51.44168716,7.46254328,233.17,33.27,-0.05,264.36,1,-102.00,-11.00,0.00,7.00,34.00,12.00,12935170,448
293.06,1551936509,5110.61,51.44165889,7.46206895,232.78,33.28,0.01,265.07,1,-98.00,-12.00,-1.00,7.00,38.00,12.00,12935170,448
294.06,1551936510,5143.92,51.44163692,7.46159275,232.54,32.97,-0.30,265.72,1,-98.00,-12.00,-1.00,7.00,38.00,12.00,12935170,448
295.06,1551936511,5177.06,51.44161460,7.46112541,232.33,32.52,-0.46,265.85,1,-97.00,-12.00,1.00,7.00,40.00,12.00,12935170,448
296.06,1551936512,5209.35,51.44159468,7.46066384,231.98,32.30,-0.22,266.46,1,-97.00,-12.00,1.00,7.00,40.00,12.00,12935170,448
297.06,1551936513,5241.71,51.44158076,7.46020189,231.60,32.25,-0.05,267.03,1,-96.00,-13.00,-3.00,7.00,42.00,11.00,12935171,448
298.06,1551936514,5273.93,51.44156686,7.45973835,231.36,31.91,-0.33,267.56,1,-96.00,-13.00,-3.00,7.00,42.00,11.00,12935171,448
299.06,1551936515,5305.81,51.44155667,7.45928166,231.15,31.82,-0.09,268.09,1,-89.00,-7.00,24.00,9.00,44.00,11.00,12935171,449
300.06,1551936516,5337.60,51.44154762,7.45882538,230.85,31.91,0.08,268.25,1,-89.00,-7.00,24.00,9.00,44.00,11.00,12935171,449
301.06,1551936517,5369.54,51.44153981,7.45836668,230.52,32.05,0.14,268.71,1,-90.00,-8.00,18.00,11.00,43.00,11.00,12935171,449
302.06,1551936518,5401.56,51.44153824,7.45789254,230.34,32.44,0.40,269.51,1,-90.00,-8.00,18.00,11.00,43.00,11.00,12935171,449
303.06,1551936519,5434.06,51.44153768,7.45741609,230.30,32.84,0.40,270.18,1,-88.00,-11.00,-1.00,6.00,47.00,13.00,14301697,54
304.06,1551936520,5466.91,51.44153811,7.45694422,230.29,33.33,0.49,270.29,1,-88.00,-11.00,-1.00,6.00,47.00,13.00,14301697,54
305.06,1551936521,5500.44,51.44153594,7.45645532,230.40,33.65,0.32,270.44,1,-85.00,-13.00,12.00,11.00,49.00,13.00,14301697,54
306.06,1551936522,5533.85,51.44153737,7.45597684,230.54,33.32,-0.33,270.23,1,-85.00,-13.00,12.00,11.00,49.00,13.00,14301697,54
307.06,1551936523,5567.17,51.44154594,7.45550531,230.62,32.98,-0.34,271.10,1,-86.00,-6.00,11.00,9.00,44.00,13.00,14301697,54
308.06,1551936524,5600.18,51.44155171,7.45504159,230.77,32.90,-0.08,271.66,1,-86.00,-6.00,11.00,9.00,44.00,13.00,14301697,54
309.06,1551936525,5633.01,51.44156589,7.45455963,230.95,33.13,0.23,272.62,1,-85.00,-5.00,13.00,13.00,44.00,13.00,14301697,54
310.06,1551936526,5666.14,51.44157820,7.45407896,230.93,33.26,0.14,273.38,1,-85.00,-5.00,13.00,13.00,44.00,13.00,14301697,54
311.06,1551936527,5699.67,51.44160214,7.45360224,230.72,33.38,0.11,274.63,1,-86.00,-6.00,10.00,14.00,43.00,13.00,14301697,54
312.06,1551936528,5732.78,51.44162637,7.45312449,230.36,33.37,-0.00,274.77,1,-86.00,-6.00,10.00,14.00,43.00,13.00,14301697,54
313.06,1551936529,5766.15,51.44166012,7.45263749,229.91,32.95,-0.42,275.77,1,-86.00,-6.00,10.00,14.00,43.00,13.00,14301697,54
314.06,1551936530,5799.10,51.44168825,7.45218254,229.67,32.51,-0.44,276.25,1,-82.00,-5.00,18.00,11.00,44.00,13.00,14301697,54
315.06,1551936531,5831.71,51.44171798,7.45172076,229.40,32.01,-0.49,276.28,1,-82.00,-5.00,18.00,11.00,44.00,13.00,14301697,54
316.06,1551936532,5863.76,51.44175145,7.45126139,229.29,31.74,-0.27,277.00,1,-78.00,-5.00,18.00,11.00,47.00,13.00,14301697,54
317.06,1551936533,5895.37,51.44178698,7.45080785,229.12,31.55,-0.20,277.55,1,-78.00,-5.00,18.00,11.00,47.00,13.00,14301697,54
318.05,1551936534,5926.82,51.44182282,7.45035776,228.92,31.50,-0.05,277.69,1,-76.00,-5.00,19.00,15.00,51.00,13.00,14301697,54
319.06,1551936535,5958.42,51.44186303,7.44990853,228.46,31.57,0.07,278.03,1,-76.00,-5.00,19.00,15.00,51.00,13.00,14301697,54
320.06,1551936536,5989.99,51.44190300,7.44945872,227.78,31.64,0.07,278.01,1,-74.00,-5.00,19.00,15.00,55.00,13.00,14301697,54
321.05,1551936537,6021.54,51.44194406,7.44900709,227.07,31.85,0.20,278.32,1,-74.00,-5.00,19.00,15.00,55.00,13.00,14301697,54
322.06,1551936538,6053.48,51.44199095,7.44855429,226.49,32.26,0.42,279.19,1,-72.00,-5.00,24.00,15.00,58.00,13.00,14301697,54
323.06,1551936539,6085.75,51.44203772,7.44809258,226.11,32.67,0.40,279.97,1,-72.00,-5.00,24.00,15.00,58.00,13.00,14301697,54
324.06,1551936540,6118.41,51.44209120,7.44762606,225.69,33.11,0.44,280.30,1,-71.00,-5.00,28.00,15.00,59.00,13.00,14301697,54
325.06,1551936541,6151.65,51.44214597,7.44715788,225.29,33.49,0.38,281.03,1,-71.00,-5.00,28.00,15.00,59.00,13.00,14301697,54
326.06,1551936542,6185.08,51.44220856,7.44668008,224.91,34.08,0.60,281.64,1,-67.00,-5.00,26.00,15.00,63.00,13.00,14301697,54
327.06,1551936543,6219.09,51.44227673,7.44619642,224.52,34.71,0.63,282.71,1,-67.00,-5.00,26.00,15.00,63.00,13.00,14301697,54
328.06,1551936544,6253.94,51.44234661,7.44570747,224.18,34.92,0.21,282.85,1,-68.00,-6.00,29.00,15.00,63.00,13.00,14301697,54
329.06,1551936545,6288.72,51.44242509,7.44522546,223.88,34.96,0.04,284.19,1,-68.00,-6.00,29.00,15.00,63.00,13.00,14301697,54
330.06,1551936546,6323.68,51.44251020,7.44473370,223.81,34.46,-0.50,285.30,1,-66.00,-6.00,22.00,15.00,63.00,13.00,14301697,54
331.06,1551936547,6358.18,51.44259258,7.44425636,223.90,33.81,-0.65,285.31,1,-66.00,-6.00,22.00,15.00,63.00,13.00,14301697,54
332.06,1551936548,6392.20,51.44267240,7.44377867,224.07,33.77,-0.05,285.04,1,-57.00,-5.00,27.00,15.00,63.00,13.00,14301697,54
333.06,1551936549,6425.73,51.44275072,7.44330479,224.29,33.67,-0.10,285.11,1,-57.00,-5.00,27.00,15.00,63.00,13.00,14301697,54
334.06,1551936550,6459.40,51.44282778,7.44283939,224.35,33.44,-0.23,285.43,1,-57.00,-5.00,27.00,15.00,63.00,13.00,14301697,54
335.06,1551936551,6492.97,51.44290659,7.44237547,224.22,33.56,0.13,285.88,1,-57.00,-4.00,28.00,11.00,63.00,13.00,14301697,54
336.06,1551936552,6526.50,51.44299105,7.44191061,223.78,33.55,-0.01,286.31,1,-57.00,-4.00,28.00,11.00,63.00,13.00,14301697,54
337.06,1551936553,6559.95,51.44307586,7.44145006,223.17,33.05,-0.50,286.53,1,-73.00,-10.00,18.00,12.00,63.00,13.00,14301697,54
338.06,1551936554,6593.00,51.44316511,7.44100055,222.77,32.54,-0.51,287.31,1,-73.00,-10.00,18.00,12.00,63.00,13.00,14301697,54
339.06,1551936555,6625.54,51.44325251,7.44056369,222.16,32.07,-0.47,287.74,1,-63.00,-6.00,10.00,6.00,63.00,1.00,14301699,56
340.06,1551936556,6657.62,51.44333974,7.44012838,221.64,31.75,-0.33,287.94,1,-63.00,-6.00,10.00,6.00,63.00,1.00,14301699,56
341.06,1551936557,6689.36,51.44342666,7.43969838,221.01,31.64,-0.11,287.76,1,-65.00,-5.00,25.00,11.00,63.00,1.00,14301699,56
342.06,1551936558,6721.03,51.44351431,7.43926551,220.36,31.70,0.06,287.66,1,-65.00,-5.00,25.00,11.00,63.00,1.00,14301699,56
343.06,1551936559,6752.71,51.44360089,7.43882548,219.52,32.05,0.35,287.95,1,-60.00,-5.00,34.00,15.00,63.00,1.00,14301699,56
344.06,1551936560,6784.79,51.44369318,7.43838184,218.60,32.45,0.40,288.45,1,-60.00,-5.00,34.00,15.00,63.00,1.00,14301699,56
345.06,1551936561,6817.33,51.44378949,7.43793721,217.73,32.64,0.20,288.31,1,-65.00,-5.00,32.00,15.00,63.00,1.00,14301699,56
346.06,1551936562,6849.98,51.44389457,7.43749108,216.77,33.31,0.66,290.06,1,-65.00,-5.00,32.00,15.00,63.00,1.00,14301699,56
347.06,1551936563,6883.15,51.44400181,7.43704230,215.69,33.74,0.43,290.80,1,-70.00,-5.00,29.00,15.00,61.00,1.00,14301699,56
348.06,1551936564,6916.89,51.44411789,7.43659150,214.49,34.17,0.44,291.65,1,-70.00,-5.00,29.00,15.00,61.00,1.00,14301699,56
349.06,1551936565,6951.06,51.44423381,7.43614443,213.30,34.05,-0.13,292.19,1,-76.00,-6.00,30.00,12.00,54.00,1.00,14301699,56
350.06,1551936566,6985.11,51.44434858,7.43569672,212.29,34.02,-0.03,291.82,1,-76.00,-6.00,30.00,12.00,54.00,1.00,14301699,56
351.06,1551936567,7019.13,51.44448072,7.43524729,211.63,34.51,0.49,294.55,1,-79.00,-6.00,25.00,15.00,49.00,1.00,14301699,56
352.06,1551936568,7053.64,51.44461125,7.43479682,210.50,34.73,0.21,294.71,1,-79.00,-6.00,25.00,15.00,49.00,1.00,14301699,56
353.06,1551936569,7088.64,51.44474514,7.43433629,209.40,34.76,0.03,295.17,1,-81.00,-6.00,21.00,11.00,49.00,1.00,14301699,56
354.06,1551936570,7123.12,51.44488411,7.43388947,208.33,34.67,-0.09,296.24,1,-81.00,-6.00,21.00,11.00,49.00,1.00,14301699,56
355.06,1551936571,7157.89,51.44502729,7.43345490,207.05,34.21,-0.45,297.76,1,-81.00,-6.00,21.00,11.00,49.00,1.00,14301699,56
356.06,1551936572,7192.14,51.44516908,7.43302921,205.64,33.53,-0.68,298.34,1,-86.00,-6.00,10.00,12.00,45.00,1.00,14301699,56
357.05,1551936573,7225.50,51.44532536,7.43260881,204.12,33.47,-0.06,300.70,1,-86.00,-6.00,10.00,12.00,45.00,1.00,14301699,56
358.06,1551936574,7259.01,51.44548937,7.43218600,202.49,33.71,0.23,302.02,1,-88.00,-5.00,15.00,11.00,43.00,1.00,14301699,56
359.06,1551936575,7292.72,51.44565577,7.43177897,200.80,33.77,0.07,303.36,1,-88.00,-5.00,15.00,11.00,43.00,1.00,14301699,56
360.06,1551936576,7326.49,51.44583090,7.43137596,199.37,33.55,-0.22,304.75,1,-89.00,-5.00,12.00,11.00,42.00,1.00,14301699,56
361.06,1551936577,7360.04,51.44600820,7.43098373,198.00,33.00,-0.55,306.65,1,-89.00,-5.00,12.00,11.00,42.00,1.00,14301699,56
362.06,1551936578,7393.04,51.44618362,7.43058944,196.76,33.22,0.22,307.55,1,-88.00,-5.00,13.00,11.00,42.00,1.00,14301699,56
363.06,1551936579,7426.26,51.44636994,7.43020563,195.72,33.76,0.54,309.35,1,-88.00,-5.00,13.00,11.00,42.00,1.00,14301699,56
364.06,1551936580,7460.05,51.44655819,7.42982616,194.72,33.72,-0.04,309.77,1,-89.00,-6.00,11.00,8.00,41.00,1.00,14301699,56
365.06,1551936581,7493.87,51.44675478,7.42946481,193.64,33.90,0.18,311.36,1,-89.00,-6.00,11.00,8.00,41.00,1.00,14301699,56
366.06,1551936582,7527.77,51.44696325,7.42911051,192.44,33.81,-0.08,313.46,1,-95.00,-7.00,16.00,12.00,37.00,1.00,14301699,56
367.06,1551936583,7561.48,51.44717183,7.42876189,191.28,33.59,-0.22,314.17,1,-95.00,-7.00,16.00,12.00,37.00,1.00,14301699,56
368.06,1551936584,7595.07,51.44739066,7.42843105,190.06,33.89,0.30,315.74,1,-98.00,-7.00,10.00,10.00,35.00,1.00,14301699,56
369.06,1551936585,7628.96,51.44762292,7.42810045,188.85,34.45,0.56,317.84,1,-98.00,-7.00,10.00,10.00,35.00,1.00,14301699,56
370.06,1551936586,7663.44,51.44785426,7.42777081,187.72,34.26,-0.19,318.48,1,-105.00,-10.00,17.00,4.00,30.00,1.00,14301699,56
371.06,1551936587,7697.67,51.44808336,7.42746059,186.52,33.35,-0.91,319.51,1,-105.00,-10.00,17.00,4.00,30.00,1.00,14301699,56
372.06,1551936588,7731.06,51.44832199,7.42716156,185.15,33.80,0.44,321.97,1,-98.00,-6.00,2.00,6.00,33.00,18.00,13806082,70
373.06,1551936589,7764.89,51.44856978,7.42686661,183.80,34.04,0.24,323.39,1,-98.00,-6.00,2.00,6.00,33.00,18.00,13806082,70
374.07,1551936590,7799.17,51.44882538,7.42658038,182.47,34.16,0.12,325.01,1,-95.00,-6.00,12.00,9.00,35.00,18.00,13806082,70
375.06,1551936591,7833.20,51.44909081,7.42630053,180.99,34.50,0.33,326.20,1,-95.00,-6.00,12.00,9.00,35.00,18.00,13806082,70
376.06,1551936592,7867.52,51.44935681,7.42603843,179.42,34.35,-0.15,327.81,1,-95.00,-6.00,12.00,9.00,35.00,18.00,13806082,70
377.06,1551936593,7901.97,51.44962986,7.42577921,177.97,34.15,-0.20,328.86,1,-97.00,-7.00,10.00,10.00,35.00,18.00,13806082,70
378.06,1551936594,7935.98,51.44990096,7.42553186,176.89,34.25,0.10,330.11,1,-97.00,-7.00,10.00,10.00,35.00,18.00,13806082,70
379.06,1551936595,7970.23,51.45017677,7.42530016,175.73,34.43,0.18,332.21,1,-93.00,-7.00,10.00,5.00,40.00,18.00,13806082,70
380.06,1551936596,8004.65,51.45044889,7.42507374,174.82,34.52,0.09,332.90,1,-93.00,-7.00,10.00,5.00,40.00,18.00,13806082,70
381.06,1551936597,8039.17,51.45072954,7.42486366,174.25,34.78,0.26,334.74,1,-90.00,-7.00,4.00,5.00,43.00,18.00,13806082,70
382.06,1551936598,8073.95,51.45101657,7.42465760,173.11,35.57,0.80,336.55,1,-90.00,-7.00,4.00,5.00,43.00,18.00,13806082,70
383.06,1551936599,8109.59,51.45131354,7.42446214,172.15,35.91,0.34,338.49,1,-92.00,-7.00,2.00,8.00,40.00,18.00,13806082,70
384.06,1551936600,8145.51,51.45161760,7.42427680,171.06,36.05,0.13,339.66,1,-92.00,-7.00,2.00,8.00,40.00,18.00,13806082,70
385.06,1551936601,8181.70,51.45191946,7.42410409,169.86,36.10,0.05,340.71,1,-88.00,-9.00,6.00,9.00,46.00,19.00,12897027,230
386.06,1551936602,8217.66,51.45221979,7.42393566,168.54,35.84,-0.26,341.50,1,-88.00,-9.00,6.00,9.00,46.00,19.00,12897027,230
387.06,1551936603,8253.57,51.45253483,7.42377579,167.47,35.95,0.11,342.32,1,-83.00,-6.00,23.00,10.00,48.00,19.00,12897027,230
388.06,1551936604,8289.38,51.45283775,7.42362136,166.33,35.70,-0.25,343.09,1,-83.00,-6.00,23.00,10.00,48.00,19.00,12897027,230
389.06,1551936605,8325.07,51.45313674,7.42347911,164.92,35.37,-0.32,343.48,1,-78.00,-6.00,17.00,14.00,53.00,19.00,12897027,230
390.06,1551936606,8360.45,51.45343400,7.42333781,163.65,35.14,-0.24,343.75,1,-78.00,-6.00,17.00,14.00,53.00,19.00,12897027,230
391.06,1551936607,8395.62,51.45373224,7.42320018,162.28,34.84,-0.29,343.99,1,-82.00,-7.00,4.00,11.00,51.00,19.00,12897027,230
392.06,1551936608,8430.47,51.45402988,7.42306480,160.90,34.79,-0.05,343.89,1,-82.00,-7.00,4.00,11.00,51.00,19.00,12897027,230
393.06,1551936609,8465.26,51.45433052,7.42292677,159.68,34.69,-0.10,343.66,1,-75.00,-6.00,8.00,13.00,56.00,10.00,13806082,70
394.06,1551936610,8499.95,51.45463158,7.42278595,158.68,34.86,0.17,343.38,1,-75.00,-6.00,8.00,13.00,56.00,10.00,13806082,70
395.07,1551936611,8535.20,51.45493107,7.42264616,157.72,34.97,0.10,343.26,1,-71.00,-6.00,32.00,10.00,61.00,10.00,13806082,70
396.06,1551936612,8569.75,51.45523201,7.42250581,156.87,35.00,0.03,343.14,1,-71.00,-6.00,32.00,10.00,61.00,10.00,13806082,70
397.06,1551936613,8604.89,51.45553290,7.42236212,156.18,34.94,-0.06,342.49,1,-71.00,-6.00,32.00,10.00,61.00,10.00,13806082,70
398.05,1551936614,8639.55,51.45583154,7.42220612,155.66,34.82,-0.12,341.82,1,-69.00,-6.00,20.00,12.00,63.00,10.00,13806082,70
399.06,1551936615,8674.54,51.45613219,7.42203824,154.95,35.03,0.20,340.60,1,-69.00,-6.00,20.00,12.00,63.00,10.00,13806082,70
400.06,1551936616,8709.57,51.45643267,7.42186909,154.19,35.23,0.20,339.76,1,-79.00,-7.00,25.00,12.00,54.00,10.00,13806082,70
401.06,1551936617,8744.80,51.45672339,7.42168704,153.32,35.18,-0.05,338.50,1,-79.00,-7.00,25.00,12.00,54.00,10.00,13806082,70
402.06,1551936618,8780.01,51.45701235,7.42150380,152.60,35.33,0.15,337.63,1,-80.00,-7.00,25.00,11.00,52.00,10.00,13806082,70
403.06,1551936619,8815.34,51.45730308,7.42130219,152.13,35.30,-0.03,336.45,1,-80.00,-7.00,25.00,11.00,52.00,10.00,13806082,70
404.06,1551936620,8850.57,51.45760019,7.42109667,151.69,35.30,0.00,335.57,1,-80.00,-7.00,26.00,12.00,52.00,10.00,13806082,70
405.06,1551936621,8886.04,51.45788517,7.42088095,151.42,35.28,-0.02,334.55,1,-80.00,-7.00,26.00,12.00,52.00,10.00,13806082,70
406.06,1551936622,8921.18,51.45817265,7.42065317,151.01,35.22,-0.06,333.39,1,-85.00,-10.00,14.00,6.00,50.00,10.00,13806082,70
407.06,1551936623,8956.50,51.45845610,7.42042725,150.64,35.28,0.06,332.58,1,-85.00,-10.00,14.00,6.00,50.00,10.00,13806082,70
408.06,1551936624,8991.75,51.45873569,7.42018789,150.33,35.28,0.00,331.62,1,-82.00,-9.00,16.00,9.00,53.00,10.00,13806082,70
409.06,1551936625,9026.99,51.45901583,7.41994703,150.06,35.26,-0.02,330.88,1,-82.00,-9.00,16.00,9.00,53.00,10.00,13806082,70
410.06,1551936626,9062.29,51.45929256,7.41969358,149.89,35.42,0.16,330.10,1,-80.00,-13.00,5.00,12.00,59.00,7.00,13806081,70
411.06,1551936627,9097.71,51.45956644,7.41943328,149.60,35.44,0.01,328.72,1,-80.00,-13.00,5.00,12.00,59.00,7.00,13806081,70
412.06,1551936628,9133.08,51.45983660,7.41916191,149.50,35.62,0.19,327.57,1,-71.00,-5.00,12.00,12.00,60.00,7.00,13806081,69
413.06,1551936629,9168.67,51.46009868,7.41888435,149.34,35.69,0.07,326.25,1,-71.00,-5.00,12.00,12.00,60.00,7.00,13806081,69
414.06,1551936630,9204.40,51.46036361,7.41859936,149.28,36.10,0.41,325.65,1,-79.00,-6.00,10.00,9.00,53.00,7.00,13806081,69
415.06,1551936631,9240.64,51.46062331,7.41829800,149.18,36.04,-0.07,324.28,1,-79.00,-6.00,10.00,9.00,53.00,7.00,13806081,69
416.06,1551936632,9276.79,51.46088350,7.41798848,149.04,35.87,-0.16,323.16,1,-72.00,-6.00,11.00,11.00,59.00,7.00,13806081,69
417.06,1551936633,9312.52,51.46114025,7.41767880,149.00,35.93,0.06,322.41,1,-72.00,-6.00,11.00,11.00,59.00,7.00,13806081,69
418.05,1551936634,9348.24,51.46139568,7.41735924,149.02,36.18,0.25,322.06,1,-72.00,-6.00,11.00,11.00,59.00,7.00,13806081,69
419.06,1551936635,9384.53,51.46164577,7.41702914,149.05,35.94,-0.25,320.32,1,-72.00,-5.00,21.00,15.00,59.00,7.00,13806081,69
420.05,1551936636,9420.39,51.46189625,7.41669553,149.08,36.08,0.15,319.40,1,-72.00,-5.00,21.00,15.00,59.00,7.00,13806081,69
421.06,1551936637,9456.51,51.46213763,7.41635177,149.10,36.02,-0.06,318.23,1,-77.00,-6.00,20.00,10.00,57.00,7.00,13806081,69
422.06,1551936638,9492.57,51.46237629,7.41599734,149.31,36.29,0.27,317.15,1,-77.00,-6.00,20.00,10.00,57.00,7.00,13806081,69
423.06,1551936639,9528.82,51.46261549,7.41562980,149.80,36.22,-0.07,315.81,1,-69.00,-4.00,21.00,12.00,62.00,7.00,13806081,69
424.05,1551936640,9565.00,51.46285230,7.41526331,150.36,36.35,0.13,315.16,1,-69.00,-4.00,21.00,12.00,62.00,7.00,13806081,69
425.06,1551936641,9601.53,51.46308114,7.41488696,150.95,36.39,0.03,313.89,1,-78.00,-5.00,25.00,11.00,53.00,7.00,13806081,69
426.06,1551936642,9637.77,51.46330783,7.41450977,151.32,36.52,0.13,313.13,1,-78.00,-5.00,25.00,11.00,53.00,7.00,13806081,69
427.06,1551936643,9674.47,51.46352658,7.41412368,151.58,36.62,0.10,312.15,1,-79.00,-6.00,13.00,9.00,53.00,7.00,13806081,69
428.06,1551936644,9710.94,51.46375010,7.41372898,151.92,36.70,0.08,311.26,1,-79.00,-6.00,13.00,9.00,53.00,7.00,13806081,69
429.06,1551936645,9747.75,51.46396646,7.41332919,152.43,36.71,0.01,310.73,1,-86.00,-8.00,17.00,6.00,48.00,7.00,13806081,69
430.06,1551936646,9784.42,51.46417779,7.41292818,152.72,36.63,-0.07,309.70,1,-86.00,-8.00,17.00,6.00,48.00,7.00,13806081,69
431.06,1551936647,9821.05,51.46439023,7.41252616,152.78,36.61,-0.03,309.37,1,-93.00,-9.00,11.00,7.00,42.00,7.00,13806081,69
432.06,1551936648,9857.70,51.46460160,7.41211478,153.09,36.76,0.15,308.79,1,-93.00,-9.00,11.00,7.00,42.00,7.00,13806081,69
433.06,1551936649,9894.38,51.46480762,7.41170061,153.17,36.85,0.09,308.61,1,-85.00,-6.00,7.00,8.00,47.00,7.00,13806081,69
434.06,1551936650,9931.23,51.46501372,7.41128718,153.20,36.93,0.08,308.54,1,-85.00,-6.00,7.00,8.00,47.00,7.00,13806081,69
435.06,1551936651,9968.16,51.46522089,7.41087450,152.99,36.91,-0.02,308.53,1,-95.00,-11.00,4.00,7.00,40.00,7.00,13806081,69
436.06,1551936652,10005.22,51.46542615,7.41045509,152.89,36.91,-0.01,308.25,1,-95.00,-11.00,4.00,7.00,40.00,7.00,13806081,69
437.07,1551936653,10042.50,51.46563044,7.41003277,152.95,36.93,0.02,308.17,1,-94.00,-11.00,0.00,6.00,42.00,15.00,13495554,132
438.06,1551936654,10079.02,51.46583368,7.40961566,153.02,36.89,-0.04,307.88,1,-94.00,-11.00,0.00,6.00,42.00,15.00,13495554,132
439.06,1551936655,10115.88,51.46603614,7.40919467,153.22,36.87,-0.03,308.06,1,-94.00,-11.00,0.00,6.00,42.00,15.00,13495554,132
440.06,1551936656,10152.71,51.46623855,7.40877599,153.49,36.87,-0.00,308.28,1,-89.00,-10.00,2.00,7.00,46.00,30.00,13884419,132
441.06,1551936657,10189.54,51.46644085,7.40836296,153.70,36.54,-0.33,308.36,1,-89.00,-10.00,2.00,7.00,46.00,30.00,13884419,132
442.06,1551936658,10226.15,51.46664273,7.40795698,153.98,36.25,-0.29,308.60,1,-93.00,-12.00,-2.00,6.00,44.00,30.00,13884419,386
443.06,1551936659,10262.37,51.46684385,7.40755310,154.33,35.84,-0.41,309.15,1,-93.00,-12.00,-2.00,6.00,44.00,30.00,13884419,386
444.06,1551936660,10298.21,51.46704538,7.40715125,154.72,35.72,-0.12,309.23,1,-91.00,-10.00,-2.00,8.00,44.00,30.00,13884419,386
445.06,1551936661,10333.89,51.46724798,7.40675035,155.28,35.72,0.00,309.39,1,-91.00,-10.00,-2.00,8.00,44.00,30.00,13884419,386
446.06,1551936662,10369.80,51.46745604,7.40635462,155.72,35.69,-0.03,309.84,1,-87.00,-9.00,0.00,4.00,47.00,30.00,13884419,386
447.06,1551936663,10405.49,51.46766299,7.40596500,156.21,35.59,-0.11,310.10,1,-87.00,-9.00,0.00,4.00,47.00,30.00,13884419,386
448.06,1551936664,10440.90,51.46787127,7.40556632,156.76,35.79,0.21,310.81,1,-91.00,-12.00,-2.00,5.00,46.00,30.00,13884419,386
449.06,1551936665,10476.69,51.46808381,7.40517488,157.31,35.91,0.12,311.28,1,-91.00,-12.00,-2.00,5.00,46.00,30.00,13884419,386
450.06,1551936666,10512.64,51.46829740,7.40478708,157.65,36.05,0.14,311.78,1,-98.00,-16.00,-5.00,5.00,43.00,17.00,13806081,386
451.06,1551936667,10548.69,51.46851221,7.40440106,157.88,36.06,0.01,312.04,1,-98.00,-16.00,-5.00,5.00,43.00,17.00,13806081,386
452.06,1551936668,10584.79,51.46872839,7.40402501,158.31,35.33,-0.73,312.36,1,-99.00,-11.00,-7.00,5.00,36.00,17.00,13806081,69
453.06,1551936669,10620.12,51.46894056,7.40365876,158.68,34.95,-0.38,313.11,1,-99.00,-11.00,-7.00,5.00,36.00,17.00,13806081,69
454.06,1551936670,10655.00,51.46916122,7.40330730,158.71,34.86,-0.09,314.88,1,-101.00,-14.00,-4.00,5.00,38.00,17.00,13806081,69
455.06,1551936671,10689.90,51.46937943,7.40295890,158.66,34.83,-0.03,315.14,1,-101.00,-14.00,-4.00,5.00,38.00,17.00,13806081,69
456.06,1551936672,10724.83,51.46959926,7.40260675,158.82,34.63,-0.19,315.40,1,-104.00,-14.00,-6.00,5.00,35.00,34.00,13884419,69
457.06,1551936673,10759.46,51.46982217,7.40225026,159.27,34.65,0.02,315.46,1,-104.00,-14.00,-6.00,5.00,35.00,34.00,13884419,69
458.07,1551936674,10794.25,51.47004214,7.40189715,159.82,34.52,-0.13,315.46,1,-92.00,-16.00,-4.00,5.00,46.00,34.00,13884419,386
459.06,1551936675,10828.53,51.47026409,7.40155596,160.24,34.05,-0.47,316.09,1,-92.00,-16.00,-4.00,5.00,46.00,34.00,13884419,386
460.06,1551936676,10862.55,51.47048403,7.40121808,160.58,33.88,-0.18,315.83,1,-92.00,-16.00,-4.00,5.00,46.00,34.00,13884419,386
461.06,1551936677,10896.43,51.47070235,7.40088227,160.72,33.75,-0.12,316.19,1,-99.00,-11.00,0.00,6.00,38.00,34.00,13884419,386
462.06,1551936678,10930.22,51.47092118,7.40054727,160.74,33.60,-0.15,316.72,1,-99.00,-11.00,0.00,6.00,38.00,34.00,13884419,386
463.06,1551936679,10963.78,51.47113958,7.40021613,160.94,33.17,-0.43,316.69,1,-100.00,-10.00,-6.00,6.00,35.00,40.00,13507073,57
464.06,1551936680,10996.95,51.47135456,7.39988949,161.05,32.99,-0.18,316.95,1,-100.00,-10.00,-6.00,6.00,35.00,40.00,13507073,57
465.06,1551936681,11029.94,51.47157427,7.39957512,161.51,32.54,-0.45,318.03,1,-102.00,-11.00,0.00,6.00,34.00,40.00,13507073,57
466.06,1551936682,11062.64,51.47179131,7.39926157,162.03,32.03,-0.51,318.29,1,-102.00,-11.00,0.00,6.00,34.00,40.00,13507073,57
467.06,1551936683,11094.60,51.47200306,7.39895575,162.59,31.49,-0.54,318.73,1,-110.00,-17.00,-3.00,4.00,32.00,40.00,13507073,57
468.06,1551936684,11126.03,51.47221748,7.39865913,163.23,31.18,-0.31,319.18,1,-110.00,-17.00,-3.00,4.00,32.00,40.00,13507073,57
469.06,1551936685,11157.21,51.47243124,7.39836379,163.89,31.08,-0.10,319.57,1,-108.00,-16.00,-6.00,3.00,32.00,40.00,13507073,57
470.06,1551936686,11188.26,51.47263869,7.39807581,164.54,31.05,-0.03,319.75,1,-108.00,-16.00,-6.00,3.00,32.00,40.00,13507073,57
471.06,1551936687,11219.28,51.47284749,7.39778835,165.08,30.81,-0.24,320.05,1,-108.00,-17.00,-4.00,5.00,34.00,40.00,13507073,57
472.06,1551936688,11250.09,51.47305531,7.39750533,165.48,30.30,-0.51,319.98,1,-108.00,-17.00,-4.00,5.00,34.00,40.00,13507073,57
473.06,1551936689,11280.42,51.47325625,7.39723984,165.62,30.10,-0.20,320.39,1,-110.00,-15.00,-4.00,4.00,31.00,61.00,14301699,57
474.06,1551936690,11310.55,51.47346021,7.39696911,165.68,29.92,-0.18,320.58,1,-110.00,-15.00,-4.00,4.00,31.00,61.00,14301699,57
475.06,1551936691,11340.47,51.47366762,7.39669423,165.86,29.71,-0.21,320.64,1,-106.00,-12.00,-4.00,5.00,31.00,61.00,14301699,56
476.06,1551936692,11370.26,51.47388132,7.39642809,166.19,29.71,0.00,321.93,1,-106.00,-12.00,-4.00,5.00,31.00,61.00,14301699,56
477.06,1551936693,11399.82,51.47409430,7.39617126,166.32,29.77,0.06,323.05,1,-106.00,-14.00,-4.00,5.00,33.00,37.00,13565441,431
478.06,1551936694,11429.66,51.47431253,7.39590865,166.75,29.68,-0.09,323.75,1,-106.00,-14.00,-4.00,5.00,33.00,37.00,13565441,431
479.07,1551936695,11459.57,51.47452780,7.39566076,167.14,29.83,0.15,324.45,1,-104.00,-14.00,-2.00,6.00,35.00,37.00,13565441,431
480.06,1551936696,11489.13,51.47475368,7.39540325,167.81,29.96,0.14,325.34,1,-104.00,-14.00,-2.00,6.00,35.00,37.00,13565441,431
481.06,1551936697,11519.09,51.47497669,7.39516939,168.41,29.88,-0.08,326.98,1,-104.00,-14.00,-2.00,6.00,35.00,37.00,13565441,431
482.06,1551936698,11548.97,51.47520164,7.39494255,168.91,29.81,-0.07,328.36,1,-105.00,-12.00,1.00,5.00,32.00,37.00,13565441,431
483.06,1551936699,11578.79,51.47542706,7.39472362,169.33,30.08,0.27,329.48,1,-105.00,-12.00,1.00,5.00,32.00,37.00,13565441,431
484.06,1551936700,11608.84,51.47565173,7.39450723,169.55,30.04,-0.05,329.48,1,-105.00,-16.00,-4.00,4.00,36.00,37.00,13565441,431
485.06,1551936701,11638.85,51.47588127,7.39429110,169.60,29.68,-0.36,330.03,1,-105.00,-16.00,-4.00,4.00,36.00,37.00,13565441,431
486.06,1551936702,11668.67,51.47611644,7.39409099,169.52,28.94,-0.74,331.82,1,-105.00,-18.00,-7.00,3.00,38.00,37.00,13565441,431
487.06,1551936703,11697.58,51.47635231,7.39390399,169.53,28.29,-0.64,333.21,1,-105.00,-18.00,-7.00,3.00,38.00,37.00,13565441,431
488.06,1551936704,11725.85,51.47657867,7.39373012,169.73,27.69,-0.60,334.31,1,-105.00,-18.00,-9.00,2.00,38.00,37.00,13565441,431
489.06,1551936705,11753.56,51.47679798,7.39356662,170.05,26.53,-1.16,334.55,1,-105.00,-18.00,-9.00,2.00,38.00,37.00,13565441,431
490.06,1551936706,11780.09,51.47701348,7.39342020,170.23,24.76,-1.77,336.76,1,-104.00,-16.00,-8.00,4.00,37.00,37.00,13565441,431
491.06,1551936707,11804.85,51.47720639,7.39329876,170.51,22.42,-2.35,338.66,1,-104.00,-16.00,-8.00,4.00,37.00,37.00,13565441,431
492.06,1551936708,11827.22,51.47739019,7.39319717,170.73,20.62,-1.79,341.71,1,-104.00,-16.00,-6.00,5.00,37.00,37.00,13565441,431
493.06,1551936709,11847.85,51.47756806,7.39311919,170.95,19.67,-0.95,345.39,1,-104.00,-16.00,-6.00,5.00,37.00,37.00,13565441,431
494.06,1551936710,11867.56,51.47774953,7.39307678,171.18,19.36,-0.31,353.06,1,-102.00,-16.00,-6.00,4.00,40.00,37.00,13565441,431
495.06,1551936711,11886.90,51.47791169,7.39306066,171.71,19.76,0.40,355.62,1,-102.00,-16.00,-6.00,4.00,40.00,37.00,13565441,431
496.06,1551936712,11906.72,51.47808438,7.39306273,172.10,19.95,0.19,359.57,1,-102.00,-19.00,-10.00,2.00,42.00,37.00,13565441,431
497.06,1551936713,11926.68,51.47827338,7.39313187,172.52,20.10,0.15,13.83,1,-102.00,-19.00,-10.00,2.00,42.00,37.00,13565441,431
498.06,1551936714,11946.72,51.47845459,7.39323870,172.98,20.08,-0.03,22.40,1,-104.00,-19.00,-11.00,1.00,39.00,37.00,13565441,431
499.06,1551936715,11966.79,51.47859850,7.39337142,173.38,19.93,-0.15,29.41,1,-104.00,-19.00,-11.00,1.00,39.00,37.00,13565441,431
500.06,1551936716,11986.70,51.47875570,7.39353033,173.83,19.70,-0.23,34.88,1,-87.00,-4.00,-15.00,6.00,44.00,11.00,13884163,392
501.06,1551936717,12006.36,51.47890067,7.39366547,174.32,17.88,-1.82,32.89,1,-87.00,-4.00,-15.00,6.00,44.00,11.00,13884163,392
502.06,1551936718,12024.24,51.47902863,7.39379030,175.35,15.68,-2.20,30.47,1,-87.00,-4.00,-15.00,6.00,44.00,11.00,13884163,392
503.06,1551936719,12039.91,51.47914735,7.39383671,175.63,14.12,-1.56,13.41,1,-83.00,-6.00,18.00,11.00,49.00,11.00,13884163,392
504.06,1551936720,12054.03,51.47926978,7.39384275,176.01,13.87,-0.25,359.37,1,-83.00,-6.00,18.00,11.00,49.00,11.00,13884163,392
505.06,1551936721,12067.90,51.47939347,7.39380783,176.58,13.88,0.01,346.56,1,-78.00,-6.00,19.00,13.00,53.00,11.00,13884163,392
506.06,1551936722,12081.84,51.47952275,7.39376028,177.33,14.04,0.16,343.71,1,-78.00,-6.00,19.00,13.00,53.00,11.00,13884163,392
507.06,1551936723,12095.82,51.47965730,7.39369129,177.78,14.47,0.43,340.90,1,-79.00,-7.00,19.00,13.00,54.00,11.00,13884163,392
508.06,1551936724,12110.28,51.47977319,7.39361785,178.24,14.60,0.14,338.96,1,-79.00,-7.00,19.00,13.00,54.00,11.00,13884163,392
509.06,1551936725,12124.89,51.47987741,7.39354262,178.71,13.70,-0.91,337.86,1,-76.00,-7.00,17.00,11.00,57.00,11.00,13884163,392
510.06,1551936726,12138.58,51.47998315,7.39347010,179.32,11.93,-1.77,339.18,1,-76.00,-7.00,17.00,11.00,57.00,11.00,13884163,392
511.06,1551936727,12150.51,51.48007152,7.39346134,179.90,10.29,-1.64,358.65,1,-78.00,-6.00,22.00,13.00,53.00,11.00,13884163,392
512.06,1551936728,12160.80,51.48015795,7.39349114,180.45,10.58,0.28,15.42,1,-78.00,-6.00,22.00,13.00,53.00,11.00,13884163,392
513.06,1551936729,12171.38,51.48023918,7.39355817,180.84,11.11,0.53,31.40,1,-82.00,-6.00,18.00,13.00,49.00,11.00,13884163,392
514.06,1551936730,12182.49,51.48030747,7.39367767,181.33,12.04,0.94,52.13,1,-82.00,-6.00,18.00,13.00,49.00,11.00,13884163,392
515.06,1551936731,12194.53,51.48037448,7.39381538,181.93,12.99,0.95,54.58,1,-85.00,-7.00,15.00,11.00,48.00,11.00,13884163,392
516.06,1551936732,12207.57,51.48044593,7.39398237,182.42,13.86,0.86,56.29,1,-85.00,-7.00,15.00,11.00,48.00,11.00,13884163,392
517.06,1551936733,12221.43,51.48051636,7.39415341,182.91,15.05,1.19,57.10,1,-77.00,-6.00,21.00,15.00,54.00,11.00,13884163,392
518.06,1551936734,12236.42,51.48059214,7.39433790,183.21,16.24,1.19,57.20,1,-77.00,-6.00,21.00,15.00,54.00,11.00,13884163,392
519.06,1551936735,12252.66,51.48067081,7.39454002,183.37,17.17,0.93,57.57,1,-78.00,-7.00,11.00,10.00,51.00,11.00,13884163,392
520.06,1551936736,12269.83,51.48075487,7.39475445,183.53,18.09,0.93,58.38,1,-78.00,-7.00,11.00,10.00,51.00,11.00,13884163,392
521.06,1551936737,12288.05,51.48083463,7.39497551,183.60,18.21,0.12,59.10,1,-75.00,-6.00,21.00,15.00,56.00,11.00,13884163,392
522.06,1551936738,12306.13,51.48091545,7.39519478,183.64,17.96,-0.25,59.52,1,-75.00,-6.00,21.00,15.00,56.00,11.00,13884163,392
523.06,1551936739,12324.09,51.48099839,7.39541495,183.74,17.58,-0.38,59.81,1,-75.00,-6.00,21.00,15.00,56.00,11.00,13884163,392
524.06,1551936740,12341.66,51.48107778,7.39562991,183.78,17.20,-0.38,59.76,1,-82.00,-7.00,20.00,12.00,50.00,11.00,13884163,392
525.06,1551936741,12358.86,51.48115123,7.39584383,183.80,16.81,-0.39,60.36,1,-82.00,-7.00,20.00,12.00,50.00,11.00,13884163,392
526.06,1551936742,12375.74,51.48122307,7.39605222,183.72,16.58,-0.23,60.17,1,-82.00,-8.00,13.00,10.00,50.00,11.00,13884163,392
527.06,1551936743,12392.33,51.48129682,7.39626109,183.72,16.28,-0.31,59.79,1,-82.00,-8.00,13.00,10.00,50.00,11.00,13884163,392
528.06,1551936744,12408.55,51.48137117,7.39646500,183.96,15.80,-0.48,59.65,1,-86.00,-9.00,9.00,7.00,48.00,11.00,13884163,392
529.06,1551936745,12424.37,51.48144390,7.39665678,184.24,15.39,-0.41,59.17,1,-86.00,-9.00,9.00,7.00,48.00,11.00,13884163,392
530.06,1551936746,12439.77,51.48151348,7.39684043,184.43,15.10,-0.29,58.76,1,-84.00,-9.00,9.00,9.00,51.00,11.00,13884163,392
531.06,1551936747,12454.87,51.48158632,7.39702384,184.72,14.70,-0.40,58.08,1,-84.00,-9.00,9.00,9.00,51.00,11.00,13884163,392
532.06,1551936748,12469.54,51.48165640,7.39720183,184.96,14.33,-0.37,57.38,1,-91.00,-9.00,9.00,7.00,43.00,11.00,13884163,392
533.06,1551936749,12483.87,51.48172680,7.39737121,185.16,13.88,-0.45,56.82,1,-91.00,-9.00,9.00,7.00,43.00,11.00,13884163,392
534.06,1551936750,12497.75,51.48179352,7.39753177,185.20,13.51,-0.37,55.87,1,-89.00,-9.00,12.00,8.00,45.00,11.00,13884163,392
535.06,1551936751,12511.26,51.48186147,7.39768326,185.15,13.08,-0.44,54.89,1,-89.00,-9.00,12.00,8.00,45.00,11.00,13884163,392
536.06,1551936752,12524.38,51.48193435,7.39783343,185.20,12.70,-0.38,53.71,1,-89.00,-11.00,7.00,7.00,48.00,11.00,13884163,392
537.06,1551936753,12537.09,51.48200345,7.39797309,185.25,12.22,-0.48,52.57,1,-89.00,-11.00,7.00,7.00,48.00,11.00,13884163,392
538.06,1551936754,12549.26,51.48207459,7.39810595,185.23,11.39,-0.83,51.34,1,-85.00,-13.00,6.00,9.00,52.00,11.00,13884163,392
539.06,1551936755,12560.65,51.48214049,7.39822249,185.33,10.44,-0.95,50.00,1,-85.00,-13.00,6.00,9.00,52.00,11.00,13884163,392
540.06,1551936756,12571.10,51.48220006,7.39832424,185.35,9.48,-0.96,48.06,1,-84.00,-9.00,11.00,12.00,49.00,11.00,13884163,392
541.06,1551936757,12580.57,51.48225602,7.39840986,185.35,8.11,-1.37,45.96,1,-84.00,-9.00,11.00,12.00,49.00,11.00,13884163,392
542.06,1551936758,12588.74,51.48229571,7.39846929,185.40,5.66,-2.42,44.94,1,-88.00,-9.00,9.00,7.00,46.00,11.00,13884163,392
543.06,1551936759,12594.36,51.48232023,7.39850603,185.41,3.69,-1.99,44.15,1,-88.00,-9.00,9.00,7.00,46.00,11.00,13884163,392
544.06,1551936760,12598.06,51.48234630,7.39853746,185.43,2.58,-1.12,43.54,1,-88.00,-9.00,9.00,7.00,46.00,11.00,13884163,392
545.06,1551936761,12600.63,51.48236777,7.39856285,185.46,1.71,-0.87,42.83,1,-87.00,-9.00,5.00,11.00,45.00,11.00,13884163,392
546.06,1551936762,12602.35,51.48237927,7.39857330,185.50,0.71,-0.99,42.83,1,-87.00,-9.00,5.00,11.00,45.00,11.00,13884163,392
547.06,1551936763,12603.06,51.48237927,7.39857330,185.51,0.00,-0.71,42.83,1,-91.00,-11.00,4.00,6.00,45.00,11.00,13884163,392
548.06,1551936764,12603.06,51.48237927,7.39857330,185.51,0.00,0.00,42.83,1,-91.00,-11.00,4.00,6.00,45.00,11.00,13884163,392
549.06,1551936765,12603.06,51.48237927,7.39857330,185.52,0.00,0.00,42.83,1,-92.00,-12.00,2.00,9.00,46.00,11.00,13884163,392
550.06,1551936766,12603.06,51.48237927,7.39857330,185.53,0.00,0.00,42.83,1,-92.00,-12.00,2.00,9.00,46.00,11.00,13884163,392
551.06,1551936767,12603.06,51.48237927,7.39857330,185.53,0.00,0.00,42.83,1,-88.00,-10.00,4.00,10.00,45.00,11.00,13884163,392
552.06,1551936768,12603.06,51.48237927,7.39857330,185.54,0.00,0.00,42.83,1,-88.00,-10.00,4.00,10.00,45.00,11.00,13884163,392
553.06,1551936769,12603.06,51.48237927,7.39857330,185.55,0.00,0.00,42.83,1,-89.00,-11.00,6.00,11.00,46.00,11.00,13884163,392
554.06,1551936770,12603.06,51.48237927,7.39857330,185.56,0.00,0.00,42.83,1,-89.00,-11.00,6.00,11.00,46.00,11.00,13884163,392
555.06,1551936771,12603.06,51.48237927,7.39857330,185.57,0.00,0.00,42.83,1,-89.00,-11.00,5.00,9.00,47.00,11.00,13884163,392
556.06,1551936772,12603.06,51.48237927,7.39857330,185.58,0.00,0.00,42.83,1,-89.00,-11.00,5.00,9.00,47.00,11.00,13884163,392
557.06,1551936773,12603.06,51.48237927,7.39857330,185.59,0.00,0.00,42.83,1,-91.00,-11.00,4.00,8.00,45.00,11.00,13884163,392
558.06,1551936774,12603.06,51.48237927,7.39857330,185.59,0.00,0.00,42.83,1,-91.00,-11.00,4.00,8.00,45.00,11.00,13884163,392
559.06,1551936775,12603.06,51.48237927,7.39857330,185.66,0.00,0.00,42.83,1,-91.00,-12.00,3.00,6.00,44.00,11.00,13884163,392
560.06,1551936776,12603.06,51.48237927,7.39857330,185.71,0.00,0.00,52.51,1,-91.00,-12.00,3.00,6.00,44.00,11.00,13884163,392
561.06,1551936777,12603.06,51.48242545,7.39863572,186.27,0.00,0.00,38.95,1,-91.00,-10.00,4.00,6.00,44.00,11.00,13884163,392
562.06,1551936778,12603.06,51.48247524,7.39869633,186.81,7.91,0.00,38.48,1,-91.00,-10.00,4.00,6.00,44.00,11.00,13884163,392
563.06,1551936779,12610.97,51.48253029,7.39876229,187.30,9.06,1.15,37.87,1,-90.00,-11.00,5.00,6.00,46.00,11.00,13884163,392
564.06,1551936780,12620.03,51.48260795,7.39885306,187.17,9.74,0.68,36.84,1,-90.00,-11.00,5.00,6.00,46.00,11.00,13884163,392
565.06,1551936781,12629.84,51.48268800,7.39894456,186.91,10.51,0.76,36.02,1,-82.00,-7.00,6.00,9.00,50.00,7.00,13884162,52
566.06,1551936782,12640.31,51.48276932,7.39903110,186.75,11.17,0.67,35.21,1,-82.00,-7.00,6.00,9.00,50.00,7.00,13884162,52
567.06,1551936783,12651.48,51.48285986,7.39912821,186.40,12.18,1.01,34.60,1,-82.00,-7.00,6.00,9.00,50.00,7.00,13884162,52
568.06,1551936784,12663.61,51.48295809,7.39923294,186.09,12.98,0.81,34.24,1,-79.00,-7.00,14.00,12.00,53.00,7.00,13884162,52
569.06,1551936785,12676.60,51.48305634,7.39933722,185.98,13.68,0.70,34.39,1,-79.00,-7.00,14.00,12.00,53.00,7.00,13884162,52
570.06,1551936786,12690.35,51.48315618,7.39943925,186.04,14.68,0.99,33.76,1,-77.00,-7.00,16.00,9.00,55.00,7.00,13884162,52
571.06,1551936787,12704.96,51.48326927,7.39955595,186.03,15.16,0.48,34.08,1,-77.00,-7.00,16.00,9.00,55.00,7.00,13884162,52
572.06,1551936788,12720.10,51.48338731,7.39967789,186.02,15.58,0.42,34.08,1,-78.00,-7.00,20.00,9.00,54.00,7.00,13884162,52
573.06,1551936789,12735.69,51.48350141,7.39979630,186.27,15.89,0.31,34.49,1,-78.00,-7.00,20.00,9.00,54.00,7.00,13884162,52
574.06,1551936790,12751.56,51.48362011,7.39992823,186.40,16.13,0.24,35.30,1,-83.00,-6.00,15.00,9.00,48.00,7.00,13884162,52
575.06,1551936791,12767.69,51.48374158,7.40006550,186.35,16.44,0.31,36.02,1,-83.00,-6.00,15.00,9.00,48.00,7.00,13884162,52
576.06,1551936792,12784.19,51.48386406,7.40021095,186.02,16.82,0.38,36.37,1,-73.00,-5.00,18.00,11.00,56.00,7.00,13884162,52
577.06,1551936793,12801.00,51.48398132,7.40035250,186.11,17.09,0.27,36.84,1,-73.00,-5.00,18.00,11.00,56.00,7.00,13884162,52
578.06,1551936794,12818.04,51.48410397,7.40050736,186.35,17.42,0.33,37.60,1,-85.00,-7.00,14.00,8.00,48.00,7.00,13884162,52
579.06,1551936795,12835.44,51.48422957,7.40066895,186.42,17.19,-0.23,38.45,1,-85.00,-7.00,14.00,8.00,48.00,7.00,13884162,52
580.05,1551936796,12852.60,51.48434204,7.40082177,186.54,16.87,-0.33,39.46,1,-82.00,-7.00,13.00,9.00,47.00,7.00,13884162,52
581.06,1551936797,12869.54,51.48445810,7.40098142,186.52,16.63,-0.24,40.43,1,-82.00,-7.00,13.00,9.00,47.00,7.00,13884162,52
582.06,1551936798,12886.15,51.48456576,7.40113912,186.22,16.34,-0.29,41.28,1,-83.00,-6.00,16.00,9.00,47.00,7.00,13884162,52
583.06,1551936799,12902.47,51.48468003,7.40130578,185.92,16.38,0.04,41.75,1,-83.00,-6.00,16.00,9.00,47.00,7.00,13884162,52
584.06,1551936800,12918.85,51.48478564,7.40146209,185.66,16.32,-0.06,41.42,1,-82.00,-5.00,22.00,9.00,48.00,7.00,13884162,52
585.05,1551936801,12935.15,51.48488958,7.40161662,185.39,16.10,-0.22,41.36,1,-82.00,-5.00,22.00,9.00,48.00,7.00,13884162,52
586.06,1551936802,12951.41,51.48499518,7.40177035,185.30,15.81,-0.29,41.68,1,-86.00,-6.00,7.00,8.00,45.00,7.00,13884162,52
587.06,1551936803,12967.20,51.48509554,7.40192548,185.17,15.69,-0.12,42.44,1,-86.00,-6.00,7.00,8.00,45.00,7.00,13884162,52
588.06,1551936804,12982.78,51.48519018,7.40208179,184.96,15.34,-0.35,44.10,1,-86.00,-6.00,7.00,8.00,45.00,7.00,13884162,52
589.06,1551936805,12998.12,51.48528229,7.40224104,184.59,14.80,-0.54,45.49,1,-78.00,-5.00,17.00,9.00,51.00,7.00,13884162,52
590.06,1551936806,13012.92,51.48536580,7.40239156,184.10,13.11,-1.69,46.72,1,-78.00,-5.00,17.00,9.00,51.00,7.00,13884162,52
591.06,1551936807,13026.01,51.48543673,7.40252156,183.55,11.35,-1.76,47.70,1,-81.00,-6.00,19.00,10.00,49.00,7.00,13884162,52
592.06,1551936808,13037.36,51.48550219,7.40264194,183.22,9.47,-1.88,48.94,1,-81.00,-6.00,19.00,10.00,49.00,7.00,13884162,52
593.06,1551936809,13046.83,51.48555683,7.40273504,183.12,7.91,-1.56,46.67,1,-81.00,-5.00,14.00,12.00,48.00,7.00,13884162,52
594.06,1551936810,13054.74,51.48561830,7.40276816,183.03,7.71,-0.20,16.73,1,-81.00,-5.00,14.00,12.00,48.00,7.00,13884162,52
595.06,1551936811,13062.46,51.48569153,7.40276523,182.58,8.30,0.59,350.61,1,-82.00,-5.00,19.00,12.00,47.00,7.00,13884162,52
596.06,1551936812,13070.77,51.48574352,7.40273432,182.27,8.33,0.03,333.71,1,-82.00,-5.00,19.00,12.00,47.00,7.00,13884162,52
597.06,1551936813,13079.15,51.48579702,7.40267228,182.02,9.02,0.68,320.97,1,-84.00,-6.00,20.00,11.00,47.00,7.00,13884162,52
598.06,1551936814,13088.11,51.48585551,7.40259862,181.92,9.56,0.55,320.20,1,-84.00,-6.00,20.00,11.00,47.00,7.00,13884162,52
599.06,1551936815,13097.68,51.48592356,7.40250798,181.98,10.43,0.87,320.99,1,-83.00,-8.00,22.00,12.00,50.00,7.00,13884162,52
600.06,1551936816,13108.10,51.48600742,7.40240848,182.26,11.32,0.89,322.65,1,-83.00,-8.00,22.00,12.00,50.00,7.00,13884162,52
601.06,1551936817,13119.43,51.48610823,7.40229716,182.58,12.57,1.25,324.62,1,-84.00,-6.00,18.00,9.00,47.00,7.00,13884162,52
602.06,1551936818,13132.01,51.48621721,7.40219092,182.81,13.00,0.43,326.87,1,-84.00,-6.00,18.00,9.00,47.00,7.00,13884162,52
603.06,1551936819,13145.02,51.48631110,7.40210568,183.19,12.85,-0.15,328.96,1,-82.00,-5.00,14.00,9.00,48.00,7.00,13884162,52
604.06,1551936820,13157.86,51.48641841,7.40201518,183.43,12.97,0.12,331.33,1,-82.00,-5.00,14.00,9.00,48.00,7.00,13884162,52
605.06,1551936821,13170.82,51.48652626,7.40193657,183.41,13.06,0.10,333.87,1,-86.00,-6.00,8.00,7.00,45.00,7.00,13884162,52
606.06,1551936822,13183.90,51.48663480,7.40186894,183.49,13.14,0.07,336.53,1,-86.00,-6.00,8.00,7.00,45.00,7.00,13884162,52
607.07,1551936823,13197.18,51.48674455,7.40181467,183.62,13.21,0.07,339.36,1,-90.00,-9.00,18.00,7.00,44.00,7.00,13884162,52
608.06,1551936824,13210.28,51.48685519,7.40177016,183.66,13.28,0.07,341.97,1,-90.00,-9.00,18.00,7.00,44.00,7.00,13884162,52
609.06,1551936825,13223.51,51.48697043,7.40173125,183.62,13.21,-0.07,344.49,1,-90.00,-9.00,18.00,7.00,44.00,7.00,13884162,52
610.06,1551936826,13236.74,51.48709204,7.40169806,183.88,13.11,-0.10,347.17,1,-96.00,-16.00,0.00,5.00,46.00,7.00,13884162,52
611.06,1551936827,13249.85,51.48720979,7.40167834,183.87,12.95,-0.16,349.77,1,-96.00,-16.00,0.00,5.00,46.00,7.00,13884162,52
612.06,1551936828,13262.79,51.48732161,7.40166765,183.54,13.02,0.07,352.30,1,-94.00,-9.00,-1.00,6.00,41.00,7.00,13884162,52
613.06,1551936829,13275.80,51.48742990,7.40166558,182.79,13.07,0.05,354.63,1,-94.00,-9.00,-1.00,6.00,41.00,7.00,13884162,52
614.06,1551936830,13288.89,51.48754551,7.40166863,181.92,12.87,-0.20,356.45,1,-94.00,-11.00,4.00,8.00,42.00,7.00,13884162,52
615.06,1551936831,13301.76,51.48766583,7.40167520,181.51,12.88,0.01,357.58,1,-94.00,-11.00,4.00,8.00,42.00,7.00,13884162,52
616.06,1551936832,13314.64,51.48778792,7.40168311,181.22,13.17,0.29,358.67,1,-91.00,-8.00,7.00,7.00,43.00,7.00,13884162,52
617.06,1551936833,13327.82,51.48790493,7.40169132,180.68,13.07,-0.09,359.67,1,-91.00,-8.00,7.00,7.00,43.00,7.00,13884162,52
618.06,1551936834,13340.92,51.48801977,7.40170374,179.97,13.04,-0.03,0.26,1,-97.00,-10.00,-3.00,6.00,38.00,7.00,13884162,52
619.07,1551936835,13354.11,51.48814039,7.40171355,179.44,13.14,0.10,0.38,1,-97.00,-10.00,-3.00,6.00,38.00,7.00,13884162,52
620.06,1551936836,13367.04,51.48825865,7.40172132,178.80,13.14,0.00,0.12,1,-100.00,-14.00,-6.00,6.00,38.00,7.00,13884162,52
621.06,1551936837,13380.19,51.48837509,7.40172597,177.86,13.56,0.42,359.56,1,-100.00,-14.00,-6.00,6.00,38.00,7.00,13884162,52
622.06,1551936838,13393.75,51.48849546,7.40173096,176.97,13.82,0.25,359.11,1,-100.00,-11.00,-5.00,6.00,36.00,7.00,13884162,52
623.06,1551936839,13407.57,51.48862033,7.40173122,176.35,13.95,0.14,358.92,1,-100.00,-11.00,-5.00,6.00,36.00,7.00,13884162,52
624.06,1551936840,13421.52,51.48874453,7.40173216,176.00,13.62,-0.34,359.85,1,-105.00,-14.00,-5.00,4.00,34.00,7.00,13884162,52
625.06,1551936841,13435.14,51.48887120,7.40173436,175.66,13.66,0.04,359.98,1,-105.00,-14.00,-5.00,4.00,34.00,7.00,13884162,52
626.06,1551936842,13448.81,51.48899321,7.40173839,175.13,13.14,-0.52,0.02,1,-108.00,-15.00,-5.00,4.00,32.00,7.00,13884162,52
627.06,1551936843,13461.97,51.48910110,7.40174194,174.50,11.96,-1.18,0.21,1,-108.00,-15.00,-5.00,4.00,32.00,7.00,13884162,52
628.07,1551936844,13474.04,51.48920131,7.40174490,174.09,10.44,-1.51,0.22,1,-106.00,-19.00,-9.00,3.00,38.00,7.00,13884162,52
629.06,1551936845,13484.35,51.48926691,7.40174887,173.70,7.06,-3.42,0.62,1,-106.00,-19.00,-9.00,3.00,38.00,7.00,13884162,52
630.06,1551936846,13491.41,51.48932557,7.40177795,173.62,6.63,-0.43,21.75,1,-106.00,-19.00,-9.00,3.00,38.00,7.00,13884162,52
631.06,1551936847,13498.05,51.48937306,7.40186458,173.16,6.47,-0.16,61.97,1,-84.00,-12.00,10.00,2.00,55.00,3.00,13828121,450
632.06,1551936848,13504.53,51.48939541,7.40195918,173.13,7.72,1.24,79.17,1,-84.00,-12.00,10.00,2.00,55.00,3.00,13828121,450
633.06,1551936849,13512.21,51.48940676,7.40207503,173.22,9.14,1.43,82.74,1,-83.00,-11.00,13.00,12.00,51.00,3.00,13828121,450
634.06,1551936850,13521.35,51.48941152,7.40221881,173.48,9.91,0.76,85.56,1,-83.00,-11.00,13.00,12.00,51.00,3.00,13828121,450
635.06,1551936851,13531.26,51.48941416,7.40236561,173.99,11.06,1.16,87.22,1,-86.00,-8.00,12.00,11.00,47.00,3.00,13828121,450
636.06,1551936852,13542.32,51.48941344,7.40251899,174.70,11.29,0.23,88.46,1,-86.00,-8.00,12.00,11.00,47.00,3.00,13828121,450
637.06,1551936853,13553.60,51.48941268,7.40268276,175.49,11.44,0.15,89.32,1,-84.00,-11.00,13.00,8.00,52.00,3.00,13828121,450
638.06,1551936854,13565.13,51.48941225,7.40286420,175.94,11.64,0.20,89.79,1,-84.00,-11.00,13.00,8.00,52.00,3.00,13828121,450
639.05,1551936855,13576.68,51.48941081,7.40303996,176.56,12.17,0.53,90.14,1,-85.00,-12.00,11.00,9.00,53.00,3.00,13828121,450
640.06,1551936856,13588.88,51.48940634,7.40321609,177.37,12.74,0.57,90.99,1,-85.00,-12.00,11.00,9.00,53.00,3.00,13828121,450
641.06,1551936857,13601.60,51.48940335,7.40340256,177.87,13.35,0.62,91.24,1,-85.00,-8.00,10.00,9.00,48.00,3.00,13828121,450
642.06,1551936858,13614.94,51.48939670,7.40360319,178.41,13.56,0.21,90.99,1,-85.00,-8.00,10.00,9.00,48.00,3.00,13828121,450
643.06,1551936859,13628.50,51.48938749,7.40380947,178.71,13.62,0.06,91.10,1,-79.00,-7.00,17.00,12.00,54.00,3.00,13828121,450
644.06,1551936860,13642.12,51.48938357,7.40400019,178.60,13.63,0.02,91.04,1,-79.00,-7.00,17.00,12.00,54.00,3.00,13828121,450
645.06,1551936861,13655.75,51.48938008,7.40418720,178.49,13.64,0.01,91.17,1,-78.00,-12.00,17.00,12.00,60.00,3.00,13828121,450
646.06,1551936862,13669.39,51.48937613,7.40438028,178.32,13.60,-0.05,91.23,1,-78.00,-12.00,17.00,12.00,60.00,3.00,13828121,450
647.06,1551936863,13682.99,51.48937351,7.40456825,178.30,13.54,-0.06,91.24,1,-78.00,-11.00,20.00,12.00,60.00,3.00,13828121,450
648.06,1551936864,13696.62,51.48937141,7.40475785,178.11,13.27,-0.27,90.86,1,-78.00,-11.00,20.00,12.00,60.00,3.00,13828121,450
649.06,1551936865,13709.89,51.48936855,7.40494537,177.93,12.99,-0.28,90.48,1,-72.00,-11.00,16.00,12.00,63.00,3.00,13828121,450
650.06,1551936866,13722.79,51.48936862,7.40513507,177.80,12.71,-0.28,89.75,1,-72.00,-11.00,16.00,12.00,63.00,3.00,13828121,450
651.06,1551936867,13735.50,51.48937250,7.40531988,178.05,12.52,-0.19,88.54,1,-72.00,-11.00,16.00,12.00,63.00,3.00,13828121,450
652.06,1551936868,13748.04,51.48938003,7.40550460,178.33,12.44,-0.08,86.85,1,-72.00,-11.00,19.00,12.00,63.00,3.00,13828121,450
653.06,1551936869,13760.48,51.48939174,7.40568900,178.56,12.39,-0.05,84.88,1,-72.00,-11.00,19.00,12.00,63.00,3.00,13828121,450
654.06,1551936870,13772.87,51.48940524,7.40587153,178.67,12.87,0.49,85.56,1,-73.00,-12.00,8.00,9.00,63.00,3.00,13828121,450
655.06,1551936871,13785.75,51.48941978,7.40604372,178.70,12.33,-0.55,83.24,1,-73.00,-12.00,8.00,9.00,63.00,3.00,13828121,450
656.06,1551936872,13798.06,51.48944003,7.40619130,179.59,12.29,-0.04,81.05,1,-76.00,-12.00,10.00,12.00,62.00,3.00,13828121,450
657.06,1551936873,13810.36,51.48946092,7.40637044,180.55,12.28,-0.01,80.34,1,-76.00,-12.00,10.00,12.00,62.00,3.00,13828121,450
658.06,1551936874,13822.72,51.48948741,7.40655648,181.20,12.25,-0.03,79.83,1,-69.00,-12.00,13.00,10.00,63.00,3.00,13828121,450
659.06,1551936875,13834.86,51.48951051,7.40673479,181.40,12.46,0.22,79.18,1,-69.00,-12.00,13.00,10.00,63.00,3.00,13828121,450
660.06,1551936876,13847.33,51.48953426,7.40691468,180.98,12.51,0.05,78.69,1,-73.00,-12.00,9.00,9.00,62.00,3.00,13828121,450
661.06,1551936877,13859.85,51.48955620,7.40709763,180.04,12.63,0.12,78.03,1,-73.00,-12.00,9.00,9.00,62.00,3.00,13828121,450
662.06,1551936878,13872.48,51.48957906,7.40727512,179.19,12.68,0.05,78.11,1,-79.00,-12.00,-1.00,5.00,58.00,3.00,13828121,450
663.06,1551936879,13885.17,51.48960141,7.40745018,178.34,12.65,-0.03,78.01,1,-79.00,-12.00,-1.00,5.00,58.00,3.00,13828121,450
664.06,1551936880,13897.81,51.48962362,7.40762630,177.47,12.71,0.06,78.32,1,-77.00,-12.00,5.00,8.00,61.00,3.00,13828121,450
665.06,1551936881,13910.52,51.48964624,7.40780050,176.55,12.69,-0.03,77.87,1,-77.00,-12.00,5.00,8.00,61.00,3.00,13828121,450
666.06,1551936882,13923.19,51.48966939,7.40798235,175.74,12.82,0.13,78.57,1,-75.00,-7.00,3.00,6.00,57.00,6.00,13821978,171
667.06,1551936883,13936.01,51.48969321,7.40815946,175.04,12.93,0.11,78.76,1,-75.00,-7.00,3.00,6.00,57.00,6.00,13821978,171
668.06,1551936884,13949.03,51.48971827,7.40833466,174.87,13.02,0.09,78.25,1,-72.00,-7.00,13.00,9.00,55.00,6.00,13821978,171
669.06,1551936885,13961.95,51.48974651,7.40852352,174.60,13.04,0.03,77.91,1,-72.00,-7.00,13.00,9.00,55.00,6.00,13821978,171
670.06,1551936886,13975.08,51.48977745,7.40870407,174.27,13.15,0.10,77.14,1,-72.00,-7.00,4.00,10.00,56.00,6.00,13821978,171
671.06,1551936887,13988.14,51.48980826,7.40888226,174.01,13.22,0.08,77.43,1,-72.00,-7.00,4.00,10.00,56.00,6.00,13821978,171
672.06,1551936888,14001.36,51.48983833,7.40907045,173.78,13.24,0.02,77.05,1,-72.00,-7.00,4.00,10.00,56.00,6.00,13821978,171
673.06,1551936889,14014.60,51.48986696,7.40925539,173.49,13.33,0.08,77.86,1,-72.00,-6.00,11.00,10.00,55.00,6.00,13821978,171
674.06,1551936890,14027.94,51.48989517,7.40944235,173.19,13.33,0.00,78.02,1,-72.00,-6.00,11.00,10.00,55.00,6.00,13821978,171
675.06,1551936891,14041.26,51.48991908,7.40962598,172.36,12.32,-1.01,78.74,1,-74.00,-6.00,22.00,12.00,58.00,6.00,13821978,171
676.06,1551936892,14053.59,51.48994129,7.40979959,171.43,12.14,-0.18,78.72,1,-74.00,-6.00,22.00,12.00,58.00,6.00,13821978,171
677.06,1551936893,14065.72,51.48996456,7.40997215,170.48,12.07,-0.07,78.83,1,-77.00,-6.00,10.00,4.00,54.00,6.00,13821978,171
678.06,1551936894,14077.87,51.48998627,7.41013654,169.81,12.04,-0.03,78.64,1,-77.00,-6.00,10.00,4.00,54.00,6.00,13821978,171
679.05,1551936895,14089.81,51.49000770,7.41030253,169.30,11.95,-0.09,78.24,1,-75.00,-8.00,13.00,10.00,61.00,6.00,13821978,171
680.06,1551936896,14101.78,51.49002891,7.41047110,168.68,11.73,-0.22,78.93,1,-75.00,-8.00,13.00,10.00,61.00,6.00,13821978,171
681.06,1551936897,14113.50,51.49005003,7.41063780,167.98,11.59,-0.14,78.42,1,-81.00,-7.00,12.00,8.00,51.00,6.00,13821978,171
682.06,1551936898,14125.09,51.49007115,7.41079580,167.47,11.55,-0.04,77.83,1,-81.00,-7.00,12.00,8.00,51.00,6.00,13821978,171
683.06,1551936899,14136.64,51.49009394,7.41095880,167.14,11.55,-0.00,78.02,1,-83.00,-7.00,12.00,10.00,50.00,6.00,13821978,171
