12.23,1551936233,160.05,51.44849879,7.48827476,253.51,14.26,0.00,191.71,1,-103.00,-10.00,7.00,10.00,38.00,7.00,28371201,66,0,0.550002,3.82943,46,20.4375
22.48,1551936243,302.25,51.44709347,7.48788765,257.20,13.77,-0.06,178.93,1,-106.00,-10.00,4.00,8.00,35.00,9.00,27771909,125,1,0.550002,9.26319,51,20.3281
33.67,1551936254,464.46,51.44579138,7.48898293,265.12,15.54,0.24,140.31,1,-103.00,-11.00,-3.00,6.00,38.00,9.00,27771909,125,2,0.550002,7.18957,43,20.5
44.18,1551936264,624.61,51.44496946,7.49077278,270.39,14.40,0.00,128.15,1,-105.00,-9.00,18.00,7.00,34.00,13.00,28371201,66,3,0.500002,3.643,58,16.9219
54.10,1551936274,698.97,51.44462132,7.49161764,272.40,0.00,0.00,127.18,1,-108.00,-8.00,9.00,8.00,31.00,6.00,27771907,124,4,0.500002,3.76295,42,21.7031
64.55,1551936285,698.97,51.44462132,7.49161764,272.50,0.00,0.00,127.18,1,-108.00,-9.00,3.00,10.00,32.00,6.00,27771907,124,5,0.500002,2.62813,39,21.75
74.43,1551936295,721.83,51.44427048,7.49153215,274.60,10.40,3.88,214.06,1,-77.00,-5.00,27.00,15.00,57.00,7.00,27771904,487,6,0.550002,10.6025,40,7.14063
84.49,1551936305,855.40,51.44322527,7.49036640,275.58,15.70,0.24,216.83,1,-71.00,-7.00,30.00,14.00,63.00,7.00,27771904,487,7,0.500002,8.33337,46,-6.78125
95.47,1551936316,1025.62,51.44200616,7.48889362,281.80,15.81,0.95,219.53,1,-60.00,-5.00,33.00,15.00,63.00,7.00,27771904,487,8,0.550002,9.84344,42,-12.0859
105.48,1551936326,1176.39,51.44106046,7.48712273,281.08,15.44,-0.57,232.18,1,-65.00,-8.00,23.00,15.00,63.00,7.00,27771904,487,9,0.500002,8.67682,50,-6.26563
115.38,1551936336,1327.27,51.44027371,7.48534750,279.57,13.55,-1.67,234.38,1,-53.00,-5.00,21.00,15.00,63.00,1.00,27771905,488,10,0.500002,11.0498,43,-10.2656
125.45,1551936346,1475.20,51.43947892,7.48357295,278.89,15.48,0.15,233.22,1,-61.00,-5.00,25.00,9.00,63.00,1.00,27771905,488,11,0.500002,9.47871,43,-7.625
135.46,1551936356,1628.27,51.43876892,7.48165521,285.79,14.41,0.78,239.56,1,-78.00,-5.00,10.00,15.00,53.00,1.00,27771905,488,12,0.500002,8.90872,43,6.46875
147.00,1551936367,1797.55,51.43805283,7.47957041,288.01,14.59,0.17,239.71,1,-94.00,-7.00,8.00,11.00,40.00,1.00,27771905,488,13,0.550002,4.78263,39,17.875
157.80,1551936378,1950.24,51.43737444,7.47750430,287.43,14.62,0.74,243.00,1,-98.00,-9.00,4.00,9.00,39.00,12.00,35484416,88,14,0.550002,5.47947,47,20.75
168.40,1551936389,2078.67,51.43757041,7.47634357,286.53,10.45,2.34,54.74,1,-89.00,-6.00,16.00,15.00,45.00,11.00,27771905,488,15,0.550002,11.3111,43,15.4844
179.42,1551936400,2257.86,51.43862251,7.47865971,289.71,22.84,3.55,56.44,1,-75.00,-6.00,18.00,13.00,59.00,11.00,27771905,488,16,0.550002,10.4513,41,3.57813
190.55,1551936411,2526.74,51.44003688,7.48174856,284.81,24.27,0.33,48.06,1,-82.00,-6.00,20.00,12.00,53.00,11.00,27771905,488,17,0.550002,8.28628,48,8.40625
200.41,1551936421,2768.59,51.44175054,7.48399033,284.25,24.91,0.02,30.26,1,-70.00,-6.00,34.00,12.00,63.00,11.00,27771905,488,18,0.500002,10.0756,48,-8.5
211.44,1551936432,3040.97,51.44387243,7.48565038,271.01,21.55,-4.29,21.99,1,-63.00,-5.00,15.00,9.00,63.00,1.00,27771906,486,19,0.550002,10.3774,46,-6.70313
221.42,1551936442,3208.77,51.44464327,7.48718270,264.61,14.37,0.31,121.35,1,-72.00,-6.00,7.00,12.00,62.00,1.00,27771906,486,20,0.500002,9.50122,43,1.25
231.50,1551936452,3356.55,51.44373260,7.48660012,264.40,15.78,1.07,264.45,1,-67.00,-7.00,10.00,15.00,63.00,1.00,27771906,486,21,0.500002,8.00003,40,-0.96875
241.42,1551936462,3540.01,51.44368442,7.48377606,265.86,23.23,2.06,268.39,1,-76.00,-5.00,25.00,15.00,58.00,1.00,27771906,486,22,0.500002,10.336,60,-3.73438
251.50,1551936472,3803.02,51.44354358,7.47992071,261.61,29.96,1.29,263.43,1,-79.00,-6.00,25.00,12.00,54.00,1.00,27771906,486,23,0.500002,8.01606,39,-1.64844
261.52,1551936482,4112.19,51.44316368,7.47552514,255.21,28.69,-0.89,260.72,1,-87.00,-9.00,10.00,15.00,50.00,1.00,27771906,486,24,0.500002,7.73697,39,15.5781
272.03,1551936492,4419.35,51.44263860,7.47134463,246.12,31.21,-0.02,257.18,1,-110.00,-12.00,-2.00,5.00,30.00,91.00,27771137,308,25,0.500002,3.91391,40,20.3125
282.14,1551936502,4742.18,51.44204928,7.46680493,236.64,32.32,0.00,259.30,1,-100.00,-9.00,0.00,7.00,31.00,28.00,33527559,199,26,0.500002,3.51804,42,20.7656
293.05,1551936513,5103.31,51.44162645,7.46160898,230.04,32.96,0.00,265.55,1,-103.00,-10.00,1.00,7.00,30.00,28.00,33527559,199,27,0.550002,4.85653,50,20.3906
302.77,1551936523,5417.57,51.44152188,7.45695210,229.46,33.14,0.39,270.40,1,-94.00,-7.00,5.00,9.00,35.00,28.00,33527559,199,28,0.500002,5.70616,42,18.7344
312.61,1551936533,5744.67,51.44167936,7.45218338,227.50,32.54,-1.30,276.03,1,-78.00,-5.00,22.00,12.00,52.00,28.00,33527559,199,29,0.500002,6.6116,38,8.6875
323.69,1551936544,6100.22,51.44213802,7.44717159,225.32,33.52,0.66,281.19,1,-67.00,-4.00,25.00,15.00,62.00,28.00,33527559,199,30,0.550002,6.52821,50,-4.03125
334.68,1551936555,6474.74,51.44298143,7.44193355,221.91,33.63,-0.00,286.05,1,-68.00,-6.00,22.00,13.00,58.00,28.00,33527559,199,31,0.550002,6.79015,42,-4.90625
345.16,1551936565,6814.53,51.44389799,7.43751245,213.01,33.29,0.00,289.90,1,-67.00,-6.00,13.00,15.00,63.00,28.00,33527559,199,32,0.500002,3.55241,48,0.59375
354.60,1551936575,7138.62,51.44516895,7.43301502,204.31,33.58,-1.25,298.33,1,-65.00,-5.00,32.00,15.00,60.00,1.00,33527561,449,33,0.500002,6.74539,39,-7.21875
364.66,1551936585,7475.73,51.44697113,7.42913079,192.15,33.66,-0.17,312.64,1,-69.00,-5.00,30.00,15.00,60.00,1.00,33527561,449,34,0.500002,5.9524,38,-8.53125
375.96,1551936596,7861.01,51.44959703,7.42576315,180.46,34.13,-0.09,328.52,1,-87.00,-6.00,11.00,15.00,43.00,1.00,33527561,449,35,0.550002,5.40543,56,15.4844
386.01,1551936606,8214.97,51.45252006,7.42376042,169.12,35.95,0.02,342.23,1,-81.00,-5.00,-7.00,6.00,47.00,37.00,29568775,352,36,0.500002,4.43461,42,5.9375
396.99,1551936617,8597.94,51.45583799,7.42221993,156.22,34.76,0.07,341.52,1,-91.00,-13.00,-2.00,4.00,45.00,36.00,29568775,352,37,0.500002,2.08769,41,13.9375
406.49,1551936627,8931.57,51.45872292,7.42019499,150.58,35.25,-0.02,331.57,1,-82.00,-7.00,1.00,6.00,47.00,13.00,27770889,335,38,0.550002,8.85315,39,-1.28125
417.50,1551936638,9324.47,51.46163720,7.41701988,149.61,36.12,0.30,320.78,1,-82.00,-8.00,-1.00,6.00,57.00,8.00,27770883,375,39,0.550002,8.85315,46,0.203125
428.05,1551936648,9707.58,51.46395051,7.41334550,150.16,36.63,0.00,310.60,1,-75.00,-6.00,23.00,10.00,63.00,8.00,27770883,375,40,0.500002,4.01608,104,-3.89063
437.45,1551936658,10053.77,51.46604698,7.40920773,149.68,36.93,-0.39,308.07,1,-89.00,-8.00,14.00,11.00,51.00,4.00,27770885,376,41,0.500002,9.434,38,14.9063
447.35,1551936668,10412.38,51.46809493,7.40519011,152.63,36.03,0.42,311.17,1,-84.00,-8.00,10.00,7.00,55.00,4.00,27770885,376,42,0.500002,11.236,41,3.04688
457.36,1551936678,10765.26,51.47027737,7.40155336,154.96,33.96,-1.95,316.02,1,-86.00,-7.00,8.00,15.00,50.00,19.00,27771140,49,43,0.500002,11.3315,41,7.92188
467.43,1551936688,11098.10,51.47241985,7.39835444,162.51,31.08,-0.13,319.32,1,-83.00,-7.00,15.00,11.00,55.00,19.00,27771140,49,44,0.500002,9.63859,42,5.5
478.45,1551936699,11430.66,51.47474184,7.39539496,168.21,29.82,0.14,325.36,1,-87.00,-7.00,4.00,9.00,52.00,19.00,27771140,49,45,0.550002,10.0457,44,15.5781
488.55,1551936709,11725.76,51.47698745,7.39339979,172.33,24.76,-3.31,336.82,1,-80.00,-7.00,14.00,13.00,58.00,19.00,27771140,49,46,0.500002,7.75197,41,1.50781
499.45,1551936720,11948.18,51.47887507,7.39361765,176.96,16.58,-6.07,31.53,1,-84.00,-6.00,18.00,11.00,52.00,3.00,27771139,48,47,0.550002,9.79959,41,11.0781
509.46,1551936730,12094.77,51.48005757,7.39342039,181.22,10.09,-3.86,355.23,1,-91.00,-7.00,4.00,13.00,47.00,3.00,27771139,48,48,0.500002,9.19544,48,18.5781
519.44,1551936740,12228.96,51.48083531,7.39495042,183.67,18.24,0.42,58.05,1,-81.00,-5.00,9.00,6.00,56.00,6.00,27771139,223,49,0.500002,9.15335,39,5.34375
529.43,1551936750,12397.82,51.48158804,7.39700665,186.24,14.74,-0.99,58.02,1,-88.00,-6.00,13.00,14.00,49.00,6.00,27771139,48,50,0.500002,9.36772,41,14.2969
539.44,1551936760,12527.25,51.48226184,7.39840295,184.93,7.73,-3.82,47.06,1,-79.00,-6.00,24.00,12.00,57.00,6.00,27771139,48,51,0.500002,9.19544,41,-0.445313
549.41,1551936770,12554.99,51.48237810,7.39856608,184.88,0.00,0.00,44.18,1,-86.00,-6.00,19.00,15.00,51.00,6.00,27771139,48,52,0.500002,9.9256,44,7.48438
559.55,1551936780,12554.99,51.48237810,7.39856608,184.79,0.00,0.00,47.33,1,-87.00,-7.00,19.00,15.00,51.00,6.00,27771139,48,53,0.500002,7.40744,43,17.75
570.46,1551936791,12663.24,51.48339605,7.39966906,185.89,15.57,1.03,34.16,1,-89.00,-6.00,12.00,9.00,48.00,6.00,27771139,48,54,0.550002,9.73455,44,15.7188
580.43,1551936801,12828.16,51.48460848,7.40111711,185.22,16.41,-0.77,41.06,1,-94.00,-6.00,8.00,8.00,42.00,9.00,28365058,223,55,0.500002,9.11165,41,17.7188
590.45,1551936811,12982.34,51.48552724,7.40262357,183.84,9.44,-4.83,48.96,1,-97.00,-7.00,9.00,7.00,40.00,9.00,28365058,223,56,0.500002,9.28078,67,19.1563
600.49,1551936821,13077.06,51.48621291,7.40221516,183.54,12.64,0.90,328.33,1,-97.00,-8.00,6.00,9.00,40.00,8.00,28365058,223,57,0.500002,8.45669,51,20.1563
611.42,1551936832,13217.97,51.48744696,7.40167313,182.44,12.78,-0.83,354.52,1,-87.00,-5.00,4.00,6.00,51.00,3.00,26385409,93,58,0.550002,10.2804,42,13.5938
621.42,1551936842,13348.65,51.48865270,7.40173538,176.51,13.82,0.03,359.09,1,-79.00,-5.00,23.00,15.00,54.00,3.00,26385409,93,59,0.500002,9.32404,40,5.89063
631.42,1551936852,13460.60,51.48943287,7.40202993,172.85,8.89,2.41,83.41,1,-71.00,-5.00,32.00,15.00,63.00,1.00,26385410,94,60,0.500002,9.70877,44,-7.34375
641.34,1551936862,13572.14,51.48939076,7.40379224,173.92,13.65,0.13,91.02,1,-73.00,-6.00,28.00,15.00,63.00,1.00,26385410,94,61,0.500002,11.9048,43,-2.95313
652.42,1551936873,13718.31,51.48941947,7.40586490,176.59,12.26,-0.26,82.74,1,-72.00,-5.00,29.00,15.00,63.00,1.00,26385408,95,62,0.550002,10.4513,40,-5.60938
662.43,1551936883,13842.61,51.48964001,7.40761302,174.94,12.65,0.10,78.73,1,-75.00,-6.00,27.00,10.00,62.00,1.00,26385408,95,63,0.500002,9.30236,42,-4.1875
672.43,1551936893,13972.33,51.48989177,7.40944643,170.19,13.34,0.03,78.00,1,-75.00,-5.00,21.00,12.00,61.00,1.00,26385408,95,64,0.500002,9.17435,40,-3.125
