11.97,1552282247,156.51,51.44857413,7.48828739,251.59,14.88,-0.09,189.13,1,-102.00,-9.00,8.00,11.00,25.00,7.00,13415170,315,0,0.550002,4.97177,43
26.95,1552282262,382.47,51.44657149,7.48812487,259.33,16.06,0.55,164.10,1,-116.00,-14.00,-4.00,4.00,18.00,32.00,13246977,156,1,0.550002,2.19781,737
33.03,1552282268,479.79,51.44582715,7.48894312,261.43,15.84,0.26,141.80,1,-103.00,-7.00,9.00,12.00,29.00,12.00,13415170,315,2,0.500002,8.42108,317
44.15,1552282279,635.88,51.44500163,7.49077719,268.36,9.45,0.00,125.61,1,-108.00,-10.00,0.00,7.00,22.00,12.00,13415170,315,3,0.500002,3.85358,49
55.86,1552282291,697.56,51.44470698,7.49145555,273.32,5.95,0.00,126.80,1,-111.00,-12.00,-1.00,5.00,20.00,24.00,13417219,440,4,0.550002,4.72612,355
64.78,1552282300,748.37,51.44434871,7.49162833,273.05,7.73,0.00,212.12,1,-107.00,-9.00,3.00,6.00,22.00,24.00,13417219,440,5,0.550002,5.64105,62
74.85,1552282310,872.00,51.44345804,7.49057789,272.39,14.57,0.00,216.35,1,-105.00,-8.00,16.00,4.00,22.00,24.00,13417219,440,6,0.500002,4.7059,50
85.43,1552282320,1026.80,51.44230940,7.48917294,277.49,13.58,0.00,219.07,1,-102.00,-9.00,-3.00,5.00,28.00,24.00,13417219,440,7,0.550002,10.1852,58
95.35,1552282330,1158.39,51.44143122,7.48779196,279.18,12.80,0.00,232.13,1,-96.00,-7.00,-5.00,1.00,30.00,24.00,13417219,440,8,0.500002,11.9761,60
106.36,1552282341,1309.88,51.44061357,7.48600073,279.49,14.67,0.00,233.84,1,-96.00,-7.00,13.00,9.00,31.00,24.00,13417219,440,9,0.550002,11.5486,48
116.37,1552282351,1473.86,51.43972197,7.48407989,283.95,16.45,0.00,233.59,1,-95.00,-7.00,12.00,11.00,31.00,24.00,13417219,440,10,0.500002,10.6667,55
126.27,1552282361,1627.55,51.43898287,7.48215116,284.59,15.96,0.00,240.31,1,-98.00,-10.00,3.00,8.00,31.00,21.00,13523715,6,11,0.500002,16.461,71
136.66,1552282371,1794.44,51.43828521,7.48006749,285.83,16.89,0.00,241.18,1,-94.00,-8.00,4.00,7.00,34.00,20.00,13417219,440,12,0.500002,6.52531,73
146.47,1552282381,1935.83,51.43761985,7.47817294,285.92,13.93,0.00,241.78,1,-91.00,-8.00,2.00,7.00,36.00,20.00,13417219,440,13,0.500002,8.19675,48
156.28,1552282391,2058.89,51.43719784,7.47643449,290.95,7.90,0.00,271.83,1,-89.00,-6.00,10.00,15.00,37.00,19.00,13523715,6,14,0.500002,15.5643,54
166.37,1552282401,2147.97,51.43782202,7.47676616,290.27,14.79,0.00,52.48,1,-94.00,-7.00,14.00,10.00,32.00,19.00,13523715,6,15,0.500002,10.3627,54
178.89,1552282414,2425.25,51.43918447,7.47998655,292.31,26.85,0.00,54.90,1,-105.00,-9.00,2.00,9.00,24.00,19.00,13523715,6,16,0.550002,2.34793,54
193.09,1552282428,2785.37,51.44159475,7.48384035,284.86,25.00,0.00,32.84,1,-108.00,-12.00,-4.00,5.00,24.00,22.00,13417219,440,17,0.550002,1.07527,48
203.06,1552282438,3039.50,51.44358770,7.48542854,280.22,24.40,0.00,22.01,1,-115.00,-15.00,-8.00,4.00,21.00,22.00,13417219,440,18,0.500002,3.30307,2839
210.38,1552282445,3175.41,51.44460741,7.48623164,273.63,13.98,0.00,39.26,1,-109.00,-11.00,-7.00,8.00,22.00,17.00,13415170,315,19,0.550002,3.1815,53
225.40,1552282460,3387.67,51.44375660,7.48669769,262.51,15.65,0.00,262.02,1,-116.00,-15.00,-6.00,4.00,17.00,24.00,13417219,440,20,0.550002,1.01594,785
233.69,1552282468,3547.91,51.44369833,7.48441267,263.47,23.05,0.00,267.28,1,-118.00,-18.00,-10.00,3.00,20.00,24.00,13417219,440,21,0.500002,5.49453,42
241.64,1552282476,3738.76,51.44364187,7.48162973,267.30,23.71,0.00,266.66,1,-110.00,-10.00,-1.00,6.00,20.00,65.00,13177857,26,22,0.200001,1.14696,60
252.60,1552282487,4004.40,51.44339283,7.47782549,260.67,27.36,0.00,262.82,1,-105.00,-10.00,3.00,7.00,24.00,65.00,13177857,26,23,0.550002,2.83689,53
273.98,1552282509,4622.45,51.44237138,7.46884140,245.55,28.51,0.21,258.28,1,-109.00,-11.00,-1.00,5.00,23.00,65.00,13177857,26,24,0.550002,1.36435,6122
292.05,1552282527,5197.32,51.44160183,7.46061947,236.43,34.98,0.00,266.25,1,-120.00,-10.00,-2.00,4.00,7.00,85.00,13067273,288,25,0.500002,0.23466,412
315.98,1552282551,6062.79,51.44205937,7.44815407,230.02,36.64,0.13,279.88,1,-121.00,-11.00,2.00,7.00,6.00,85.00,13067273,288,26,0.500002,0.168408,1085
321.19,1552282556,6252.85,51.44239308,7.44560986,228.69,36.49,0.00,283.27,1,-113.00,-14.00,-9.00,4.00,19.00,24.00,13246978,157,29,0.550002,0.849588,931
321.98,1552282557,6281.57,51.44246763,7.44509969,228.36,36.81,0.34,283.37,1,-113.00,-11.00,-3.00,2.00,27.00,14.00,13857025,171,28,0.500002,0.667559,9676
324.32,1552282559,6368.01,51.44262688,7.44405982,227.51,37.34,0.00,284.33,1,-111.00,-18.00,-10.00,2.00,27.00,26.00,13246978,157,27,0.550002,0.162566,1518
324.71,1552282559,6382.61,51.44262688,7.44405982,227.51,37.34,0.00,284.33,1,-107.00,-14.00,1.00,9.00,26.00,21.00,13857027,173,30,0.500002,5.45705,61
334.45,1552282569,6736.64,51.44354659,7.43906037,223.02,33.47,0.00,288.89,1,-107.00,-12.00,4.00,7.00,24.00,26.00,13246978,157,31,0.500002,8.08084,51
347.11,1552282582,7154.97,51.44503235,7.43340986,207.74,34.07,0.00,297.95,1,-105.00,-11.00,4.00,5.00,25.00,26.00,13246978,157,32,0.500002,1.31709,70
354.51,1552282589,7401.27,51.44619031,7.43062077,196.72,32.33,0.00,307.47,1,-104.00,-10.00,5.00,10.00,24.00,34.00,13395457,111,33,0.500002,8.77196,79
364.25,1552282599,7712.30,51.44818325,7.42731429,188.87,31.11,0.00,320.31,1,-98.00,-7.00,7.00,15.00,27.00,34.00,13395457,111,34,0.500002,15.7481,45
375.36,1552282610,8067.33,51.45090486,7.42472636,178.37,32.89,0.00,336.17,1,-98.00,-7.00,4.00,5.00,28.00,34.00,13395457,111,35,0.550002,11.5184,40
386.29,1552282621,8420.58,51.45389830,7.42315010,164.12,32.53,0.00,343.85,1,-93.00,-7.00,2.00,6.00,35.00,15.00,13523459,175,36,0.550002,14.8649,52
396.40,1552282631,8760.34,51.45678862,7.42167072,159.49,34.14,0.00,338.47,1,-88.00,-8.00,11.00,7.00,40.00,15.00,13523459,175,37,0.500002,9.38971,48
407.46,1552282642,9136.18,51.45976032,7.41922476,159.65,33.78,0.00,327.70,1,-88.00,-8.00,10.00,14.00,38.00,15.00,13523459,175,38,0.550002,9.18584,43
417.32,1552282652,9474.37,51.46220920,7.41623481,159.09,35.04,0.00,318.86,1,-89.00,-8.00,13.00,15.00,39.00,8.00,13395457,111,39,0.500002,11.5607,41
427.22,1552282662,9831.91,51.46443178,7.41241383,158.08,37.05,0.00,309.17,1,-79.00,-7.00,15.00,10.00,47.00,6.00,13395458,112,40,0.500002,19.5123,54
437.20,1552282672,10206.51,51.46651206,7.40816888,158.74,35.94,0.00,308.74,1,-69.00,-5.00,30.00,15.00,57.00,6.00,13395458,112,41,0.500002,16.5976,39
447.25,1552282682,10573.88,51.46864920,7.40415721,160.19,38.35,0.00,312.46,1,-78.00,-5.00,19.00,12.00,47.00,6.00,13395458,112,42,0.500002,13.8889,49
457.46,1552282692,10943.69,51.47095352,7.40046798,167.65,34.11,0.00,317.49,1,-89.00,-7.00,5.00,14.00,37.00,17.00,13022465,205,43,0.500002,8.73366,41
468.14,1552282703,11259.61,51.47313645,7.39738114,173.39,29.19,0.00,319.87,1,-91.00,-6.00,12.00,13.00,33.00,17.00,13022465,205,44,0.550002,22.4491,41
478.11,1552282713,11539.96,51.47515410,7.39498007,177.97,27.08,0.00,328.77,1,-78.00,-5.00,15.00,15.00,45.00,17.00,13022465,205,45,0.500002,29.8509,54
488.19,1552282723,11810.07,51.47729507,7.39321566,183.20,21.54,0.00,340.04,1,-75.00,-5.00,21.00,15.00,51.00,17.00,13022465,205,46,0.500002,19.5123,39
498.21,1552282733,11975.80,51.47871228,7.39341535,180.44,14.75,0.00,29.85,1,-79.00,-5.00,29.00,13.00,47.00,17.00,13022465,205,47,0.500002,18.7794,31
509.27,1552282744,12121.60,51.47986590,7.39352424,183.59,12.12,0.00,335.08,1,-94.00,-8.00,6.00,8.00,34.00,17.00,13022465,205,48,0.550002,15.225,49
519.56,1552282754,12230.70,51.48057114,7.39422378,184.26,12.84,0.00,56.58,1,-97.00,-9.00,1.00,7.00,31.00,17.00,13022465,205,49,0.500002,6.90849,52
529.37,1552282764,12381.83,51.48130304,7.39616041,184.81,16.96,0.00,59.70,1,-91.00,-8.00,5.00,9.00,37.00,12.00,13532162,198,50,0.500002,10.4167,59
539.34,1552282774,12536.23,51.48205456,7.39800347,187.19,11.34,0.00,52.45,1,-103.00,-12.00,-1.00,6.00,29.00,9.00,13022465,205,51,0.500002,11.236,43
549.37,1552282784,12582.59,51.48231748,7.39846679,188.77,0.00,0.00,46.87,1,-93.00,-11.00,1.00,6.00,36.00,9.00,13022465,205,52,0.500002,12.6583,45
559.29,1552282794,12582.59,51.48231748,7.39846679,188.60,0.00,0.00,46.87,1,-95.00,-12.00,-1.00,6.00,36.00,9.00,13022465,205,53,0.500002,12.1952,47
570.25,1552282805,12582.59,51.48231748,7.39846679,188.47,0.00,0.00,46.87,1,-95.00,-12.00,-1.00,8.00,36.00,9.00,13022465,205,54,0.550002,17.9593,66
580.09,1552282815,12613.15,51.48260840,7.39886521,189.81,9.15,0.00,38.94,1,-100.00,-10.00,-3.00,5.00,29.00,9.00,13022465,205,55,0.500002,26.6668,36
591.22,1552282826,12744.98,51.48360036,7.39992327,188.44,14.08,0.00,35.16,1,-90.00,-7.00,20.00,15.00,37.00,8.00,13532163,200,56,0.550002,21.0527,63
601.23,1552282836,12877.22,51.48454960,7.40110062,185.88,13.15,0.00,41.50,1,-95.00,-7.00,4.00,9.00,31.00,8.00,13532163,200,57,0.500002,14.2349,34
612.18,1552282847,13023.22,51.48547938,7.40259867,182.33,9.90,0.00,48.62,1,-91.00,-7.00,24.00,8.00,34.00,8.00,13532163,200,58,0.550002,21.8906,57
622.21,1552282857,13115.91,51.48613396,7.40227853,186.82,10.19,0.00,325.52,1,-97.00,-8.00,0.00,8.00,29.00,8.00,13532163,200,59,0.500002,21.2767,69
632.45,1552282867,13221.95,51.48698357,7.40174750,187.27,10.45,0.00,345.62,1,-100.00,-10.00,-7.00,5.00,30.00,17.00,13531906,361,60,0.500002,8.45669,57
642.21,1552282877,13330.64,51.48800729,7.40171329,183.71,10.97,0.00,0.97,1,-85.00,-5.00,17.00,15.00,36.00,11.00,13067528,356,61,0.500002,20.8334,54
653.19,1552282888,13449.29,51.48908307,7.40173833,183.00,9.52,0.00,1.08,1,-102.00,-6.00,19.00,12.00,22.00,11.00,13067528,356,62,0.550002,20.3704,45
663.23,1552282898,13528.37,51.48943033,7.40252998,179.12,8.93,0.00,87.23,1,-110.00,-8.00,7.00,8.00,17.00,11.00,13067528,356,63,0.500002,17.4673,47
674.38,1552282909,13646.90,51.48939078,7.40421521,181.42,12.74,0.00,90.78,1,-112.00,-9.00,12.00,8.00,14.00,11.00,13067528,356,64,0.550002,12.088,75
684.29,1552282919,13765.53,51.48942419,7.40596512,182.15,12.71,0.00,82.51,1,-104.00,-6.00,12.00,10.00,22.00,17.00,13067528,356,65,0.500002,13.1148,48
694.16,1552282929,13887.25,51.48968615,7.40773974,185.47,12.69,0.00,78.80,1,-101.00,-7.00,5.00,10.00,27.00,71.00,13067274,289,66,0.500002,21.5055,48
704.18,1552282939,14019.28,51.48992529,7.40961025,182.78,13.72,0.00,77.95,1,-105.00,-7.00,8.00,9.00,20.00,71.00,13067274,289,67,0.500002,19.1388,40
