0.10,1552368000,0.01,51.44998927,7.48829853,246.83,9.31,0.00,168.69,0,-110.00,-12.00,0.00,0.00,28.00,0.00,0,118
0.10,1552368000,0.02,51.44998927,7.48829853,246.83,9.31,0.00,168.69,0,-112.00,-14.00,0.00,0.00,28.00,0.00,0,290
0.10,1552368000,0.02,51.44998927,7.48829853,246.83,9.31,0.00,168.69,0,-113.00,-15.00,0.00,0.00,28.00,0.00,0,465
1.05,1552368001,8.81,51.44990513,7.48833248,247.17,9.83,0.00,169.88,0,-110.00,-12.00,0.00,0.00,28.00,0.00,0,118
1.05,1552368001,8.81,51.44990513,7.48833248,247.17,9.83,0.00,169.88,0,-112.00,-14.00,0.00,0.00,28.00,0.00,0,290
1.05,1552368001,8.82,51.44990513,7.48833248,247.17,9.83,0.00,169.88,0,-113.00,-15.00,0.00,0.00,28.00,0.00,0,465
2.05,1552368002,18.64,51.44980556,7.48836542,247.65,10.83,0.00,170.64,0,-110.00,-12.00,0.00,0.00,28.00,0.00,0,118
2.05,1552368002,18.65,51.44980556,7.48836542,247.65,10.83,0.00,170.64,0,-112.00,-14.00,0.00,0.00,28.00,0.00,0,290
2.05,1552368002,18.65,51.44980556,7.48836542,247.65,10.83,0.00,170.64,0,-113.00,-15.00,0.00,0.00,28.00,0.00,0,465
3.04,1552368003,29.46,51.44970388,7.48839674,248.23,11.60,0.00,171.56,0,-110.00,-12.00,0.00,0.00,27.00,0.00,0,118
4.04,1552368004,41.04,51.44959562,7.48841817,248.94,12.25,0.00,173.15,0,-110.00,-12.00,0.00,0.00,27.00,0.00,0,118
53.04,1552368053,712.77,51.44464174,7.49160824,269.84,0.00,0.00,126.51,0,-106.00,-13.00,0.00,0.00,33.00,0.00,0,431
54.04,1552368054,712.77,51.44464174,7.49160824,269.84,0.00,0.00,126.51,0,-106.00,-13.00,0.00,0.00,33.00,0.00,0,431
55.04,1552368055,712.77,51.44464174,7.49160824,269.85,0.00,0.00,126.51,0,-107.00,-13.00,0.00,0.00,32.00,0.00,0,431
56.04,1552368056,712.77,51.44464174,7.49160824,269.86,0.00,0.00,126.51,0,-107.00,-13.00,0.00,0.00,32.00,0.00,0,431
59.04,1552368059,712.77,51.44464174,7.49160824,269.91,0.00,0.00,126.51,0,-107.00,-12.00,0.00,0.00,31.00,0.00,0,431
60.04,1552368060,712.77,51.44464174,7.49160824,269.92,0.00,0.00,126.51,0,-107.00,-12.00,0.00,0.00,31.00,0.00,0,431
61.04,1552368061,712.77,51.44464174,7.49160824,269.94,0.00,0.00,126.51,0,-107.00,-12.00,0.00,0.00,30.00,0.00,0,431
62.04,1552368062,712.77,51.44464174,7.49160824,270.13,0.00,0.00,126.51,0,-107.00,-12.00,0.00,0.00,30.00,0.00,0,431
63.05,1552368063,712.77,51.44464174,7.49160824,270.31,0.00,0.00,124.61,0,-105.00,-13.00,0.00,0.00,33.00,0.00,0,431
64.04,1552368064,712.77,51.44464174,7.49160824,272.19,0.00,0.00,148.41,0,-105.00,-13.00,0.00,0.00,33.00,0.00,0,431
65.04,1552368065,712.78,51.44452456,7.49172615,272.80,6.58,0.00,166.29,0,-105.00,-13.00,0.00,0.00,33.00,0.00,0,431
86.05,1552368086,997.18,51.44237705,7.48928303,273.57,16.02,0.00,216.75,0,-86.00,-11.00,0.00,0.00,52.00,0.00,0,431
87.04,1552368087,1013.08,51.44226629,7.48914556,273.66,15.32,0.00,217.29,0,-86.00,-11.00,0.00,0.00,52.00,0.00,0,431
88.04,1552368088,1028.39,51.44215660,7.48900999,273.65,15.80,0.00,218.00,0,-86.00,-11.00,0.00,0.00,52.00,0.00,0,431
89.04,1552368089,1044.20,51.44204104,7.48886272,273.76,15.93,0.00,219.16,0,-86.00,-8.00,0.00,0.00,48.00,0.00,0,431
90.04,1552368090,1060.11,51.44193203,7.48871308,274.01,15.20,0.00,220.94,0,-86.00,-8.00,0.00,0.00,48.00,0.00,0,431
91.04,1552368091,1075.33,51.44182343,7.48855562,274.67,15.32,0.00,222.39,0,-81.00,-10.00,0.00,0.00,54.00,0.00,0,431
92.04,1552368092,1090.63,51.44171507,7.48838005,275.20,15.50,0.00,224.91,0,-81.00,-10.00,0.00,0.00,54.00,0.00,0,431
93.04,1552368093,1106.13,51.44162096,7.48821131,276.31,15.73,0.00,227.03,0,-81.00,-8.00,0.00,0.00,53.00,0.00,0,431
94.04,1552368094,1121.88,51.44153546,7.48804550,277.26,16.13,0.00,228.45,0,-81.00,-8.00,0.00,0.00,53.00,0.00,0,431
107.05,1552368107,1322.96,51.44048232,7.48575059,278.76,15.23,0.00,232.62,0,-82.00,-9.00,0.00,0.00,54.00,0.00,0,430
108.04,1552368108,1338.07,51.44039498,7.48556616,279.07,15.15,0.00,233.24,0,-82.00,-9.00,0.00,0.00,54.00,0.00,0,430
109.04,1552368109,1353.23,51.44031199,7.48538559,279.37,14.87,0.00,233.62,0,-82.00,-9.00,0.00,0.00,54.00,0.00,0,430
110.04,1552368110,1368.10,51.44023022,7.48520099,279.71,15.15,0.00,233.91,0,-77.00,-7.00,0.00,0.00,55.00,0.00,0,430
111.04,1552368111,1383.25,51.44014752,7.48502030,280.09,15.55,0.00,233.26,0,-77.00,-7.00,0.00,0.00,55.00,0.00,0,430
135.04,1552368135,1763.21,51.43831874,7.48030021,285.63,16.98,0.00,241.44,0,-108.00,-8.00,0.00,0.00,25.00,0.00,0,38
136.04,1552368136,1780.18,51.43825029,7.48010992,285.96,16.85,0.00,240.68,0,-108.00,-8.00,0.00,0.00,25.00,0.00,0,38
137.04,1552368137,1797.03,51.43817962,7.47990239,285.83,16.10,0.00,240.99,0,-106.00,-8.00,0.00,0.00,28.00,0.00,0,38
138.04,1552368138,1813.12,51.43810828,7.47969588,286.52,16.10,0.00,241.04,0,-106.00,-8.00,0.00,0.00,28.00,0.00,0,38
139.04,1552368139,1829.22,51.43803954,7.47950013,287.40,16.23,0.00,240.07,0,-105.00,-7.00,0.00,0.00,28.00,0.00,0,38
140.04,1552368140,1845.45,51.43796491,7.47928519,288.95,16.14,0.00,240.41,0,-105.00,-7.00,0.00,0.00,28.00,0.00,0,38
141.04,1552368141,1861.60,51.43789823,7.47908664,289.37,15.32,0.00,240.97,0,-107.00,-8.00,0.00,0.00,27.00,0.00,0,38
141.05,1552368141,1861.61,51.43789823,7.47908664,289.37,15.32,0.00,240.97,0,-112.00,-13.00,0.00,0.00,27.00,0.00,0,70
142.04,1552368142,1876.92,51.43782514,7.47887480,289.19,15.39,0.00,241.42,0,-107.00,-8.00,0.00,0.00,27.00,0.00,0,38
142.05,1552368142,1876.93,51.43782514,7.47887480,289.19,15.39,0.00,241.42,0,-112.00,-13.00,0.00,0.00,27.00,0.00,0,70
143.04,1552368143,1892.30,51.43776135,7.47867758,289.14,14.66,0.00,242.00,0,-107.00,-9.00,0.00,0.00,27.00,0.00,0,38
143.05,1552368143,1892.32,51.43776135,7.47867758,289.14,14.66,0.00,242.00,0,-112.00,-13.00,0.00,0.00,27.00,0.00,0,70
144.05,1552368144,1906.97,51.43769766,7.47848794,288.90,14.20,0.00,242.41,0,-107.00,-9.00,0.00,0.00,27.00,0.00,0,38
144.05,1552368144,1906.99,51.43769766,7.47848794,288.90,14.20,0.00,242.41,0,-112.00,-13.00,0.00,0.00,27.00,0.00,0,70
145.05,1552368145,1921.19,51.43763936,7.47830616,288.57,14.03,0.00,242.07,0,-107.00,-8.00,0.00,0.00,27.00,0.00,0,38
145.05,1552368145,1921.20,51.43763936,7.47830616,288.57,14.03,0.00,242.07,0,-112.00,-13.00,0.00,0.00,27.00,0.00,0,70
146.04,1552368146,1935.19,51.43757825,7.47810892,288.34,14.53,0.00,241.39,0,-107.00,-8.00,0.00,0.00,27.00,0.00,0,38
146.05,1552368146,1935.21,51.43757825,7.47810892,288.34,14.53,0.00,241.39,0,-112.00,-13.00,0.00,0.00,27.00,0.00,0,70
147.04,1552368147,1949.73,51.43751780,7.47792230,288.36,14.51,0.00,241.98,0,-109.00,-9.00,0.00,0.00,25.00,0.00,0,38
147.05,1552368147,1949.74,51.43751780,7.47792230,288.36,14.51,0.00,241.98,0,-111.00,-11.00,0.00,0.00,25.00,0.00,0,70
148.04,1552368148,1964.16,51.43745441,7.47772698,288.00,14.33,0.00,241.38,0,-109.00,-9.00,0.00,0.00,25.00,0.00,0,38
148.04,1552368148,1964.18,51.43745441,7.47772698,288.00,14.33,0.00,241.38,0,-111.00,-11.00,0.00,0.00,25.00,0.00,0,70
149.05,1552368149,1978.61,51.43739351,7.47754048,288.03,13.80,0.00,240.99,0,-111.00,-9.00,0.00,0.00,24.00,0.00,0,38
149.05,1552368149,1978.61,51.43739351,7.47754048,288.03,13.80,0.00,240.99,0,-112.00,-11.00,0.00,0.00,24.00,0.00,0,70
149.05,1552368149,1978.62,51.43739351,7.47754048,288.03,13.80,0.00,240.99,0,-108.00,-14.00,0.00,0.00,33.00,0.00,0,213
149.05,1552368149,1978.63,51.43739351,7.47754048,288.03,13.80,0.00,240.99,0,-108.00,-14.00,0.00,0.00,33.00,0.00,0,457
149.05,1552368149,1978.63,51.43739351,7.47754048,288.03,13.80,0.00,240.99,0,-109.00,-17.00,0.00,0.00,33.00,0.00,0,408
150.05,1552368150,1992.39,51.43733439,7.47735676,288.26,14.33,0.00,240.57,0,-111.00,-9.00,0.00,0.00,24.00,0.00,0,38
150.05,1552368150,1992.39,51.43733439,7.47735676,288.26,14.33,0.00,240.57,0,-112.00,-11.00,0.00,0.00,24.00,0.00,0,70
150.05,1552368150,1992.41,51.43733439,7.47735676,288.26,14.33,0.00,240.57,0,-108.00,-14.00,0.00,0.00,33.00,0.00,0,213
150.05,1552368150,1992.42,51.43733439,7.47735676,288.26,14.33,0.00,240.57,0,-108.00,-14.00,0.00,0.00,33.00,0.00,0,457
150.05,1552368150,1992.42,51.43733439,7.47735676,288.26,14.33,0.00,240.57,0,-109.00,-17.00,0.00,0.00,33.00,0.00,0,408
151.05,1552368151,2006.84,51.43727282,7.47716763,287.94,14.13,0.00,242.14,0,-112.00,-10.00,0.00,0.00,24.00,0.00,0,38
151.06,1552368151,2006.85,51.43727282,7.47716763,287.94,14.13,0.00,242.14,0,-113.00,-11.00,0.00,0.00,24.00,0.00,0,70
151.06,1552368151,2006.86,51.43727282,7.47716763,287.94,14.13,0.00,242.14,0,-107.00,-13.00,0.00,0.00,33.00,0.00,0,457
151.06,1552368151,2006.86,51.43727282,7.47716763,287.94,14.13,0.00,242.14,0,-109.00,-16.00,0.00,0.00,33.00,0.00,0,213
151.06,1552368151,2006.88,51.43727282,7.47716763,287.94,14.13,0.00,242.14,0,-109.00,-16.00,0.00,0.00,33.00,0.00,0,161
152.05,1552368152,2020.85,51.43722125,7.47698463,287.75,13.44,0.00,245.30,0,-112.00,-10.00,0.00,0.00,24.00,0.00,0,38
152.05,1552368152,2020.87,51.43722125,7.47698463,287.75,13.44,0.00,245.30,0,-113.00,-11.00,0.00,0.00,24.00,0.00,0,70
152.05,1552368152,2020.87,51.43722125,7.47698463,287.75,13.44,0.00,245.30,0,-107.00,-13.00,0.00,0.00,33.00,0.00,0,457
152.05,1552368152,2020.88,51.43722125,7.47698463,287.75,13.44,0.00,245.30,0,-109.00,-16.00,0.00,0.00,33.00,0.00,0,213
152.05,1552368152,2020.89,51.43722125,7.47698463,287.75,13.44,0.00,245.30,0,-109.00,-16.00,0.00,0.00,33.00,0.00,0,161
153.05,1552368153,2034.31,51.43718212,7.47681166,287.77,12.62,0.00,247.85,0,-112.00,-10.00,0.00,0.00,24.00,0.00,0,38
153.05,1552368153,2034.31,51.43718212,7.47681166,287.77,12.62,0.00,247.85,0,-113.00,-11.00,0.00,0.00,24.00,0.00,0,70
153.05,1552368153,2034.32,51.43718212,7.47681166,287.77,12.62,0.00,247.85,0,-107.00,-13.00,0.00,0.00,33.00,0.00,0,457
153.05,1552368153,2034.33,51.43718212,7.47681166,287.77,12.62,0.00,247.85,0,-109.00,-16.00,0.00,0.00,33.00,0.00,0,213
153.05,1552368153,2034.35,51.43718212,7.47681166,287.77,12.62,0.00,247.85,0,-109.00,-16.00,0.00,0.00,33.00,0.00,0,161
154.05,1552368154,2046.91,51.43716560,7.47660759,287.99,11.73,0.00,264.16,0,-112.00,-11.00,0.00,0.00,24.00,0.00,0,70
154.05,1552368154,2046.92,51.43716560,7.47660759,287.99,11.73,0.00,264.16,0,-115.00,-12.00,0.00,0.00,22.00,0.00,0,38
154.05,1552368154,2046.93,51.43716560,7.47660759,287.99,11.73,0.00,264.16,0,-109.00,-15.00,0.00,0.00,32.00,0.00,0,448
154.05,1552368154,2046.93,51.43716560,7.47660759,287.99,11.73,0.00,264.16,0,-110.00,-17.00,0.00,0.00,33.00,0.00,0,457
154.05,1552368154,2046.95,51.43716560,7.47660759,287.99,11.73,0.00,264.16,0,-110.00,-16.00,0.00,0.00,32.00,0.00,0,391
155.05,1552368155,2058.65,51.43715995,7.47642743,288.26,11.03,0.00,267.73,0,-112.00,-11.00,0.00,0.00,24.00,0.00,0,70
155.05,1552368155,2058.65,51.43715995,7.47642743,288.26,11.03,0.00,267.73,0,-115.00,-12.00,0.00,0.00,22.00,0.00,0,38
155.05,1552368155,2058.66,51.43715995,7.47642743,288.26,11.03,0.00,267.73,0,-109.00,-15.00,0.00,0.00,32.00,0.00,0,448
155.05,1552368155,2058.67,51.43715995,7.47642743,288.26,11.03,0.00,267.73,0,-110.00,-17.00,0.00,0.00,33.00,0.00,0,457
155.05,1552368155,2058.67,51.43715995,7.47642743,288.26,11.03,0.00,267.73,0,-110.00,-16.00,0.00,0.00,32.00,0.00,0,391
200.04,1552368200,2953.25,51.44277144,7.48487054,270.26,23.52,0.00,24.31,0,-80.00,-9.00,0.00,0.00,56.00,0.00,0,429
201.04,1552368201,2976.78,51.44296108,7.48501542,269.58,23.50,0.00,24.15,0,-80.00,-9.00,0.00,0.00,56.00,0.00,0,429
202.04,1552368202,3000.28,51.44315268,7.48514802,268.99,22.94,0.00,23.52,0,-76.00,-8.00,0.00,0.00,59.00,0.00,0,429
203.04,1552368203,3023.22,51.44334288,7.48528078,268.54,22.71,0.00,22.86,0,-76.00,-8.00,0.00,0.00,59.00,0.00,0,429
238.04,1552368238,3636.13,51.44367269,7.48306153,260.70,26.62,0.00,267.77,0,-79.00,-9.00,0.00,0.00,56.00,0.00,0,430
239.04,1552368239,3662.73,51.44366350,7.48266207,260.82,27.06,0.00,267.06,0,-79.00,-9.00,0.00,0.00,56.00,0.00,0,430
240.04,1552368240,3689.78,51.44365450,7.48226690,260.70,27.55,0.00,266.94,0,-85.00,-8.00,0.00,0.00,48.00,0.00,0,430
241.04,1552368241,3717.36,51.44364661,7.48187073,260.43,27.94,0.00,266.81,0,-85.00,-8.00,0.00,0.00,48.00,0.00,0,430
242.04,1552368242,3745.27,51.44363129,7.48146885,260.20,28.36,0.00,266.32,0,-93.00,-10.00,0.00,0.00,44.00,0.00,0,429
243.04,1552368243,3773.64,51.44361443,7.48106133,259.97,28.70,0.00,265.64,0,-93.00,-10.00,0.00,0.00,44.00,0.00,0,429
261.04,1552368261,4276.30,51.44298617,7.47393668,254.43,27.82,0.00,258.66,0,-102.00,-9.00,0.00,0.00,33.00,0.00,0,397
262.04,1552368262,4304.12,51.44293564,7.47354429,253.58,27.85,0.00,258.48,0,-102.00,-9.00,0.00,0.00,33.00,0.00,0,397
269.04,1552368269,4498.49,51.44260684,7.47082987,247.44,27.02,0.00,258.24,0,-108.00,-9.00,0.00,0.00,26.00,0.00,0,430
270.04,1552368270,4525.51,51.44255852,7.47044784,246.69,26.97,0.00,257.97,0,-108.00,-9.00,0.00,0.00,26.00,0.00,0,430
273.05,1552368273,4605.49,51.44241086,7.46932039,244.33,26.43,0.00,257.74,0,-109.00,-10.00,0.00,0.00,26.00,0.00,0,430
273.05,1552368273,4605.51,51.44241086,7.46932039,244.33,26.43,0.00,257.74,0,-113.00,-13.00,0.00,0.00,26.00,0.00,0,397
273.05,1552368273,4605.54,51.44241086,7.46932039,244.33,26.43,0.00,257.74,0,-115.00,-12.00,0.00,0.00,24.00,0.00,0,72
274.04,1552368274,4631.89,51.44236384,7.46895410,243.79,26.23,0.00,257.95,0,-109.00,-10.00,0.00,0.00,26.00,0.00,0,430
274.05,1552368274,4631.92,51.44236384,7.46895410,243.79,26.23,0.00,257.95,0,-113.00,-13.00,0.00,0.00,26.00,0.00,0,397
274.05,1552368274,4631.94,51.44236384,7.46895410,243.79,26.23,0.00,257.95,0,-115.00,-12.00,0.00,0.00,24.00,0.00,0,72
277.05,1552368277,4711.57,51.44221627,7.46781943,241.96,26.57,0.00,258.78,0,-108.00,-14.00,0.00,0.00,31.00,0.00,0,229
278.04,1552368278,4737.93,51.44216816,7.46744534,241.27,26.43,0.00,258.62,0,-108.00,-14.00,0.00,0.00,31.00,0.00,0,229
279.04,1552368279,4764.39,51.44212152,7.46707923,240.31,26.07,0.00,259.47,0,-108.00,-14.00,0.00,0.00,31.00,0.00,0,229
280.05,1552368280,4790.48,51.44207965,7.46670894,239.51,25.88,0.00,259.92,0,-104.00,-12.00,0.00,0.00,33.00,0.00,0,229
280.05,1552368280,4790.51,51.44207965,7.46670894,239.51,25.88,0.00,259.92,0,-107.00,-15.00,0.00,0.00,34.00,0.00,0,78
280.05,1552368280,4790.51,51.44207965,7.46670894,239.51,25.88,0.00,259.92,0,-107.00,-15.00,0.00,0.00,33.00,0.00,0,51
281.05,1552368281,4816.36,51.44203820,7.46634405,238.81,25.63,0.00,260.16,0,-104.00,-12.00,0.00,0.00,33.00,0.00,0,229
281.05,1552368281,4816.36,51.44203820,7.46634405,238.81,25.63,0.00,260.16,0,-107.00,-15.00,0.00,0.00,34.00,0.00,0,78
281.05,1552368281,4816.38,51.44203820,7.46634405,238.81,25.63,0.00,260.16,0,-107.00,-15.00,0.00,0.00,33.00,0.00,0,51
282.04,1552368282,4841.96,51.44199824,7.46598587,238.19,25.17,0.00,260.22,0,-102.00,-12.00,0.00,0.00,35.00,0.00,0,229
283.04,1552368283,4867.11,51.44196031,7.46563698,237.38,24.89,0.00,260.60,0,-102.00,-12.00,0.00,0.00,35.00,0.00,0,229
284.05,1552368284,4892.05,51.44192614,7.46528556,236.71,24.66,0.00,261.00,0,-103.00,-13.00,0.00,0.00,35.00,0.00,0,229
284.05,1552368284,4892.08,51.44192614,7.46528556,236.71,24.66,0.00,261.00,0,-104.00,-14.00,0.00,0.00,35.00,0.00,0,51
284.05,1552368284,4892.08,51.44192614,7.46528556,236.71,24.66,0.00,261.00,0,-107.00,-17.00,0.00,0.00,36.00,0.00,0,449
285.05,1552368285,4916.71,51.44189289,7.46493750,236.19,24.46,0.00,261.43,0,-103.00,-13.00,0.00,0.00,35.00,0.00,0,229
285.05,1552368285,4916.73,51.44189289,7.46493750,236.19,24.46,0.00,261.43,0,-104.00,-14.00,0.00,0.00,35.00,0.00,0,51
285.05,1552368285,4916.73,51.44189289,7.46493750,236.19,24.46,0.00,261.43,0,-107.00,-17.00,0.00,0.00,36.00,0.00,0,449
286.04,1552368286,4941.14,51.44185878,7.46458621,235.54,24.64,0.00,261.44,0,-103.00,-12.00,0.00,0.00,35.00,0.00,0,229
286.05,1552368286,4941.17,51.44185878,7.46458621,235.54,24.64,0.00,261.44,0,-107.00,-15.00,0.00,0.00,34.00,0.00,0,51
286.05,1552368286,4941.19,51.44185878,7.46458621,235.54,24.64,0.00,261.44,0,-107.00,-15.00,0.00,0.00,34.00,0.00,0,449
287.05,1552368287,4965.81,51.44182505,7.46421476,234.77,25.15,0.00,261.92,0,-103.00,-12.00,0.00,0.00,35.00,0.00,0,229
287.05,1552368287,4965.84,51.44182505,7.46421476,234.77,25.15,0.00,261.92,0,-107.00,-15.00,0.00,0.00,34.00,0.00,0,51
287.05,1552368287,4965.84,51.44182505,7.46421476,234.77,25.15,0.00,261.92,0,-107.00,-15.00,0.00,0.00,34.00,0.00,0,449
288.05,1552368288,4990.99,51.44179771,7.46384197,233.98,25.53,0.00,262.85,0,-103.00,-12.00,0.00,0.00,35.00,0.00,0,229
288.05,1552368288,4991.02,51.44179771,7.46384197,233.98,25.53,0.00,262.85,0,-104.00,-14.00,0.00,0.00,35.00,0.00,0,449
288.05,1552368288,4991.04,51.44179771,7.46384197,233.98,25.53,0.00,262.85,0,-106.00,-15.00,0.00,0.00,34.00,0.00,0,51
288.05,1552368288,4991.04,51.44179771,7.46384197,233.98,25.53,0.00,262.85,0,-107.00,-8.00,0.00,0.00,28.00,0.00,0,118
288.05,1552368288,4991.07,51.44179771,7.46384197,233.98,25.53,0.00,262.85,0,-109.00,-9.00,0.00,0.00,26.00,0.00,0,72
288.05,1552368288,4991.09,51.44179771,7.46384197,233.98,25.53,0.00,262.85,0,-112.00,-11.00,0.00,0.00,26.00,0.00,0,430
289.04,1552368289,5016.39,51.44176998,7.46347733,233.19,25.41,0.00,263.50,0,-103.00,-12.00,0.00,0.00,35.00,0.00,0,229
289.04,1552368289,5016.39,51.44176998,7.46347733,233.19,25.41,0.00,263.50,0,-104.00,-14.00,0.00,0.00,35.00,0.00,0,449
289.04,1552368289,5016.39,51.44176998,7.46347733,233.19,25.41,0.00,263.50,0,-106.00,-15.00,0.00,0.00,34.00,0.00,0,51
289.04,1552368289,5016.39,51.44176998,7.46347733,233.19,25.41,0.00,263.50,0,-107.00,-8.00,0.00,0.00,28.00,0.00,0,118
289.04,1552368289,5016.42,51.44176998,7.46347733,233.19,25.41,0.00,263.50,0,-109.00,-9.00,0.00,0.00,26.00,0.00,0,72
289.04,1552368289,5016.42,51.44176998,7.46347733,233.19,25.41,0.00,263.50,0,-112.00,-11.00,0.00,0.00,26.00,0.00,0,430
290.04,1552368290,5041.78,51.44175019,7.46312068,232.32,25.19,0.00,264.13,0,-103.00,-11.00,0.00,0.00,34.00,0.00,0,449
290.04,1552368290,5041.78,51.44175019,7.46312068,232.32,25.19,0.00,264.13,0,-104.00,-12.00,0.00,0.00,33.00,0.00,0,229
290.04,1552368290,5041.80,51.44175019,7.46312068,232.32,25.19,0.00,264.13,0,-107.00,-12.00,0.00,0.00,31.00,0.00,0,54
291.05,1552368291,5067.09,51.44173017,7.46276337,231.74,25.11,0.00,264.34,0,-103.00,-11.00,0.00,0.00,34.00,0.00,0,449
291.05,1552368291,5067.12,51.44173017,7.46276337,231.74,25.11,0.00,264.34,0,-104.00,-12.00,0.00,0.00,33.00,0.00,0,229
291.05,1552368291,5067.12,51.44173017,7.46276337,231.74,25.11,0.00,264.34,0,-107.00,-12.00,0.00,0.00,31.00,0.00,0,54
292.05,1552368292,5092.20,51.44170909,7.46240862,231.42,24.70,0.00,264.44,0,-98.00,-10.00,0.00,0.00,37.00,0.00,0,449
292.05,1552368292,5092.20,51.44170909,7.46240862,231.42,24.70,0.00,264.44,0,-101.00,-12.00,0.00,0.00,36.00,0.00,0,229
292.05,1552368292,5092.23,51.44170909,7.46240862,231.42,24.70,0.00,264.44,0,-103.00,-11.00,0.00,0.00,33.00,0.00,0,54
293.04,1552368293,5116.88,51.44168792,7.46205895,231.02,24.25,0.00,264.65,0,-98.00,-10.00,0.00,0.00,37.00,0.00,0,449
293.05,1552368293,5116.90,51.44168792,7.46205895,231.02,24.25,0.00,264.65,0,-101.00,-12.00,0.00,0.00,36.00,0.00,0,229
293.05,1552368293,5116.93,51.44168792,7.46205895,231.02,24.25,0.00,264.65,0,-103.00,-11.00,0.00,0.00,33.00,0.00,0,54
294.04,1552368294,5141.13,51.44166488,7.46168938,231.54,23.71,0.00,264.70,0,-97.00,-9.00,0.00,0.00,37.00,0.00,0,449
294.04,1552368294,5141.13,51.44166488,7.46168938,231.54,23.71,0.00,264.70,0,-99.00,-10.00,0.00,0.00,37.00,0.00,0,229
295.04,1552368295,5164.84,51.44164421,7.46135025,232.27,23.15,0.00,264.49,0,-97.00,-9.00,0.00,0.00,37.00,0.00,0,449
295.05,1552368295,5164.87,51.44164421,7.46135025,232.27,23.15,0.00,264.49,0,-99.00,-10.00,0.00,0.00,37.00,0.00,0,229
296.05,1552368296,5188.04,51.44163030,7.46102664,232.88,22.68,0.00,265.98,0,-95.00,-11.00,0.00,0.00,41.00,0.00,0,449
296.05,1552368296,5188.06,51.44163030,7.46102664,232.88,22.68,0.00,265.98,0,-97.00,-13.00,0.00,0.00,42.00,0.00,0,229
296.05,1552368296,5188.08,51.44163030,7.46102664,232.88,22.68,0.00,265.98,0,-100.00,-15.00,0.00,0.00,41.00,0.00,0,54
297.04,1552368297,5210.67,51.44161586,7.46070883,233.21,22.29,0.00,266.96,0,-95.00,-11.00,0.00,0.00,41.00,0.00,0,449
297.05,1552368297,5210.69,51.44161586,7.46070883,233.21,22.29,0.00,266.96,0,-97.00,-13.00,0.00,0.00,42.00,0.00,0,229
297.05,1552368297,5210.71,51.44161586,7.46070883,233.21,22.29,0.00,266.96,0,-100.00,-15.00,0.00,0.00,41.00,0.00,0,54
298.05,1552368298,5233.18,51.44160163,7.46038382,233.44,22.67,0.00,266.98,0,-96.00,-8.00,0.00,0.00,37.00,0.00,0,54
298.06,1552368298,5233.20,51.44160163,7.46038382,233.44,22.67,0.00,266.98,0,-99.00,-13.00,0.00,0.00,40.00,0.00,0,448
298.06,1552368298,5233.20,51.44160163,7.46038382,233.44,22.67,0.00,266.98,0,-104.00,-7.00,0.00,0.00,30.00,0.00,0,72
298.06,1552368298,5233.23,51.44160163,7.46038382,233.44,22.67,0.00,266.98,0,-105.00,-10.00,0.00,0.00,31.00,0.00,0,118
299.05,1552368299,5255.65,51.44158812,7.46005965,233.54,22.80,0.00,266.97,0,-96.00,-8.00,0.00,0.00,37.00,0.00,0,54
299.05,1552368299,5255.67,51.44158812,7.46005965,233.54,22.80,0.00,266.97,0,-99.00,-13.00,0.00,0.00,40.00,0.00,0,448
299.05,1552368299,5255.70,51.44158812,7.46005965,233.54,22.80,0.00,266.97,0,-104.00,-7.00,0.00,0.00,30.00,0.00,0,72
299.05,1552368299,5255.70,51.44158812,7.46005965,233.54,22.80,0.00,266.97,0,-105.00,-10.00,0.00,0.00,31.00,0.00,0,118
300.05,1552368300,5278.45,51.44158003,7.45973298,233.53,22.55,0.00,267.84,0,-96.00,-8.00,0.00,0.00,37.00,0.00,0,54
300.05,1552368300,5278.48,51.44158003,7.45973298,233.53,22.55,0.00,267.84,0,-99.00,-13.00,0.00,0.00,40.00,0.00,0,448
300.05,1552368300,5278.48,51.44158003,7.45973298,233.53,22.55,0.00,267.84,0,-104.00,-7.00,0.00,0.00,30.00,0.00,0,72
300.05,1552368300,5278.50,51.44158003,7.45973298,233.53,22.55,0.00,267.84,0,-105.00,-10.00,0.00,0.00,31.00,0.00,0,118
301.05,1552368301,5301.03,51.44157436,7.45942807,233.59,21.75,0.00,268.22,0,-96.00,-7.00,0.00,0.00,36.00,0.00,0,54
301.05,1552368301,5301.03,51.44157436,7.45942807,233.59,21.75,0.00,268.22,0,-98.00,-13.00,0.00,0.00,41.00,0.00,0,448
301.05,1552368301,5301.05,51.44157436,7.45942807,233.59,21.75,0.00,268.22,0,-105.00,-7.00,0.00,0.00,29.00,0.00,0,72
301.05,1552368301,5301.07,51.44157436,7.45942807,233.59,21.75,0.00,268.22,0,-106.00,-8.00,0.00,0.00,31.00,0.00,0,430
302.05,1552368302,5322.78,51.44156895,7.45912728,233.40,21.13,0.00,268.05,0,-96.00,-7.00,0.00,0.00,36.00,0.00,0,54
302.05,1552368302,5322.78,51.44156895,7.45912728,233.40,21.13,0.00,268.05,0,-98.00,-13.00,0.00,0.00,41.00,0.00,0,448
302.05,1552368302,5322.80,51.44156895,7.45912728,233.40,21.13,0.00,268.05,0,-105.00,-7.00,0.00,0.00,29.00,0.00,0,72
302.05,1552368302,5322.82,51.44156895,7.45912728,233.40,21.13,0.00,268.05,0,-106.00,-8.00,0.00,0.00,31.00,0.00,0,430
303.05,1552368303,5343.89,51.44156356,7.45883118,232.99,20.85,0.00,268.08,0,-91.00,-6.00,0.00,0.00,40.00,0.00,0,54
303.05,1552368303,5343.89,51.44156356,7.45883118,232.99,20.85,0.00,268.08,0,-97.00,-7.00,0.00,0.00,36.00,0.00,0,72
303.05,1552368303,5343.91,51.44156356,7.45883118,232.99,20.85,0.00,268.08,0,-104.00,-9.00,0.00,0.00,34.00,0.00,0,430
304.05,1552368304,5364.74,51.44155859,7.45852721,232.76,20.82,0.00,268.84,0,-91.00,-6.00,0.00,0.00,40.00,0.00,0,54
304.05,1552368304,5364.76,51.44155859,7.45852721,232.76,20.82,0.00,268.84,0,-97.00,-7.00,0.00,0.00,36.00,0.00,0,72
304.05,1552368304,5364.76,51.44155859,7.45852721,232.76,20.82,0.00,268.84,0,-104.00,-9.00,0.00,0.00,34.00,0.00,0,430
305.05,1552368305,5385.58,51.44155453,7.45822526,232.48,21.06,0.00,268.81,0,-88.00,-6.00,0.00,0.00,43.00,0.00,0,54
305.05,1552368305,5385.60,51.44155453,7.45822526,232.48,21.06,0.00,268.81,0,-93.00,-8.00,0.00,0.00,43.00,0.00,0,72
306.04,1552368306,5406.60,51.44155531,7.45792233,232.21,21.38,0.00,268.96,0,-88.00,-6.00,0.00,0.00,43.00,0.00,0,54
306.05,1552368306,5406.62,51.44155531,7.45792233,232.21,21.38,0.00,268.96,0,-93.00,-8.00,0.00,0.00,43.00,0.00,0,72
357.04,1552368357,6558.47,51.44307970,7.44157882,220.75,24.02,0.00,286.94,0,-69.00,-8.00,0.00,0.00,63.00,0.00,0,56
357.04,1552368357,6558.49,51.44307970,7.44157882,220.75,24.02,0.00,286.94,0,-79.00,-9.00,0.00,0.00,55.00,0.00,0,74
358.04,1552368358,6582.51,51.44314303,7.44125046,220.25,24.02,0.00,287.14,0,-69.00,-8.00,0.00,0.00,63.00,0.00,0,56
358.05,1552368358,6582.53,51.44314303,7.44125046,220.25,24.02,0.00,287.14,0,-79.00,-9.00,0.00,0.00,55.00,0.00,0,74
359.04,1552368359,6606.48,51.44320935,7.44092124,219.72,24.02,0.00,287.61,0,-89.00,-13.00,0.00,0.00,51.00,0.00,0,72
360.04,1552368360,6630.53,51.44327504,7.44059396,219.15,23.93,0.00,287.75,0,-89.00,-13.00,0.00,0.00,51.00,0.00,0,72
395.04,1552368395,7496.72,51.44674915,7.42949545,194.36,30.14,0.00,311.49,0,-93.00,-6.00,0.00,0.00,38.00,0.00,0,70
396.04,1552368396,7526.86,51.44693826,7.42917851,193.45,31.17,0.00,313.17,0,-93.00,-6.00,0.00,0.00,38.00,0.00,0,70
397.04,1552368397,7558.04,51.44713389,7.42885373,192.31,31.79,0.00,313.75,0,-93.00,-5.00,0.00,0.00,38.00,0.00,0,70
398.04,1552368398,7589.83,51.44734032,7.42853458,191.08,32.78,0.00,315.77,0,-93.00,-5.00,0.00,0.00,38.00,0.00,0,70
399.05,1552368399,7622.67,51.44755107,7.42821498,190.26,32.06,0.00,316.43,0,-105.00,-11.00,0.00,0.00,32.00,0.00,0,56
399.05,1552368399,7622.67,51.44755107,7.42821498,190.26,32.06,0.00,316.43,0,-103.00,-6.00,0.00,0.00,30.00,0.00,0,74
400.04,1552368400,7654.70,51.44776874,7.42790689,189.57,31.73,0.00,317.82,0,-105.00,-11.00,0.00,0.00,32.00,0.00,0,56
400.05,1552368400,7654.73,51.44776874,7.42790689,189.57,31.73,0.00,317.82,0,-103.00,-6.00,0.00,0.00,30.00,0.00,0,74
410.04,1552368410,7965.11,51.45007480,7.42536640,177.72,32.12,0.00,331.86,0,-108.00,-9.00,0.00,0.00,28.00,0.00,0,27
410.05,1552368410,7965.14,51.45007480,7.42536640,177.72,32.12,0.00,331.86,0,-113.00,-12.00,0.00,0.00,26.00,0.00,0,74
411.04,1552368411,7997.23,51.45032926,7.42515980,176.54,32.45,0.00,333.40,0,-108.00,-9.00,0.00,0.00,28.00,0.00,0,27
411.04,1552368411,7997.23,51.45032926,7.42515980,176.54,32.45,0.00,333.40,0,-113.00,-12.00,0.00,0.00,26.00,0.00,0,74
412.04,1552368412,8029.68,51.45059330,7.42496410,175.30,32.49,0.00,335.07,0,-107.00,-10.00,0.00,0.00,30.00,0.00,0,27
412.05,1552368412,8029.71,51.45059330,7.42496410,175.30,32.49,0.00,335.07,0,-112.00,-15.00,0.00,0.00,29.00,0.00,0,157
413.04,1552368413,8062.17,51.45084531,7.42477470,174.02,31.75,0.00,335.75,0,-107.00,-10.00,0.00,0.00,30.00,0.00,0,27
413.04,1552368413,8062.17,51.45084531,7.42477470,174.02,31.75,0.00,335.75,0,-112.00,-15.00,0.00,0.00,29.00,0.00,0,157
414.05,1552368414,8093.98,51.45110188,7.42459351,172.56,31.47,0.00,336.77,0,-94.00,-9.00,0.00,0.00,41.00,0.00,0,376
414.05,1552368414,8094.01,51.45110188,7.42459351,172.56,31.47,0.00,336.77,0,-94.00,-12.00,0.00,0.00,43.00,0.00,0,51
414.05,1552368414,8094.04,51.45110188,7.42459351,172.56,31.47,0.00,336.77,0,-95.00,-13.00,0.00,0.00,43.00,0.00,0,230
414.05,1552368414,8094.04,51.45110188,7.42459351,172.56,31.47,0.00,336.77,0,-100.00,-8.00,0.00,0.00,35.00,0.00,0,377
414.05,1552368414,8094.08,51.45110188,7.42459351,172.56,31.47,0.00,336.77,0,-102.00,-10.00,0.00,0.00,35.00,0.00,0,27
415.05,1552368415,8125.45,51.45135835,7.42441152,171.35,31.19,0.00,337.75,0,-94.00,-9.00,0.00,0.00,41.00,0.00,0,376
415.05,1552368415,8125.48,51.45135835,7.42441152,171.35,31.19,0.00,337.75,0,-94.00,-12.00,0.00,0.00,43.00,0.00,0,51
415.05,1552368415,8125.52,51.45135835,7.42441152,171.35,31.19,0.00,337.75,0,-95.00,-13.00,0.00,0.00,43.00,0.00,0,230
415.05,1552368415,8125.52,51.45135835,7.42441152,171.35,31.19,0.00,337.75,0,-100.00,-8.00,0.00,0.00,35.00,0.00,0,377
415.05,1552368415,8125.55,51.45135835,7.42441152,171.35,31.19,0.00,337.75,0,-102.00,-10.00,0.00,0.00,35.00,0.00,0,27
416.04,1552368416,8156.55,51.45161813,7.42425384,169.95,30.88,0.00,339.48,0,-83.00,-5.00,0.00,0.00,48.00,0.00,0,376
417.04,1552368417,8187.46,51.45187734,7.42410535,168.56,30.73,0.00,340.51,0,-83.00,-5.00,0.00,0.00,48.00,0.00,0,376
418.05,1552368418,8218.23,51.45213744,7.42395829,167.08,30.85,0.00,341.25,0,-91.00,-9.00,0.00,0.00,45.00,0.00,0,70
418.05,1552368418,8218.26,51.45213744,7.42395829,167.08,30.85,0.00,341.25,0,-93.00,-12.00,0.00,0.00,45.00,0.00,0,51
418.05,1552368418,8218.29,51.45213744,7.42395829,167.08,30.85,0.00,341.25,0,-101.00,-10.00,0.00,0.00,36.00,0.00,0,27
418.05,1552368418,8218.32,51.45213744,7.42395829,167.08,30.85,0.00,341.25,0,-103.00,-9.00,0.00,0.00,33.00,0.00,0,377
419.05,1552368419,8249.08,51.45240107,7.42381809,165.64,31.29,0.00,341.66,0,-91.00,-9.00,0.00,0.00,45.00,0.00,0,70
419.05,1552368419,8249.11,51.45240107,7.42381809,165.64,31.29,0.00,341.66,0,-93.00,-12.00,0.00,0.00,45.00,0.00,0,51
419.05,1552368419,8249.11,51.45240107,7.42381809,165.64,31.29,0.00,341.66,0,-101.00,-10.00,0.00,0.00,36.00,0.00,0,27
419.05,1552368419,8249.14,51.45240107,7.42381809,165.64,31.29,0.00,341.66,0,-103.00,-9.00,0.00,0.00,33.00,0.00,0,377
424.05,1552368424,8408.74,51.45376878,7.42317368,159.94,32.67,0.00,343.93,0,-80.00,-10.00,0.00,0.00,55.00,0.00,0,70
424.05,1552368424,8408.74,51.45376878,7.42317368,159.94,32.67,0.00,343.93,0,-88.00,-7.00,0.00,0.00,46.00,0.00,0,40
425.04,1552368425,8441.37,51.45405388,7.42304970,159.02,32.83,0.00,344.27,0,-80.00,-10.00,0.00,0.00,55.00,0.00,0,70
425.05,1552368425,8441.41,51.45405388,7.42304970,159.02,32.83,0.00,344.27,0,-88.00,-7.00,0.00,0.00,46.00,0.00,0,40
426.05,1552368426,8474.43,51.45433688,7.42292105,158.17,33.08,0.00,344.01,0,-83.00,-8.00,0.00,0.00,51.00,0.00,0,70
426.05,1552368426,8474.46,51.45433688,7.42292105,158.17,33.08,0.00,344.01,0,-85.00,-8.00,0.00,0.00,51.00,0.00,0,40
427.04,1552368427,8507.28,51.45462304,7.42279250,157.36,33.20,0.00,343.70,0,-83.00,-8.00,0.00,0.00,51.00,0.00,0,70
427.05,1552368427,8507.31,51.45462304,7.42279250,157.36,33.20,0.00,343.70,0,-85.00,-8.00,0.00,0.00,51.00,0.00,0,40
428.05,1552368428,8540.52,51.45491243,7.42266138,156.55,33.43,0.00,343.30,0,-83.00,-8.00,0.00,0.00,51.00,0.00,0,70
428.05,1552368428,8540.52,51.45491243,7.42266138,156.55,33.43,0.00,343.30,0,-85.00,-8.00,0.00,0.00,51.00,0.00,0,40
429.04,1552368429,8573.88,51.45519951,7.42252192,155.68,33.53,0.00,343.08,0,-79.00,-8.00,0.00,0.00,54.00,0.00,0,70
430.04,1552368430,8607.41,51.45548810,7.42238107,154.74,33.96,0.00,342.30,0,-79.00,-8.00,0.00,0.00,54.00,0.00,0,70
433.04,1552368433,8710.33,51.45636825,7.42189905,152.28,34.88,0.00,340.13,0,-81.00,-12.00,0.00,0.00,57.00,0.00,0,230
433.05,1552368433,8710.37,51.45636825,7.42189905,152.28,34.88,0.00,340.13,0,-81.00,-7.00,0.00,0.00,52.00,0.00,0,119
434.04,1552368434,8745.21,51.45666336,7.42171781,151.39,35.05,0.00,338.78,0,-81.00,-12.00,0.00,0.00,57.00,0.00,0,230
434.04,1552368434,8745.21,51.45666336,7.42171781,151.39,35.05,0.00,338.78,0,-81.00,-7.00,0.00,0.00,52.00,0.00,0,119
435.04,1552368435,8780.23,51.45695575,7.42152742,150.72,35.24,0.00,337.50,0,-86.00,-9.00,0.00,0.00,49.00,0.00,0,230
436.04,1552368436,8815.47,51.45725126,7.42133186,150.20,35.52,0.00,336.56,0,-86.00,-9.00,0.00,0.00,49.00,0.00,0,230
437.05,1552368437,8851.06,51.45754268,7.42112430,149.81,35.70,0.00,335.70,0,-87.00,-6.00,0.00,0.00,44.00,0.00,0,386
437.05,1552368437,8851.10,51.45754268,7.42112430,149.81,35.70,0.00,335.70,0,-89.00,-9.00,0.00,0.00,46.00,0.00,0,230
437.05,1552368437,8851.13,51.45754268,7.42112430,149.81,35.70,0.00,335.70,0,-90.00,-9.00,0.00,0.00,44.00,0.00,0,376
437.05,1552368437,8851.13,51.45754268,7.42112430,149.81,35.70,0.00,335.70,0,-87.00,-7.00,0.00,0.00,46.00,0.00,0,119
438.05,1552368438,8886.80,51.45783759,7.42091329,149.62,35.76,0.00,334.75,0,-87.00,-6.00,0.00,0.00,44.00,0.00,0,386
438.05,1552368438,8886.84,51.45783759,7.42091329,149.62,35.76,0.00,334.75,0,-89.00,-9.00,0.00,0.00,46.00,0.00,0,230
438.05,1552368438,8886.84,51.45783759,7.42091329,149.62,35.76,0.00,334.75,0,-90.00,-9.00,0.00,0.00,44.00,0.00,0,376
438.05,1552368438,8886.88,51.45783759,7.42091329,149.62,35.76,0.00,334.75,0,-87.00,-7.00,0.00,0.00,46.00,0.00,0,119
439.04,1552368439,8922.46,51.45812187,7.42068757,149.46,35.57,0.00,333.37,0,-93.00,-12.00,0.00,0.00,46.00,0.00,0,40
440.04,1552368440,8958.03,51.45841031,7.42045877,149.32,35.68,0.00,332.61,0,-93.00,-12.00,0.00,0.00,46.00,0.00,0,40
441.05,1552368441,8993.82,51.45869356,7.42021642,149.16,35.97,0.00,331.74,0,-87.00,-11.00,0.00,0.00,48.00,0.00,0,70
441.05,1552368441,8993.85,51.45869356,7.42021642,149.16,35.97,0.00,331.74,0,-88.00,-8.00,0.00,0.00,46.00,0.00,0,386
441.05,1552368441,8993.85,51.45869356,7.42021642,149.16,35.97,0.00,331.74,0,-88.00,-11.00,0.00,0.00,48.00,0.00,0,69
441.05,1552368441,8993.89,51.45869356,7.42021642,149.16,35.97,0.00,331.74,0,-92.00,-13.00,0.00,0.00,46.00,0.00,0,40
441.05,1552368441,8993.92,51.45869356,7.42021642,149.16,35.97,0.00,331.74,0,-93.00,-12.00,0.00,0.00,46.00,0.00,0,39
442.05,1552368442,9029.78,51.45897473,7.41996633,148.95,36.11,0.00,330.64,0,-87.00,-11.00,0.00,0.00,48.00,0.00,0,70
442.05,1552368442,9029.82,51.45897473,7.41996633,148.95,36.11,0.00,330.64,0,-88.00,-8.00,0.00,0.00,46.00,0.00,0,386
442.05,1552368442,9029.82,51.45897473,7.41996633,148.95,36.11,0.00,330.64,0,-88.00,-11.00,0.00,0.00,48.00,0.00,0,69
442.05,1552368442,9029.85,51.45897473,7.41996633,148.95,36.11,0.00,330.64,0,-92.00,-13.00,0.00,0.00,46.00,0.00,0,40
442.05,1552368442,9029.89,51.45897473,7.41996633,148.95,36.11,0.00,330.64,0,-93.00,-12.00,0.00,0.00,46.00,0.00,0,39
443.04,1552368443,9065.78,51.45926060,7.41970990,148.64,35.75,0.00,329.65,0,-89.00,-11.00,0.00,0.00,47.00,0.00,0,39
444.04,1552368444,9101.56,51.45953463,7.41944218,148.40,35.38,0.00,328.44,0,-89.00,-11.00,0.00,0.00,47.00,0.00,0,39
447.05,1552368447,9208.52,51.46033188,7.41860803,146.96,35.62,0.00,325.23,0,-81.00,-8.00,0.00,0.00,53.00,0.00,0,230
447.05,1552368447,9208.56,51.46033188,7.41860803,146.96,35.62,0.00,325.23,0,-79.00,-6.00,0.00,0.00,54.00,0.00,0,119
447.05,1552368447,9208.60,51.46033188,7.41860803,146.96,35.62,0.00,325.23,0,-92.00,-17.00,0.00,0.00,53.00,0.00,0,93
448.05,1552368448,9243.89,51.46059068,7.41831865,146.48,35.00,0.00,324.24,0,-81.00,-8.00,0.00,0.00,53.00,0.00,0,230
448.05,1552368448,9243.89,51.46059068,7.41831865,146.48,35.00,0.00,324.24,0,-79.00,-6.00,0.00,0.00,54.00,0.00,0,119
448.05,1552368448,9243.93,51.46059068,7.41831865,146.48,35.00,0.00,324.24,0,-92.00,-17.00,0.00,0.00,53.00,0.00,0,93
449.05,1552368449,9278.90,51.46084555,7.41801602,146.05,34.99,0.00,323.29,0,-81.00,-8.00,0.00,0.00,53.00,0.00,0,230
449.05,1552368449,9278.93,51.46084555,7.41801602,146.05,34.99,0.00,323.29,0,-79.00,-6.00,0.00,0.00,54.00,0.00,0,119
449.05,1552368449,9278.93,51.46084555,7.41801602,146.05,34.99,0.00,323.29,0,-92.00,-17.00,0.00,0.00,53.00,0.00,0,93
458.05,1552368458,9598.23,51.46301348,7.41498699,147.24,36.12,0.00,314.63,0,-86.00,-15.00,0.00,0.00,54.00,0.00,0,230
458.05,1552368458,9598.23,51.46301348,7.41498699,147.24,36.12,0.00,314.63,0,-91.00,-9.00,0.00,0.00,45.00,0.00,0,119
459.04,1552368459,9634.32,51.46323656,7.41461117,147.37,36.27,0.00,313.30,0,-86.00,-15.00,0.00,0.00,54.00,0.00,0,230
459.05,1552368459,9634.36,51.46323656,7.41461117,147.37,36.27,0.00,313.30,0,-91.00,-9.00,0.00,0.00,45.00,0.00,0,119
460.04,1552368460,9670.59,51.46345973,7.41423045,147.67,36.40,0.00,312.43,0,-87.00,-8.00,0.00,0.00,47.00,0.00,0,230
460.04,1552368460,9670.59,51.46345973,7.41423045,147.67,36.40,0.00,312.43,0,-89.00,-8.00,0.00,0.00,47.00,0.00,0,119
461.04,1552368461,9706.98,51.46367806,7.41383938,148.00,36.46,0.00,311.69,0,-87.00,-8.00,0.00,0.00,47.00,0.00,0,230
461.04,1552368461,9706.98,51.46367806,7.41383938,148.00,36.46,0.00,311.69,0,-89.00,-8.00,0.00,0.00,47.00,0.00,0,119
462.05,1552368462,9743.52,51.46388824,7.41344298,148.15,36.66,0.00,310.63,0,-89.00,-9.00,0.00,0.00,46.00,0.00,0,132
462.05,1552368462,9743.52,51.46388824,7.41344298,148.15,36.66,0.00,310.63,0,-90.00,-10.00,0.00,0.00,45.00,0.00,0,386
462.05,1552368462,9743.55,51.46388824,7.41344298,148.15,36.66,0.00,310.63,0,-93.00,-11.00,0.00,0.00,43.00,0.00,0,376
462.05,1552368462,9743.59,51.46388824,7.41344298,148.15,36.66,0.00,310.63,0,-97.00,-10.00,0.00,0.00,38.00,0.00,0,133
463.05,1552368463,9780.14,51.46410590,7.41303756,148.35,36.79,0.00,310.41,0,-89.00,-9.00,0.00,0.00,46.00,0.00,0,132
463.05,1552368463,9780.18,51.46410590,7.41303756,148.35,36.79,0.00,310.41,0,-90.00,-10.00,0.00,0.00,45.00,0.00,0,386
463.05,1552368463,9780.18,51.46410590,7.41303756,148.35,36.79,0.00,310.41,0,-93.00,-11.00,0.00,0.00,43.00,0.00,0,376
463.05,1552368463,9780.22,51.46410590,7.41303756,148.35,36.79,0.00,310.41,0,-97.00,-10.00,0.00,0.00,38.00,0.00,0,133
464.05,1552368464,9816.93,51.46432174,7.41263802,148.30,36.93,0.00,310.12,0,-98.00,-15.00,0.00,0.00,43.00,0.00,0,230
464.05,1552368464,9816.97,51.46432174,7.41263802,148.30,36.93,0.00,310.12,0,-98.00,-13.00,0.00,0.00,40.00,0.00,0,132
464.05,1552368464,9817.01,51.46432174,7.41263802,148.30,36.93,0.00,310.12,0,-99.00,-15.00,0.00,0.00,41.00,0.00,0,431
464.05,1552368464,9817.04,51.46432174,7.41263802,148.30,36.93,0.00,310.12,0,-97.00,-10.00,0.00,0.00,38.00,0.00,0,93
464.05,1552368464,9817.04,51.46432174,7.41263802,148.30,36.93,0.00,310.12,0,-104.00,-15.00,0.00,0.00,34.00,0.00,0,417
465.05,1552368465,9853.90,51.46453239,7.41222431,148.43,37.06,0.00,309.37,0,-98.00,-15.00,0.00,0.00,43.00,0.00,0,230
465.05,1552368465,9853.94,51.46453239,7.41222431,148.43,37.06,0.00,309.37,0,-98.00,-13.00,0.00,0.00,40.00,0.00,0,132
465.05,1552368465,9853.98,51.46453239,7.41222431,148.43,37.06,0.00,309.37,0,-99.00,-15.00,0.00,0.00,41.00,0.00,0,431
465.05,1552368465,9853.98,51.46453239,7.41222431,148.43,37.06,0.00,309.37,0,-97.00,-10.00,0.00,0.00,38.00,0.00,0,93
465.05,1552368465,9854.01,51.46453239,7.41222431,148.43,37.06,0.00,309.37,0,-104.00,-15.00,0.00,0.00,34.00,0.00,0,417
466.05,1552368466,9891.00,51.46474043,7.41181737,148.50,36.48,0.00,308.78,0,-92.00,-10.00,0.00,0.00,44.00,0.00,0,51
466.05,1552368466,9891.03,51.46474043,7.41181737,148.50,36.48,0.00,308.78,0,-95.00,-14.00,0.00,0.00,44.00,0.00,0,392
466.05,1552368466,9891.03,51.46474043,7.41181737,148.50,36.48,0.00,308.78,0,-95.00,-13.00,0.00,0.00,43.00,0.00,0,230
466.05,1552368466,9891.07,51.46474043,7.41181737,148.50,36.48,0.00,308.78,0,-99.00,-10.00,0.00,0.00,39.00,0.00,0,119
466.05,1552368466,9891.11,51.46474043,7.41181737,148.50,36.48,0.00,308.78,0,-101.00,-14.00,0.00,0.00,39.00,0.00,0,93
467.05,1552368467,9927.44,51.46494161,7.41141016,148.56,35.78,0.00,308.22,0,-92.00,-10.00,0.00,0.00,44.00,0.00,0,51
467.05,1552368467,9927.47,51.46494161,7.41141016,148.56,35.78,0.00,308.22,0,-95.00,-14.00,0.00,0.00,44.00,0.00,0,392
467.05,1552368467,9927.51,51.46494161,7.41141016,148.56,35.78,0.00,308.22,0,-95.00,-13.00,0.00,0.00,43.00,0.00,0,230
467.05,1552368467,9927.51,51.46494161,7.41141016,148.56,35.78,0.00,308.22,0,-99.00,-10.00,0.00,0.00,39.00,0.00,0,119
467.05,1552368467,9927.54,51.46494161,7.41141016,148.56,35.78,0.00,308.22,0,-101.00,-14.00,0.00,0.00,39.00,0.00,0,93
468.05,1552368468,9963.50,51.46514466,7.41099714,148.98,35.77,0.00,308.15,0,-96.00,-10.00,0.00,0.00,39.00,0.00,0,132
468.06,1552368468,9963.54,51.46514466,7.41099714,148.98,35.77,0.00,308.15,0,-96.00,-10.00,0.00,0.00,40.00,0.00,0,51
468.06,1552368468,9963.54,51.46514466,7.41099714,148.98,35.77,0.00,308.15,0,-98.00,-12.00,0.00,0.00,39.00,0.00,0,386
468.06,1552368468,9963.57,51.46514466,7.41099714,148.98,35.77,0.00,308.15,0,-104.00,-11.00,0.00,0.00,32.00,0.00,0,93
468.06,1552368468,9963.61,51.46514466,7.41099714,148.98,35.77,0.00,308.15,0,-108.00,-14.00,0.00,0.00,32.00,0.00,0,119
469.05,1552368469,9998.95,51.46534420,7.41059571,149.44,35.26,0.00,308.13,0,-96.00,-10.00,0.00,0.00,39.00,0.00,0,132
469.05,1552368469,9998.99,51.46534420,7.41059571,149.44,35.26,0.00,308.13,0,-96.00,-10.00,0.00,0.00,40.00,0.00,0,51
469.05,1552368469,9999.02,51.46534420,7.41059571,149.44,35.26,0.00,308.13,0,-98.00,-12.00,0.00,0.00,39.00,0.00,0,386
469.05,1552368469,9999.06,51.46534420,7.41059571,149.44,35.26,0.00,308.13,0,-104.00,-11.00,0.00,0.00,32.00,0.00,0,93
469.05,1552368469,9999.06,51.46534420,7.41059571,149.44,35.26,0.00,308.13,0,-108.00,-14.00,0.00,0.00,32.00,0.00,0,119
470.05,1552368470,10034.25,51.46553820,7.41020079,149.90,34.59,0.00,308.24,0,-96.00,-10.00,0.00,0.00,39.00,0.00,0,132
470.05,1552368470,10034.29,51.46553820,7.41020079,149.90,34.59,0.00,308.24,0,-96.00,-10.00,0.00,0.00,40.00,0.00,0,51
470.05,1552368470,10034.32,51.46553820,7.41020079,149.90,34.59,0.00,308.24,0,-98.00,-12.00,0.00,0.00,39.00,0.00,0,386
470.05,1552368470,10034.32,51.46553820,7.41020079,149.90,34.59,0.00,308.24,0,-104.00,-11.00,0.00,0.00,32.00,0.00,0,93
470.05,1552368470,10034.35,51.46553820,7.41020079,149.90,34.59,0.00,308.24,0,-108.00,-14.00,0.00,0.00,32.00,0.00,0,119
471.05,1552368471,10068.84,51.46572899,7.40981000,150.45,34.20,0.00,308.04,0,-94.00,-12.00,0.00,0.00,43.00,0.00,0,386
471.05,1552368471,10068.88,51.46572899,7.40981000,150.45,34.20,0.00,308.04,0,-95.00,-11.00,0.00,0.00,42.00,0.00,0,431
471.05,1552368471,10068.91,51.46572899,7.40981000,150.45,34.20,0.00,308.04,0,-95.00,-12.00,0.00,0.00,42.00,0.00,0,51
471.05,1552368471,10068.91,51.46572899,7.40981000,150.45,34.20,0.00,308.04,0,-105.00,-13.00,0.00,0.00,35.00,0.00,0,377
471.05,1552368471,10068.95,51.46572899,7.40981000,150.45,34.20,0.00,308.04,0,-105.00,-14.00,0.00,0.00,35.00,0.00,0,93
472.05,1552368472,10103.01,51.46591807,7.40942312,150.97,34.16,0.00,308.06,0,-94.00,-12.00,0.00,0.00,43.00,0.00,0,386
472.05,1552368472,10103.04,51.46591807,7.40942312,150.97,34.16,0.00,308.06,0,-95.00,-11.00,0.00,0.00,42.00,0.00,0,431
472.05,1552368472,10103.04,51.46591807,7.40942312,150.97,34.16,0.00,308.06,0,-95.00,-12.00,0.00,0.00,42.00,0.00,0,51
472.05,1552368472,10103.08,51.46591807,7.40942312,150.97,34.16,0.00,308.06,0,-105.00,-13.00,0.00,0.00,35.00,0.00,0,377
472.05,1552368472,10103.11,51.46591807,7.40942312,150.97,34.16,0.00,308.06,0,-105.00,-14.00,0.00,0.00,35.00,0.00,0,93
473.05,1552368473,10137.17,51.46610768,7.40903766,151.42,33.98,0.00,308.18,0,-85.00,-7.00,0.00,0.00,46.00,0.00,0,386
473.05,1552368473,10137.17,51.46610768,7.40903766,151.42,33.98,0.00,308.18,0,-105.00,-14.00,0.00,0.00,37.00,0.00,0,377
473.05,1552368473,10137.20,51.46610768,7.40903766,151.42,33.98,0.00,308.18,0,-107.00,-13.00,0.00,0.00,33.00,0.00,0,93
474.05,1552368474,10171.14,51.46629432,7.40865408,151.94,33.75,0.00,308.36,0,-85.00,-7.00,0.00,0.00,46.00,0.00,0,386
474.05,1552368474,10171.17,51.46629432,7.40865408,151.94,33.75,0.00,308.36,0,-105.00,-14.00,0.00,0.00,37.00,0.00,0,377
474.05,1552368474,10171.17,51.46629432,7.40865408,151.94,33.75,0.00,308.36,0,-107.00,-13.00,0.00,0.00,33.00,0.00,0,93
475.04,1552368475,10204.85,51.46647525,7.40827770,152.46,33.43,0.00,308.45,0,-93.00,-10.00,0.00,0.00,42.00,0.00,0,69
475.05,1552368475,10204.89,51.46647525,7.40827770,152.46,33.43,0.00,308.45,0,-94.00,-11.00,0.00,0.00,43.00,0.00,0,376
476.04,1552368476,10238.15,51.46666129,7.40790161,153.07,33.04,0.00,308.53,0,-93.00,-10.00,0.00,0.00,42.00,0.00,0,69
476.04,1552368476,10238.15,51.46666129,7.40790161,153.07,33.04,0.00,308.53,0,-94.00,-11.00,0.00,0.00,43.00,0.00,0,376
477.05,1552368477,10271.35,51.46684247,7.40753421,153.49,32.65,0.00,309.10,0,-93.00,-14.00,0.00,0.00,46.00,0.00,0,376
477.05,1552368477,10271.35,51.46684247,7.40753421,153.49,32.65,0.00,309.10,0,-101.00,-13.00,0.00,0.00,38.00,0.00,0,93
477.05,1552368477,10271.39,51.46684247,7.40753421,153.49,32.65,0.00,309.10,0,-101.00,-13.00,0.00,0.00,37.00,0.00,0,377
478.04,1552368478,10303.94,51.46702505,7.40717667,153.69,32.40,0.00,309.28,0,-93.00,-14.00,0.00,0.00,46.00,0.00,0,376
478.04,1552368478,10303.97,51.46702505,7.40717667,153.69,32.40,0.00,309.28,0,-101.00,-13.00,0.00,0.00,38.00,0.00,0,93
478.04,1552368478,10303.97,51.46702505,7.40717667,153.69,32.40,0.00,309.28,0,-101.00,-13.00,0.00,0.00,37.00,0.00,0,377
479.05,1552368479,10336.40,51.46720964,7.40681964,153.70,32.13,0.00,309.59,0,-90.00,-9.00,0.00,0.00,44.00,0.00,0,376
479.05,1552368479,10336.43,51.46720964,7.40681964,153.70,32.13,0.00,309.59,0,-91.00,-8.00,0.00,0.00,43.00,0.00,0,69
479.05,1552368479,10336.43,51.46720964,7.40681964,153.70,32.13,0.00,309.59,0,-95.00,-14.00,0.00,0.00,44.00,0.00,0,132
479.05,1552368479,10336.46,51.46720964,7.40681964,153.70,32.13,0.00,309.59,0,-92.00,-9.00,0.00,0.00,43.00,0.00,0,377
480.05,1552368480,10368.53,51.46739199,7.40646587,153.68,32.02,0.00,310.07,0,-90.00,-9.00,0.00,0.00,44.00,0.00,0,376
480.05,1552368480,10368.56,51.46739199,7.40646587,153.68,32.02,0.00,310.07,0,-91.00,-8.00,0.00,0.00,43.00,0.00,0,69
480.05,1552368480,10368.59,51.46739199,7.40646587,153.68,32.02,0.00,310.07,0,-95.00,-14.00,0.00,0.00,44.00,0.00,0,132
480.05,1552368480,10368.59,51.46739199,7.40646587,153.68,32.02,0.00,310.07,0,-92.00,-9.00,0.00,0.00,43.00,0.00,0,377
481.05,1552368481,10400.58,51.46757686,7.40611539,153.67,31.97,0.00,310.28,0,-92.00,-9.00,0.00,0.00,43.00,0.00,0,69
481.05,1552368481,10400.61,51.46757686,7.40611539,153.67,31.97,0.00,310.28,0,-92.00,-11.00,0.00,0.00,44.00,0.00,0,376
481.05,1552368481,10400.61,51.46757686,7.40611539,153.67,31.97,0.00,310.28,0,-93.00,-11.00,0.00,0.00,44.00,0.00,0,431
481.05,1552368481,10400.64,51.46757686,7.40611539,153.67,31.97,0.00,310.28,0,-95.00,-8.00,0.00,0.00,39.00,0.00,0,377
481.05,1552368481,10400.67,51.46757686,7.40611539,153.67,31.97,0.00,310.28,0,-100.00,-10.00,0.00,0.00,36.00,0.00,0,39
482.05,1552368482,10432.54,51.46776226,7.40576513,153.86,31.92,0.00,310.42,0,-92.00,-9.00,0.00,0.00,43.00,0.00,0,69
482.05,1552368482,10432.58,51.46776226,7.40576513,153.86,31.92,0.00,310.42,0,-92.00,-11.00,0.00,0.00,44.00,0.00,0,376
482.05,1552368482,10432.61,51.46776226,7.40576513,153.86,31.92,0.00,310.42,0,-93.00,-11.00,0.00,0.00,44.00,0.00,0,431
482.05,1552368482,10432.61,51.46776226,7.40576513,153.86,31.92,0.00,310.42,0,-95.00,-8.00,0.00,0.00,39.00,0.00,0,377
482.05,1552368482,10432.64,51.46776226,7.40576513,153.86,31.92,0.00,310.42,0,-100.00,-10.00,0.00,0.00,36.00,0.00,0,39
483.05,1552368483,10464.49,51.46794919,7.40541523,154.07,32.10,0.00,311.24,0,-93.00,-10.00,0.00,0.00,42.00,0.00,0,431
483.05,1552368483,10464.49,51.46794919,7.40541523,154.07,32.10,0.00,311.24,0,-94.00,-10.00,0.00,0.00,42.00,0.00,0,69
483.05,1552368483,10464.53,51.46794919,7.40541523,154.07,32.10,0.00,311.24,0,-95.00,-11.00,0.00,0.00,41.00,0.00,0,230
483.05,1552368483,10464.56,51.46794919,7.40541523,154.07,32.10,0.00,311.24,0,-93.00,-12.00,0.00,0.00,46.00,0.00,0,93
483.05,1552368483,10464.56,51.46794919,7.40541523,154.07,32.10,0.00,311.24,0,-95.00,-14.00,0.00,0.00,46.00,0.00,0,377
484.05,1552368484,10496.53,51.46814240,7.40506961,154.12,32.33,0.00,311.35,0,-93.00,-10.00,0.00,0.00,42.00,0.00,0,431
484.05,1552368484,10496.56,51.46814240,7.40506961,154.12,32.33,0.00,311.35,0,-94.00,-10.00,0.00,0.00,42.00,0.00,0,69
484.05,1552368484,10496.59,51.46814240,7.40506961,154.12,32.33,0.00,311.35,0,-95.00,-11.00,0.00,0.00,41.00,0.00,0,230
484.05,1552368484,10496.59,51.46814240,7.40506961,154.12,32.33,0.00,311.35,0,-93.00,-12.00,0.00,0.00,46.00,0.00,0,93
484.05,1552368484,10496.62,51.46814240,7.40506961,154.12,32.33,0.00,311.35,0,-95.00,-14.00,0.00,0.00,46.00,0.00,0,377
487.05,1552368487,10594.75,51.46875819,7.40403454,154.41,33.50,0.00,315.03,0,-93.00,-8.00,0.00,0.00,41.00,0.00,0,57
487.05,1552368487,10594.78,51.46875819,7.40403454,154.41,33.50,0.00,315.03,0,-97.00,-10.00,0.00,0.00,39.00,0.00,0,205
487.05,1552368487,10594.82,51.46875819,7.40403454,154.41,33.50,0.00,315.03,0,-99.00,-12.00,0.00,0.00,39.00,0.00,0,386
487.05,1552368487,10594.82,51.46875819,7.40403454,154.41,33.50,0.00,315.03,0,-94.00,-5.00,0.00,0.00,39.00,0.00,0,74
487.05,1552368487,10594.85,51.46875819,7.40403454,154.41,33.50,0.00,315.03,0,-105.00,-13.00,0.00,0.00,35.00,0.00,0,93
487.05,1552368487,10594.88,51.46875819,7.40403454,154.41,33.50,0.00,315.03,0,-106.00,-15.00,0.00,0.00,35.00,0.00,0,119
488.05,1552368488,10628.18,51.46897068,7.40369653,154.61,33.18,0.00,315.25,0,-93.00,-8.00,0.00,0.00,41.00,0.00,0,57
488.05,1552368488,10628.21,51.46897068,7.40369653,154.61,33.18,0.00,315.25,0,-97.00,-10.00,0.00,0.00,39.00,0.00,0,205
488.05,1552368488,10628.24,51.46897068,7.40369653,154.61,33.18,0.00,315.25,0,-99.00,-12.00,0.00,0.00,39.00,0.00,0,386
488.05,1552368488,10628.24,51.46897068,7.40369653,154.61,33.18,0.00,315.25,0,-94.00,-5.00,0.00,0.00,39.00,0.00,0,74
488.05,1552368488,10628.28,51.46897068,7.40369653,154.61,33.18,0.00,315.25,0,-105.00,-13.00,0.00,0.00,35.00,0.00,0,93
488.05,1552368488,10628.31,51.46897068,7.40369653,154.61,33.18,0.00,315.25,0,-106.00,-15.00,0.00,0.00,35.00,0.00,0,119
489.05,1552368489,10661.55,51.46918724,7.40335282,154.58,32.55,0.00,314.46,0,-100.00,-10.00,0.00,0.00,36.00,0.00,0,57
489.05,1552368489,10661.59,51.46918724,7.40335282,154.58,32.55,0.00,314.46,0,-101.00,-12.00,0.00,0.00,36.00,0.00,0,431
489.05,1552368489,10661.62,51.46918724,7.40335282,154.58,32.55,0.00,314.46,0,-102.00,-13.00,0.00,0.00,36.00,0.00,0,230
490.05,1552368490,10693.87,51.46938380,7.40302288,154.47,31.43,0.00,313.99,0,-100.00,-10.00,0.00,0.00,36.00,0.00,0,57
490.05,1552368490,10693.87,51.46938380,7.40302288,154.47,31.43,0.00,313.99,0,-101.00,-12.00,0.00,0.00,36.00,0.00,0,431
490.05,1552368490,10693.90,51.46938380,7.40302288,154.47,31.43,0.00,313.99,0,-102.00,-13.00,0.00,0.00,36.00,0.00,0,230
491.05,1552368491,10725.30,51.46957792,7.40270355,154.22,30.98,0.00,314.21,0,-100.00,-10.00,0.00,0.00,36.00,0.00,0,57
491.05,1552368491,10725.33,51.46957792,7.40270355,154.22,30.98,0.00,314.21,0,-101.00,-12.00,0.00,0.00,36.00,0.00,0,431
491.05,1552368491,10725.36,51.46957792,7.40270355,154.22,30.98,0.00,314.21,0,-102.00,-13.00,0.00,0.00,36.00,0.00,0,230
492.05,1552368492,10756.28,51.46976593,7.40238943,153.74,30.72,0.00,314.50,0,-100.00,-13.00,0.00,0.00,38.00,0.00,0,137
492.05,1552368492,10756.28,51.46976593,7.40238943,153.74,30.72,0.00,314.50,0,-101.00,-12.00,0.00,0.00,37.00,0.00,0,386
492.05,1552368492,10756.31,51.46976593,7.40238943,153.74,30.72,0.00,314.50,0,-103.00,-15.00,0.00,0.00,37.00,0.00,0,132
493.05,1552368493,10787.00,51.46995530,7.40207435,153.06,30.53,0.00,314.76,0,-100.00,-13.00,0.00,0.00,38.00,0.00,0,137
493.05,1552368493,10787.03,51.46995530,7.40207435,153.06,30.53,0.00,314.76,0,-101.00,-12.00,0.00,0.00,37.00,0.00,0,386
493.05,1552368493,10787.03,51.46995530,7.40207435,153.06,30.53,0.00,314.76,0,-103.00,-15.00,0.00,0.00,37.00,0.00,0,132
494.05,1552368494,10817.53,51.47015354,7.40176338,152.55,30.55,0.00,315.32,0,-98.00,-11.00,0.00,0.00,38.00,0.00,0,137
494.05,1552368494,10817.56,51.47015354,7.40176338,152.55,30.55,0.00,315.32,0,-100.00,-11.00,0.00,0.00,37.00,0.00,0,376
494.05,1552368494,10817.56,51.47015354,7.40176338,152.55,30.55,0.00,315.32,0,-95.00,-5.00,0.00,0.00,39.00,0.00,0,74
495.05,1552368495,10848.07,51.47035152,7.40145127,152.33,30.72,0.00,315.52,0,-98.00,-11.00,0.00,0.00,38.00,0.00,0,137
495.05,1552368495,10848.11,51.47035152,7.40145127,152.33,30.72,0.00,315.52,0,-100.00,-11.00,0.00,0.00,37.00,0.00,0,376
495.05,1552368495,10848.11,51.47035152,7.40145127,152.33,30.72,0.00,315.52,0,-95.00,-5.00,0.00,0.00,39.00,0.00,0,74
496.04,1552368496,10878.76,51.47054693,7.40114215,152.34,30.79,0.00,315.66,0,-101.00,-10.00,0.00,0.00,35.00,0.00,0,376
496.05,1552368496,10878.79,51.47054693,7.40114215,152.34,30.79,0.00,315.66,0,-104.00,-14.00,0.00,0.00,35.00,0.00,0,137
497.04,1552368497,10909.55,51.47074641,7.40082561,152.42,30.88,0.00,316.15,0,-101.00,-10.00,0.00,0.00,35.00,0.00,0,376
497.05,1552368497,10909.58,51.47074641,7.40082561,152.42,30.88,0.00,316.15,0,-104.00,-14.00,0.00,0.00,35.00,0.00,0,137
498.05,1552368498,10940.46,51.47095496,7.40051552,152.96,31.23,0.00,316.79,0,-103.00,-12.00,0.00,0.00,34.00,0.00,0,57
498.05,1552368498,10940.49,51.47095496,7.40051552,152.96,31.23,0.00,316.79,0,-104.00,-12.00,0.00,0.00,34.00,0.00,0,376
498.05,1552368498,10940.52,51.47095496,7.40051552,152.96,31.23,0.00,316.79,0,-107.00,-13.00,0.00,0.00,32.00,0.00,0,230
499.05,1552368499,10971.69,51.47116331,7.40020297,153.62,31.51,0.00,317.12,0,-103.00,-12.00,0.00,0.00,34.00,0.00,0,57
499.05,1552368499,10971.69,51.47116331,7.40020297,153.62,31.51,0.00,317.12,0,-104.00,-12.00,0.00,0.00,34.00,0.00,0,376
499.05,1552368499,10971.72,51.47116331,7.40020297,153.62,31.51,0.00,317.12,0,-107.00,-13.00,0.00,0.00,32.00,0.00,0,230
500.04,1552368500,11003.17,51.47136319,7.39990148,154.12,31.29,0.00,317.47,0,-106.00,-12.00,0.00,0.00,31.00,0.00,0,56
500.05,1552368500,11003.20,51.47136319,7.39990148,154.12,31.29,0.00,317.47,0,-91.00,-5.00,0.00,0.00,42.00,0.00,0,74
501.04,1552368501,11034.46,51.47157360,7.39958813,154.82,31.49,0.00,317.49,0,-106.00,-12.00,0.00,0.00,31.00,0.00,0,56
501.05,1552368501,11034.49,51.47157360,7.39958813,154.82,31.49,0.00,317.49,0,-91.00,-5.00,0.00,0.00,42.00,0.00,0,74
502.04,1552368502,11065.94,51.47178274,7.39928346,155.52,31.57,0.00,317.93,0,-105.00,-11.00,0.00,0.00,31.00,0.00,0,56
502.05,1552368502,11065.98,51.47178274,7.39928346,155.52,31.57,0.00,317.93,0,-106.00,-12.00,0.00,0.00,31.00,0.00,0,78
502.05,1552368502,11066.01,51.47178274,7.39928346,155.52,31.57,0.00,317.93,0,-108.00,-12.00,0.00,0.00,30.00,0.00,0,205
503.04,1552368503,11097.52,51.47198926,7.39898411,155.93,31.19,0.00,318.28,0,-105.00,-11.00,0.00,0.00,31.00,0.00,0,56
503.05,1552368503,11097.55,51.47198926,7.39898411,155.93,31.19,0.00,318.28,0,-106.00,-12.00,0.00,0.00,31.00,0.00,0,78
503.05,1552368503,11097.58,51.47198926,7.39898411,155.93,31.19,0.00,318.28,0,-108.00,-12.00,0.00,0.00,30.00,0.00,0,205
504.05,1552368504,11128.73,51.47219799,7.39869246,156.60,30.73,0.00,319.00,0,-107.00,-12.00,0.00,0.00,30.00,0.00,0,392
504.05,1552368504,11128.73,51.47219799,7.39869246,156.60,30.73,0.00,319.00,0,-108.00,-11.00,0.00,0.00,28.00,0.00,0,57
504.05,1552368504,11128.76,51.47219799,7.39869246,156.60,30.73,0.00,319.00,0,-111.00,-15.00,0.00,0.00,30.00,0.00,0,78
505.04,1552368505,11159.43,51.47240331,7.39840434,157.23,30.60,0.00,319.15,0,-107.00,-12.00,0.00,0.00,30.00,0.00,0,392
505.05,1552368505,11159.46,51.47240331,7.39840434,157.23,30.60,0.00,319.15,0,-108.00,-11.00,0.00,0.00,28.00,0.00,0,57
505.05,1552368505,11159.49,51.47240331,7.39840434,157.23,30.60,0.00,319.15,0,-111.00,-15.00,0.00,0.00,30.00,0.00,0,78
506.05,1552368506,11190.06,51.47261035,7.39811154,158.05,30.62,0.00,319.43,0,-104.00,-11.00,0.00,0.00,31.00,0.00,0,392
506.05,1552368506,11190.06,51.47261035,7.39811154,158.05,30.62,0.00,319.43,0,-106.00,-11.00,0.00,0.00,30.00,0.00,0,57
506.05,1552368506,11190.09,51.47261035,7.39811154,158.05,30.62,0.00,319.43,0,-110.00,-17.00,0.00,0.00,32.00,0.00,0,431
507.05,1552368507,11220.68,51.47281648,7.39781892,158.98,30.79,0.00,319.81,0,-104.00,-11.00,0.00,0.00,31.00,0.00,0,392
507.05,1552368507,11220.71,51.47281648,7.39781892,158.98,30.79,0.00,319.81,0,-106.00,-11.00,0.00,0.00,30.00,0.00,0,57
507.05,1552368507,11220.74,51.47281648,7.39781892,158.98,30.79,0.00,319.81,0,-110.00,-17.00,0.00,0.00,32.00,0.00,0,431
508.05,1552368508,11251.51,51.47303160,7.39752960,160.12,30.90,0.00,320.17,0,-106.00,-10.00,0.00,0.00,30.00,0.00,0,392
508.05,1552368508,11251.54,51.47303160,7.39752960,160.12,30.90,0.00,320.17,0,-110.00,-15.00,0.00,0.00,30.00,0.00,0,431
508.05,1552368508,11251.54,51.47303160,7.39752960,160.12,30.90,0.00,320.17,0,-111.00,-12.00,0.00,0.00,27.00,0.00,0,57
509.05,1552368509,11282.37,51.47325395,7.39723487,161.66,30.88,0.00,320.19,0,-106.00,-10.00,0.00,0.00,30.00,0.00,0,392
509.05,1552368509,11282.37,51.47325395,7.39723487,161.66,30.88,0.00,320.19,0,-110.00,-15.00,0.00,0.00,30.00,0.00,0,431
509.05,1552368509,11282.40,51.47325395,7.39723487,161.66,30.88,0.00,320.19,0,-111.00,-12.00,0.00,0.00,27.00,0.00,0,57
510.05,1552368510,11313.47,51.47346804,7.39694875,162.88,30.77,0.00,320.14,0,-108.00,-12.00,0.00,0.00,29.00,0.00,0,392
510.05,1552368510,11313.50,51.47346804,7.39694875,162.88,30.77,0.00,320.14,0,-109.00,-13.00,0.00,0.00,29.00,0.00,0,431
510.05,1552368510,11313.53,51.47346804,7.39694875,162.88,30.77,0.00,320.14,0,-109.00,-10.00,0.00,0.00,26.00,0.00,0,57
511.05,1552368511,11344.02,51.47368826,7.39666568,163.78,31.16,0.00,321.30,0,-108.00,-12.00,0.00,0.00,29.00,0.00,0,392
511.05,1552368511,11344.05,51.47368826,7.39666568,163.78,31.16,0.00,321.30,0,-109.00,-13.00,0.00,0.00,29.00,0.00,0,431
511.05,1552368511,11344.05,51.47368826,7.39666568,163.78,31.16,0.00,321.30,0,-109.00,-10.00,0.00,0.00,26.00,0.00,0,57
512.05,1552368512,11375.18,51.47391387,7.39638749,164.43,30.89,0.00,322.37,0,-108.00,-12.00,0.00,0.00,29.00,0.00,0,392
512.05,1552368512,11375.21,51.47391387,7.39638749,164.43,30.89,0.00,322.37,0,-109.00,-13.00,0.00,0.00,29.00,0.00,0,431
512.05,1552368512,11375.24,51.47391387,7.39638749,164.43,30.89,0.00,322.37,0,-109.00,-10.00,0.00,0.00,26.00,0.00,0,57
513.05,1552368513,11406.07,51.47413625,7.39611496,165.27,29.93,0.00,323.01,0,-108.00,-16.00,0.00,0.00,33.00,0.00,0,340
513.05,1552368513,11406.10,51.47413625,7.39611496,165.27,29.93,0.00,323.01,0,-108.00,-13.00,0.00,0.00,30.00,0.00,0,57
513.05,1552368513,11406.10,51.47413625,7.39611496,165.27,29.93,0.00,323.01,0,-108.00,-14.00,0.00,0.00,31.00,0.00,0,392
514.04,1552368514,11435.97,51.47434859,7.39585225,166.06,29.16,0.00,323.28,0,-108.00,-16.00,0.00,0.00,33.00,0.00,0,340
514.05,1552368514,11436.00,51.47434859,7.39585225,166.06,29.16,0.00,323.28,0,-108.00,-13.00,0.00,0.00,30.00,0.00,0,57
514.05,1552368514,11436.03,51.47434859,7.39585225,166.06,29.16,0.00,323.28,0,-108.00,-14.00,0.00,0.00,31.00,0.00,0,392
515.05,1552368515,11465.16,51.47456418,7.39560962,166.89,28.89,0.00,324.59,0,-106.00,-12.00,0.00,0.00,32.00,0.00,0,436
515.05,1552368515,11465.16,51.47456418,7.39560962,166.89,28.89,0.00,324.59,0,-106.00,-13.00,0.00,0.00,33.00,0.00,0,392
515.05,1552368515,11465.19,51.47456418,7.39560962,166.89,28.89,0.00,324.59,0,-106.00,-14.00,0.00,0.00,33.00,0.00,0,340
516.05,1552368516,11494.05,51.47477269,7.39536862,167.23,28.74,0.00,325.51,0,-106.00,-12.00,0.00,0.00,32.00,0.00,0,436
516.05,1552368516,11494.08,51.47477269,7.39536862,167.23,28.74,0.00,325.51,0,-106.00,-13.00,0.00,0.00,33.00,0.00,0,392
516.05,1552368516,11494.11,51.47477269,7.39536862,167.23,28.74,0.00,325.51,0,-106.00,-14.00,0.00,0.00,33.00,0.00,0,340
517.05,1552368517,11522.79,51.47498805,7.39514170,167.76,28.43,0.00,326.56,0,-103.00,-13.00,0.00,0.00,36.00,0.00,0,392
517.05,1552368517,11522.82,51.47498805,7.39514170,167.76,28.43,0.00,326.56,0,-104.00,-14.00,0.00,0.00,35.00,0.00,0,436
517.05,1552368517,11522.82,51.47498805,7.39514170,167.76,28.43,0.00,326.56,0,-105.00,-13.00,0.00,0.00,35.00,0.00,0,57
518.05,1552368518,11551.22,51.47520251,7.39493443,168.09,28.45,0.00,329.32,0,-103.00,-13.00,0.00,0.00,36.00,0.00,0,392
518.05,1552368518,11551.24,51.47520251,7.39493443,168.09,28.45,0.00,329.32,0,-104.00,-14.00,0.00,0.00,35.00,0.00,0,436
518.05,1552368518,11551.27,51.47520251,7.39493443,168.09,28.45,0.00,329.32,0,-105.00,-13.00,0.00,0.00,35.00,0.00,0,57
519.04,1552368519,11579.64,51.47542146,7.39472009,168.67,28.43,0.00,329.41,0,-98.00,-10.00,0.00,0.00,37.00,0.00,0,392
519.05,1552368519,11579.67,51.47542146,7.39472009,168.67,28.43,0.00,329.41,0,-104.00,-16.00,0.00,0.00,38.00,0.00,0,436
520.04,1552368520,11608.07,51.47563895,7.39450346,169.32,28.54,0.00,329.12,0,-98.00,-10.00,0.00,0.00,37.00,0.00,0,392
520.05,1552368520,11608.10,51.47563895,7.39450346,169.32,28.54,0.00,329.12,0,-104.00,-16.00,0.00,0.00,38.00,0.00,0,436
521.04,1552368521,11636.57,51.47585216,7.39429383,170.02,27.76,0.00,330.14,0,-91.00,-7.00,0.00,0.00,41.00,0.00,0,392
522.04,1552368522,11664.33,51.47606294,7.39410536,170.75,27.36,0.00,331.77,0,-91.00,-7.00,0.00,0.00,41.00,0.00,0,392
525.32,1552368525,11751.67,51.47668394,7.39359561,172.62,25.45,0.00,334.70,0,-110.00,-10.00,0.00,0.00,26.00,0.00,0,312
526.33,1552368526,11777.15,51.47688536,7.39345748,173.04,24.30,0.00,335.77,0,-110.00,-10.00,0.00,0.00,26.00,0.00,0,312
527.32,1552368527,11801.37,51.47708073,7.39332983,173.27,22.88,0.00,336.97,0,-110.00,-13.00,0.00,0.00,28.00,0.00,0,120
527.32,1552368527,11801.37,51.47708073,7.39332983,173.27,22.88,0.00,336.97,0,-111.00,-9.00,0.00,0.00,26.00,0.00,0,312
528.32,1552368528,11824.27,51.47726954,7.39322059,173.37,20.86,0.00,339.96,0,-110.00,-13.00,0.00,0.00,28.00,0.00,0,120
528.32,1552368528,11824.27,51.47726954,7.39322059,173.37,20.86,0.00,339.96,0,-111.00,-9.00,0.00,0.00,26.00,0.00,0,312
529.34,1552368529,11845.46,51.47744849,7.39313440,173.41,19.08,0.00,343.99,0,-107.00,-10.00,0.00,0.00,29.00,0.00,0,120
529.34,1552368529,11845.48,51.47744849,7.39313440,173.41,19.08,0.00,343.99,0,-111.00,-10.00,0.00,0.00,27.00,0.00,0,312
530.33,1552368530,11864.27,51.47760465,7.39306023,173.33,18.43,0.00,344.98,0,-107.00,-10.00,0.00,0.00,29.00,0.00,0,120
530.33,1552368530,11864.29,51.47760465,7.39306023,173.33,18.43,0.00,344.98,0,-111.00,-10.00,0.00,0.00,27.00,0.00,0,312
531.32,1552368531,11882.64,51.47776476,7.39301110,173.42,17.86,0.00,348.18,0,-107.00,-10.00,0.00,0.00,29.00,0.00,0,120
531.32,1552368531,11882.64,51.47776476,7.39301110,173.42,17.86,0.00,348.18,0,-111.00,-10.00,0.00,0.00,27.00,0.00,0,312
537.71,1552368538,11987.06,51.47875606,7.39341916,172.61,14.32,0.00,29.02,0,-105.00,-7.00,0.00,0.00,29.00,0.00,0,312
538.71,1552368539,12001.38,51.47886380,7.39352967,172.08,13.20,0.00,31.79,0,-105.00,-7.00,0.00,0.00,29.00,0.00,0,312
