0.11,1552282242,0.03,51.45012746,7.48824404,250.61,8.19,0.00,167.72,0,-97.00,-9.00,0.00,0.00,44.00,0.00,0,67
0.11,1552282242,0.03,51.45012746,7.48824404,250.61,8.19,0.00,167.72,0,-94.00,-7.00,0.00,0.00,42.00,0.00,0,157
1.10,1552282243,8.14,51.45004187,7.48828266,250.95,9.62,0.00,166.70,0,-99.00,-8.00,0.00,0.00,41.00,0.00,0,67
1.10,1552282243,8.15,51.45004187,7.48828266,250.95,9.62,0.00,166.70,0,-98.00,-9.00,0.00,0.00,39.00,0.00,0,157
2.10,1552282244,17.76,51.44996130,7.48832002,251.56,10.06,0.00,167.66,0,-99.00,-8.00,0.00,0.00,41.00,0.00,0,67
2.11,1552282244,17.77,51.44996130,7.48832002,251.56,10.06,0.00,167.66,0,-98.00,-9.00,0.00,0.00,39.00,0.00,0,157
3.10,1552282245,27.82,51.44986957,7.48834973,251.97,11.51,0.00,168.87,0,-100.00,-9.00,0.00,0.00,40.00,0.00,0,67
3.11,1552282245,27.83,51.44986957,7.48834973,251.97,11.51,0.00,168.87,0,-96.00,-8.00,0.00,0.00,41.00,0.00,0,157
4.10,1552282246,39.33,51.44976286,7.48838062,252.37,12.32,0.00,170.46,0,-100.00,-9.00,0.00,0.00,40.00,0.00,0,67
4.10,1552282246,39.33,51.44976286,7.48838062,252.37,12.32,0.00,170.46,0,-96.00,-8.00,0.00,0.00,41.00,0.00,0,157
5.10,1552282247,51.65,51.44965418,7.48840249,252.64,12.50,0.00,172.43,0,-99.00,-10.00,0.00,0.00,43.00,0.00,0,67
5.11,1552282247,51.66,51.44965418,7.48840249,252.64,12.50,0.00,172.43,0,-100.00,-9.00,0.00,0.00,38.00,0.00,0,157
6.10,1552282248,64.16,51.44953676,7.48841910,252.29,13.83,0.00,173.69,0,-99.00,-10.00,0.00,0.00,43.00,0.00,0,67
6.11,1552282248,64.17,51.44953676,7.48841910,252.29,13.83,0.00,173.69,0,-100.00,-9.00,0.00,0.00,38.00,0.00,0,157
7.10,1552282249,77.99,51.44941319,7.48842616,251.95,13.91,0.00,176.43,0,-103.00,-12.00,0.00,0.00,40.00,0.00,0,67
7.10,1552282249,77.99,51.44941319,7.48842616,251.95,13.91,0.00,176.43,0,-100.00,-9.00,0.00,0.00,38.00,0.00,0,157
8.10,1552282250,91.90,51.44926830,7.48843337,251.83,15.07,0.00,178.16,0,-103.00,-12.00,0.00,0.00,40.00,0.00,0,67
8.11,1552282250,91.92,51.44926830,7.48843337,251.83,15.07,0.00,178.16,0,-100.00,-9.00,0.00,0.00,38.00,0.00,0,157
9.11,1552282251,107.08,51.44913018,7.48842538,251.51,14.95,0.00,180.68,0,-103.00,-10.00,0.00,0.00,39.00,0.00,0,67
9.11,1552282251,107.10,51.44913018,7.48842538,251.51,14.95,0.00,180.68,0,-100.00,-9.00,0.00,0.00,38.00,0.00,0,157
10.10,1552282252,121.93,51.44899657,7.48840551,250.99,14.42,0.00,183.49,0,-103.00,-10.00,0.00,0.00,39.00,0.00,0,67
10.11,1552282252,121.95,51.44899657,7.48840551,250.99,14.42,0.00,183.49,0,-100.00,-9.00,0.00,0.00,38.00,0.00,0,157
11.11,1552282253,136.39,51.44886127,7.48837544,250.54,14.69,0.00,186.35,0,-103.00,-10.00,0.00,0.00,39.00,0.00,0,67
11.11,1552282253,136.41,51.44886127,7.48837544,250.54,14.69,0.00,186.35,0,-100.00,-9.00,0.00,0.00,38.00,0.00,0,157
12.10,1552282254,151.04,51.44873004,7.48833026,250.47,14.91,0.00,188.37,0,-104.00,-10.00,0.00,0.00,38.00,0.00,0,67
12.11,1552282254,151.05,51.44873004,7.48833026,250.47,14.91,0.00,188.37,0,-102.00,-9.00,0.00,0.00,36.00,0.00,0,157
12.11,1552282254,151.07,51.44873004,7.48833026,250.47,14.91,0.00,188.37,0,-107.00,-12.00,0.00,0.00,34.00,0.00,0,318
13.10,1552282255,165.94,51.44860011,7.48828252,250.19,14.96,0.00,189.59,0,-104.00,-10.00,0.00,0.00,38.00,0.00,0,67
13.11,1552282255,165.96,51.44860011,7.48828252,250.19,14.96,0.00,189.59,0,-102.00,-9.00,0.00,0.00,36.00,0.00,0,157
13.11,1552282255,165.97,51.44860011,7.48828252,250.19,14.96,0.00,189.59,0,-107.00,-12.00,0.00,0.00,34.00,0.00,0,318
14.11,1552282256,180.94,51.44846508,7.48823254,250.06,15.10,0.00,191.43,0,-112.00,-11.00,0.00,0.00,30.00,0.00,0,195
14.11,1552282256,180.95,51.44846508,7.48823254,250.06,15.10,0.00,191.43,0,-112.00,-11.00,0.00,0.00,30.00,0.00,0,125
14.11,1552282256,180.97,51.44846508,7.48823254,250.06,15.10,0.00,191.43,0,-113.00,-12.00,0.00,0.00,30.00,0.00,0,249
14.11,1552282256,180.97,51.44846508,7.48823254,250.06,15.10,0.00,191.43,0,-110.00,-10.00,0.00,0.00,28.00,0.00,0,451
14.11,1552282256,180.98,51.44846508,7.48823254,250.06,15.10,0.00,191.43,0,-111.00,-11.00,0.00,0.00,29.00,0.00,0,157
15.11,1552282257,196.04,51.44832506,7.48817932,250.25,15.43,0.00,192.33,0,-112.00,-11.00,0.00,0.00,30.00,0.00,0,195
15.11,1552282257,196.05,51.44832506,7.48817932,250.25,15.43,0.00,192.33,0,-112.00,-11.00,0.00,0.00,30.00,0.00,0,125
15.11,1552282257,196.05,51.44832506,7.48817932,250.25,15.43,0.00,192.33,0,-113.00,-12.00,0.00,0.00,30.00,0.00,0,249
15.11,1552282257,196.07,51.44832506,7.48817932,250.25,15.43,0.00,192.33,0,-110.00,-10.00,0.00,0.00,28.00,0.00,0,451
15.11,1552282257,196.08,51.44832506,7.48817932,250.25,15.43,0.00,192.33,0,-111.00,-11.00,0.00,0.00,29.00,0.00,0,157
16.11,1552282258,211.49,51.44818482,7.48811985,250.56,15.73,0.00,192.86,0,-109.00,-11.00,0.00,0.00,34.00,0.00,0,125
16.11,1552282258,211.51,51.44818482,7.48811985,250.56,15.73,0.00,192.86,0,-110.00,-12.00,0.00,0.00,33.00,0.00,0,195
16.11,1552282258,211.53,51.44818482,7.48811985,250.56,15.73,0.00,192.86,0,-111.00,-12.00,0.00,0.00,32.00,0.00,0,341
16.11,1552282258,211.53,51.44818482,7.48811985,250.56,15.73,0.00,192.86,0,-110.00,-9.00,0.00,0.00,27.00,0.00,0,451
16.11,1552282258,211.54,51.44818482,7.48811985,250.56,15.73,0.00,192.86,0,-111.00,-10.00,0.00,0.00,27.00,0.00,0,452
16.11,1552282258,211.56,51.44818482,7.48811985,250.56,15.73,0.00,192.86,0,-123.00,-12.00,0.00,0.00,21.00,0.00,0,475
16.11,1552282258,211.56,51.44818482,7.48811985,250.56,15.73,0.00,192.86,0,-90.00,-7.00,0.00,0.00,45.00,0.00,0,486
16.11,1552282258,211.57,51.44818482,7.48811985,250.56,15.73,0.00,192.86,0,-95.00,-12.00,0.00,0.00,45.00,0.00,0,487
16.11,1552282258,211.59,51.44818482,7.48811985,250.56,15.73,0.00,192.86,0,-87.00,-6.00,0.00,0.00,44.00,0.00,0,428
17.11,1552282259,227.24,51.44804135,7.48805512,251.25,15.66,0.00,192.26,0,-109.00,-11.00,0.00,0.00,34.00,0.00,0,125
17.11,1552282259,227.24,51.44804135,7.48805512,251.25,15.66,0.00,192.26,0,-110.00,-12.00,0.00,0.00,33.00,0.00,0,195
17.11,1552282259,227.25,51.44804135,7.48805512,251.25,15.66,0.00,192.26,0,-111.00,-12.00,0.00,0.00,32.00,0.00,0,341
17.11,1552282259,227.27,51.44804135,7.48805512,251.25,15.66,0.00,192.26,0,-110.00,-9.00,0.00,0.00,27.00,0.00,0,451
17.11,1552282259,227.27,51.44804135,7.48805512,251.25,15.66,0.00,192.26,0,-111.00,-10.00,0.00,0.00,27.00,0.00,0,452
17.11,1552282259,227.28,51.44804135,7.48805512,251.25,15.66,0.00,192.26,0,-123.00,-12.00,0.00,0.00,21.00,0.00,0,475
17.11,1552282259,227.30,51.44804135,7.48805512,251.25,15.66,0.00,192.26,0,-90.00,-7.00,0.00,0.00,45.00,0.00,0,486
17.11,1552282259,227.30,51.44804135,7.48805512,251.25,15.66,0.00,192.26,0,-95.00,-12.00,0.00,0.00,45.00,0.00,0,487
17.11,1552282259,227.32,51.44804135,7.48805512,251.25,15.66,0.00,192.26,0,-87.00,-6.00,0.00,0.00,44.00,0.00,0,428
18.10,1552282260,242.80,51.44790201,7.48800331,252.07,14.91,0.00,191.59,0,-96.00,-12.00,0.00,0.00,45.00,0.00,0,487
19.10,1552282261,257.71,51.44777166,7.48796737,252.43,13.61,0.00,190.07,0,-96.00,-12.00,0.00,0.00,45.00,0.00,0,487
20.10,1552282262,271.32,51.44764411,7.48793781,253.03,14.07,0.00,188.32,0,-95.00,-16.00,0.00,0.00,50.00,0.00,0,487
21.30,1552282263,288.21,51.44751085,7.48791410,253.73,14.42,0.00,186.15,0,-95.00,-16.00,0.00,0.00,50.00,0.00,0,487
22.31,1552282264,302.65,51.44738257,7.48790607,254.51,14.55,0.00,183.53,0,-92.00,-10.00,0.00,0.00,46.00,0.00,0,487
23.30,1552282265,317.19,51.44725457,7.48790470,255.61,15.17,0.00,181.03,0,-92.00,-10.00,0.00,0.00,46.00,0.00,0,487
24.30,1552282266,332.35,51.44711782,7.48791715,256.63,15.32,0.00,177.75,0,-92.00,-11.00,0.00,0.00,48.00,0.00,0,487
25.30,1552282267,347.67,51.44697896,7.48794769,257.73,15.08,0.00,174.22,0,-92.00,-11.00,0.00,0.00,48.00,0.00,0,487
26.30,1552282268,362.76,51.44682854,7.48798820,259.36,15.73,0.00,170.72,0,-96.00,-11.00,0.00,0.00,43.00,0.00,0,487
27.30,1552282269,378.47,51.44669022,7.48804492,260.66,15.61,0.00,168.50,0,-96.00,-11.00,0.00,0.00,43.00,0.00,0,487
28.30,1552282270,394.10,51.44656392,7.48811939,261.60,15.88,0.00,164.58,0,-93.00,-11.00,0.00,0.00,47.00,0.00,0,487
29.30,1552282271,409.96,51.44643959,7.48824187,262.25,16.21,0.00,151.84,0,-93.00,-11.00,0.00,0.00,47.00,0.00,0,487
30.31,1552282272,426.34,51.44630603,7.48836319,262.56,15.98,0.00,150.96,0,-91.00,-8.00,0.00,0.00,46.00,0.00,0,487
31.30,1552282273,442.15,51.44617580,7.48850178,262.61,16.20,0.00,148.86,0,-91.00,-8.00,0.00,0.00,46.00,0.00,0,487
32.30,1552282274,458.35,51.44605328,7.48864858,262.72,16.16,0.00,146.44,0,-92.00,-8.00,0.00,0.00,44.00,0.00,0,487
33.30,1552282275,474.51,51.44593989,7.48879920,262.89,15.40,0.00,143.27,0,-92.00,-8.00,0.00,0.00,44.00,0.00,0,487
34.31,1552282276,490.02,51.44582757,7.48896100,263.21,15.23,0.00,140.22,0,-91.00,-8.00,0.00,0.00,46.00,0.00,0,487
35.30,1552282277,505.14,51.44572560,7.48913352,263.70,15.25,0.00,137.15,0,-91.00,-8.00,0.00,0.00,46.00,0.00,0,487
36.30,1552282278,520.39,51.44564629,7.48929232,264.50,15.22,0.00,134.20,0,-91.00,-8.00,0.00,0.00,46.00,0.00,0,487
37.30,1552282279,535.61,51.44555137,7.48948180,265.85,15.44,0.00,132.01,0,-91.00,-8.00,0.00,0.00,45.00,0.00,0,487
38.30,1552282280,551.05,51.44546314,7.48967213,266.78,15.52,0.00,130.48,0,-91.00,-8.00,0.00,0.00,45.00,0.00,0,487
39.30,1552282281,566.56,51.44538236,7.48985358,267.61,14.89,0.00,129.30,0,-92.00,-7.00,0.00,0.00,43.00,0.00,0,487
40.31,1552282282,581.53,51.44530091,7.49003163,268.21,13.77,0.00,127.87,0,-92.00,-7.00,0.00,0.00,43.00,0.00,0,487
102.30,1552282344,1244.46,51.44100657,7.48685289,279.38,14.25,0.00,233.13,0,-68.00,-9.00,0.00,0.00,63.00,0.00,0,488
103.30,1552282345,1258.70,51.44093320,7.48668474,278.46,14.68,0.00,234.05,0,-68.00,-9.00,0.00,0.00,63.00,0.00,0,488
139.31,1552282381,1833.75,51.43811904,7.47964878,284.17,15.29,0.00,241.67,0,-99.00,-11.00,0.00,0.00,41.00,0.00,0,284
139.31,1552282381,1833.77,51.43811904,7.47964878,284.17,15.29,0.00,241.67,0,-103.00,-14.00,0.00,0.00,40.00,0.00,0,88
140.30,1552282382,1848.94,51.43805840,7.47946516,284.40,14.81,0.00,241.50,0,-99.00,-11.00,0.00,0.00,41.00,0.00,0,284
140.31,1552282382,1848.95,51.43805840,7.47946516,284.40,14.81,0.00,241.50,0,-103.00,-14.00,0.00,0.00,40.00,0.00,0,88
141.30,1552282383,1863.75,51.43799692,7.47928341,284.30,14.66,0.00,240.84,0,-99.00,-11.00,0.00,0.00,41.00,0.00,0,284
141.31,1552282383,1863.77,51.43799692,7.47928341,284.30,14.66,0.00,240.84,0,-103.00,-14.00,0.00,0.00,40.00,0.00,0,88
142.30,1552282384,1878.41,51.43792701,7.47908151,283.16,14.70,0.00,241.33,0,-96.00,-11.00,0.00,0.00,43.00,0.00,0,284
142.31,1552282384,1878.43,51.43792701,7.47908151,283.16,14.70,0.00,241.33,0,-102.00,-15.00,0.00,0.00,43.00,0.00,0,88
143.30,1552282385,1893.11,51.43786513,7.47889626,283.02,13.46,0.00,241.97,0,-96.00,-11.00,0.00,0.00,43.00,0.00,0,284
143.31,1552282385,1893.13,51.43786513,7.47889626,283.02,13.46,0.00,241.97,0,-102.00,-15.00,0.00,0.00,43.00,0.00,0,88
144.30,1552282386,1906.58,51.43779909,7.47869715,283.53,14.55,0.00,241.68,0,-98.00,-11.00,0.00,0.00,42.00,0.00,0,88
144.31,1552282386,1906.59,51.43779909,7.47869715,283.53,14.55,0.00,241.68,0,-99.00,-12.00,0.00,0.00,42.00,0.00,0,284
144.31,1552282386,1906.59,51.43779909,7.47869715,283.53,14.55,0.00,241.68,0,-104.00,-16.00,0.00,0.00,40.00,0.00,0,77
145.31,1552282387,1921.14,51.43773568,7.47850990,283.68,13.72,0.00,241.31,0,-98.00,-11.00,0.00,0.00,42.00,0.00,0,88
145.31,1552282387,1921.15,51.43773568,7.47850990,283.68,13.72,0.00,241.31,0,-99.00,-12.00,0.00,0.00,42.00,0.00,0,284
145.31,1552282387,1921.17,51.43773568,7.47850990,283.68,13.72,0.00,241.31,0,-104.00,-16.00,0.00,0.00,40.00,0.00,0,77
148.30,1552282390,1962.52,51.43754091,7.47794710,284.11,14.58,0.00,242.24,0,-100.00,-10.00,0.00,0.00,39.00,0.00,0,488
149.30,1552282391,1977.10,51.43747347,7.47774238,284.25,15.09,0.00,241.82,0,-100.00,-10.00,0.00,0.00,39.00,0.00,0,488
156.30,1552282398,2069.85,51.43716759,7.47653065,286.42,10.28,0.00,266.92,0,-100.00,-10.00,0.00,0.00,38.00,0.00,0,488
157.30,1552282399,2080.11,51.43717270,7.47640342,287.01,8.05,0.00,270.28,0,-100.00,-10.00,0.00,0.00,38.00,0.00,0,488
158.30,1552282400,2088.15,51.43719933,7.47629495,287.79,6.49,0.00,293.79,0,-99.00,-9.00,0.00,0.00,38.00,0.00,0,488
159.30,1552282401,2094.65,51.43722928,7.47624800,288.14,6.30,0.00,308.71,0,-99.00,-9.00,0.00,0.00,38.00,0.00,0,488
198.30,1552282440,2911.34,51.44234027,7.48454825,279.20,25.62,0.00,26.58,0,-73.00,-8.00,0.00,0.00,63.00,0.00,0,486
199.30,1552282441,2936.96,51.44254557,7.48471848,278.40,25.88,0.00,25.44,0,-73.00,-8.00,0.00,0.00,63.00,0.00,0,486
217.30,1552282459,3277.18,51.44460763,7.48730021,268.45,13.78,0.00,132.26,0,-75.00,-12.00,0.00,0.00,63.00,0.00,0,487
218.30,1552282460,3290.95,51.44449908,7.48742932,267.78,14.07,0.00,146.59,0,-75.00,-12.00,0.00,0.00,63.00,0.00,0,487
219.30,1552282461,3305.01,51.44437815,7.48751204,267.22,14.83,0.00,159.26,0,-64.00,-8.00,0.00,0.00,63.00,0.00,0,487
220.30,1552282462,3319.86,51.44425704,7.48752276,266.23,14.36,0.00,176.15,0,-64.00,-8.00,0.00,0.00,63.00,0.00,0,487
221.30,1552282463,3334.22,51.44413613,7.48751425,265.50,13.99,0.00,180.22,0,-63.00,-9.00,0.00,0.00,63.00,0.00,0,487
222.30,1552282464,3348.21,51.44401001,7.48741293,264.93,14.52,0.00,209.89,0,-63.00,-9.00,0.00,0.00,63.00,0.00,0,487
223.32,1552282465,3362.99,51.44390128,7.48727036,264.54,14.77,0.00,224.90,0,-67.00,-9.00,0.00,0.00,63.00,0.00,0,487
224.30,1552282466,3377.50,51.44380721,7.48709744,264.53,14.58,0.00,228.88,0,-67.00,-9.00,0.00,0.00,63.00,0.00,0,487
225.30,1552282467,3392.09,51.44378536,7.48689863,264.48,15.60,0.00,262.07,0,-67.00,-9.00,0.00,0.00,63.00,0.00,0,487
251.30,1552282493,3962.62,51.44346857,7.47858406,264.19,25.69,0.00,262.71,0,-82.00,-10.00,0.00,0.00,58.00,0.00,0,488
252.30,1552282494,3988.31,51.44344096,7.47820887,263.47,26.52,0.00,263.16,0,-82.00,-10.00,0.00,0.00,58.00,0.00,0,488
253.30,1552282495,4014.81,51.44341212,7.47782564,262.85,27.27,0.00,262.69,0,-83.00,-9.00,0.00,0.00,55.00,0.00,0,488
254.30,1552282496,4042.08,51.44338131,7.47743315,262.19,28.12,0.00,262.73,0,-83.00,-9.00,0.00,0.00,55.00,0.00,0,488
255.30,1552282497,4070.18,51.44334730,7.47702201,261.49,29.00,0.00,262.18,0,-82.00,-14.00,0.00,0.00,63.00,0.00,0,488
256.30,1552282498,4099.24,51.44330510,7.47660103,260.68,29.66,0.00,261.61,0,-82.00,-14.00,0.00,0.00,63.00,0.00,0,488
257.30,1552282499,4128.87,51.44326428,7.47617396,259.97,29.36,0.00,261.44,0,-82.00,-8.00,0.00,0.00,54.00,0.00,0,488
258.30,1552282500,4158.26,51.44322352,7.47575789,259.21,28.80,0.00,260.83,0,-82.00,-8.00,0.00,0.00,54.00,0.00,0,488
259.30,1552282501,4187.03,51.44317731,7.47534868,258.37,28.68,0.00,260.18,0,-81.00,-7.00,0.00,0.00,55.00,0.00,0,488
260.30,1552282502,4215.71,51.44313039,7.47493877,257.43,28.88,0.00,259.42,0,-81.00,-7.00,0.00,0.00,55.00,0.00,0,488
261.30,1552282503,4244.62,51.44308253,7.47452739,256.48,29.04,0.00,259.39,0,-98.00,-10.00,0.00,0.00,40.00,0.00,0,488
261.31,1552282503,4244.65,51.44308253,7.47452739,256.48,29.04,0.00,259.39,0,-105.00,-16.00,0.00,0.00,40.00,0.00,0,308
262.30,1552282504,4273.66,51.44303408,7.47411381,255.56,29.21,0.00,259.20,0,-98.00,-10.00,0.00,0.00,40.00,0.00,0,488
262.30,1552282504,4273.66,51.44303408,7.47411381,255.56,29.21,0.00,259.20,0,-105.00,-16.00,0.00,0.00,40.00,0.00,0,308
263.31,1552282505,4302.89,51.44298081,7.47369814,254.68,29.61,0.00,259.06,0,-104.00,-12.00,0.00,0.00,37.00,0.00,0,308
263.31,1552282505,4302.92,51.44298081,7.47369814,254.68,29.61,0.00,259.06,0,-104.00,-11.00,0.00,0.00,35.00,0.00,0,88
263.31,1552282505,4302.95,51.44298081,7.47369814,254.68,29.61,0.00,259.06,0,-106.00,-13.00,0.00,0.00,37.00,0.00,0,488
264.31,1552282506,4332.50,51.44292832,7.47327796,253.76,29.44,0.00,258.98,0,-104.00,-12.00,0.00,0.00,37.00,0.00,0,308
264.31,1552282506,4332.50,51.44292832,7.47327796,253.76,29.44,0.00,258.98,0,-104.00,-11.00,0.00,0.00,35.00,0.00,0,88
264.31,1552282506,4332.53,51.44292832,7.47327796,253.76,29.44,0.00,258.98,0,-106.00,-13.00,0.00,0.00,37.00,0.00,0,488
265.31,1552282507,4362.12,51.44287671,7.47286423,252.84,29.21,0.00,258.82,0,-107.00,-12.00,0.00,0.00,34.00,0.00,0,488
266.30,1552282508,4391.10,51.44282597,7.47245581,251.95,28.82,0.00,258.93,0,-107.00,-12.00,0.00,0.00,34.00,0.00,0,488
267.31,1552282509,4419.98,51.44277599,7.47205154,251.13,28.77,0.00,259.04,0,-107.00,-12.00,0.00,0.00,34.00,0.00,0,488
268.31,1552282510,4448.77,51.44272595,7.47164441,250.36,28.82,0.00,259.27,0,-112.00,-14.00,0.00,0.00,31.00,0.00,0,486
268.31,1552282510,4448.80,51.44272595,7.47164441,250.36,28.82,0.00,259.27,0,-112.00,-15.00,0.00,0.00,31.00,0.00,0,308
269.30,1552282511,4477.53,51.44267520,7.47123921,249.61,28.79,0.00,259.09,0,-112.00,-14.00,0.00,0.00,31.00,0.00,0,486
269.31,1552282511,4477.56,51.44267520,7.47123921,249.61,28.79,0.00,259.09,0,-112.00,-15.00,0.00,0.00,31.00,0.00,0,308
270.30,1552282512,4506.29,51.44262441,7.47082335,248.81,28.57,0.00,258.42,0,-110.00,-13.00,0.00,0.00,32.00,0.00,0,486
271.30,1552282513,4534.86,51.44257014,7.47042933,248.02,28.34,0.00,258.05,0,-110.00,-13.00,0.00,0.00,32.00,0.00,0,486
272.30,1552282514,4563.23,51.44251749,7.47003456,247.26,27.83,0.00,258.35,0,-110.00,-14.00,0.00,0.00,33.00,0.00,0,308
273.30,1552282515,4591.03,51.44246560,7.46963678,246.39,27.83,0.00,258.12,0,-110.00,-14.00,0.00,0.00,33.00,0.00,0,308
274.30,1552282516,4618.89,51.44241497,7.46923730,245.70,28.19,0.00,258.42,0,-109.00,-14.00,0.00,0.00,34.00,0.00,0,308
274.31,1552282516,4618.91,51.44241497,7.46923730,245.70,28.19,0.00,258.42,0,-111.00,-15.00,0.00,0.00,32.00,0.00,0,486
275.30,1552282517,4647.08,51.44236289,7.46883646,244.97,28.45,0.00,258.41,0,-109.00,-14.00,0.00,0.00,34.00,0.00,0,308
275.31,1552282517,4647.10,51.44236289,7.46883646,244.97,28.45,0.00,258.41,0,-111.00,-15.00,0.00,0.00,32.00,0.00,0,486
276.30,1552282518,4675.53,51.44231067,7.46842774,244.36,29.14,0.00,258.54,0,-108.00,-11.00,0.00,0.00,32.00,0.00,0,308
276.31,1552282518,4675.56,51.44231067,7.46842774,244.36,29.14,0.00,258.54,0,-114.00,-14.00,0.00,0.00,29.00,0.00,0,170
277.30,1552282519,4704.67,51.44226329,7.46801308,243.65,29.59,0.00,259.24,0,-108.00,-11.00,0.00,0.00,32.00,0.00,0,308
277.31,1552282519,4704.70,51.44226329,7.46801308,243.65,29.59,0.00,259.24,0,-114.00,-14.00,0.00,0.00,29.00,0.00,0,170
278.30,1552282520,4734.20,51.44220974,7.46758373,242.51,30.02,0.00,258.99,0,-107.00,-12.00,0.00,0.00,35.00,0.00,0,308
278.30,1552282520,4734.23,51.44220974,7.46758373,242.51,30.02,0.00,258.99,0,-110.00,-16.00,0.00,0.00,35.00,0.00,0,486
279.30,1552282521,4764.27,51.44215780,7.46715141,241.46,30.38,0.00,258.68,0,-107.00,-12.00,0.00,0.00,35.00,0.00,0,308
279.31,1552282521,4764.31,51.44215780,7.46715141,241.46,30.38,0.00,258.68,0,-110.00,-16.00,0.00,0.00,35.00,0.00,0,486
280.30,1552282522,4794.66,51.44210643,7.46671576,240.57,30.80,0.00,259.70,0,-104.00,-10.00,0.00,0.00,35.00,0.00,0,308
280.31,1552282522,4794.69,51.44210643,7.46671576,240.57,30.80,0.00,259.70,0,-105.00,-10.00,0.00,0.00,34.00,0.00,0,170
281.30,1552282523,4825.46,51.44205189,7.46627711,239.51,31.07,0.00,259.63,0,-104.00,-10.00,0.00,0.00,35.00,0.00,0,308
281.31,1552282523,4825.49,51.44205189,7.46627711,239.51,31.07,0.00,259.63,0,-105.00,-10.00,0.00,0.00,34.00,0.00,0,170
282.31,1552282524,4856.55,51.44199714,7.46583309,238.56,31.29,0.00,258.82,0,-103.00,-14.00,0.00,0.00,39.00,0.00,0,170
282.31,1552282524,4856.58,51.44199714,7.46583309,238.56,31.29,0.00,258.82,0,-107.00,-17.00,0.00,0.00,38.00,0.00,0,488
282.31,1552282524,4856.58,51.44199714,7.46583309,238.56,31.29,0.00,258.82,0,-108.00,-18.00,0.00,0.00,38.00,0.00,0,287
283.31,1552282525,4888.03,51.44194201,7.46538317,237.56,31.92,0.00,259.69,0,-103.00,-14.00,0.00,0.00,39.00,0.00,0,170
283.31,1552282525,4888.06,51.44194201,7.46538317,237.56,31.92,0.00,259.69,0,-107.00,-17.00,0.00,0.00,38.00,0.00,0,488
283.31,1552282525,4888.06,51.44194201,7.46538317,237.56,31.92,0.00,259.69,0,-108.00,-18.00,0.00,0.00,38.00,0.00,0,287
284.31,1552282526,4919.76,51.44189634,7.46493175,236.50,32.15,0.00,261.26,0,-103.00,-11.00,0.00,0.00,36.00,0.00,0,488
284.31,1552282526,4919.79,51.44189634,7.46493175,236.50,32.15,0.00,261.26,0,-105.00,-11.00,0.00,0.00,34.00,0.00,0,170
284.31,1552282526,4919.79,51.44189634,7.46493175,236.50,32.15,0.00,261.26,0,-109.00,-17.00,0.00,0.00,36.00,0.00,0,287
285.31,1552282527,4951.91,51.44184866,7.46447322,235.67,32.30,0.00,261.43,0,-103.00,-11.00,0.00,0.00,36.00,0.00,0,488
285.31,1552282527,4951.94,51.44184866,7.46447322,235.67,32.30,0.00,261.43,0,-105.00,-11.00,0.00,0.00,34.00,0.00,0,170
285.31,1552282527,4951.94,51.44184866,7.46447322,235.67,32.30,0.00,261.43,0,-109.00,-17.00,0.00,0.00,36.00,0.00,0,287
289.30,1552282531,5083.49,51.44170099,7.46258866,232.62,33.85,0.00,264.70,0,-105.00,-13.00,0.00,0.00,37.00,0.00,0,488
290.30,1552282532,5117.30,51.44167163,7.46210215,232.02,34.01,0.00,265.02,0,-105.00,-13.00,0.00,0.00,37.00,0.00,0,488
291.30,1552282533,5151.30,51.44164469,7.46161494,231.86,34.56,0.00,265.59,0,-100.00,-13.00,0.00,0.00,46.00,0.00,0,488
292.30,1552282534,5185.90,51.44162071,7.46110757,232.02,34.74,0.00,265.95,0,-100.00,-13.00,0.00,0.00,46.00,0.00,0,488
293.30,1552282535,5220.64,51.44159726,7.46060542,232.12,34.78,0.00,266.15,0,-102.00,-10.00,0.00,0.00,37.00,0.00,0,488
293.31,1552282535,5220.67,51.44159726,7.46060542,232.12,34.78,0.00,266.15,0,-109.00,-16.00,0.00,0.00,36.00,0.00,0,123
293.31,1552282535,5220.71,51.44159726,7.46060542,232.12,34.78,0.00,266.15,0,-109.00,-16.00,0.00,0.00,36.00,0.00,0,170
294.31,1552282536,5255.45,51.44157651,7.46010968,231.72,34.95,0.00,266.45,0,-102.00,-10.00,0.00,0.00,37.00,0.00,0,488
294.31,1552282536,5255.48,51.44157651,7.46010968,231.72,34.95,0.00,266.45,0,-109.00,-16.00,0.00,0.00,36.00,0.00,0,123
294.31,1552282536,5255.48,51.44157651,7.46010968,231.72,34.95,0.00,266.45,0,-109.00,-16.00,0.00,0.00,36.00,0.00,0,170
295.30,1552282537,5290.36,51.44156417,7.45960518,231.59,34.98,0.00,267.51,0,-100.00,-15.00,0.00,0.00,47.00,0.00,0,488
296.30,1552282538,5325.17,51.44155211,7.45909802,231.53,35.25,0.00,267.47,0,-100.00,-15.00,0.00,0.00,47.00,0.00,0,488
307.31,1552282549,5723.73,51.43574320,7.47770750,230.65,37.39,0.00,275.00,0,-104.00,-19.00,0.00,0.00,44.00,0.00,0,211
307.31,1552282549,5723.77,51.43574320,7.47770750,230.65,37.39,0.00,275.00,0,-104.00,-15.00,0.00,0.00,41.00,0.00,0,308
307.31,1552282549,5723.77,51.43574320,7.47770750,230.65,37.39,0.00,275.00,0,-106.00,-17.00,0.00,0.00,41.00,0.00,0,89
308.31,1552282550,5760.93,51.44165225,7.45282338,230.45,36.76,0.00,275.61,0,-104.00,-19.00,0.00,0.00,44.00,0.00,0,211
308.31,1552282550,5760.93,51.44165225,7.45282338,230.45,36.76,0.00,275.61,0,-104.00,-15.00,0.00,0.00,41.00,0.00,0,308
308.31,1552282550,5760.97,51.44165225,7.45282338,230.45,36.76,0.00,275.61,0,-106.00,-17.00,0.00,0.00,41.00,0.00,0,89
309.31,1552282551,5797.69,51.44168267,7.45230105,230.25,36.55,0.00,275.66,0,-104.00,-19.00,0.00,0.00,44.00,0.00,0,211
309.31,1552282551,5797.73,51.44168267,7.45230105,230.25,36.55,0.00,275.66,0,-104.00,-15.00,0.00,0.00,41.00,0.00,0,308
309.31,1552282551,5797.73,51.44168267,7.45230105,230.25,36.55,0.00,275.66,0,-106.00,-17.00,0.00,0.00,41.00,0.00,0,89
310.30,1552282552,5834.21,51.44172036,7.45177999,229.99,36.50,0.00,276.52,0,-109.00,-15.00,0.00,0.00,35.00,0.00,0,308
310.31,1552282552,5834.25,51.44172036,7.45177999,229.99,36.50,0.00,276.52,0,-110.00,-15.00,0.00,0.00,34.00,0.00,0,211
311.30,1552282553,5870.71,51.44175829,7.45125926,229.63,36.46,0.00,276.60,0,-109.00,-15.00,0.00,0.00,35.00,0.00,0,308
311.31,1552282553,5870.74,51.44175829,7.45125926,229.63,36.46,0.00,276.60,0,-110.00,-15.00,0.00,0.00,34.00,0.00,0,211
314.30,1552282556,5979.95,51.44188857,7.44971194,229.48,36.40,0.00,278.12,0,-110.00,-13.00,0.00,0.00,31.00,0.00,0,89
315.30,1552282557,6016.20,51.44193321,7.44918841,229.50,36.46,0.00,278.59,0,-110.00,-13.00,0.00,0.00,31.00,0.00,0,89
339.30,1552282581,6876.36,51.44395115,7.43732584,216.08,32.14,0.00,291.45,0,-81.00,-7.00,0.00,0.00,58.00,0.00,0,233
340.30,1552282582,6908.54,51.44405419,7.43689876,215.29,32.16,0.00,291.68,0,-81.00,-7.00,0.00,0.00,58.00,0.00,0,233
347.30,1552282589,7141.47,51.44490728,7.43383417,209.84,34.33,0.00,297.13,0,-90.00,-6.00,0.00,0.00,47.00,0.00,0,249
348.30,1552282590,7175.83,51.44504470,7.43339868,208.58,34.02,0.00,297.82,0,-90.00,-6.00,0.00,0.00,47.00,0.00,0,249
352.30,1552282594,7311.05,51.44566154,7.43174979,203.47,33.33,0.00,303.85,0,-96.00,-9.00,0.00,0.00,43.00,0.00,0,249
353.30,1552282595,7344.39,51.44583044,7.43137309,202.52,32.88,0.00,305.22,0,-96.00,-9.00,0.00,0.00,43.00,0.00,0,249
364.31,1552282606,7698.84,51.44797686,7.42763135,188.85,31.54,0.00,318.64,0,-87.00,-8.00,0.00,0.00,51.00,0.00,0,49
365.30,1552282607,7730.22,51.44819795,7.42734815,187.50,31.19,0.00,320.28,0,-87.00,-8.00,0.00,0.00,51.00,0.00,0,49
366.30,1552282608,7761.42,51.44842061,7.42707672,186.17,31.06,0.00,321.82,0,-91.00,-7.00,0.00,0.00,47.00,0.00,0,49
367.30,1552282609,7792.50,51.45566010,7.41889620,184.82,30.95,0.00,323.78,0,-91.00,-7.00,0.00,0.00,47.00,0.00,0,49
368.30,1552282610,7823.43,51.44886912,7.42655564,183.49,30.93,0.00,324.15,0,-94.00,-8.00,0.00,0.00,45.00,0.00,0,49
369.30,1552282611,7854.36,51.44909713,7.42630154,182.10,31.30,0.00,325.37,0,-94.00,-8.00,0.00,0.00,45.00,0.00,0,49
370.31,1552282612,7885.94,51.44933834,7.42605760,180.91,31.77,0.00,327.63,0,-97.00,-9.00,0.00,0.00,42.00,0.00,0,49
371.30,1552282613,7917.42,51.44958180,7.42581089,179.59,32.28,0.00,328.39,0,-97.00,-9.00,0.00,0.00,42.00,0.00,0,49
372.30,1552282614,7949.70,51.44983826,7.42558349,178.50,32.77,0.00,330.97,0,-97.00,-9.00,0.00,0.00,42.00,0.00,0,49
373.30,1552282615,7982.50,51.45009690,7.42535632,177.56,32.98,0.00,331.58,0,-101.00,-12.00,0.00,0.00,40.00,0.00,0,49
374.30,1552282616,8015.45,51.45036057,7.42514003,176.58,33.08,0.00,332.60,0,-101.00,-12.00,0.00,0.00,40.00,0.00,0,49
377.31,1552282619,8114.47,51.45115953,7.42455860,173.43,32.41,0.00,337.09,0,-99.00,-9.00,0.00,0.00,40.00,0.00,0,210
377.31,1552282619,8114.50,51.45115953,7.42455860,173.43,32.41,0.00,337.09,0,-103.00,-11.00,0.00,0.00,38.00,0.00,0,424
377.31,1552282619,8114.50,51.45115953,7.42455860,173.43,32.41,0.00,337.09,0,-103.00,-14.00,0.00,0.00,39.00,0.00,0,104
377.31,1552282619,8114.54,51.45115953,7.42455860,173.43,32.41,0.00,337.09,0,-98.00,-10.00,0.00,0.00,43.00,0.00,0,49
377.31,1552282619,8114.57,51.45115953,7.42455860,173.43,32.41,0.00,337.09,0,-100.00,-12.00,0.00,0.00,42.00,0.00,0,414
378.31,1552282620,8146.89,51.45141677,7.42439321,172.58,32.30,0.00,338.47,0,-99.00,-9.00,0.00,0.00,40.00,0.00,0,210
378.31,1552282620,8146.92,51.45141677,7.42439321,172.58,32.30,0.00,338.47,0,-103.00,-11.00,0.00,0.00,38.00,0.00,0,424
378.31,1552282620,8146.95,51.45141677,7.42439321,172.58,32.30,0.00,338.47,0,-103.00,-14.00,0.00,0.00,39.00,0.00,0,104
378.31,1552282620,8146.95,51.45141677,7.42439321,172.58,32.30,0.00,338.47,0,-98.00,-10.00,0.00,0.00,43.00,0.00,0,49
378.31,1552282620,8146.98,51.45141677,7.42439321,172.58,32.30,0.00,338.47,0,-100.00,-12.00,0.00,0.00,42.00,0.00,0,414
379.31,1552282621,8179.19,51.45168312,7.42423694,171.97,32.40,0.00,340.00,0,-99.00,-9.00,0.00,0.00,39.00,0.00,0,47
379.31,1552282621,8179.22,51.45168312,7.42423694,171.97,32.40,0.00,340.00,0,-103.00,-12.00,0.00,0.00,37.00,0.00,0,424
379.31,1552282621,8179.25,51.45168312,7.42423694,171.97,32.40,0.00,340.00,0,-105.00,-13.00,0.00,0.00,37.00,0.00,0,487
379.31,1552282621,8179.25,51.45168312,7.42423694,171.97,32.40,0.00,340.00,0,-102.00,-12.00,0.00,0.00,40.00,0.00,0,249
379.31,1552282621,8179.29,51.45168312,7.42423694,171.97,32.40,0.00,340.00,0,-102.00,-13.00,0.00,0.00,40.00,0.00,0,26
380.31,1552282622,8211.59,51.45195547,7.42408092,171.34,32.23,0.00,340.91,0,-99.00,-9.00,0.00,0.00,39.00,0.00,0,47
380.31,1552282622,8211.59,51.45195547,7.42408092,171.34,32.23,0.00,340.91,0,-103.00,-12.00,0.00,0.00,37.00,0.00,0,424
380.31,1552282622,8211.62,51.45195547,7.42408092,171.34,32.23,0.00,340.91,0,-105.00,-13.00,0.00,0.00,37.00,0.00,0,487
380.31,1552282622,8211.65,51.45195547,7.42408092,171.34,32.23,0.00,340.91,0,-102.00,-12.00,0.00,0.00,40.00,0.00,0,249
380.31,1552282622,8211.65,51.45195547,7.42408092,171.34,32.23,0.00,340.91,0,-102.00,-13.00,0.00,0.00,40.00,0.00,0,26
381.30,1552282623,8243.75,51.45222543,7.42392445,170.56,31.52,0.00,340.88,0,-99.00,-11.00,0.00,0.00,40.00,0.00,0,224
381.31,1552282623,8243.78,51.45222543,7.42392445,170.56,31.52,0.00,340.88,0,-101.00,-11.00,0.00,0.00,41.00,0.00,0,49
382.30,1552282624,8275.27,51.45249533,7.42378288,169.61,30.74,0.00,342.27,0,-99.00,-11.00,0.00,0.00,40.00,0.00,0,224
382.31,1552282624,8275.30,51.45249533,7.42378288,169.61,30.74,0.00,342.27,0,-101.00,-11.00,0.00,0.00,41.00,0.00,0,49
383.31,1552282625,8306.07,51.45277242,7.42364007,168.09,31.20,0.00,342.64,0,-102.00,-11.00,0.00,0.00,38.00,0.00,0,210
383.31,1552282625,8306.10,51.45277242,7.42364007,168.09,31.20,0.00,342.64,0,-105.00,-12.00,0.00,0.00,37.00,0.00,0,47
383.31,1552282625,8306.10,51.45277242,7.42364007,168.09,31.20,0.00,342.64,0,-107.00,-14.00,0.00,0.00,36.00,0.00,0,349
383.31,1552282625,8306.14,51.45277242,7.42364007,168.09,31.20,0.00,342.64,0,-97.00,-10.00,0.00,0.00,43.00,0.00,0,49
383.31,1552282625,8306.17,51.45277242,7.42364007,168.09,31.20,0.00,342.64,0,-100.00,-13.00,0.00,0.00,43.00,0.00,0,414
384.31,1552282626,8337.28,51.45304685,7.42351549,166.85,32.04,0.00,344.18,0,-102.00,-11.00,0.00,0.00,38.00,0.00,0,210
384.31,1552282626,8337.31,51.45304685,7.42351549,166.85,32.04,0.00,344.18,0,-105.00,-12.00,0.00,0.00,37.00,0.00,0,47
384.31,1552282626,8337.34,51.45304685,7.42351549,166.85,32.04,0.00,344.18,0,-107.00,-14.00,0.00,0.00,36.00,0.00,0,349
384.31,1552282626,8337.34,51.45304685,7.42351549,166.85,32.04,0.00,344.18,0,-97.00,-10.00,0.00,0.00,43.00,0.00,0,49
384.31,1552282626,8337.37,51.45304685,7.42351549,166.85,32.04,0.00,344.18,0,-100.00,-13.00,0.00,0.00,43.00,0.00,0,414
385.30,1552282627,8369.23,51.45332390,7.42339038,165.84,32.03,0.00,343.68,0,-93.00,-9.00,0.00,0.00,47.00,0.00,0,49
385.30,1552282627,8369.26,51.45332390,7.42339038,165.84,32.03,0.00,343.68,0,-98.00,-12.00,0.00,0.00,46.00,0.00,0,348
386.30,1552282628,8401.29,51.45360577,7.42326402,165.01,32.23,0.00,343.89,0,-93.00,-9.00,0.00,0.00,47.00,0.00,0,49
386.31,1552282628,8401.32,51.45360577,7.42326402,165.01,32.23,0.00,343.89,0,-98.00,-12.00,0.00,0.00,46.00,0.00,0,348
387.31,1552282629,8433.59,51.45973880,7.41703180,164.32,32.54,0.00,344.04,0,-96.00,-11.00,0.00,0.00,43.00,0.00,0,210
387.31,1552282629,8433.62,51.45973880,7.41703180,164.32,32.54,0.00,344.04,0,-101.00,-13.00,0.00,0.00,41.00,0.00,0,424
387.31,1552282629,8433.65,51.45973880,7.41703180,164.32,32.54,0.00,344.04,0,-102.00,-16.00,0.00,0.00,44.00,0.00,0,305
387.31,1552282629,8433.65,51.45973880,7.41703180,164.32,32.54,0.00,344.04,0,-97.00,-11.00,0.00,0.00,45.00,0.00,0,414
387.31,1552282629,8433.68,51.45973880,7.41703180,164.32,32.54,0.00,344.04,0,-97.00,-12.00,0.00,0.00,45.00,0.00,0,49
388.31,1552282630,8466.13,51.45417158,7.42301471,163.70,32.80,0.00,343.88,0,-96.00,-11.00,0.00,0.00,43.00,0.00,0,210
388.31,1552282630,8466.16,51.45417158,7.42301471,163.70,32.80,0.00,343.88,0,-101.00,-13.00,0.00,0.00,41.00,0.00,0,424
388.31,1552282630,8466.16,51.45417158,7.42301471,163.70,32.80,0.00,343.88,0,-102.00,-16.00,0.00,0.00,44.00,0.00,0,305
388.31,1552282630,8466.19,51.45417158,7.42301471,163.70,32.80,0.00,343.88,0,-97.00,-11.00,0.00,0.00,45.00,0.00,0,414
388.31,1552282630,8466.23,51.45417158,7.42301471,163.70,32.80,0.00,343.88,0,-97.00,-12.00,0.00,0.00,45.00,0.00,0,49
391.31,1552282633,8565.20,51.45502981,7.42261003,161.60,33.56,0.00,342.99,0,-94.00,-9.00,0.00,0.00,43.00,0.00,0,305
391.31,1552282633,8565.20,51.45502981,7.42261003,161.60,33.56,0.00,342.99,0,-97.00,-11.00,0.00,0.00,42.00,0.00,0,424
391.31,1552282633,8565.23,51.45502981,7.42261003,161.60,33.56,0.00,342.99,0,-98.00,-12.00,0.00,0.00,42.00,0.00,0,192
391.31,1552282633,8565.27,51.45502981,7.42261003,161.60,33.56,0.00,342.99,0,-95.00,-9.00,0.00,0.00,45.00,0.00,0,249
391.31,1552282633,8565.27,51.45502981,7.42261003,161.60,33.56,0.00,342.99,0,-95.00,-10.00,0.00,0.00,45.00,0.00,0,348
392.31,1552282634,8598.76,51.45531357,7.42246945,161.19,33.66,0.00,342.66,0,-94.00,-9.00,0.00,0.00,43.00,0.00,0,305
392.31,1552282634,8598.79,51.45531357,7.42246945,161.19,33.66,0.00,342.66,0,-97.00,-11.00,0.00,0.00,42.00,0.00,0,424
392.31,1552282634,8598.83,51.45531357,7.42246945,161.19,33.66,0.00,342.66,0,-98.00,-12.00,0.00,0.00,42.00,0.00,0,192
392.31,1552282634,8598.83,51.45531357,7.42246945,161.19,33.66,0.00,342.66,0,-95.00,-9.00,0.00,0.00,45.00,0.00,0,249
392.31,1552282634,8598.86,51.45531357,7.42246945,161.19,33.66,0.00,342.66,0,-95.00,-10.00,0.00,0.00,45.00,0.00,0,348
396.30,1552282638,8734.43,51.45646807,7.42183976,160.38,34.01,0.00,339.75,0,-92.00,-11.00,0.00,0.00,47.00,0.00,0,210
396.31,1552282638,8734.46,51.45646807,7.42183976,160.38,34.01,0.00,339.75,0,-94.00,-13.00,0.00,0.00,47.00,0.00,0,487
397.30,1552282639,8768.43,51.45675592,7.42165863,160.07,34.16,0.00,338.56,0,-92.00,-11.00,0.00,0.00,47.00,0.00,0,210
397.31,1552282639,8768.47,51.45675592,7.42165863,160.07,34.16,0.00,338.56,0,-94.00,-13.00,0.00,0.00,47.00,0.00,0,487
398.31,1552282640,8802.66,51.45704135,7.42147851,159.43,34.21,0.00,337.74,0,-93.00,-11.00,0.00,0.00,46.00,0.00,0,424
398.31,1552282640,8802.70,51.45704135,7.42147851,159.43,34.21,0.00,337.74,0,-94.00,-13.00,0.00,0.00,47.00,0.00,0,192
398.31,1552282640,8802.70,51.45704135,7.42147851,159.43,34.21,0.00,337.74,0,-96.00,-14.00,0.00,0.00,47.00,0.00,0,210
398.31,1552282640,8802.73,51.45704135,7.42147851,159.43,34.21,0.00,337.74,0,-94.00,-12.00,0.00,0.00,49.00,0.00,0,375
398.31,1552282640,8802.77,51.45704135,7.42147851,159.43,34.21,0.00,337.74,0,-95.00,-13.00,0.00,0.00,49.00,0.00,0,414
399.31,1552282641,8836.88,51.45732291,7.42128624,158.61,34.33,0.00,336.62,0,-93.00,-11.00,0.00,0.00,46.00,0.00,0,424
399.31,1552282641,8836.88,51.45732291,7.42128624,158.61,34.33,0.00,336.62,0,-94.00,-13.00,0.00,0.00,47.00,0.00,0,192
399.31,1552282641,8836.91,51.45732291,7.42128624,158.61,34.33,0.00,336.62,0,-96.00,-14.00,0.00,0.00,47.00,0.00,0,210
399.31,1552282641,8836.95,51.45732291,7.42128624,158.61,34.33,0.00,336.62,0,-94.00,-12.00,0.00,0.00,49.00,0.00,0,375
399.31,1552282641,8836.95,51.45732291,7.42128624,158.61,34.33,0.00,336.62,0,-95.00,-13.00,0.00,0.00,49.00,0.00,0,414
400.31,1552282642,8871.21,51.45760286,7.42108502,157.85,34.43,0.00,335.57,0,-96.00,-11.00,0.00,0.00,43.00,0.00,0,210
400.31,1552282642,8871.24,51.45760286,7.42108502,157.85,34.43,0.00,335.57,0,-96.00,-12.00,0.00,0.00,43.00,0.00,0,192
400.31,1552282642,8871.28,51.45760286,7.42108502,157.85,34.43,0.00,335.57,0,-99.00,-14.00,0.00,0.00,44.00,0.00,0,487
400.31,1552282642,8871.28,51.45760286,7.42108502,157.85,34.43,0.00,335.57,0,-95.00,-11.00,0.00,0.00,46.00,0.00,0,375
400.31,1552282642,8871.31,51.45760286,7.42108502,157.85,34.43,0.00,335.57,0,-96.00,-12.00,0.00,0.00,46.00,0.00,0,414
401.31,1552282643,8905.64,51.45788892,7.42087037,156.84,34.50,0.00,334.45,0,-96.00,-11.00,0.00,0.00,43.00,0.00,0,210
401.31,1552282643,8905.67,51.45788892,7.42087037,156.84,34.50,0.00,334.45,0,-96.00,-12.00,0.00,0.00,43.00,0.00,0,192
401.31,1552282643,8905.71,51.45788892,7.42087037,156.84,34.50,0.00,334.45,0,-99.00,-14.00,0.00,0.00,44.00,0.00,0,487
401.31,1552282643,8905.71,51.45788892,7.42087037,156.84,34.50,0.00,334.45,0,-95.00,-11.00,0.00,0.00,46.00,0.00,0,375
401.31,1552282643,8905.74,51.45788892,7.42087037,156.84,34.50,0.00,334.45,0,-96.00,-12.00,0.00,0.00,46.00,0.00,0,414
402.31,1552282644,8940.13,51.45816596,7.42065187,155.83,33.93,0.00,333.22,0,-88.00,-9.00,0.00,0.00,49.00,0.00,0,192
402.31,1552282644,8940.13,51.45816596,7.42065187,155.83,33.93,0.00,333.22,0,-92.00,-12.00,0.00,0.00,49.00,0.00,0,487
402.31,1552282644,8940.17,51.45816596,7.42065187,155.83,33.93,0.00,333.22,0,-87.00,-9.00,0.00,0.00,52.00,0.00,0,375
402.31,1552282644,8940.20,51.45816596,7.42065187,155.83,33.93,0.00,333.22,0,-93.00,-14.00,0.00,0.00,52.00,0.00,0,233
403.31,1552282645,8974.03,51.45843393,7.42043433,155.16,33.75,0.00,332.58,0,-88.00,-9.00,0.00,0.00,49.00,0.00,0,192
403.31,1552282645,8974.06,51.45843393,7.42043433,155.16,33.75,0.00,332.58,0,-92.00,-12.00,0.00,0.00,49.00,0.00,0,487
403.31,1552282645,8974.06,51.45843393,7.42043433,155.16,33.75,0.00,332.58,0,-87.00,-9.00,0.00,0.00,52.00,0.00,0,375
403.31,1552282645,8974.10,51.45843393,7.42043433,155.16,33.75,0.00,332.58,0,-93.00,-14.00,0.00,0.00,52.00,0.00,0,233
404.31,1552282646,9007.77,51.45870112,7.42020074,154.66,33.71,0.00,331.53,0,-87.00,-9.00,0.00,0.00,50.00,0.00,0,192
404.31,1552282646,9007.77,51.45870112,7.42020074,154.66,33.71,0.00,331.53,0,-88.00,-9.00,0.00,0.00,51.00,0.00,0,305
404.31,1552282646,9007.81,51.45870112,7.42020074,154.66,33.71,0.00,331.53,0,-89.00,-11.00,0.00,0.00,53.00,0.00,0,348
405.31,1552282647,9041.48,51.45897203,7.41996338,154.20,33.64,0.00,330.69,0,-87.00,-9.00,0.00,0.00,50.00,0.00,0,192
405.31,1552282647,9041.51,51.45897203,7.41996338,154.20,33.64,0.00,330.69,0,-88.00,-9.00,0.00,0.00,51.00,0.00,0,305
405.31,1552282647,9041.55,51.45897203,7.41996338,154.20,33.64,0.00,330.69,0,-89.00,-11.00,0.00,0.00,53.00,0.00,0,348
406.31,1552282648,9075.16,51.45923002,7.41972293,154.13,33.65,0.00,330.07,0,-85.00,-9.00,0.00,0.00,53.00,0.00,0,305
406.31,1552282648,9075.19,51.45923002,7.41972293,154.13,33.65,0.00,330.07,0,-86.00,-11.00,0.00,0.00,53.00,0.00,0,192
406.31,1552282648,9075.23,51.45923002,7.41972293,154.13,33.65,0.00,330.07,0,-89.00,-12.00,0.00,0.00,51.00,0.00,0,424
406.31,1552282648,9075.23,51.45923002,7.41972293,154.13,33.65,0.00,330.07,0,-85.00,-10.00,0.00,0.00,55.00,0.00,0,375
406.31,1552282648,9075.26,51.45923002,7.41972293,154.13,33.65,0.00,330.07,0,-86.00,-10.00,0.00,0.00,55.00,0.00,0,348
407.31,1552282649,9108.77,51.45566010,7.41889620,153.90,33.72,0.00,328.71,0,-85.00,-9.00,0.00,0.00,53.00,0.00,0,305
407.31,1552282649,9108.81,51.45566010,7.41889620,153.90,33.72,0.00,328.71,0,-86.00,-11.00,0.00,0.00,53.00,0.00,0,192
407.31,1552282649,9108.84,51.45566010,7.41889620,153.90,33.72,0.00,328.71,0,-89.00,-12.00,0.00,0.00,51.00,0.00,0,424
407.31,1552282649,9108.87,51.45566010,7.41889620,153.90,33.72,0.00,328.71,0,-85.00,-10.00,0.00,0.00,55.00,0.00,0,375
407.31,1552282649,9108.87,51.45566010,7.41889620,153.90,33.72,0.00,328.71,0,-86.00,-10.00,0.00,0.00,55.00,0.00,0,348
408.30,1552282650,9142.46,51.45974723,7.41922297,153.96,33.77,0.00,327.79,0,-83.00,-7.00,0.00,0.00,52.00,0.00,0,305
408.31,1552282650,9142.50,51.45974723,7.41922297,153.96,33.77,0.00,327.79,0,-82.00,-6.00,0.00,0.00,54.00,0.00,0,348
409.30,1552282651,9176.23,51.46000974,7.41895243,154.28,33.85,0.00,327.06,0,-83.00,-7.00,0.00,0.00,52.00,0.00,0,305
409.31,1552282651,9176.27,51.46000974,7.41895243,154.28,33.85,0.00,327.06,0,-82.00,-6.00,0.00,0.00,54.00,0.00,0,348
410.30,1552282652,9210.08,51.46026873,7.41867973,154.55,33.94,0.00,325.85,0,-85.00,-12.00,0.00,0.00,57.00,0.00,0,192
411.30,1552282653,9243.99,51.46052517,7.41840192,154.62,34.11,0.00,324.94,0,-85.00,-12.00,0.00,0.00,57.00,0.00,0,192
414.31,1552282656,9346.78,51.46126165,7.41751333,154.73,34.34,0.00,321.76,0,-81.00,-10.00,0.00,0.00,57.00,0.00,0,305
414.31,1552282656,9346.81,51.46126165,7.41751333,154.73,34.34,0.00,321.76,0,-84.00,-11.00,0.00,0.00,58.00,0.00,0,233
414.31,1552282656,9346.85,51.46126165,7.41751333,154.73,34.34,0.00,321.76,0,-87.00,-12.00,0.00,0.00,58.00,0.00,0,348
415.31,1552282657,9380.88,51.46149834,7.41720106,154.62,34.44,0.00,320.59,0,-81.00,-10.00,0.00,0.00,57.00,0.00,0,305
415.31,1552282657,9380.91,51.46149834,7.41720106,154.62,34.44,0.00,320.59,0,-84.00,-11.00,0.00,0.00,58.00,0.00,0,233
415.31,1552282657,9380.91,51.46149834,7.41720106,154.62,34.44,0.00,320.59,0,-87.00,-12.00,0.00,0.00,58.00,0.00,0,348
416.31,1552282658,9415.32,51.46173505,7.41688651,154.43,34.61,0.00,319.76,0,-81.00,-10.00,0.00,0.00,57.00,0.00,0,305
416.31,1552282658,9415.32,51.46173505,7.41688651,154.43,34.61,0.00,319.76,0,-84.00,-11.00,0.00,0.00,58.00,0.00,0,233
416.31,1552282658,9415.35,51.46173505,7.41688651,154.43,34.61,0.00,319.76,0,-87.00,-12.00,0.00,0.00,58.00,0.00,0,348
417.31,1552282659,9449.93,51.46197003,7.41655966,154.36,34.91,0.00,319.11,0,-86.00,-10.00,0.00,0.00,54.00,0.00,0,348
417.31,1552282659,9449.93,51.46197003,7.41655966,154.36,34.91,0.00,319.11,0,-90.00,-14.00,0.00,0.00,54.00,0.00,0,233
418.30,1552282660,9484.80,51.46220531,7.41622691,154.35,35.07,0.00,318.07,0,-86.00,-10.00,0.00,0.00,54.00,0.00,0,348
418.30,1552282660,9484.80,51.46220531,7.41622691,154.35,35.07,0.00,318.07,0,-90.00,-14.00,0.00,0.00,54.00,0.00,0,233
425.31,1552282667,9735.68,51.46379860,7.41364807,154.66,36.72,0.00,311.29,0,-94.00,-10.00,0.00,0.00,44.00,0.00,0,487
425.31,1552282667,9735.72,51.46379860,7.41364807,154.66,36.72,0.00,311.29,0,-91.00,-7.00,0.00,0.00,47.00,0.00,0,97
426.30,1552282668,9772.26,51.46401252,7.41325479,154.74,36.64,0.00,310.81,0,-94.00,-10.00,0.00,0.00,44.00,0.00,0,487
426.31,1552282668,9772.30,51.46401252,7.41325479,154.74,36.64,0.00,310.81,0,-91.00,-7.00,0.00,0.00,47.00,0.00,0,97
429.30,1552282671,9882.82,51.46464256,7.41203314,154.79,37.13,0.00,308.59,0,-94.00,-10.00,0.00,0.00,45.00,0.00,0,194
429.31,1552282671,9882.86,51.46464256,7.41203314,154.79,37.13,0.00,308.59,0,-99.00,-14.00,0.00,0.00,44.00,0.00,0,487
429.31,1552282671,9882.86,51.46464256,7.41203314,154.79,37.13,0.00,308.59,0,-94.00,-11.00,0.00,0.00,48.00,0.00,0,376
429.31,1552282671,9882.90,51.46464256,7.41203314,154.79,37.13,0.00,308.59,0,-98.00,-15.00,0.00,0.00,47.00,0.00,0,233
430.31,1552282672,9919.99,51.46485061,7.41161554,154.61,37.34,0.00,308.30,0,-94.00,-10.00,0.00,0.00,45.00,0.00,0,194
430.31,1552282672,9920.02,51.46485061,7.41161554,154.61,37.34,0.00,308.30,0,-99.00,-14.00,0.00,0.00,44.00,0.00,0,487
430.31,1552282672,9920.06,51.46485061,7.41161554,154.61,37.34,0.00,308.30,0,-94.00,-11.00,0.00,0.00,48.00,0.00,0,376
430.31,1552282672,9920.10,51.46485061,7.41161554,154.61,37.34,0.00,308.30,0,-98.00,-15.00,0.00,0.00,47.00,0.00,0,233
433.30,1552282675,10032.39,51.46548171,7.41034964,154.58,37.81,0.00,308.04,0,-96.00,-7.00,0.00,0.00,42.00,0.00,0,97
434.30,1552282676,10070.21,51.46569137,7.40992417,154.54,37.92,0.00,308.06,0,-96.00,-7.00,0.00,0.00,42.00,0.00,0,97
438.30,1552282680,10220.94,51.46652391,7.40821810,155.22,35.87,0.00,308.65,0,-97.00,-14.00,0.00,0.00,46.00,0.00,0,478
438.30,1552282680,10220.94,51.46652391,7.40821810,155.22,35.87,0.00,308.65,0,-102.00,-20.00,0.00,0.00,47.00,0.00,0,424
439.30,1552282681,10256.80,51.46672131,7.40781320,155.18,35.71,0.00,308.94,0,-97.00,-14.00,0.00,0.00,46.00,0.00,0,478
439.31,1552282681,10256.84,51.46672131,7.40781320,155.18,35.71,0.00,308.94,0,-102.00,-20.00,0.00,0.00,47.00,0.00,0,424
446.30,1552282688,10510.22,51.46818778,7.40500766,157.63,37.58,0.00,311.35,0,-88.00,-12.00,0.00,0.00,54.00,0.00,0,49
447.30,1552282689,10547.84,51.46707200,7.40548470,158.24,37.99,0.00,311.84,0,-88.00,-12.00,0.00,0.00,54.00,0.00,0,49
448.30,1552282690,10585.83,51.46864020,7.40418565,158.65,38.36,0.00,312.20,0,-79.00,-7.00,0.00,0.00,58.00,0.00,0,49
449.30,1552282691,10624.15,51.46886927,7.40377642,159.04,37.27,0.00,312.27,0,-79.00,-7.00,0.00,0.00,58.00,0.00,0,49
450.30,1552282692,10661.46,51.46910279,7.40338983,159.18,36.68,0.00,313.71,0,-97.00,-9.00,0.00,0.00,41.00,0.00,0,487
450.31,1552282692,10661.50,51.46910279,7.40338983,159.18,36.68,0.00,313.71,0,-102.00,-14.00,0.00,0.00,41.00,0.00,0,478
450.31,1552282692,10661.53,51.46910279,7.40338983,159.18,36.68,0.00,313.71,0,-81.00,-5.00,0.00,0.00,58.00,0.00,0,49
451.31,1552282693,10698.18,51.46933378,7.40301076,159.59,36.14,0.00,313.65,0,-97.00,-9.00,0.00,0.00,41.00,0.00,0,487
451.31,1552282693,10698.21,51.46933378,7.40301076,159.59,36.14,0.00,313.65,0,-102.00,-14.00,0.00,0.00,41.00,0.00,0,478
451.31,1552282693,10698.21,51.46933378,7.40301076,159.59,36.14,0.00,313.65,0,-81.00,-5.00,0.00,0.00,58.00,0.00,0,49
452.30,1552282694,10734.28,51.46956248,7.40263175,160.10,36.79,0.00,314.46,0,-99.00,-10.00,0.00,0.00,39.00,0.00,0,424
452.30,1552282694,10734.28,51.46956248,7.40263175,160.10,36.79,0.00,314.46,0,-78.00,-5.00,0.00,0.00,60.00,0.00,0,49
453.30,1552282695,10771.07,51.46979550,7.40225770,160.55,36.65,0.00,314.73,0,-99.00,-10.00,0.00,0.00,39.00,0.00,0,424
453.30,1552282695,10771.07,51.46979550,7.40225770,160.55,36.65,0.00,314.73,0,-78.00,-5.00,0.00,0.00,60.00,0.00,0,49
454.30,1552282696,10807.72,51.47003016,7.40188209,161.22,36.11,0.00,315.07,0,-94.00,-7.00,0.00,0.00,41.00,0.00,0,424
454.31,1552282696,10807.76,51.47003016,7.40188209,161.22,36.11,0.00,315.07,0,-78.00,-5.00,0.00,0.00,60.00,0.00,0,49
455.31,1552282697,10843.94,51.47026635,7.40152100,161.83,35.91,0.00,316.18,0,-94.00,-7.00,0.00,0.00,41.00,0.00,0,424
455.31,1552282697,10843.97,51.47026635,7.40152100,161.83,35.91,0.00,316.18,0,-78.00,-5.00,0.00,0.00,60.00,0.00,0,49
456.31,1552282698,10880.02,51.47050799,7.40116627,162.73,35.34,0.00,317.77,0,-99.00,-8.00,0.00,0.00,37.00,0.00,0,487
456.31,1552282698,10880.06,51.47050799,7.40116627,162.73,35.34,0.00,317.77,0,-80.00,-6.00,0.00,0.00,58.00,0.00,0,49
457.31,1552282699,10915.12,51.47074027,7.40082299,163.62,34.94,0.00,318.44,0,-99.00,-8.00,0.00,0.00,37.00,0.00,0,487
457.31,1552282699,10915.12,51.47074027,7.40082299,163.62,34.94,0.00,318.44,0,-80.00,-6.00,0.00,0.00,58.00,0.00,0,49
458.30,1552282700,10950.02,51.47096479,7.40049418,164.49,33.98,0.00,317.90,0,-99.00,-8.00,0.00,0.00,37.00,0.00,0,487
458.31,1552282700,10950.05,51.47096479,7.40049418,164.49,33.98,0.00,317.90,0,-80.00,-6.00,0.00,0.00,58.00,0.00,0,49
459.30,1552282701,10983.99,51.47118586,7.40017362,165.21,32.86,0.00,317.64,0,-98.00,-7.00,0.00,0.00,38.00,0.00,0,487
459.31,1552282701,10984.03,51.47118586,7.40017362,165.21,32.86,0.00,317.64,0,-80.00,-6.00,0.00,0.00,58.00,0.00,0,49
460.30,1552282702,11016.85,51.47140184,7.39986318,166.09,30.89,0.00,317.13,0,-98.00,-7.00,0.00,0.00,38.00,0.00,0,487
460.31,1552282702,11016.88,51.47140184,7.39986318,166.09,30.89,0.00,317.13,0,-80.00,-6.00,0.00,0.00,58.00,0.00,0,49
463.30,1552282705,11106.02,51.47199201,7.39900730,168.34,28.03,0.00,318.48,0,-84.00,-6.00,0.00,0.00,53.00,0.00,0,49
464.30,1552282706,11134.05,51.47217740,7.39874655,168.71,28.02,0.00,318.97,0,-84.00,-6.00,0.00,0.00,53.00,0.00,0,49
465.30,1552282707,11162.07,51.47236147,7.39848579,168.88,28.17,0.00,319.38,0,-85.00,-6.00,0.00,0.00,52.00,0.00,0,49
466.31,1552282708,11190.30,51.47255168,7.39821826,169.12,28.44,0.00,319.21,0,-85.00,-6.00,0.00,0.00,52.00,0.00,0,49
467.30,1552282709,11218.71,51.45566010,7.41889620,169.29,28.57,0.00,319.03,0,-88.00,-6.00,0.00,0.00,49.00,0.00,0,49
468.30,1552282710,11247.24,51.47293808,7.39767463,169.39,29.16,0.00,319.63,0,-88.00,-6.00,0.00,0.00,49.00,0.00,0,49
469.30,1552282711,11276.40,51.47313309,7.39740256,169.47,28.72,0.00,319.85,0,-89.00,-7.00,0.00,0.00,48.00,0.00,0,49
470.30,1552282712,11305.15,51.47332917,7.39714334,169.47,28.49,0.00,320.60,0,-89.00,-7.00,0.00,0.00,48.00,0.00,0,49
471.30,1552282713,11333.61,51.47352546,7.39688514,169.48,28.60,0.00,321.00,0,-90.00,-10.00,0.00,0.00,50.00,0.00,0,49
472.30,1552282714,11362.21,51.47372602,7.39662858,169.73,28.55,0.00,321.49,0,-90.00,-10.00,0.00,0.00,50.00,0.00,0,49
473.30,1552282715,11390.76,51.47392694,7.39638408,169.83,28.40,0.00,322.19,0,-90.00,-9.00,0.00,0.00,49.00,0.00,0,49
474.30,1552282716,11419.15,51.47413134,7.39613495,170.22,27.88,0.00,323.07,0,-90.00,-9.00,0.00,0.00,49.00,0.00,0,49
475.30,1552282717,11447.04,51.47434345,7.39588734,170.84,27.53,0.00,323.76,0,-87.00,-9.00,0.00,0.00,53.00,0.00,0,49
476.30,1552282718,11474.56,51.47454832,7.39564334,171.61,27.43,0.00,324.04,0,-87.00,-9.00,0.00,0.00,53.00,0.00,0,49
477.31,1552282719,11502.19,51.47475592,7.39539892,172.26,27.21,0.00,324.00,0,-86.00,-7.00,0.00,0.00,53.00,0.00,0,49
478.30,1552282720,11529.15,51.47495486,7.39517560,172.92,26.77,0.00,325.37,0,-86.00,-7.00,0.00,0.00,53.00,0.00,0,49
479.30,1552282721,11555.97,51.47515911,7.39497162,173.50,26.88,0.00,328.18,0,-86.00,-7.00,0.00,0.00,53.00,0.00,0,49
480.30,1552282722,11582.88,51.47537296,7.39477394,174.04,27.10,0.00,330.14,0,-104.00,-8.00,0.00,0.00,33.00,0.00,0,478
480.31,1552282722,11582.91,51.47537296,7.39477394,174.04,27.10,0.00,330.14,0,-85.00,-5.00,0.00,0.00,51.00,0.00,0,49
481.30,1552282723,11609.98,51.47558666,7.39457305,174.56,27.46,0.00,330.93,0,-104.00,-8.00,0.00,0.00,33.00,0.00,0,478
481.31,1552282723,11610.01,51.47558666,7.39457305,174.56,27.46,0.00,330.93,0,-85.00,-5.00,0.00,0.00,51.00,0.00,0,49
482.30,1552282724,11637.41,51.47580044,7.39437356,175.08,27.61,0.00,330.72,0,-78.00,-6.00,0.00,0.00,61.00,0.00,0,49
483.30,1552282725,11665.03,51.47601299,7.39417295,175.55,27.79,0.00,330.99,0,-78.00,-6.00,0.00,0.00,61.00,0.00,0,49
484.30,1552282726,11692.84,51.47623128,7.39398560,176.26,28.15,0.00,332.01,0,-78.00,-6.00,0.00,0.00,59.00,0.00,0,49
485.30,1552282727,11720.93,51.47644833,7.39379951,177.19,27.71,0.00,332.81,0,-78.00,-6.00,0.00,0.00,59.00,0.00,0,49
486.30,1552282728,11748.70,51.47666664,7.39362221,178.02,26.90,0.00,334.10,0,-101.00,-8.00,0.00,0.00,35.00,0.00,0,23
486.31,1552282728,11748.73,51.47666664,7.39362221,178.02,26.90,0.00,334.10,0,-106.00,-9.00,0.00,0.00,31.00,0.00,0,168
486.31,1552282728,11748.73,51.47666664,7.39362221,178.02,26.90,0.00,334.10,0,-79.00,-6.00,0.00,0.00,58.00,0.00,0,49
486.31,1552282728,11748.75,51.47666664,7.39362221,178.02,26.90,0.00,334.10,0,-84.00,-11.00,0.00,0.00,58.00,0.00,0,48
487.31,1552282729,11775.81,51.47033500,7.40086840,178.67,25.70,0.00,336.03,0,-101.00,-8.00,0.00,0.00,35.00,0.00,0,23
487.31,1552282729,11775.84,51.47033500,7.40086840,178.67,25.70,0.00,336.03,0,-106.00,-9.00,0.00,0.00,31.00,0.00,0,168
487.31,1552282729,11775.84,51.47033500,7.40086840,178.67,25.70,0.00,336.03,0,-79.00,-6.00,0.00,0.00,58.00,0.00,0,49
487.31,1552282729,11775.86,51.47033500,7.40086840,178.67,25.70,0.00,336.03,0,-84.00,-11.00,0.00,0.00,58.00,0.00,0,48
488.31,1552282730,11801.33,51.47708529,7.39332044,179.10,24.11,0.00,337.11,0,-102.00,-10.00,0.00,0.00,37.00,0.00,0,168
488.31,1552282730,11801.35,51.47708529,7.39332044,179.10,24.11,0.00,337.11,0,-102.00,-12.00,0.00,0.00,39.00,0.00,0,23
488.31,1552282730,11801.38,51.47708529,7.39332044,179.10,24.11,0.00,337.11,0,-85.00,-8.00,0.00,0.00,54.00,0.00,0,49
488.31,1552282730,11801.38,51.47708529,7.39332044,179.10,24.11,0.00,337.11,0,-87.00,-10.00,0.00,0.00,54.00,0.00,0,48
489.31,1552282731,11825.56,51.47727487,7.39320788,179.06,21.27,0.00,339.18,0,-102.00,-10.00,0.00,0.00,37.00,0.00,0,168
489.31,1552282731,11825.58,51.47727487,7.39320788,179.06,21.27,0.00,339.18,0,-102.00,-12.00,0.00,0.00,39.00,0.00,0,23
489.31,1552282731,11825.60,51.47727487,7.39320788,179.06,21.27,0.00,339.18,0,-85.00,-8.00,0.00,0.00,54.00,0.00,0,49
489.31,1552282731,11825.62,51.47727487,7.39320788,179.06,21.27,0.00,339.18,0,-87.00,-10.00,0.00,0.00,54.00,0.00,0,48
490.31,1552282732,11846.72,51.47745221,7.39312674,178.74,19.92,0.00,343.85,0,-105.00,-8.00,0.00,0.00,32.00,0.00,0,168
490.31,1552282732,11846.74,51.47745221,7.39312674,178.74,19.92,0.00,343.85,0,-107.00,-13.00,0.00,0.00,35.00,0.00,0,138
490.31,1552282732,11846.74,51.47745221,7.39312674,178.74,19.92,0.00,343.85,0,-88.00,-8.00,0.00,0.00,51.00,0.00,0,49
490.31,1552282732,11846.75,51.47745221,7.39312674,178.74,19.92,0.00,343.85,0,-88.00,-9.00,0.00,0.00,51.00,0.00,0,48
491.31,1552282733,11866.63,51.47761890,7.39306506,178.73,18.49,0.00,348.22,0,-105.00,-8.00,0.00,0.00,32.00,0.00,0,168
491.31,1552282733,11866.65,51.47761890,7.39306506,178.73,18.49,0.00,348.22,0,-107.00,-13.00,0.00,0.00,35.00,0.00,0,138
491.31,1552282733,11866.65,51.47761890,7.39306506,178.73,18.49,0.00,348.22,0,-88.00,-8.00,0.00,0.00,51.00,0.00,0,49
491.31,1552282733,11866.67,51.47761890,7.39306506,178.73,18.49,0.00,348.22,0,-88.00,-9.00,0.00,0.00,51.00,0.00,0,48
492.30,1552282734,11885.09,51.47778012,7.39301855,179.23,16.45,0.00,350.37,0,-87.00,-8.00,0.00,0.00,52.00,0.00,0,48
492.30,1552282734,11885.09,51.47778012,7.39301855,179.23,16.45,0.00,350.37,0,-88.00,-9.00,0.00,0.00,52.00,0.00,0,49
493.30,1552282735,11901.55,51.47792145,7.39299635,179.68,16.30,0.00,353.36,0,-87.00,-8.00,0.00,0.00,52.00,0.00,0,48
493.31,1552282735,11901.56,51.47792145,7.39299635,179.68,16.30,0.00,353.36,0,-88.00,-9.00,0.00,0.00,52.00,0.00,0,49
494.31,1552282736,11917.86,51.47807141,7.39302304,180.27,16.00,0.00,6.43,0,-106.00,-8.00,0.00,0.00,30.00,0.00,0,46
494.31,1552282736,11917.88,51.47807141,7.39302304,180.27,16.00,0.00,6.43,0,-109.00,-9.00,0.00,0.00,28.00,0.00,0,478
494.31,1552282736,11917.89,51.47807141,7.39302304,180.27,16.00,0.00,6.43,0,-111.00,-12.00,0.00,0.00,29.00,0.00,0,168
494.31,1552282736,11917.91,51.47807141,7.39302304,180.27,16.00,0.00,6.43,0,-83.00,-6.00,0.00,0.00,53.00,0.00,0,48
494.31,1552282736,11917.91,51.47807141,7.39302304,180.27,16.00,0.00,6.43,0,-88.00,-12.00,0.00,0.00,53.00,0.00,0,49
495.31,1552282737,11933.87,51.47821307,7.39305520,180.39,14.68,0.00,8.48,0,-106.00,-8.00,0.00,0.00,30.00,0.00,0,46
495.31,1552282737,11933.89,51.47821307,7.39305520,180.39,14.68,0.00,8.48,0,-109.00,-9.00,0.00,0.00,28.00,0.00,0,478
495.31,1552282737,11933.90,51.47821307,7.39305520,180.39,14.68,0.00,8.48,0,-111.00,-12.00,0.00,0.00,29.00,0.00,0,168
495.31,1552282737,11933.90,51.47821307,7.39305520,180.39,14.68,0.00,8.48,0,-83.00,-6.00,0.00,0.00,53.00,0.00,0,48
495.31,1552282737,11933.92,51.47821307,7.39305520,180.39,14.68,0.00,8.48,0,-88.00,-12.00,0.00,0.00,53.00,0.00,0,49
496.30,1552282738,11948.51,51.47833623,7.39309948,180.14,14.60,0.00,10.81,0,-106.00,-9.00,0.00,0.00,31.00,0.00,0,46
496.30,1552282738,11948.51,51.47833623,7.39309948,180.14,14.60,0.00,10.81,0,-109.00,-11.00,0.00,0.00,30.00,0.00,0,478
496.30,1552282738,11948.53,51.47833623,7.39309948,180.14,14.60,0.00,10.81,0,-110.00,-12.00,0.00,0.00,31.00,0.00,0,138
496.30,1552282738,11948.53,51.47833623,7.39309948,180.14,14.60,0.00,10.81,0,-83.00,-6.00,0.00,0.00,53.00,0.00,0,48
497.31,1552282739,11963.16,51.47846503,7.39315922,179.80,14.68,0.00,14.80,0,-106.00,-9.00,0.00,0.00,31.00,0.00,0,46
497.31,1552282739,11963.18,51.47846503,7.39315922,179.80,14.68,0.00,14.80,0,-109.00,-11.00,0.00,0.00,30.00,0.00,0,478
497.31,1552282739,11963.19,51.47846503,7.39315922,179.80,14.68,0.00,14.80,0,-110.00,-12.00,0.00,0.00,31.00,0.00,0,138
497.31,1552282739,11963.19,51.47846503,7.39315922,179.80,14.68,0.00,14.80,0,-83.00,-6.00,0.00,0.00,53.00,0.00,0,48
498.31,1552282740,11977.94,51.47858890,7.39327126,179.94,14.25,0.00,28.24,0,-102.00,-8.00,0.00,0.00,34.00,0.00,0,46
498.31,1552282740,11977.96,51.47858890,7.39327126,179.94,14.25,0.00,28.24,0,-76.00,-5.00,0.00,0.00,61.00,0.00,0,48
499.30,1552282741,11992.07,51.47870477,7.39338613,180.18,14.57,0.00,29.49,0,-102.00,-8.00,0.00,0.00,34.00,0.00,0,46
499.31,1552282741,11992.08,51.47870477,7.39338613,180.18,14.57,0.00,29.49,0,-76.00,-5.00,0.00,0.00,61.00,0.00,0,48
500.30,1552282742,12006.62,51.47881168,7.39349620,180.33,13.47,0.00,31.48,0,-102.00,-8.00,0.00,0.00,34.00,0.00,0,46
500.30,1552282742,12006.64,51.47881168,7.39349620,180.33,13.47,0.00,31.48,0,-76.00,-5.00,0.00,0.00,61.00,0.00,0,48
501.30,1552282743,12020.11,51.47890807,7.39360688,180.24,13.37,0.00,32.51,0,-108.00,-9.00,0.00,0.00,30.00,0.00,0,424
501.31,1552282743,12020.12,51.47890807,7.39360688,180.24,13.37,0.00,32.51,0,-79.00,-5.00,0.00,0.00,57.00,0.00,0,48
502.30,1552282744,12033.48,51.47901218,7.39371304,180.11,12.58,0.00,31.26,0,-108.00,-9.00,0.00,0.00,30.00,0.00,0,424
502.30,1552282744,12033.48,51.47901218,7.39371304,180.11,12.58,0.00,31.26,0,-79.00,-5.00,0.00,0.00,57.00,0.00,0,48
503.30,1552282745,12046.05,51.47912193,7.39377874,179.93,12.62,0.00,17.75,0,-82.00,-6.00,0.00,0.00,54.00,0.00,0,48
504.30,1552282746,12058.67,51.47922216,7.39382884,179.78,12.74,0.00,14.35,0,-82.00,-6.00,0.00,0.00,54.00,0.00,0,48
505.30,1552282747,12071.41,51.47933829,7.39384146,179.68,12.85,0.00,1.72,0,-83.00,-5.00,0.00,0.00,54.00,0.00,0,48
506.30,1552282748,12084.27,51.47945380,7.39380435,180.18,13.47,0.00,345.26,0,-83.00,-5.00,0.00,0.00,54.00,0.00,0,48
507.30,1552282749,12097.74,51.48141600,7.39791230,180.84,13.28,0.00,342.65,0,-91.00,-7.00,0.00,0.00,46.00,0.00,0,48
507.31,1552282749,12097.75,51.48141600,7.39791230,180.84,13.28,0.00,342.65,0,-98.00,-13.00,0.00,0.00,46.00,0.00,0,49
508.30,1552282750,12110.95,51.47967671,7.39367823,181.34,13.47,0.00,340.02,0,-91.00,-7.00,0.00,0.00,46.00,0.00,0,48
508.30,1552282750,12110.97,51.47967671,7.39367823,181.34,13.47,0.00,340.02,0,-98.00,-13.00,0.00,0.00,46.00,0.00,0,49
509.30,1552282751,12124.49,51.47977922,7.39360273,181.76,13.03,0.00,337.54,0,-92.00,-7.00,0.00,0.00,48.00,0.00,0,48
510.30,1552282752,12137.52,51.47987724,7.39352522,182.43,12.21,0.00,336.48,0,-92.00,-7.00,0.00,0.00,48.00,0.00,0,48
511.30,1552282753,12149.72,51.47996547,7.39346052,183.05,10.14,0.00,337.54,0,-91.00,-6.00,0.00,0.00,46.00,0.00,0,48
512.30,1552282754,12159.85,51.48005655,7.39342970,184.06,9.98,0.00,350.74,0,-91.00,-6.00,0.00,0.00,46.00,0.00,0,48
513.30,1552282755,12169.83,51.48013287,7.39343617,184.76,9.01,0.00,8.44,0,-89.00,-5.00,0.00,0.00,47.00,0.00,0,48
514.30,1552282756,12178.84,51.48020123,7.39347528,185.26,9.76,0.00,22.24,0,-89.00,-5.00,0.00,0.00,47.00,0.00,0,48
515.30,1552282757,12188.60,51.48025988,7.39355091,185.31,10.07,0.00,44.91,0,-84.00,-6.00,0.00,0.00,52.00,0.00,0,48
516.31,1552282758,12198.75,51.48032598,7.39365060,185.30,10.44,0.00,48.87,0,-84.00,-6.00,0.00,0.00,52.00,0.00,0,48
517.30,1552282759,12209.11,51.48038709,7.39377555,185.76,10.57,0.00,52.35,0,-82.00,-5.00,0.00,0.00,53.00,0.00,0,48
518.30,1552282760,12219.69,51.48044795,7.39391622,186.17,11.26,0.00,54.50,0,-82.00,-5.00,0.00,0.00,53.00,0.00,0,48
519.32,1552282761,12231.08,51.48050866,7.39405813,186.72,12.26,0.00,55.13,0,-82.00,-5.00,0.00,0.00,54.00,0.00,0,48
520.30,1552282762,12243.19,51.48057542,7.39421976,187.41,13.04,0.00,56.11,0,-82.00,-5.00,0.00,0.00,54.00,0.00,0,48
521.30,1552282763,12256.22,51.48064340,7.39437993,188.07,13.59,0.00,56.78,0,-82.00,-5.00,0.00,0.00,54.00,0.00,0,48
522.30,1552282764,12269.82,51.48071000,7.39454970,188.72,14.05,0.00,57.59,0,-94.00,-6.00,0.00,0.00,42.00,0.00,0,478
522.31,1552282764,12269.83,51.48071000,7.39454970,188.72,14.05,0.00,57.59,0,-82.00,-5.00,0.00,0.00,54.00,0.00,0,48
523.30,1552282765,12283.87,51.48077960,7.39472153,189.37,14.67,0.00,58.21,0,-94.00,-6.00,0.00,0.00,42.00,0.00,0,478
523.31,1552282765,12283.88,51.48077960,7.39472153,189.37,14.67,0.00,58.21,0,-82.00,-5.00,0.00,0.00,54.00,0.00,0,48
524.30,1552282766,12298.54,51.48085200,7.39491108,189.73,15.31,0.00,58.70,0,-86.00,-7.00,0.00,0.00,51.00,0.00,0,48
525.30,1552282767,12313.83,51.48092353,7.39510377,189.67,15.86,0.00,59.21,0,-86.00,-7.00,0.00,0.00,51.00,0.00,0,48
526.30,1552282768,12329.71,51.48099507,7.39530417,189.54,16.22,0.00,59.56,0,-99.00,-8.00,0.00,0.00,40.00,0.00,0,46
526.31,1552282768,12329.73,51.48099507,7.39530417,189.54,16.22,0.00,59.56,0,-80.00,-6.00,0.00,0.00,56.00,0.00,0,48
527.30,1552282769,12345.93,51.46475480,7.39516180,189.68,16.46,0.00,60.05,0,-99.00,-8.00,0.00,0.00,40.00,0.00,0,46
527.31,1552282769,12345.95,51.46475480,7.39516180,189.68,16.46,0.00,60.05,0,-80.00,-6.00,0.00,0.00,56.00,0.00,0,48
528.30,1552282770,12362.40,51.48113913,7.39572617,189.90,16.88,0.00,60.09,0,-98.00,-8.00,0.00,0.00,40.00,0.00,0,46
528.31,1552282770,12362.41,51.48113913,7.39572617,189.90,16.88,0.00,60.09,0,-80.00,-6.00,0.00,0.00,56.00,0.00,0,48
529.30,1552282771,12379.28,51.48121107,7.39594148,189.92,16.76,0.00,59.81,0,-98.00,-8.00,0.00,0.00,40.00,0.00,0,46
529.30,1552282771,12379.28,51.48121107,7.39594148,189.92,16.76,0.00,59.81,0,-80.00,-6.00,0.00,0.00,56.00,0.00,0,48
530.30,1552282772,12396.04,51.48128152,7.39615426,189.96,16.89,0.00,59.88,0,-84.00,-7.00,0.00,0.00,54.00,0.00,0,48
531.30,1552282773,12412.91,51.48135376,7.39636717,189.87,16.97,0.00,59.94,0,-84.00,-7.00,0.00,0.00,54.00,0.00,0,48
532.30,1552282774,12429.81,51.48143052,7.39657748,190.07,16.73,0.00,59.02,0,-84.00,-7.00,0.00,0.00,54.00,0.00,0,48
533.30,1552282775,12446.60,51.48150384,7.39677607,190.32,16.25,0.00,58.57,0,-84.00,-7.00,0.00,0.00,54.00,0.00,0,48
534.30,1552282776,12462.85,51.48158116,7.39697335,191.10,15.94,0.00,57.97,0,-85.00,-6.00,0.00,0.00,51.00,0.00,0,48
535.30,1552282777,12478.79,51.48165873,7.39716960,191.44,15.70,0.00,57.32,0,-85.00,-6.00,0.00,0.00,51.00,0.00,0,48
536.31,1552282778,12494.52,51.48173539,7.39735498,191.51,15.53,0.00,56.59,0,-100.00,-7.00,0.00,0.00,35.00,0.00,0,46
536.31,1552282778,12494.53,51.48173539,7.39735498,191.51,15.53,0.00,56.59,0,-106.00,-11.00,0.00,0.00,33.00,0.00,0,138
536.31,1552282778,12494.55,51.48173539,7.39735498,191.51,15.53,0.00,56.59,0,-87.00,-6.00,0.00,0.00,49.00,0.00,0,48
537.31,1552282779,12510.04,51.48181033,7.39753254,191.38,15.18,0.00,55.88,0,-100.00,-7.00,0.00,0.00,35.00,0.00,0,46
537.31,1552282779,12510.04,51.48181033,7.39753254,191.38,15.18,0.00,55.88,0,-106.00,-11.00,0.00,0.00,33.00,0.00,0,138
537.31,1552282779,12510.06,51.48181033,7.39753254,191.38,15.18,0.00,55.88,0,-87.00,-6.00,0.00,0.00,49.00,0.00,0,48
538.30,1552282780,12525.21,51.48188601,7.39770363,191.10,14.39,0.00,54.80,0,-105.00,-10.00,0.00,0.00,33.00,0.00,0,478
538.31,1552282780,12525.22,51.48188601,7.39770363,191.10,14.39,0.00,54.80,0,-82.00,-5.00,0.00,0.00,54.00,0.00,0,48
539.31,1552282781,12539.61,51.48195861,7.39785981,190.90,12.97,0.00,53.65,0,-105.00,-10.00,0.00,0.00,33.00,0.00,0,478
539.31,1552282781,12539.63,51.48195861,7.39785981,190.90,12.97,0.00,53.65,0,-82.00,-5.00,0.00,0.00,54.00,0.00,0,48
540.31,1552282782,12552.66,51.48202380,7.39799594,190.69,11.27,0.00,52.75,0,-82.00,-5.00,0.00,0.00,53.00,0.00,0,48
541.30,1552282783,12563.84,51.48208202,7.39811095,190.51,9.65,0.00,51.44,0,-82.00,-5.00,0.00,0.00,53.00,0.00,0,48
542.30,1552282784,12573.49,51.48214050,7.39821755,190.21,8.07,0.00,51.02,0,-82.00,-5.00,0.00,0.00,53.00,0.00,0,48
543.30,1552282785,12581.55,51.48218249,7.39829687,189.85,6.61,0.00,49.56,0,-81.00,-5.00,0.00,0.00,56.00,0.00,0,48
544.30,1552282786,12588.17,51.48221874,7.39836412,189.37,4.99,0.00,48.00,0,-81.00,-5.00,0.00,0.00,56.00,0.00,0,48
545.30,1552282787,12593.15,51.48224520,7.39840822,189.37,3.51,0.00,49.39,0,-78.00,-5.00,0.00,0.00,57.00,0.00,0,48
546.30,1552282788,12596.66,51.48227278,7.39845690,189.37,2.74,0.00,48.52,0,-78.00,-5.00,0.00,0.00,57.00,0.00,0,48
547.30,1552282789,12599.40,51.48141600,7.39791230,189.38,1.34,0.00,44.99,0,-78.00,-5.00,0.00,0.00,57.00,0.00,0,48
548.30,1552282790,12600.74,51.48229623,7.39849339,189.40,0.80,0.00,44.99,0,-78.00,-5.00,0.00,0.00,57.00,0.00,0,48
549.30,1552282791,12601.54,51.48229623,7.39849339,189.40,0.00,0.00,44.99,0,-102.00,-9.00,0.00,0.00,36.00,0.00,0,478
549.31,1552282791,12601.54,51.48229623,7.39849339,189.40,0.00,0.00,44.99,0,-78.00,-5.00,0.00,0.00,58.00,0.00,0,48
550.30,1552282792,12601.54,51.48229623,7.39849339,189.40,0.00,0.00,44.99,0,-102.00,-9.00,0.00,0.00,36.00,0.00,0,478
550.31,1552282792,12601.54,51.48229623,7.39849339,189.40,0.00,0.00,44.99,0,-78.00,-5.00,0.00,0.00,58.00,0.00,0,48
551.30,1552282793,12601.54,51.48229623,7.39849339,189.41,0.00,0.00,44.99,0,-103.00,-10.00,0.00,0.00,36.00,0.00,0,478
551.31,1552282793,12601.54,51.48229623,7.39849339,189.41,0.00,0.00,44.99,0,-79.00,-5.00,0.00,0.00,58.00,0.00,0,48
552.30,1552282794,12601.54,51.48229623,7.39849339,189.41,0.00,0.00,44.99,0,-103.00,-10.00,0.00,0.00,36.00,0.00,0,478
552.31,1552282794,12601.54,51.48229623,7.39849339,189.41,0.00,0.00,44.99,0,-79.00,-5.00,0.00,0.00,58.00,0.00,0,48
553.30,1552282795,12601.54,51.48229623,7.39849339,189.41,0.00,0.00,44.99,0,-80.00,-5.00,0.00,0.00,57.00,0.00,0,48
554.30,1552282796,12601.54,51.48229623,7.39849339,189.42,0.00,0.00,44.99,0,-80.00,-5.00,0.00,0.00,57.00,0.00,0,48
555.30,1552282797,12601.54,51.48229623,7.39849339,189.42,0.00,0.00,44.99,0,-80.00,-5.00,0.00,0.00,57.00,0.00,0,48
556.32,1552282798,12601.54,51.48229623,7.39849339,189.43,0.00,0.00,44.99,0,-80.00,-5.00,0.00,0.00,57.00,0.00,0,48
557.30,1552282799,12601.54,51.48229623,7.39849339,189.45,0.00,0.00,44.99,0,-81.00,-5.00,0.00,0.00,57.00,0.00,0,48
558.30,1552282800,12601.54,51.48229623,7.39849339,189.46,0.00,0.00,44.99,0,-81.00,-5.00,0.00,0.00,57.00,0.00,0,48
559.30,1552282801,12601.54,51.48229623,7.39849339,189.48,0.00,0.00,44.99,0,-81.00,-4.00,0.00,0.00,57.00,0.00,0,48
560.30,1552282802,12601.54,51.48229623,7.39849339,189.50,0.00,0.00,44.99,0,-81.00,-4.00,0.00,0.00,57.00,0.00,0,48
561.30,1552282803,12601.54,51.48229623,7.39849339,189.52,0.00,0.00,44.99,0,-79.00,-5.00,0.00,0.00,57.00,0.00,0,48
562.30,1552282804,12601.54,51.48229623,7.39849339,189.54,0.00,0.00,44.99,0,-79.00,-5.00,0.00,0.00,57.00,0.00,0,48
563.31,1552282805,12601.54,51.48229623,7.39849339,189.56,0.00,0.00,44.99,0,-103.00,-9.00,0.00,0.00,36.00,0.00,0,478
563.31,1552282805,12601.54,51.48229623,7.39849339,189.56,0.00,0.00,44.99,0,-77.00,-4.00,0.00,0.00,58.00,0.00,0,48
564.30,1552282806,12601.54,51.48229623,7.39849339,189.58,0.00,0.00,44.99,0,-103.00,-9.00,0.00,0.00,36.00,0.00,0,478
564.31,1552282806,12601.54,51.48229623,7.39849339,189.58,0.00,0.00,44.99,0,-77.00,-4.00,0.00,0.00,58.00,0.00,0,48
565.30,1552282807,12601.54,51.48229623,7.39849339,189.59,0.00,0.00,44.99,0,-103.00,-9.00,0.00,0.00,36.00,0.00,0,478
565.31,1552282807,12601.54,51.48229623,7.39849339,189.59,0.00,0.00,44.99,0,-77.00,-4.00,0.00,0.00,58.00,0.00,0,48
566.30,1552282808,12601.54,51.48229623,7.39849339,189.60,0.00,0.00,44.99,0,-79.00,-5.00,0.00,0.00,58.00,0.00,0,48
567.30,1552282809,12601.54,51.48141600,7.39791230,189.61,0.00,0.00,44.99,0,-79.00,-5.00,0.00,0.00,58.00,0.00,0,48
568.30,1552282810,12601.54,51.48229623,7.39849339,189.62,0.00,0.00,44.99,0,-103.00,-10.00,0.00,0.00,35.00,0.00,0,478
568.30,1552282810,12601.54,51.48229623,7.39849339,189.62,0.00,0.00,44.99,0,-85.00,-5.00,0.00,0.00,51.00,0.00,0,48
569.30,1552282811,12601.54,51.48229623,7.39849339,189.63,0.00,0.00,44.99,0,-103.00,-10.00,0.00,0.00,35.00,0.00,0,478
569.30,1552282811,12601.54,51.48229623,7.39849339,189.63,0.00,0.00,44.99,0,-85.00,-5.00,0.00,0.00,51.00,0.00,0,48
570.30,1552282812,12601.54,51.48229623,7.39849339,189.64,0.00,0.00,44.99,0,-78.00,-5.00,0.00,0.00,60.00,0.00,0,48
571.30,1552282813,12601.54,51.48229623,7.39849339,189.65,0.00,0.00,44.99,0,-78.00,-5.00,0.00,0.00,60.00,0.00,0,48
572.30,1552282814,12601.54,51.48229623,7.39849339,189.65,0.00,0.00,44.99,0,-79.00,-5.00,0.00,0.00,57.00,0.00,0,48
573.30,1552282815,12601.54,51.48229623,7.39849339,189.65,0.00,0.00,44.99,0,-79.00,-5.00,0.00,0.00,57.00,0.00,0,48
574.30,1552282816,12601.54,51.48229623,7.39849339,189.66,0.00,0.00,44.99,0,-79.00,-5.00,0.00,0.00,58.00,0.00,0,48
575.30,1552282817,12601.54,51.48229623,7.39849339,189.65,0.00,0.00,47.81,0,-79.00,-5.00,0.00,0.00,58.00,0.00,0,48
576.30,1552282818,12601.54,51.48229623,7.39849339,189.80,0.00,0.00,45.45,0,-79.00,-4.00,0.00,0.00,59.00,0.00,0,48
577.30,1552282819,12601.55,51.48234313,7.39855395,190.03,5.88,0.00,44.24,0,-79.00,-4.00,0.00,0.00,59.00,0.00,0,48
578.30,1552282820,12607.43,51.48240232,7.39864102,190.02,7.01,0.00,42.86,0,-79.00,-5.00,0.00,0.00,58.00,0.00,0,48
579.30,1552282821,12614.44,51.48244633,7.39869539,190.24,7.76,0.00,41.96,0,-79.00,-5.00,0.00,0.00,58.00,0.00,0,48
580.31,1552282822,12622.22,51.48249948,7.39875883,189.96,8.34,0.00,41.96,0,-88.00,-6.00,0.00,0.00,48.00,0.00,0,48
581.30,1552282823,12630.55,51.48257759,7.39884595,189.58,9.00,0.00,40.66,0,-88.00,-6.00,0.00,0.00,48.00,0.00,0,48
582.30,1552282824,12639.55,51.48266453,7.39894969,189.22,9.90,0.00,38.97,0,-101.00,-8.00,0.00,0.00,36.00,0.00,0,478
582.31,1552282824,12639.56,51.48266453,7.39894969,189.22,9.90,0.00,38.97,0,-88.00,-5.00,0.00,0.00,48.00,0.00,0,48
583.30,1552282825,12649.46,51.48274855,7.39903744,189.08,10.50,0.00,37.03,0,-101.00,-8.00,0.00,0.00,36.00,0.00,0,478
583.31,1552282825,12649.47,51.48274855,7.39903744,189.08,10.50,0.00,37.03,0,-88.00,-5.00,0.00,0.00,48.00,0.00,0,48
584.31,1552282826,12660.03,51.48282253,7.39911942,189.09,10.47,0.00,36.22,0,-82.00,-5.00,0.00,0.00,54.00,0.00,0,48
585.30,1552282827,12670.42,51.48290937,7.39920357,189.42,11.04,0.00,35.07,0,-82.00,-5.00,0.00,0.00,54.00,0.00,0,48
586.30,1552282828,12681.47,51.48299965,7.39929154,189.52,11.91,0.00,34.43,0,-82.00,-5.00,0.00,0.00,54.00,0.00,0,48
587.30,1552282829,12693.38,51.48141600,7.39791230,189.87,12.65,0.00,33.95,0,-85.00,-5.00,0.00,0.00,52.00,0.00,0,48
588.30,1552282830,12706.02,51.48319498,7.39948373,190.30,12.93,0.00,34.22,0,-85.00,-5.00,0.00,0.00,52.00,0.00,0,48
589.30,1552282831,12718.95,51.48329704,7.39958204,190.71,13.85,0.00,34.08,0,-86.00,-5.00,0.00,0.00,50.00,0.00,0,48
590.30,1552282832,12732.79,51.48339863,7.39968846,190.72,14.12,0.00,33.58,0,-86.00,-5.00,0.00,0.00,50.00,0.00,0,48
591.30,1552282833,12746.92,51.48350729,7.39979806,190.34,14.16,0.00,34.05,0,-97.00,-7.00,0.00,0.00,40.00,0.00,0,48
592.30,1552282834,12761.07,51.48360715,7.39990646,190.26,14.03,0.00,34.44,0,-97.00,-7.00,0.00,0.00,40.00,0.00,0,48
593.30,1552282835,12775.11,51.48372516,7.40002903,189.95,13.77,0.00,34.78,0,-98.00,-7.00,0.00,0.00,39.00,0.00,0,48
594.30,1552282836,12788.87,51.48382422,7.40013838,189.38,13.41,0.00,35.22,0,-98.00,-7.00,0.00,0.00,39.00,0.00,0,48
595.30,1552282837,12802.28,51.48392377,7.40025132,188.65,13.07,0.00,35.75,0,-98.00,-8.00,0.00,0.00,40.00,0.00,0,48
596.30,1552282838,12815.35,51.48401616,7.40036472,187.74,12.88,0.00,36.36,0,-98.00,-8.00,0.00,0.00,40.00,0.00,0,48
597.30,1552282839,12828.22,51.48410560,7.40047807,187.24,12.81,0.00,36.79,0,-98.00,-7.00,0.00,0.00,40.00,0.00,0,48
598.30,1552282840,12841.04,51.48419554,7.40059103,186.86,12.68,0.00,37.65,0,-98.00,-7.00,0.00,0.00,40.00,0.00,0,48
599.30,1552282841,12853.72,51.48428750,7.40071102,186.26,13.16,0.00,38.47,0,-101.00,-9.00,0.00,0.00,38.00,0.00,0,48
600.30,1552282842,12866.88,51.48437913,7.40083778,185.87,12.92,0.00,40.02,0,-101.00,-9.00,0.00,0.00,38.00,0.00,0,48
601.30,1552282843,12879.81,51.48445789,7.40096200,185.86,13.29,0.00,41.14,0,-101.00,-8.00,0.00,0.00,35.00,0.00,0,291
601.31,1552282843,12879.83,51.48445789,7.40096200,185.86,13.29,0.00,41.14,0,-100.00,-9.00,0.00,0.00,39.00,0.00,0,167
602.30,1552282844,12893.10,51.48454110,7.40109033,185.78,13.13,0.00,41.88,0,-101.00,-8.00,0.00,0.00,35.00,0.00,0,291
602.30,1552282844,12893.10,51.48454110,7.40109033,185.78,13.13,0.00,41.88,0,-100.00,-9.00,0.00,0.00,39.00,0.00,0,167
603.31,1552282845,12906.24,51.48462682,7.40122540,185.61,13.35,0.00,42.45,0,-100.00,-9.00,0.00,0.00,38.00,0.00,0,291
603.31,1552282845,12906.26,51.48462682,7.40122540,185.61,13.35,0.00,42.45,0,-103.00,-12.00,0.00,0.00,37.00,0.00,0,163
603.31,1552282845,12906.27,51.48462682,7.40122540,185.61,13.35,0.00,42.45,0,-103.00,-10.00,0.00,0.00,36.00,0.00,0,167
603.31,1552282845,12906.27,51.48462682,7.40122540,185.61,13.35,0.00,42.45,0,-104.00,-9.00,0.00,0.00,34.00,0.00,0,48
604.31,1552282846,12919.61,51.48471522,7.40136304,185.27,13.76,0.00,41.99,0,-100.00,-9.00,0.00,0.00,38.00,0.00,0,291
604.31,1552282846,12919.61,51.48471522,7.40136304,185.27,13.76,0.00,41.99,0,-103.00,-12.00,0.00,0.00,37.00,0.00,0,163
604.31,1552282846,12919.62,51.48471522,7.40136304,185.27,13.76,0.00,41.99,0,-103.00,-10.00,0.00,0.00,36.00,0.00,0,167
604.31,1552282846,12919.64,51.48471522,7.40136304,185.27,13.76,0.00,41.99,0,-104.00,-9.00,0.00,0.00,34.00,0.00,0,48
605.31,1552282847,12933.43,51.48481259,7.40151212,184.64,14.21,0.00,41.93,0,-101.00,-9.00,0.00,0.00,36.00,0.00,0,291
605.31,1552282847,12933.45,51.48481259,7.40151212,184.64,14.21,0.00,41.93,0,-103.00,-9.00,0.00,0.00,36.00,0.00,0,48
606.30,1552282848,12947.55,51.48491293,7.40166000,184.64,14.29,0.00,42.34,0,-101.00,-9.00,0.00,0.00,36.00,0.00,0,291
606.31,1552282848,12947.56,51.48491293,7.40166000,184.64,14.29,0.00,42.34,0,-103.00,-9.00,0.00,0.00,36.00,0.00,0,48
607.32,1552282849,12962.11,51.48141600,7.39791230,184.76,14.42,0.00,42.38,0,-99.00,-8.00,0.00,0.00,38.00,0.00,0,291
607.32,1552282849,12962.12,51.48141600,7.39791230,184.76,14.42,0.00,42.38,0,-101.00,-9.00,0.00,0.00,38.00,0.00,0,167
608.30,1552282850,12976.25,51.48510323,7.40194107,184.87,14.22,0.00,43.20,0,-99.00,-8.00,0.00,0.00,38.00,0.00,0,291
608.30,1552282850,12976.25,51.48510323,7.40194107,184.87,14.22,0.00,43.20,0,-101.00,-9.00,0.00,0.00,38.00,0.00,0,167
609.30,1552282851,12990.46,51.48518320,7.40207892,184.78,13.48,0.00,45.30,0,-99.00,-8.00,0.00,0.00,38.00,0.00,0,291
609.31,1552282851,12990.48,51.48518320,7.40207892,184.78,13.48,0.00,45.30,0,-101.00,-9.00,0.00,0.00,38.00,0.00,0,167
610.31,1552282852,13003.95,51.48525664,7.40221502,184.78,12.46,0.00,46.43,0,-102.00,-9.00,0.00,0.00,36.00,0.00,0,291
610.31,1552282852,13003.97,51.48525664,7.40221502,184.78,12.46,0.00,46.43,0,-104.00,-11.00,0.00,0.00,36.00,0.00,0,163
610.31,1552282852,13003.97,51.48525664,7.40221502,184.78,12.46,0.00,46.43,0,-96.00,-8.00,0.00,0.00,41.00,0.00,0,167
611.30,1552282853,13016.40,51.48534497,7.40237126,184.65,12.14,0.00,47.38,0,-102.00,-9.00,0.00,0.00,36.00,0.00,0,291
611.31,1552282853,13016.41,51.48534497,7.40237126,184.65,12.14,0.00,47.38,0,-104.00,-11.00,0.00,0.00,36.00,0.00,0,163
611.31,1552282853,13016.43,51.48534497,7.40237126,184.65,12.14,0.00,47.38,0,-96.00,-8.00,0.00,0.00,41.00,0.00,0,167
612.31,1552282854,13028.56,51.48540116,7.40248239,184.56,11.40,0.00,48.28,0,-102.00,-8.00,0.00,0.00,34.00,0.00,0,291
612.31,1552282854,13028.57,51.48540116,7.40248239,184.56,11.40,0.00,48.28,0,-107.00,-12.00,0.00,0.00,33.00,0.00,0,163
612.31,1552282854,13028.58,51.48540116,7.40248239,184.56,11.40,0.00,48.28,0,-98.00,-8.00,0.00,0.00,41.00,0.00,0,167
612.31,1552282854,13028.58,51.48540116,7.40248239,184.56,11.40,0.00,48.28,0,-104.00,-12.00,0.00,0.00,39.00,0.00,0,330
613.31,1552282855,13039.95,51.48545879,7.40259233,184.22,10.15,0.00,48.83,0,-102.00,-8.00,0.00,0.00,34.00,0.00,0,291
613.31,1552282855,13039.95,51.48545879,7.40259233,184.22,10.15,0.00,48.83,0,-107.00,-12.00,0.00,0.00,33.00,0.00,0,163
613.31,1552282855,13039.96,51.48545879,7.40259233,184.22,10.15,0.00,48.83,0,-98.00,-8.00,0.00,0.00,41.00,0.00,0,167
613.31,1552282855,13039.97,51.48545879,7.40259233,184.22,10.15,0.00,48.83,0,-104.00,-12.00,0.00,0.00,39.00,0.00,0,330
614.31,1552282856,13050.12,51.48550983,7.40269638,183.75,8.15,0.00,49.10,0,-100.00,-9.00,0.00,0.00,37.00,0.00,0,291
614.31,1552282856,13050.12,51.48550983,7.40269638,183.75,8.15,0.00,49.10,0,-103.00,-12.00,0.00,0.00,37.00,0.00,0,342
614.31,1552282856,13050.13,51.48550983,7.40269638,183.75,8.15,0.00,49.10,0,-104.00,-12.00,0.00,0.00,36.00,0.00,0,163
614.31,1552282856,13050.13,51.48550983,7.40269638,183.75,8.15,0.00,49.10,0,-101.00,-8.00,0.00,0.00,37.00,0.00,0,167
614.31,1552282856,13050.14,51.48550983,7.40269638,183.75,8.15,0.00,49.10,0,-103.00,-10.00,0.00,0.00,37.00,0.00,0,330
615.31,1552282857,13058.27,51.48556435,7.40276893,183.33,7.66,0.00,35.49,0,-100.00,-9.00,0.00,0.00,37.00,0.00,0,291
615.31,1552282857,13058.27,51.48556435,7.40276893,183.33,7.66,0.00,35.49,0,-103.00,-12.00,0.00,0.00,37.00,0.00,0,342
615.31,1552282857,13058.28,51.48556435,7.40276893,183.33,7.66,0.00,35.49,0,-104.00,-12.00,0.00,0.00,36.00,0.00,0,163
615.31,1552282857,13058.28,51.48556435,7.40276893,183.33,7.66,0.00,35.49,0,-101.00,-8.00,0.00,0.00,37.00,0.00,0,167
615.31,1552282857,13058.29,51.48556435,7.40276893,183.33,7.66,0.00,35.49,0,-103.00,-10.00,0.00,0.00,37.00,0.00,0,330
616.30,1552282858,13065.90,51.48563502,7.40279855,183.19,8.28,0.00,11.36,0,-101.00,-9.00,0.00,0.00,39.00,0.00,0,223
617.30,1552282859,13074.17,51.48569624,7.40279220,183.21,7.98,0.00,355.21,0,-101.00,-9.00,0.00,0.00,39.00,0.00,0,223
618.31,1552282860,13082.17,51.48575914,7.40275058,183.26,9.06,0.00,333.70,0,-100.00,-8.00,0.00,0.00,37.00,0.00,0,1
619.30,1552282861,13091.22,51.48582101,7.40267395,183.65,9.12,0.00,318.06,0,-100.00,-8.00,0.00,0.00,37.00,0.00,0,1
620.31,1552282862,13100.36,51.48589428,7.40257954,184.05,10.12,0.00,319.37,0,-101.00,-9.00,0.00,0.00,37.00,0.00,0,419
620.31,1552282862,13100.36,51.48589428,7.40257954,184.05,10.12,0.00,319.37,0,-104.00,-9.00,0.00,0.00,34.00,0.00,0,163
620.31,1552282862,13100.37,51.48589428,7.40257954,184.05,10.12,0.00,319.37,0,-102.00,-9.00,0.00,0.00,37.00,0.00,0,93
620.31,1552282862,13100.38,51.48589428,7.40257954,184.05,10.12,0.00,319.37,0,-103.00,-9.00,0.00,0.00,36.00,0.00,0,48
621.31,1552282863,13110.47,51.48596846,7.40249014,184.34,10.48,0.00,321.20,0,-101.00,-9.00,0.00,0.00,37.00,0.00,0,419
621.31,1552282863,13110.48,51.48596846,7.40249014,184.34,10.48,0.00,321.20,0,-104.00,-9.00,0.00,0.00,34.00,0.00,0,163
621.31,1552282863,13110.49,51.48596846,7.40249014,184.34,10.48,0.00,321.20,0,-102.00,-9.00,0.00,0.00,37.00,0.00,0,93
621.31,1552282863,13110.49,51.48596846,7.40249014,184.34,10.48,0.00,321.20,0,-103.00,-9.00,0.00,0.00,36.00,0.00,0,48
622.31,1552282864,13120.97,51.48605630,7.40238949,184.35,10.43,0.00,322.72,0,-102.00,-11.00,0.00,0.00,37.00,0.00,0,419
622.31,1552282864,13120.98,51.48605630,7.40238949,184.35,10.43,0.00,322.72,0,-103.00,-11.00,0.00,0.00,36.00,0.00,0,163
622.31,1552282864,13120.99,51.48605630,7.40238949,184.35,10.43,0.00,322.72,0,-103.00,-11.00,0.00,0.00,37.00,0.00,0,293
622.31,1552282864,13120.99,51.48605630,7.40238949,184.35,10.43,0.00,322.72,0,-102.00,-9.00,0.00,0.00,37.00,0.00,0,48
622.31,1552282864,13121.00,51.48605630,7.40238949,184.35,10.43,0.00,322.72,0,-102.00,-10.00,0.00,0.00,38.00,0.00,0,330
623.31,1552282865,13131.40,51.48614236,7.40229387,184.37,10.29,0.00,324.98,0,-102.00,-11.00,0.00,0.00,37.00,0.00,0,419
623.31,1552282865,13131.41,51.48614236,7.40229387,184.37,10.29,0.00,324.98,0,-103.00,-11.00,0.00,0.00,36.00,0.00,0,163
623.31,1552282865,13131.41,51.48614236,7.40229387,184.37,10.29,0.00,324.98,0,-103.00,-11.00,0.00,0.00,37.00,0.00,0,293
623.31,1552282865,13131.42,51.48614236,7.40229387,184.37,10.29,0.00,324.98,0,-102.00,-9.00,0.00,0.00,37.00,0.00,0,48
623.31,1552282865,13131.43,51.48614236,7.40229387,184.37,10.29,0.00,324.98,0,-102.00,-10.00,0.00,0.00,38.00,0.00,0,330
624.31,1552282866,13141.68,51.48622474,7.40220382,185.11,10.52,0.00,326.31,0,-100.00,-9.00,0.00,0.00,38.00,0.00,0,293
624.31,1552282866,13141.69,51.48622474,7.40220382,185.11,10.52,0.00,326.31,0,-100.00,-9.00,0.00,0.00,37.00,0.00,0,419
624.31,1552282866,13141.70,51.48622474,7.40220382,185.11,10.52,0.00,326.31,0,-101.00,-10.00,0.00,0.00,38.00,0.00,0,163
624.31,1552282866,13141.70,51.48622474,7.40220382,185.11,10.52,0.00,326.31,0,-98.00,-8.00,0.00,0.00,40.00,0.00,0,166
624.31,1552282866,13141.71,51.48622474,7.40220382,185.11,10.52,0.00,326.31,0,-101.00,-10.00,0.00,0.00,39.00,0.00,0,330
625.31,1552282867,13152.20,51.48630553,7.40211974,186.14,10.40,0.00,328.45,0,-100.00,-9.00,0.00,0.00,38.00,0.00,0,293
625.31,1552282867,13152.21,51.48630553,7.40211974,186.14,10.40,0.00,328.45,0,-100.00,-9.00,0.00,0.00,37.00,0.00,0,419
625.31,1552282867,13152.21,51.48630553,7.40211974,186.14,10.40,0.00,328.45,0,-101.00,-10.00,0.00,0.00,38.00,0.00,0,163
625.31,1552282867,13152.22,51.48630553,7.40211974,186.14,10.40,0.00,328.45,0,-98.00,-8.00,0.00,0.00,40.00,0.00,0,166
625.31,1552282867,13152.23,51.48630553,7.40211974,186.14,10.40,0.00,328.45,0,-101.00,-10.00,0.00,0.00,39.00,0.00,0,330
626.31,1552282868,13162.60,51.48637924,7.40205326,187.09,10.35,0.00,330.83,0,-97.00,-7.00,0.00,0.00,38.00,0.00,0,419
626.31,1552282868,13162.61,51.48637924,7.40205326,187.09,10.35,0.00,330.83,0,-98.00,-9.00,0.00,0.00,39.00,0.00,0,163
626.31,1552282868,13162.61,51.48637924,7.40205326,187.09,10.35,0.00,330.83,0,-97.00,-9.00,0.00,0.00,42.00,0.00,0,330
626.31,1552282868,13162.62,51.48637924,7.40205326,187.09,10.35,0.00,330.83,0,-98.00,-8.00,0.00,0.00,39.00,0.00,0,93
627.31,1552282869,13172.95,51.49157710,7.39386400,188.00,10.49,0.00,333.50,0,-97.00,-7.00,0.00,0.00,38.00,0.00,0,419
627.31,1552282869,13172.95,51.49157710,7.39386400,188.00,10.49,0.00,333.50,0,-98.00,-9.00,0.00,0.00,39.00,0.00,0,163
627.31,1552282869,13172.96,51.49157710,7.39386400,188.00,10.49,0.00,333.50,0,-97.00,-9.00,0.00,0.00,42.00,0.00,0,330
627.31,1552282869,13172.97,51.49157710,7.39386400,188.00,10.49,0.00,333.50,0,-98.00,-8.00,0.00,0.00,39.00,0.00,0,93
628.31,1552282870,13183.53,51.48655073,7.40192638,188.83,9.52,0.00,334.78,0,-97.00,-8.00,0.00,0.00,40.00,0.00,0,419
628.31,1552282870,13183.53,51.48655073,7.40192638,188.83,9.52,0.00,334.78,0,-98.00,-11.00,0.00,0.00,41.00,0.00,0,405
628.32,1552282870,13183.54,51.48655073,7.40192638,188.83,9.52,0.00,334.78,0,-96.00,-7.00,0.00,0.00,42.00,0.00,0,93
628.32,1552282870,13183.55,51.48655073,7.40192638,188.83,9.52,0.00,334.78,0,-101.00,-12.00,0.00,0.00,41.00,0.00,0,428
629.31,1552282871,13192.97,51.48663418,7.40187389,189.17,9.52,0.00,336.51,0,-97.00,-8.00,0.00,0.00,40.00,0.00,0,419
629.31,1552282871,13192.98,51.48663418,7.40187389,189.17,9.52,0.00,336.51,0,-98.00,-11.00,0.00,0.00,41.00,0.00,0,405
629.31,1552282871,13192.98,51.48663418,7.40187389,189.17,9.52,0.00,336.51,0,-96.00,-7.00,0.00,0.00,42.00,0.00,0,93
629.31,1552282871,13192.99,51.48663418,7.40187389,189.17,9.52,0.00,336.51,0,-101.00,-12.00,0.00,0.00,41.00,0.00,0,428
630.31,1552282872,13202.49,51.48671811,7.40182944,189.28,9.97,0.00,339.16,0,-97.00,-8.00,0.00,0.00,40.00,0.00,0,419
630.31,1552282872,13202.50,51.48671811,7.40182944,189.28,9.97,0.00,339.16,0,-98.00,-11.00,0.00,0.00,41.00,0.00,0,405
630.31,1552282872,13202.51,51.48671811,7.40182944,189.28,9.97,0.00,339.16,0,-96.00,-7.00,0.00,0.00,42.00,0.00,0,93
630.31,1552282872,13202.52,51.48671811,7.40182944,189.28,9.97,0.00,339.16,0,-101.00,-12.00,0.00,0.00,41.00,0.00,0,428
631.30,1552282873,13212.45,51.48680809,7.40179193,189.42,10.44,0.00,341.72,0,-95.00,-9.00,0.00,0.00,44.00,0.00,0,48
631.31,1552282873,13212.46,51.48680809,7.40179193,189.42,10.44,0.00,341.72,0,-98.00,-13.00,0.00,0.00,46.00,0.00,0,15
632.30,1552282874,13222.87,51.48690135,7.40175970,189.41,10.34,0.00,343.76,0,-95.00,-9.00,0.00,0.00,44.00,0.00,0,48
632.30,1552282874,13222.88,51.48690135,7.40175970,189.41,10.34,0.00,343.76,0,-98.00,-13.00,0.00,0.00,46.00,0.00,0,15
633.31,1552282875,13233.23,51.48698984,7.40173568,189.45,10.41,0.00,345.52,0,-98.00,-7.00,0.00,0.00,38.00,0.00,0,419
633.31,1552282875,13233.24,51.48698984,7.40173568,189.45,10.41,0.00,345.52,0,-93.00,-7.00,0.00,0.00,44.00,0.00,0,48
633.31,1552282875,13233.24,51.48698984,7.40173568,189.45,10.41,0.00,345.52,0,-98.00,-7.00,0.00,0.00,40.00,0.00,0,93
634.31,1552282876,13243.64,51.48708925,7.40170944,189.44,10.88,0.00,347.67,0,-98.00,-7.00,0.00,0.00,38.00,0.00,0,419
634.31,1552282876,13243.64,51.48708925,7.40170944,189.44,10.88,0.00,347.67,0,-93.00,-7.00,0.00,0.00,44.00,0.00,0,48
634.31,1552282876,13243.65,51.48708925,7.40170944,189.44,10.88,0.00,347.67,0,-98.00,-7.00,0.00,0.00,40.00,0.00,0,93
637.30,1552282879,13276.43,51.48739183,7.40168028,188.41,11.09,0.00,353.24,0,-89.00,-7.00,0.00,0.00,48.00,0.00,0,48
638.30,1552282880,13287.52,51.48748615,7.40168152,187.95,11.22,0.00,355.64,0,-89.00,-7.00,0.00,0.00,48.00,0.00,0,48
641.30,1552282883,13321.50,51.48779406,7.40169819,185.74,11.45,0.00,358.86,0,-94.00,-7.00,0.00,0.00,43.00,0.00,0,48
642.30,1552282884,13332.96,51.48790389,7.40170753,185.27,11.53,0.00,359.46,0,-94.00,-7.00,0.00,0.00,43.00,0.00,0,48
643.30,1552282885,13344.48,51.48799669,7.40171833,184.83,11.18,0.00,359.52,0,-92.00,-6.00,0.00,0.00,44.00,0.00,0,48
644.30,1552282886,13355.66,51.48810035,7.40172843,184.04,11.04,0.00,0.44,0,-92.00,-6.00,0.00,0.00,44.00,0.00,0,48
649.31,1552282891,13411.29,51.48860544,7.40175894,179.69,10.90,0.00,359.59,0,-88.00,-11.00,0.00,0.00,52.00,0.00,0,94
650.30,1552282892,13422.10,51.48870468,7.40175789,179.09,10.80,0.00,359.67,0,-88.00,-11.00,0.00,0.00,52.00,0.00,0,94
651.30,1552282893,13432.91,51.48880123,7.40175787,178.58,10.64,0.00,359.59,0,-88.00,-11.00,0.00,0.00,52.00,0.00,0,94
652.30,1552282894,13443.54,51.48889806,7.40175643,178.13,10.77,0.00,359.46,0,-85.00,-10.00,0.00,0.00,55.00,0.00,0,94
653.30,1552282895,13454.31,51.48899089,7.40175777,177.87,10.53,0.00,359.90,0,-85.00,-10.00,0.00,0.00,55.00,0.00,0,94
654.30,1552282896,13464.85,51.48908168,7.40175918,177.53,9.58,0.00,0.32,0,-86.00,-11.00,0.00,0.00,54.00,0.00,0,419
654.30,1552282896,13464.85,51.48908168,7.40175918,177.53,9.58,0.00,0.32,0,-87.00,-12.00,0.00,0.00,57.00,0.00,0,93
655.30,1552282897,13474.43,51.48915617,7.40176058,177.21,7.86,0.00,0.89,0,-86.00,-11.00,0.00,0.00,54.00,0.00,0,419
655.30,1552282897,13474.43,51.48915617,7.40176058,177.21,7.86,0.00,0.89,0,-87.00,-12.00,0.00,0.00,57.00,0.00,0,93
675.30,1552282917,13659.14,51.48939340,7.40420881,181.59,12.57,0.00,90.23,0,-76.00,-9.00,0.00,0.00,62.00,0.00,0,418
675.30,1552282917,13659.16,51.48939340,7.40420881,181.59,12.57,0.00,90.23,0,-75.00,-9.00,0.00,0.00,63.00,0.00,0,95
676.30,1552282918,13671.72,51.48939402,7.40439068,182.07,12.44,0.00,90.69,0,-76.00,-9.00,0.00,0.00,62.00,0.00,0,418
676.30,1552282918,13671.73,51.48939402,7.40439068,182.07,12.44,0.00,90.69,0,-75.00,-9.00,0.00,0.00,63.00,0.00,0,95
677.30,1552282919,13684.17,51.48939255,7.40455703,182.35,11.93,0.00,90.64,0,-74.00,-8.00,0.00,0.00,63.00,0.00,0,418
677.31,1552282919,13684.18,51.48939255,7.40455703,182.35,11.93,0.00,90.64,0,-75.00,-8.00,0.00,0.00,63.00,0.00,0,95
678.30,1552282920,13696.10,51.48938492,7.40473196,182.61,11.56,0.00,92.74,0,-74.00,-8.00,0.00,0.00,63.00,0.00,0,418
678.30,1552282920,13696.10,51.48938492,7.40473196,182.61,11.56,0.00,92.74,0,-75.00,-8.00,0.00,0.00,63.00,0.00,0,95
679.30,1552282921,13707.66,51.48937899,7.40489849,182.86,11.41,0.00,92.30,0,-78.00,-12.00,0.00,0.00,63.00,0.00,0,417
679.31,1552282921,13707.67,51.48937899,7.40489849,182.86,11.41,0.00,92.30,0,-78.00,-11.00,0.00,0.00,63.00,0.00,0,94
680.30,1552282922,13719.07,51.48937553,7.40506800,183.08,11.31,0.00,91.66,0,-78.00,-12.00,0.00,0.00,63.00,0.00,0,417
680.30,1552282922,13719.07,51.48937553,7.40506800,183.08,11.31,0.00,91.66,0,-78.00,-11.00,0.00,0.00,63.00,0.00,0,94
681.30,1552282923,13730.38,51.48937749,7.40522752,183.19,11.40,0.00,90.04,0,-78.00,-12.00,0.00,0.00,63.00,0.00,0,94
682.30,1552282924,13741.79,51.48938543,7.40540907,183.33,11.73,0.00,87.76,0,-78.00,-12.00,0.00,0.00,63.00,0.00,0,94
