0.12,1552454735,0.03,51.45017969,7.48824076,248.85,6.84,0.00,166.57,0,-100.00,-11.00,0.00,0.00,43.00,0.00,0,67
0.12,1552454735,0.03,51.45017969,7.48824076,248.85,6.84,0.00,166.57,0,-96.00,-8.00,0.00,0.00,41.00,0.00,0,157
1.04,1552454736,6.31,51.45011407,7.48826642,248.68,8.17,0.00,165.20,0,-100.00,-11.00,0.00,0.00,43.00,0.00,0,67
1.04,1552454736,6.31,51.45011407,7.48826642,248.68,8.17,0.00,165.20,0,-96.00,-8.00,0.00,0.00,41.00,0.00,0,157
2.04,1552454737,14.47,51.45003481,7.48829636,248.56,9.33,0.00,166.23,0,-100.00,-11.00,0.00,0.00,43.00,0.00,0,67
2.04,1552454737,14.48,51.45003481,7.48829636,248.56,9.33,0.00,166.23,0,-96.00,-8.00,0.00,0.00,41.00,0.00,0,157
3.04,1552454738,23.81,51.44995619,7.48832629,248.47,9.89,0.00,167.14,0,-100.00,-10.00,0.00,0.00,42.00,0.00,0,67
3.04,1552454738,23.82,51.44995619,7.48832629,248.47,9.89,0.00,167.14,0,-96.00,-8.00,0.00,0.00,40.00,0.00,0,157
4.04,1552454739,33.70,51.44986225,7.48835610,248.75,10.61,0.00,168.57,0,-100.00,-10.00,0.00,0.00,42.00,0.00,0,67
4.04,1552454739,33.71,51.44986225,7.48835610,248.75,10.61,0.00,168.57,0,-96.00,-8.00,0.00,0.00,40.00,0.00,0,157
5.04,1552454740,44.31,51.44976405,7.48837768,249.01,11.04,0.00,171.18,0,-101.00,-10.00,0.00,0.00,41.00,0.00,0,67
5.04,1552454740,44.32,51.44976405,7.48837768,249.01,11.04,0.00,171.18,0,-98.00,-8.00,0.00,0.00,38.00,0.00,0,157
6.04,1552454741,55.35,51.44966260,7.48839023,249.00,11.38,0.00,173.91,0,-101.00,-10.00,0.00,0.00,41.00,0.00,0,67
6.04,1552454741,55.36,51.44966260,7.48839023,249.00,11.38,0.00,173.91,0,-98.00,-8.00,0.00,0.00,38.00,0.00,0,157
7.04,1552454742,66.73,51.44955436,7.48840014,249.01,12.04,0.00,175.53,0,-101.00,-11.00,0.00,0.00,41.00,0.00,0,67
7.04,1552454742,66.74,51.44955436,7.48840014,249.01,12.04,0.00,175.53,0,-98.00,-8.00,0.00,0.00,39.00,0.00,0,157
8.04,1552454743,78.77,51.44944287,7.48841519,249.31,12.17,0.00,176.38,0,-101.00,-11.00,0.00,0.00,41.00,0.00,0,67
8.04,1552454743,78.78,51.44944287,7.48841519,249.31,12.17,0.00,176.38,0,-98.00,-8.00,0.00,0.00,39.00,0.00,0,157
9.04,1552454744,90.94,51.44933367,7.48841519,249.59,12.39,0.00,177.39,0,-102.00,-11.00,0.00,0.00,41.00,0.00,0,67
9.04,1552454744,90.95,51.44933367,7.48841519,249.59,12.39,0.00,177.39,0,-99.00,-9.00,0.00,0.00,39.00,0.00,0,157
10.04,1552454745,103.34,51.44922567,7.48841769,249.70,12.23,0.00,178.91,0,-102.00,-11.00,0.00,0.00,41.00,0.00,0,67
10.04,1552454745,103.34,51.44922567,7.48841769,249.70,12.23,0.00,178.91,0,-99.00,-9.00,0.00,0.00,39.00,0.00,0,157
11.04,1552454746,115.56,51.44910542,7.48841024,249.90,12.92,0.00,180.55,0,-102.00,-12.00,0.00,0.00,41.00,0.00,0,67
11.04,1552454746,115.57,51.44910542,7.48841024,249.90,12.92,0.00,180.55,0,-99.00,-10.00,0.00,0.00,39.00,0.00,0,157
12.04,1552454747,128.48,51.44898892,7.48839688,249.83,13.10,0.00,183.15,0,-102.00,-12.00,0.00,0.00,41.00,0.00,0,67
12.04,1552454747,128.50,51.44898892,7.48839688,249.83,13.10,0.00,183.15,0,-99.00,-10.00,0.00,0.00,39.00,0.00,0,157
13.04,1552454748,141.59,51.44886461,7.48837208,249.99,13.47,0.00,185.82,0,-104.00,-11.00,0.00,0.00,39.00,0.00,0,67
13.04,1552454748,141.61,51.44886461,7.48837208,249.99,13.47,0.00,185.82,0,-101.00,-9.00,0.00,0.00,37.00,0.00,0,157
13.04,1552454748,141.62,51.44886461,7.48837208,249.99,13.47,0.00,185.82,0,-106.00,-10.00,0.00,0.00,32.00,0.00,0,452
14.04,1552454749,155.06,51.44874119,7.48833873,250.30,13.33,0.00,188.20,0,-104.00,-11.00,0.00,0.00,39.00,0.00,0,67
14.04,1552454749,155.07,51.44874119,7.48833873,250.30,13.33,0.00,188.20,0,-101.00,-9.00,0.00,0.00,37.00,0.00,0,157
14.04,1552454749,155.07,51.44874119,7.48833873,250.30,13.33,0.00,188.20,0,-106.00,-10.00,0.00,0.00,32.00,0.00,0,452
15.04,1552454750,168.40,51.44861170,7.48829986,250.76,13.46,0.00,189.27,0,-108.00,-12.00,0.00,0.00,36.00,0.00,0,67
15.04,1552454750,168.42,51.44861170,7.48829986,250.76,13.46,0.00,189.27,0,-110.00,-14.00,0.00,0.00,36.00,0.00,0,125
15.04,1552454750,168.43,51.44861170,7.48829986,250.76,13.46,0.00,189.27,0,-111.00,-15.00,0.00,0.00,36.00,0.00,0,195
15.04,1552454750,168.43,51.44861170,7.48829986,250.76,13.46,0.00,189.27,0,-108.00,-10.00,0.00,0.00,30.00,0.00,0,157
15.04,1552454750,168.44,51.44861170,7.48829986,250.76,13.46,0.00,189.27,0,-110.00,-10.00,0.00,0.00,29.00,0.00,0,451
16.04,1552454751,181.86,51.44848774,7.48825268,251.19,13.70,0.00,190.86,0,-108.00,-12.00,0.00,0.00,36.00,0.00,0,67
16.04,1552454751,181.88,51.44848774,7.48825268,251.19,13.70,0.00,190.86,0,-110.00,-14.00,0.00,0.00,36.00,0.00,0,125
16.04,1552454751,181.88,51.44848774,7.48825268,251.19,13.70,0.00,190.86,0,-111.00,-15.00,0.00,0.00,36.00,0.00,0,195
16.04,1552454751,181.89,51.44848774,7.48825268,251.19,13.70,0.00,190.86,0,-108.00,-10.00,0.00,0.00,30.00,0.00,0,157
16.04,1552454751,181.91,51.44848774,7.48825268,251.19,13.70,0.00,190.86,0,-110.00,-10.00,0.00,0.00,29.00,0.00,0,451
17.04,1552454752,195.57,51.44836355,7.48819989,251.60,14.33,0.00,192.23,0,-108.00,-11.00,0.00,0.00,35.00,0.00,0,125
17.04,1552454752,195.58,51.44836355,7.48819989,251.60,14.33,0.00,192.23,0,-111.00,-14.00,0.00,0.00,34.00,0.00,0,195
17.04,1552454752,195.58,51.44836355,7.48819989,251.60,14.33,0.00,192.23,0,-111.00,-14.00,0.00,0.00,34.00,0.00,0,124
17.04,1552454752,195.59,51.44836355,7.48819989,251.60,14.33,0.00,192.23,0,-105.00,-9.00,0.00,0.00,32.00,0.00,0,451
17.04,1552454752,195.61,51.44836355,7.48819989,251.60,14.33,0.00,192.23,0,-107.00,-10.00,0.00,0.00,33.00,0.00,0,157
18.04,1552454753,209.89,51.44823996,7.48814483,252.21,13.99,0.00,192.91,0,-108.00,-11.00,0.00,0.00,35.00,0.00,0,125
18.04,1552454753,209.91,51.44823996,7.48814483,252.21,13.99,0.00,192.91,0,-111.00,-14.00,0.00,0.00,34.00,0.00,0,195
18.04,1552454753,209.91,51.44823996,7.48814483,252.21,13.99,0.00,192.91,0,-111.00,-14.00,0.00,0.00,34.00,0.00,0,124
18.04,1552454753,209.92,51.44823996,7.48814483,252.21,13.99,0.00,192.91,0,-105.00,-9.00,0.00,0.00,32.00,0.00,0,451
18.04,1552454753,209.94,51.44823996,7.48814483,252.21,13.99,0.00,192.91,0,-107.00,-10.00,0.00,0.00,33.00,0.00,0,157
19.04,1552454754,223.88,51.44811140,7.48809062,252.70,14.47,0.00,192.31,0,-111.00,-13.00,0.00,0.00,33.00,0.00,0,195
19.04,1552454754,223.88,51.44811140,7.48809062,252.70,14.47,0.00,192.31,0,-112.00,-15.00,0.00,0.00,34.00,0.00,0,124
19.04,1552454754,223.90,51.44811140,7.48809062,252.70,14.47,0.00,192.31,0,-107.00,-11.00,0.00,0.00,32.00,0.00,0,452
19.04,1552454754,223.91,51.44811140,7.48809062,252.70,14.47,0.00,192.31,0,-108.00,-10.00,0.00,0.00,30.00,0.00,0,158
20.04,1552454755,238.36,51.44798632,7.48804073,252.91,14.09,0.00,191.86,0,-111.00,-13.00,0.00,0.00,33.00,0.00,0,195
20.04,1552454755,238.36,51.44798632,7.48804073,252.91,14.09,0.00,191.86,0,-112.00,-15.00,0.00,0.00,34.00,0.00,0,124
20.04,1552454755,238.37,51.44798632,7.48804073,252.91,14.09,0.00,191.86,0,-107.00,-11.00,0.00,0.00,32.00,0.00,0,452
20.04,1552454755,238.38,51.44798632,7.48804073,252.91,14.09,0.00,191.86,0,-108.00,-10.00,0.00,0.00,30.00,0.00,0,158
21.14,1552454756,253.86,51.44786665,7.48799740,252.96,13.15,0.00,190.33,0,-111.00,-14.00,0.00,0.00,34.00,0.00,0,124
21.14,1552454756,253.87,51.44786665,7.48799740,252.96,13.15,0.00,190.33,0,-112.00,-14.00,0.00,0.00,33.00,0.00,0,66
21.14,1552454756,253.87,51.44786665,7.48799740,252.96,13.15,0.00,190.33,0,-109.00,-13.00,0.00,0.00,32.00,0.00,0,452
21.14,1552454756,253.88,51.44786665,7.48799740,252.96,13.15,0.00,190.33,0,-109.00,-11.00,0.00,0.00,30.00,0.00,0,158
22.14,1552454757,267.01,51.44773961,7.48795460,253.03,12.31,0.00,188.42,0,-111.00,-14.00,0.00,0.00,34.00,0.00,0,124
22.14,1552454757,267.01,51.44773961,7.48795460,253.03,12.31,0.00,188.42,0,-112.00,-14.00,0.00,0.00,33.00,0.00,0,66
22.14,1552454757,267.02,51.44773961,7.48795460,253.03,12.31,0.00,188.42,0,-109.00,-13.00,0.00,0.00,32.00,0.00,0,452
22.14,1552454757,267.03,51.44773961,7.48795460,253.03,12.31,0.00,188.42,0,-109.00,-11.00,0.00,0.00,30.00,0.00,0,158
23.15,1552454758,279.44,51.44762178,7.48792812,253.15,13.00,0.00,186.87,0,-109.00,-13.00,0.00,0.00,36.00,0.00,0,195
23.15,1552454758,279.45,51.44762178,7.48792812,253.15,13.00,0.00,186.87,0,-111.00,-16.00,0.00,0.00,36.00,0.00,0,124
23.15,1552454758,279.46,51.44762178,7.48792812,253.15,13.00,0.00,186.87,0,-112.00,-15.00,0.00,0.00,35.00,0.00,0,341
23.15,1552454758,279.46,51.44762178,7.48792812,253.15,13.00,0.00,186.87,0,-109.00,-13.00,0.00,0.00,33.00,0.00,0,452
23.15,1552454758,279.47,51.44762178,7.48792812,253.15,13.00,0.00,186.87,0,-109.00,-11.00,0.00,0.00,31.00,0.00,0,318
24.14,1552454759,292.33,51.44750427,7.48790702,253.63,13.75,0.00,185.56,0,-109.00,-13.00,0.00,0.00,36.00,0.00,0,195
24.14,1552454759,292.33,51.44750427,7.48790702,253.63,13.75,0.00,185.56,0,-111.00,-16.00,0.00,0.00,36.00,0.00,0,124
24.14,1552454759,292.34,51.44750427,7.48790702,253.63,13.75,0.00,185.56,0,-112.00,-15.00,0.00,0.00,35.00,0.00,0,341
24.14,1552454759,292.36,51.44750427,7.48790702,253.63,13.75,0.00,185.56,0,-109.00,-13.00,0.00,0.00,33.00,0.00,0,452
24.14,1552454759,292.37,51.44750427,7.48790702,253.63,13.75,0.00,185.56,0,-109.00,-11.00,0.00,0.00,31.00,0.00,0,318
25.14,1552454760,306.08,51.44739882,7.48790075,254.10,12.78,0.00,183.22,0,-109.00,-13.00,0.00,0.00,36.00,0.00,0,195
25.14,1552454760,306.08,51.44739882,7.48790075,254.10,12.78,0.00,183.22,0,-111.00,-16.00,0.00,0.00,36.00,0.00,0,124
25.14,1552454760,306.09,51.44739882,7.48790075,254.10,12.78,0.00,183.22,0,-112.00,-15.00,0.00,0.00,35.00,0.00,0,341
25.14,1552454760,306.10,51.44739882,7.48790075,254.10,12.78,0.00,183.22,0,-109.00,-13.00,0.00,0.00,33.00,0.00,0,452
25.14,1552454760,306.10,51.44739882,7.48790075,254.10,12.78,0.00,183.22,0,-109.00,-11.00,0.00,0.00,31.00,0.00,0,318
26.14,1552454761,318.83,51.44727819,7.48790569,254.00,13.63,0.00,180.23,0,-107.00,-13.00,0.00,0.00,37.00,0.00,0,124
26.14,1552454761,318.85,51.44727819,7.48790569,254.00,13.63,0.00,180.23,0,-109.00,-13.00,0.00,0.00,35.00,0.00,0,195
26.14,1552454761,318.85,51.44727819,7.48790569,254.00,13.63,0.00,180.23,0,-108.00,-11.00,0.00,0.00,32.00,0.00,0,452
27.14,1552454762,332.45,51.44715958,7.48792361,253.98,13.88,0.00,177.11,0,-107.00,-13.00,0.00,0.00,37.00,0.00,0,124
27.14,1552454762,332.46,51.44715958,7.48792361,253.98,13.88,0.00,177.11,0,-109.00,-13.00,0.00,0.00,35.00,0.00,0,195
27.14,1552454762,332.47,51.44715958,7.48792361,253.98,13.88,0.00,177.11,0,-108.00,-11.00,0.00,0.00,32.00,0.00,0,452
28.14,1552454763,346.35,51.44702385,7.48794952,253.73,14.57,0.00,173.88,0,-109.00,-12.00,0.00,0.00,34.00,0.00,0,195
28.14,1552454763,346.37,51.44702385,7.48794952,253.73,14.57,0.00,173.88,0,-110.00,-14.00,0.00,0.00,35.00,0.00,0,124
28.14,1552454763,346.37,51.44702385,7.48794952,253.73,14.57,0.00,173.88,0,-111.00,-13.00,0.00,0.00,33.00,0.00,0,341
28.14,1552454763,346.38,51.44702385,7.48794952,253.73,14.57,0.00,173.88,0,-106.00,-11.00,0.00,0.00,33.00,0.00,0,452
28.14,1552454763,346.40,51.44702385,7.48794952,253.73,14.57,0.00,173.88,0,-109.00,-10.00,0.00,0.00,29.00,0.00,0,318
29.14,1552454764,360.92,51.44689276,7.48798727,253.93,14.15,0.00,170.63,0,-109.00,-12.00,0.00,0.00,34.00,0.00,0,195
29.14,1552454764,360.94,51.44689276,7.48798727,253.93,14.15,0.00,170.63,0,-110.00,-14.00,0.00,0.00,35.00,0.00,0,124
29.14,1552454764,360.95,51.44689276,7.48798727,253.93,14.15,0.00,170.63,0,-111.00,-13.00,0.00,0.00,33.00,0.00,0,341
29.14,1552454764,360.95,51.44689276,7.48798727,253.93,14.15,0.00,170.63,0,-106.00,-11.00,0.00,0.00,33.00,0.00,0,452
29.14,1552454764,360.96,51.44689276,7.48798727,253.93,14.15,0.00,170.63,0,-109.00,-10.00,0.00,0.00,29.00,0.00,0,318
30.14,1552454765,375.07,51.44676183,7.48804282,254.13,14.31,0.00,167.53,0,-109.00,-12.00,0.00,0.00,35.00,0.00,0,124
30.14,1552454765,375.08,51.44676183,7.48804282,254.13,14.31,0.00,167.53,0,-112.00,-14.00,0.00,0.00,34.00,0.00,0,195
30.14,1552454765,375.08,51.44676183,7.48804282,254.13,14.31,0.00,167.53,0,-113.00,-13.00,0.00,0.00,32.00,0.00,0,341
30.14,1552454765,375.10,51.44676183,7.48804282,254.13,14.31,0.00,167.53,0,-108.00,-12.00,0.00,0.00,33.00,0.00,0,452
31.14,1552454766,389.38,51.44663795,7.48810435,254.47,13.98,0.00,165.10,0,-109.00,-12.00,0.00,0.00,35.00,0.00,0,124
31.14,1552454766,389.39,51.44663795,7.48810435,254.47,13.98,0.00,165.10,0,-112.00,-14.00,0.00,0.00,34.00,0.00,0,195
31.14,1552454766,389.39,51.44663795,7.48810435,254.47,13.98,0.00,165.10,0,-113.00,-13.00,0.00,0.00,32.00,0.00,0,341
31.14,1552454766,389.40,51.44663795,7.48810435,254.47,13.98,0.00,165.10,0,-108.00,-12.00,0.00,0.00,33.00,0.00,0,452
32.14,1552454767,403.35,51.44652209,7.48817464,254.78,13.96,0.00,162.25,0,-106.00,-11.00,0.00,0.00,36.00,0.00,0,124
32.14,1552454767,403.37,51.44652209,7.48817464,254.78,13.96,0.00,162.25,0,-109.00,-11.00,0.00,0.00,33.00,0.00,0,66
32.14,1552454767,403.38,51.44652209,7.48817464,254.78,13.96,0.00,162.25,0,-106.00,-11.00,0.00,0.00,33.00,0.00,0,452
32.14,1552454767,403.38,51.44652209,7.48817464,254.78,13.96,0.00,162.25,0,-108.00,-10.00,0.00,0.00,30.00,0.00,0,158
33.14,1552454768,417.31,51.44640558,7.48825967,255.36,14.52,0.00,158.78,0,-106.00,-11.00,0.00,0.00,36.00,0.00,0,124
33.14,1552454768,417.32,51.44640558,7.48825967,255.36,14.52,0.00,158.78,0,-109.00,-11.00,0.00,0.00,33.00,0.00,0,66
33.14,1552454768,417.32,51.44640558,7.48825967,255.36,14.52,0.00,158.78,0,-106.00,-11.00,0.00,0.00,33.00,0.00,0,452
33.14,1552454768,417.34,51.44640558,7.48825967,255.36,14.52,0.00,158.78,0,-108.00,-10.00,0.00,0.00,30.00,0.00,0,158
34.14,1552454769,431.83,51.44628175,7.48837206,256.25,14.58,0.00,155.17,0,-106.00,-10.00,0.00,0.00,35.00,0.00,0,66
34.14,1552454769,431.84,51.44628175,7.48837206,256.25,14.58,0.00,155.17,0,-107.00,-11.00,0.00,0.00,35.00,0.00,0,124
34.14,1552454769,431.84,51.44628175,7.48837206,256.25,14.58,0.00,155.17,0,-108.00,-12.00,0.00,0.00,35.00,0.00,0,67
34.14,1552454769,431.85,51.44628175,7.48837206,256.25,14.58,0.00,155.17,0,-104.00,-9.00,0.00,0.00,34.00,0.00,0,452
34.14,1552454769,431.87,51.44628175,7.48837206,256.25,14.58,0.00,155.17,0,-104.00,-9.00,0.00,0.00,33.00,0.00,0,158
35.14,1552454770,446.45,51.44616894,7.48848521,256.90,14.94,0.00,151.37,0,-106.00,-10.00,0.00,0.00,35.00,0.00,0,66
35.14,1552454770,446.46,51.44616894,7.48848521,256.90,14.94,0.00,151.37,0,-107.00,-11.00,0.00,0.00,35.00,0.00,0,124
35.14,1552454770,446.48,51.44616894,7.48848521,256.90,14.94,0.00,151.37,0,-108.00,-12.00,0.00,0.00,35.00,0.00,0,67
35.14,1552454770,446.48,51.44616894,7.48848521,256.90,14.94,0.00,151.37,0,-104.00,-9.00,0.00,0.00,34.00,0.00,0,452
35.14,1552454770,446.49,51.44616894,7.48848521,256.90,14.94,0.00,151.37,0,-104.00,-9.00,0.00,0.00,33.00,0.00,0,158
36.14,1552454771,461.35,51.44606466,7.48860596,257.28,14.89,0.00,148.02,0,-105.00,-10.00,0.00,0.00,37.00,0.00,0,66
36.14,1552454771,461.35,51.44606466,7.48860596,257.28,14.89,0.00,148.02,0,-107.00,-13.00,0.00,0.00,37.00,0.00,0,124
36.14,1552454771,461.37,51.44606466,7.48860596,257.28,14.89,0.00,148.02,0,-108.00,-12.00,0.00,0.00,37.00,0.00,0,67
36.14,1552454771,461.38,51.44606466,7.48860596,257.28,14.89,0.00,148.02,0,-106.00,-9.00,0.00,0.00,32.00,0.00,0,158
36.14,1552454771,461.38,51.44606466,7.48860596,257.28,14.89,0.00,148.02,0,-107.00,-10.00,0.00,0.00,32.00,0.00,0,157
37.14,1552454772,476.22,51.44596282,7.48877909,257.80,15.28,0.00,134.88,0,-105.00,-10.00,0.00,0.00,37.00,0.00,0,66
37.14,1552454772,476.24,51.44596282,7.48877909,257.80,15.28,0.00,134.88,0,-107.00,-13.00,0.00,0.00,37.00,0.00,0,124
37.14,1552454772,476.25,51.44596282,7.48877909,257.80,15.28,0.00,134.88,0,-108.00,-12.00,0.00,0.00,37.00,0.00,0,67
37.14,1552454772,476.25,51.44596282,7.48877909,257.80,15.28,0.00,134.88,0,-106.00,-9.00,0.00,0.00,32.00,0.00,0,158
37.14,1552454772,476.27,51.44596282,7.48877909,257.80,15.28,0.00,134.88,0,-107.00,-10.00,0.00,0.00,32.00,0.00,0,157
38.14,1552454773,491.49,51.44586201,7.48894794,258.82,15.70,0.00,134.08,0,-104.00,-10.00,0.00,0.00,39.00,0.00,0,124
38.14,1552454773,491.50,51.44586201,7.48894794,258.82,15.70,0.00,134.08,0,-107.00,-10.00,0.00,0.00,35.00,0.00,0,66
38.14,1552454773,491.52,51.44586201,7.48894794,258.82,15.70,0.00,134.08,0,-102.00,-10.00,0.00,0.00,37.00,0.00,0,452
38.14,1552454773,491.52,51.44586201,7.48894794,258.82,15.70,0.00,134.08,0,-103.00,-9.00,0.00,0.00,34.00,0.00,0,158
39.14,1552454774,507.19,51.44575625,7.48913862,259.68,15.97,0.00,133.18,0,-104.00,-10.00,0.00,0.00,39.00,0.00,0,124
39.14,1552454774,507.21,51.44575625,7.48913862,259.68,15.97,0.00,133.18,0,-107.00,-10.00,0.00,0.00,35.00,0.00,0,66
39.14,1552454774,507.22,51.44575625,7.48913862,259.68,15.97,0.00,133.18,0,-102.00,-10.00,0.00,0.00,37.00,0.00,0,452
39.14,1552454774,507.24,51.44575625,7.48913862,259.68,15.97,0.00,133.18,0,-103.00,-9.00,0.00,0.00,34.00,0.00,0,158
40.14,1552454775,523.19,51.44566262,7.48931708,260.78,16.01,0.00,132.13,0,-105.00,-12.00,0.00,0.00,39.00,0.00,0,124
40.14,1552454775,523.21,51.44566262,7.48931708,260.78,16.01,0.00,132.13,0,-106.00,-11.00,0.00,0.00,37.00,0.00,0,66
40.14,1552454775,523.21,51.44566262,7.48931708,260.78,16.01,0.00,132.13,0,-109.00,-14.00,0.00,0.00,37.00,0.00,0,67
40.14,1552454775,523.23,51.44566262,7.48931708,260.78,16.01,0.00,132.13,0,-103.00,-8.00,0.00,0.00,34.00,0.00,0,452
40.14,1552454775,523.24,51.44566262,7.48931708,260.78,16.01,0.00,132.13,0,-105.00,-8.00,0.00,0.00,32.00,0.00,0,158
41.14,1552454776,539.19,51.44557134,7.48949917,261.70,16.16,0.00,130.50,0,-105.00,-12.00,0.00,0.00,39.00,0.00,0,124
41.14,1552454776,539.20,51.44557134,7.48949917,261.70,16.16,0.00,130.50,0,-106.00,-11.00,0.00,0.00,37.00,0.00,0,66
41.14,1552454776,539.22,51.44557134,7.48949917,261.70,16.16,0.00,130.50,0,-109.00,-14.00,0.00,0.00,37.00,0.00,0,67
41.14,1552454776,539.22,51.44557134,7.48949917,261.70,16.16,0.00,130.50,0,-103.00,-8.00,0.00,0.00,34.00,0.00,0,452
41.14,1552454776,539.24,51.44557134,7.48949917,261.70,16.16,0.00,130.50,0,-105.00,-8.00,0.00,0.00,32.00,0.00,0,158
42.14,1552454777,555.35,51.44548065,7.48968786,262.68,16.31,0.00,128.81,0,-106.00,-13.00,0.00,0.00,38.00,0.00,0,124
42.14,1552454777,555.36,51.44548065,7.48968786,262.68,16.31,0.00,128.81,0,-109.00,-14.00,0.00,0.00,38.00,0.00,0,67
42.14,1552454777,555.36,51.44548065,7.48968786,262.68,16.31,0.00,128.81,0,-109.00,-15.00,0.00,0.00,37.00,0.00,0,125
43.14,1552454778,571.67,51.44539137,7.48987826,263.54,16.11,0.00,127.99,0,-106.00,-13.00,0.00,0.00,38.00,0.00,0,124
43.14,1552454778,571.69,51.44539137,7.48987826,263.54,16.11,0.00,127.99,0,-109.00,-14.00,0.00,0.00,38.00,0.00,0,67
43.14,1552454778,571.69,51.44539137,7.48987826,263.54,16.11,0.00,127.99,0,-109.00,-15.00,0.00,0.00,37.00,0.00,0,125
44.15,1552454779,587.94,51.44530264,7.49006640,264.65,15.45,0.00,127.56,0,-109.00,-14.00,0.00,0.00,37.00,0.00,0,124
44.15,1552454779,587.94,51.44530264,7.49006640,264.65,15.45,0.00,127.56,0,-110.00,-15.00,0.00,0.00,38.00,0.00,0,125
44.15,1552454779,587.95,51.44530264,7.49006640,264.65,15.45,0.00,127.56,0,-110.00,-15.00,0.00,0.00,36.00,0.00,0,67
44.15,1552454779,587.97,51.44530264,7.49006640,264.65,15.45,0.00,127.56,0,-105.00,-10.00,0.00,0.00,32.00,0.00,0,452
44.15,1552454779,587.97,51.44530264,7.49006640,264.65,15.45,0.00,127.56,0,-108.00,-12.00,0.00,0.00,32.00,0.00,0,451
45.14,1552454780,603.21,51.44521805,7.49024588,265.79,14.73,0.00,126.90,0,-109.00,-14.00,0.00,0.00,37.00,0.00,0,124
45.14,1552454780,603.23,51.44521805,7.49024588,265.79,14.73,0.00,126.90,0,-110.00,-15.00,0.00,0.00,38.00,0.00,0,125
45.14,1552454780,603.24,51.44521805,7.49024588,265.79,14.73,0.00,126.90,0,-110.00,-15.00,0.00,0.00,36.00,0.00,0,67
45.14,1552454780,603.24,51.44521805,7.49024588,265.79,14.73,0.00,126.90,0,-105.00,-10.00,0.00,0.00,32.00,0.00,0,452
45.14,1552454780,603.26,51.44521805,7.49024588,265.79,14.73,0.00,126.90,0,-108.00,-12.00,0.00,0.00,32.00,0.00,0,451
46.14,1552454781,617.96,51.44514539,7.49041447,266.57,14.44,0.00,126.25,0,-109.00,-14.00,0.00,0.00,37.00,0.00,0,124
46.14,1552454781,617.96,51.44514539,7.49041447,266.57,14.44,0.00,126.25,0,-110.00,-15.00,0.00,0.00,38.00,0.00,0,125
46.14,1552454781,617.97,51.44514539,7.49041447,266.57,14.44,0.00,126.25,0,-110.00,-15.00,0.00,0.00,36.00,0.00,0,67
46.14,1552454781,617.99,51.44514539,7.49041447,266.57,14.44,0.00,126.25,0,-105.00,-10.00,0.00,0.00,32.00,0.00,0,452
46.14,1552454781,617.99,51.44514539,7.49041447,266.57,14.44,0.00,126.25,0,-108.00,-12.00,0.00,0.00,32.00,0.00,0,451
47.14,1552454782,632.38,51.44507221,7.49058134,267.20,14.38,0.00,125.65,0,-111.00,-13.00,0.00,0.00,34.00,0.00,0,124
47.14,1552454782,632.40,51.44507221,7.49058134,267.20,14.38,0.00,125.65,0,-114.00,-17.00,0.00,0.00,34.00,0.00,0,125
47.14,1552454782,632.40,51.44507221,7.49058134,267.20,14.38,0.00,125.65,0,-106.00,-8.00,0.00,0.00,30.00,0.00,0,452
47.14,1552454782,632.41,51.44507221,7.49058134,267.20,14.38,0.00,125.65,0,-112.00,-13.00,0.00,0.00,30.00,0.00,0,451
48.14,1552454783,646.75,51.44499873,7.49075450,267.87,13.87,0.00,125.99,0,-111.00,-13.00,0.00,0.00,34.00,0.00,0,124
48.14,1552454783,646.76,51.44499873,7.49075450,267.87,13.87,0.00,125.99,0,-114.00,-17.00,0.00,0.00,34.00,0.00,0,125
48.14,1552454783,646.76,51.44499873,7.49075450,267.87,13.87,0.00,125.99,0,-106.00,-8.00,0.00,0.00,30.00,0.00,0,452
48.14,1552454783,646.78,51.44499873,7.49075450,267.87,13.87,0.00,125.99,0,-112.00,-13.00,0.00,0.00,30.00,0.00,0,451
49.14,1552454784,660.61,51.44492297,7.49092402,268.78,13.22,0.00,126.61,0,-107.00,-12.00,0.00,0.00,37.00,0.00,0,124
49.14,1552454784,660.61,51.44492297,7.49092402,268.78,13.22,0.00,126.61,0,-112.00,-17.00,0.00,0.00,38.00,0.00,0,125
49.14,1552454784,660.63,51.44492297,7.49092402,268.78,13.22,0.00,126.61,0,-103.00,-8.00,0.00,0.00,33.00,0.00,0,452
50.14,1552454785,673.83,51.44485459,7.49107962,269.38,12.65,0.00,127.04,0,-107.00,-12.00,0.00,0.00,37.00,0.00,0,124
50.14,1552454785,673.83,51.44485459,7.49107962,269.38,12.65,0.00,127.04,0,-112.00,-17.00,0.00,0.00,38.00,0.00,0,125
50.14,1552454785,673.84,51.44485459,7.49107962,269.38,12.65,0.00,127.04,0,-103.00,-8.00,0.00,0.00,33.00,0.00,0,452
51.14,1552454786,686.48,51.44479146,7.49122358,270.01,11.55,0.00,126.74,0,-107.00,-9.00,0.00,0.00,34.00,0.00,0,124
51.14,1552454786,686.50,51.44479146,7.49122358,270.01,11.55,0.00,126.74,0,-114.00,-16.00,0.00,0.00,34.00,0.00,0,125
51.14,1552454786,686.51,51.44479146,7.49122358,270.01,11.55,0.00,126.74,0,-105.00,-8.00,0.00,0.00,31.00,0.00,0,452
51.14,1552454786,686.51,51.44479146,7.49122358,270.01,11.55,0.00,126.74,0,-111.00,-13.00,0.00,0.00,31.00,0.00,0,451
52.14,1552454787,698.03,51.44474091,7.49133424,270.67,9.26,0.00,126.90,0,-107.00,-9.00,0.00,0.00,34.00,0.00,0,124
52.14,1552454787,698.04,51.44474091,7.49133424,270.67,9.26,0.00,126.90,0,-114.00,-16.00,0.00,0.00,34.00,0.00,0,125
52.14,1552454787,698.04,51.44474091,7.49133424,270.67,9.26,0.00,126.90,0,-105.00,-8.00,0.00,0.00,31.00,0.00,0,452
52.14,1552454787,698.05,51.44474091,7.49133424,270.67,9.26,0.00,126.90,0,-111.00,-13.00,0.00,0.00,31.00,0.00,0,451
53.14,1552454788,707.28,51.44469622,7.49143247,271.22,7.16,0.00,127.18,0,-115.00,-12.00,0.00,0.00,29.00,0.00,0,66
53.14,1552454788,707.28,51.44469622,7.49143247,271.22,7.16,0.00,127.18,0,-111.00,-9.00,0.00,0.00,27.00,0.00,0,158
54.14,1552454789,714.44,51.44465736,7.49151099,271.92,5.43,0.00,128.04,0,-115.00,-12.00,0.00,0.00,29.00,0.00,0,66
54.14,1552454789,714.44,51.44465736,7.49151099,271.92,5.43,0.00,128.04,0,-111.00,-9.00,0.00,0.00,27.00,0.00,0,158
55.14,1552454790,719.85,51.44463190,7.49156158,271.97,3.36,0.00,127.34,0,-115.00,-13.00,0.00,0.00,30.00,0.00,0,66
56.13,1552454791,723.21,51.44461857,7.49158665,272.08,1.68,0.00,126.44,0,-115.00,-13.00,0.00,0.00,30.00,0.00,0,66
57.14,1552454792,724.89,51.44461105,7.49160120,272.21,0.30,0.00,126.44,0,-118.00,-12.00,0.00,0.00,25.00,0.00,0,66
57.14,1552454792,724.90,51.44461105,7.49160120,272.21,0.30,0.00,126.44,0,-122.00,-11.00,0.00,0.00,22.00,0.00,0,341
57.14,1552454792,724.90,51.44461105,7.49160120,272.21,0.30,0.00,126.44,0,-127.00,-16.00,0.00,0.00,23.00,0.00,0,361
57.14,1552454792,724.90,51.44461105,7.49160120,272.21,0.30,0.00,126.44,0,-127.00,-16.00,0.00,0.00,22.00,0.00,0,475
57.14,1552454792,724.90,51.44461105,7.49160120,272.21,0.30,0.00,126.44,0,-86.00,-9.00,0.00,0.00,51.00,0.00,0,487
58.14,1552454793,725.19,51.44461105,7.49160120,272.23,0.00,0.00,126.44,0,-118.00,-12.00,0.00,0.00,25.00,0.00,0,66
58.14,1552454793,725.19,51.44461105,7.49160120,272.23,0.00,0.00,126.44,0,-122.00,-11.00,0.00,0.00,22.00,0.00,0,341
58.14,1552454793,725.19,51.44461105,7.49160120,272.23,0.00,0.00,126.44,0,-127.00,-16.00,0.00,0.00,23.00,0.00,0,361
58.14,1552454793,725.19,51.44461105,7.49160120,272.23,0.00,0.00,126.44,0,-127.00,-16.00,0.00,0.00,22.00,0.00,0,475
58.14,1552454793,725.19,51.44461105,7.49160120,272.23,0.00,0.00,126.44,0,-86.00,-9.00,0.00,0.00,51.00,0.00,0,487
59.14,1552454794,725.19,51.44461105,7.49160120,272.24,0.00,0.00,126.44,0,-112.00,-11.00,0.00,0.00,27.00,0.00,0,158
59.14,1552454794,725.19,51.44461105,7.49160120,272.24,0.00,0.00,126.44,0,-123.00,-12.00,0.00,0.00,21.00,0.00,0,341
59.14,1552454794,725.19,51.44461105,7.49160120,272.24,0.00,0.00,126.44,0,-126.00,-15.00,0.00,0.00,21.00,0.00,0,475
59.14,1552454794,725.19,51.44461105,7.49160120,272.24,0.00,0.00,126.44,0,-128.00,-16.00,0.00,0.00,21.00,0.00,0,489
59.14,1552454794,725.19,51.44461105,7.49160120,272.24,0.00,0.00,126.44,0,-86.00,-7.00,0.00,0.00,50.00,0.00,0,487
59.14,1552454794,725.19,51.44461105,7.49160120,272.24,0.00,0.00,126.44,0,-86.00,-6.00,0.00,0.00,45.00,0.00,0,426
60.14,1552454795,725.19,51.44461105,7.49160120,272.25,0.00,0.00,126.44,0,-112.00,-11.00,0.00,0.00,27.00,0.00,0,158
60.14,1552454795,725.19,51.44461105,7.49160120,272.25,0.00,0.00,126.44,0,-123.00,-12.00,0.00,0.00,21.00,0.00,0,341
60.14,1552454795,725.19,51.44461105,7.49160120,272.25,0.00,0.00,126.44,0,-126.00,-15.00,0.00,0.00,21.00,0.00,0,475
60.14,1552454795,725.19,51.44461105,7.49160120,272.25,0.00,0.00,126.44,0,-128.00,-16.00,0.00,0.00,21.00,0.00,0,489
60.14,1552454795,725.19,51.44461105,7.49160120,272.25,0.00,0.00,126.44,0,-86.00,-7.00,0.00,0.00,50.00,0.00,0,487
60.14,1552454795,725.19,51.44461105,7.49160120,272.25,0.00,0.00,126.44,0,-86.00,-6.00,0.00,0.00,45.00,0.00,0,426
61.14,1552454796,725.19,51.44461105,7.49160120,272.26,0.00,0.00,126.44,0,-123.00,-12.00,0.00,0.00,21.00,0.00,0,341
61.14,1552454796,725.19,51.44461105,7.49160120,272.26,0.00,0.00,126.44,0,-127.00,-16.00,0.00,0.00,21.00,0.00,0,475
61.14,1552454796,725.19,51.44461105,7.49160120,272.26,0.00,0.00,126.44,0,-128.00,-17.00,0.00,0.00,21.00,0.00,0,93
61.14,1552454796,725.19,51.44461105,7.49160120,272.26,0.00,0.00,126.44,0,-87.00,-7.00,0.00,0.00,50.00,0.00,0,487
61.14,1552454796,725.19,51.44461105,7.49160120,272.26,0.00,0.00,126.44,0,-86.00,-7.00,0.00,0.00,47.00,0.00,0,426
62.14,1552454797,725.19,51.44461105,7.49160120,272.28,0.00,0.00,126.44,0,-123.00,-12.00,0.00,0.00,21.00,0.00,0,341
62.14,1552454797,725.19,51.44461105,7.49160120,272.28,0.00,0.00,126.44,0,-127.00,-16.00,0.00,0.00,21.00,0.00,0,475
62.14,1552454797,725.19,51.44461105,7.49160120,272.28,0.00,0.00,126.44,0,-128.00,-17.00,0.00,0.00,21.00,0.00,0,93
62.14,1552454797,725.19,51.44461105,7.49160120,272.28,0.00,0.00,126.44,0,-87.00,-7.00,0.00,0.00,50.00,0.00,0,487
62.14,1552454797,725.19,51.44461105,7.49160120,272.28,0.00,0.00,126.44,0,-86.00,-7.00,0.00,0.00,47.00,0.00,0,426
63.14,1552454798,725.19,51.44461105,7.49160120,272.29,0.00,0.00,126.44,0,-113.00,-12.00,0.00,0.00,30.00,0.00,0,66
63.14,1552454798,725.19,51.44461105,7.49160120,272.29,0.00,0.00,126.44,0,-123.00,-12.00,0.00,0.00,21.00,0.00,0,341
63.14,1552454798,725.19,51.44461105,7.49160120,272.29,0.00,0.00,126.44,0,-125.00,-15.00,0.00,0.00,22.00,0.00,0,475
63.14,1552454798,725.19,51.44461105,7.49160120,272.29,0.00,0.00,126.44,0,-127.00,-16.00,0.00,0.00,21.00,0.00,0,323
63.14,1552454798,725.19,51.44461105,7.49160120,272.29,0.00,0.00,126.44,0,-86.00,-7.00,0.00,0.00,50.00,0.00,0,487
63.14,1552454798,725.19,51.44461105,7.49160120,272.29,0.00,0.00,126.44,0,-87.00,-7.00,0.00,0.00,46.00,0.00,0,426
64.14,1552454799,725.19,51.44461105,7.49160120,272.30,0.00,0.00,126.44,0,-113.00,-12.00,0.00,0.00,30.00,0.00,0,66
64.14,1552454799,725.19,51.44461105,7.49160120,272.30,0.00,0.00,126.44,0,-123.00,-12.00,0.00,0.00,21.00,0.00,0,341
64.14,1552454799,725.19,51.44461105,7.49160120,272.30,0.00,0.00,126.44,0,-125.00,-15.00,0.00,0.00,22.00,0.00,0,475
64.14,1552454799,725.19,51.44461105,7.49160120,272.30,0.00,0.00,126.44,0,-127.00,-16.00,0.00,0.00,21.00,0.00,0,323
64.14,1552454799,725.19,51.44461105,7.49160120,272.30,0.00,0.00,126.44,0,-86.00,-7.00,0.00,0.00,50.00,0.00,0,487
64.14,1552454799,725.19,51.44461105,7.49160120,272.30,0.00,0.00,126.44,0,-87.00,-7.00,0.00,0.00,46.00,0.00,0,426
65.15,1552454800,725.19,51.44461105,7.49160120,272.39,0.00,0.00,126.93,0,-115.00,-12.00,0.00,0.00,29.00,0.00,0,66
65.15,1552454800,725.19,51.44461105,7.49160120,272.39,0.00,0.00,126.93,0,-114.00,-12.00,0.00,0.00,26.00,0.00,0,158
65.15,1552454800,725.19,51.44461105,7.49160120,272.39,0.00,0.00,126.93,0,-115.00,-14.00,0.00,0.00,28.00,0.00,0,451
65.15,1552454800,725.19,51.44461105,7.49160120,272.39,0.00,0.00,126.93,0,-123.00,-11.00,0.00,0.00,22.00,0.00,0,341
65.15,1552454800,725.19,51.44461105,7.49160120,272.39,0.00,0.00,126.93,0,-126.00,-16.00,0.00,0.00,22.00,0.00,0,475
65.15,1552454800,725.19,51.44461105,7.49160120,272.39,0.00,0.00,126.93,0,-128.00,-17.00,0.00,0.00,22.00,0.00,0,361
65.15,1552454800,725.19,51.44461105,7.49160120,272.39,0.00,0.00,126.93,0,-87.00,-6.00,0.00,0.00,47.00,0.00,0,487
65.15,1552454800,725.19,51.44461105,7.49160120,272.39,0.00,0.00,126.93,0,-88.00,-7.00,0.00,0.00,45.00,0.00,0,426
66.14,1552454801,725.19,51.44461105,7.49160120,272.48,0.00,0.00,133.30,0,-115.00,-12.00,0.00,0.00,29.00,0.00,0,66
66.14,1552454801,725.19,51.44461105,7.49160120,272.48,0.00,0.00,133.30,0,-114.00,-12.00,0.00,0.00,26.00,0.00,0,158
66.14,1552454801,725.19,51.44461105,7.49160120,272.48,0.00,0.00,133.30,0,-115.00,-14.00,0.00,0.00,28.00,0.00,0,451
66.14,1552454801,725.19,51.44461105,7.49160120,272.48,0.00,0.00,133.30,0,-123.00,-11.00,0.00,0.00,22.00,0.00,0,341
66.14,1552454801,725.19,51.44461105,7.49160120,272.48,0.00,0.00,133.30,0,-126.00,-16.00,0.00,0.00,22.00,0.00,0,475
66.14,1552454801,725.19,51.44461105,7.49160120,272.48,0.00,0.00,133.30,0,-128.00,-17.00,0.00,0.00,22.00,0.00,0,361
66.14,1552454801,725.19,51.44461105,7.49160120,272.48,0.00,0.00,133.30,0,-87.00,-6.00,0.00,0.00,47.00,0.00,0,487
66.14,1552454801,725.19,51.44461105,7.49160120,272.48,0.00,0.00,133.30,0,-88.00,-7.00,0.00,0.00,45.00,0.00,0,426
67.14,1552454802,725.20,51.44456926,7.49167570,273.64,4.53,0.00,134.13,0,-115.00,-12.00,0.00,0.00,29.00,0.00,0,66
67.14,1552454802,725.20,51.44456926,7.49167570,273.64,4.53,0.00,134.13,0,-114.00,-12.00,0.00,0.00,26.00,0.00,0,158
67.14,1552454802,725.21,51.44456926,7.49167570,273.64,4.53,0.00,134.13,0,-115.00,-14.00,0.00,0.00,28.00,0.00,0,451
67.14,1552454802,725.21,51.44456926,7.49167570,273.64,4.53,0.00,134.13,0,-123.00,-11.00,0.00,0.00,22.00,0.00,0,341
67.14,1552454802,725.21,51.44456926,7.49167570,273.64,4.53,0.00,134.13,0,-126.00,-16.00,0.00,0.00,22.00,0.00,0,475
67.14,1552454802,725.22,51.44456926,7.49167570,273.64,4.53,0.00,134.13,0,-128.00,-17.00,0.00,0.00,22.00,0.00,0,361
67.14,1552454802,725.22,51.44456926,7.49167570,273.64,4.53,0.00,134.13,0,-87.00,-6.00,0.00,0.00,47.00,0.00,0,487
67.14,1552454802,725.22,51.44456926,7.49167570,273.64,4.53,0.00,134.13,0,-88.00,-7.00,0.00,0.00,45.00,0.00,0,426
68.14,1552454803,729.72,51.44452829,7.49172277,274.36,5.56,0.00,148.66,0,-122.00,-12.00,0.00,0.00,23.00,0.00,0,341
68.14,1552454803,729.72,51.44452829,7.49172277,274.36,5.56,0.00,148.66,0,-125.00,-15.00,0.00,0.00,23.00,0.00,0,475
68.14,1552454803,729.73,51.44452829,7.49172277,274.36,5.56,0.00,148.66,0,-127.00,-16.00,0.00,0.00,23.00,0.00,0,93
68.14,1552454803,729.73,51.44452829,7.49172277,274.36,5.56,0.00,148.66,0,-85.00,-9.00,0.00,0.00,54.00,0.00,0,487
68.14,1552454803,729.73,51.44452829,7.49172277,274.36,5.56,0.00,148.66,0,-89.00,-7.00,0.00,0.00,43.00,0.00,0,426
69.14,1552454804,735.28,51.44448070,7.49172164,275.05,6.70,0.00,179.33,0,-122.00,-12.00,0.00,0.00,23.00,0.00,0,341
69.14,1552454804,735.29,51.44448070,7.49172164,275.05,6.70,0.00,179.33,0,-125.00,-15.00,0.00,0.00,23.00,0.00,0,475
69.14,1552454804,735.29,51.44448070,7.49172164,275.05,6.70,0.00,179.33,0,-127.00,-16.00,0.00,0.00,23.00,0.00,0,93
69.14,1552454804,735.29,51.44448070,7.49172164,275.05,6.70,0.00,179.33,0,-85.00,-9.00,0.00,0.00,54.00,0.00,0,487
69.14,1552454804,735.30,51.44448070,7.49172164,275.05,6.70,0.00,179.33,0,-89.00,-7.00,0.00,0.00,43.00,0.00,0,426
103.14,1552454838,1223.59,51.44107758,7.48703319,282.47,15.54,0.00,232.65,0,-89.00,-12.00,0.00,0.00,54.00,0.00,0,123
104.14,1552454839,1239.12,51.44099516,7.48685830,282.84,15.74,0.00,232.58,0,-89.00,-12.00,0.00,0.00,54.00,0.00,0,123
105.14,1552454840,1254.88,51.44091246,7.48667969,283.02,15.81,0.00,232.86,0,-85.00,-8.00,0.00,0.00,54.00,0.00,0,123
105.14,1552454840,1254.88,51.44091246,7.48667969,283.02,15.81,0.00,232.86,0,-85.00,-8.00,0.00,0.00,52.00,0.00,0,450
106.14,1552454841,1270.70,51.44082844,7.48649990,283.47,16.27,0.00,232.73,0,-85.00,-8.00,0.00,0.00,54.00,0.00,0,123
106.14,1552454841,1270.70,51.44082844,7.48649990,283.47,16.27,0.00,232.73,0,-85.00,-8.00,0.00,0.00,52.00,0.00,0,450
110.14,1552454845,1335.18,51.44047422,7.48573897,286.76,16.03,0.00,232.36,0,-87.00,-12.00,0.00,0.00,57.00,0.00,0,124
110.14,1552454845,1335.18,51.44047422,7.48573897,286.76,16.03,0.00,232.36,0,-88.00,-11.00,0.00,0.00,52.00,0.00,0,452
111.14,1552454846,1351.20,51.44038671,7.48554559,287.19,15.92,0.00,233.16,0,-87.00,-12.00,0.00,0.00,57.00,0.00,0,124
111.14,1552454846,1351.22,51.44038671,7.48554559,287.19,15.92,0.00,233.16,0,-88.00,-11.00,0.00,0.00,52.00,0.00,0,452
145.14,1552454880,1883.68,51.43783280,7.47885220,288.74,15.54,0.00,241.08,0,-108.00,-10.00,0.00,0.00,33.00,0.00,0,100
145.14,1552454880,1883.68,51.43783280,7.47885220,288.74,15.54,0.00,241.08,0,-107.00,-9.00,0.00,0.00,30.00,0.00,0,489
146.14,1552454881,1899.20,51.43776512,7.47864481,288.29,15.11,0.00,241.89,0,-108.00,-10.00,0.00,0.00,33.00,0.00,0,100
146.14,1552454881,1899.22,51.43776512,7.47864481,288.29,15.11,0.00,241.89,0,-107.00,-9.00,0.00,0.00,30.00,0.00,0,489
147.14,1552454882,1914.33,51.43770387,7.47844600,288.85,15.26,0.00,241.60,0,-108.00,-10.00,0.00,0.00,34.00,0.00,0,100
147.14,1552454882,1914.35,51.43770387,7.47844600,288.85,15.26,0.00,241.60,0,-110.00,-11.00,0.00,0.00,33.00,0.00,0,205
147.14,1552454882,1914.35,51.43770387,7.47844600,288.85,15.26,0.00,241.60,0,-106.00,-8.00,0.00,0.00,30.00,0.00,0,489
148.14,1552454883,1929.60,51.43764099,7.47825107,289.79,15.19,0.00,240.98,0,-108.00,-10.00,0.00,0.00,34.00,0.00,0,100
148.14,1552454883,1929.62,51.43764099,7.47825107,289.79,15.19,0.00,240.98,0,-110.00,-11.00,0.00,0.00,33.00,0.00,0,205
148.14,1552454883,1929.63,51.43764099,7.47825107,289.79,15.19,0.00,240.98,0,-106.00,-8.00,0.00,0.00,30.00,0.00,0,489
149.15,1552454884,1944.96,51.43757127,7.47804236,290.54,15.42,0.00,241.65,0,-115.00,-10.00,0.00,0.00,27.00,0.00,0,100
149.15,1552454884,1944.98,51.43757127,7.47804236,290.54,15.42,0.00,241.65,0,-116.00,-10.00,0.00,0.00,26.00,0.00,0,205
149.15,1552454884,1945.00,51.43757127,7.47804236,290.54,15.42,0.00,241.65,0,-111.00,-8.00,0.00,0.00,26.00,0.00,0,489
150.14,1552454885,1960.20,51.43749998,7.47782295,291.33,15.92,0.00,242.39,0,-115.00,-10.00,0.00,0.00,27.00,0.00,0,100
150.14,1552454885,1960.22,51.43749998,7.47782295,291.33,15.92,0.00,242.39,0,-116.00,-10.00,0.00,0.00,26.00,0.00,0,205
150.14,1552454885,1960.23,51.43749998,7.47782295,291.33,15.92,0.00,242.39,0,-111.00,-8.00,0.00,0.00,26.00,0.00,0,489
151.14,1552454886,1976.12,51.43743206,7.47761260,292.26,15.74,0.00,242.84,0,-115.00,-10.00,0.00,0.00,27.00,0.00,0,100
151.14,1552454886,1976.13,51.43743206,7.47761260,292.26,15.74,0.00,242.84,0,-116.00,-10.00,0.00,0.00,26.00,0.00,0,205
151.14,1552454886,1976.15,51.43743206,7.47761260,292.26,15.74,0.00,242.84,0,-111.00,-8.00,0.00,0.00,26.00,0.00,0,489
152.14,1552454887,1991.86,51.43737142,7.47741973,293.17,15.41,0.00,242.06,0,-112.00,-10.00,0.00,0.00,29.00,0.00,0,205
152.14,1552454887,1991.87,51.43737142,7.47741973,293.17,15.41,0.00,242.06,0,-113.00,-11.00,0.00,0.00,30.00,0.00,0,100
152.14,1552454887,1991.89,51.43737142,7.47741973,293.17,15.41,0.00,242.06,0,-108.00,-8.00,0.00,0.00,28.00,0.00,0,489
153.14,1552454888,2007.26,51.43731166,7.47724217,293.57,14.60,0.00,241.38,0,-112.00,-10.00,0.00,0.00,29.00,0.00,0,205
153.14,1552454888,2007.28,51.43731166,7.47724217,293.57,14.60,0.00,241.38,0,-113.00,-11.00,0.00,0.00,30.00,0.00,0,100
153.14,1552454888,2007.29,51.43731166,7.47724217,293.57,14.60,0.00,241.38,0,-108.00,-8.00,0.00,0.00,28.00,0.00,0,489
154.14,1552454889,2021.87,51.43725215,7.47705275,293.69,14.04,0.00,242.88,0,-110.00,-13.00,0.00,0.00,35.00,0.00,0,100
154.14,1552454889,2021.88,51.43725215,7.47705275,293.69,14.04,0.00,242.88,0,-111.00,-14.00,0.00,0.00,35.00,0.00,0,205
154.14,1552454889,2021.88,51.43725215,7.47705275,293.69,14.04,0.00,242.88,0,-109.00,-9.00,0.00,0.00,29.00,0.00,0,489
155.14,1552454890,2035.91,51.43720062,7.47685663,293.53,13.67,0.00,245.81,0,-110.00,-13.00,0.00,0.00,35.00,0.00,0,100
155.14,1552454890,2035.92,51.43720062,7.47685663,293.53,13.67,0.00,245.81,0,-111.00,-14.00,0.00,0.00,35.00,0.00,0,205
155.14,1552454890,2035.92,51.43720062,7.47685663,293.53,13.67,0.00,245.81,0,-109.00,-9.00,0.00,0.00,29.00,0.00,0,489
156.14,1552454891,2049.57,51.43716208,7.47666744,293.47,12.74,0.00,248.39,0,-112.00,-12.00,0.00,0.00,31.00,0.00,0,100
156.14,1552454891,2049.58,51.43716208,7.47666744,293.47,12.74,0.00,248.39,0,-113.00,-10.00,0.00,0.00,28.00,0.00,0,205
156.14,1552454891,2049.60,51.43716208,7.47666744,293.47,12.74,0.00,248.39,0,-112.00,-10.00,0.00,0.00,27.00,0.00,0,489
157.14,1552454892,2062.31,51.43712855,7.47647733,293.37,11.92,0.00,251.73,0,-112.00,-12.00,0.00,0.00,31.00,0.00,0,100
157.14,1552454892,2062.32,51.43712855,7.47647733,293.37,11.92,0.00,251.73,0,-113.00,-10.00,0.00,0.00,28.00,0.00,0,205
157.14,1552454892,2062.33,51.43712855,7.47647733,293.37,11.92,0.00,251.73,0,-112.00,-10.00,0.00,0.00,27.00,0.00,0,489
196.14,1552454931,2857.98,51.44199948,7.48423693,276.84,24.17,0.00,28.70,0,-89.00,-8.00,0.00,0.00,50.00,0.00,0,125
196.14,1552454931,2858.01,51.44199948,7.48423693,276.84,24.17,0.00,28.70,0,-88.00,-8.00,0.00,0.00,49.00,0.00,0,451
197.14,1552454932,2882.18,51.44218389,7.48440042,275.99,24.14,0.00,27.63,0,-89.00,-8.00,0.00,0.00,50.00,0.00,0,125
197.14,1552454932,2882.18,51.44218389,7.48440042,275.99,24.14,0.00,27.63,0,-88.00,-8.00,0.00,0.00,49.00,0.00,0,451
198.13,1552454933,2906.27,51.44236937,7.48456151,275.13,24.05,0.00,26.70,0,-86.00,-12.00,0.00,0.00,54.00,0.00,0,450
199.13,1552454934,2930.33,51.44256533,7.48471357,274.38,24.17,0.00,25.57,0,-86.00,-12.00,0.00,0.00,54.00,0.00,0,450
227.13,1552454962,3400.44,51.44376324,7.48661579,264.20,14.88,0.00,263.11,0,-87.00,-12.00,0.00,0.00,57.00,0.00,0,124
228.13,1552454963,3415.32,51.44374594,7.48637523,264.99,15.95,0.00,265.09,0,-87.00,-12.00,0.00,0.00,57.00,0.00,0,124
259.14,1552454994,4051.97,51.44335486,7.47725861,261.21,22.11,0.00,262.07,0,-88.00,-11.00,0.00,0.00,53.00,0.00,0,450
260.13,1552454995,4074.06,51.44332885,7.47694294,260.67,22.31,0.00,262.17,0,-88.00,-11.00,0.00,0.00,53.00,0.00,0,450
261.14,1552454996,4096.39,51.44330205,7.47662484,260.08,22.28,0.00,262.07,0,-91.00,-10.00,0.00,0.00,52.00,0.00,0,123
261.14,1552454996,4096.41,51.44330205,7.47662484,260.08,22.28,0.00,262.07,0,-90.00,-9.00,0.00,0.00,48.00,0.00,0,450
262.14,1552454997,4118.66,51.44327111,7.47630126,259.41,22.57,0.00,261.66,0,-91.00,-10.00,0.00,0.00,52.00,0.00,0,123
262.14,1552454997,4118.69,51.44327111,7.47630126,259.41,22.57,0.00,261.66,0,-90.00,-9.00,0.00,0.00,48.00,0.00,0,450
263.14,1552454998,4141.26,51.44323999,7.47597393,258.71,22.52,0.00,260.98,0,-97.00,-10.00,0.00,0.00,44.00,0.00,0,123
263.14,1552454998,4141.28,51.44323999,7.47597393,258.71,22.52,0.00,260.98,0,-96.00,-10.00,0.00,0.00,42.00,0.00,0,450
264.14,1552454999,4163.76,51.44320738,7.47566200,258.03,22.25,0.00,260.59,0,-97.00,-10.00,0.00,0.00,44.00,0.00,0,123
264.14,1552454999,4163.78,51.44320738,7.47566200,258.03,22.25,0.00,260.59,0,-96.00,-10.00,0.00,0.00,42.00,0.00,0,450
265.14,1552455000,4186.01,51.44317501,7.47535828,257.49,22.01,0.00,259.62,0,-91.00,-10.00,0.00,0.00,51.00,0.00,0,123
265.14,1552455000,4186.03,51.44317501,7.47535828,257.49,22.01,0.00,259.62,0,-89.00,-8.00,0.00,0.00,49.00,0.00,0,450
266.14,1552455001,4208.04,51.44313586,7.47505274,257.06,22.26,0.00,258.35,0,-91.00,-10.00,0.00,0.00,51.00,0.00,0,123
266.14,1552455001,4208.04,51.44313586,7.47505274,257.06,22.26,0.00,258.35,0,-89.00,-8.00,0.00,0.00,49.00,0.00,0,450
267.14,1552455002,4230.27,51.44309458,7.47474085,256.66,22.09,0.00,258.15,0,-103.00,-10.00,0.00,0.00,39.00,0.00,0,123
267.14,1552455002,4230.30,51.44309458,7.47474085,256.66,22.09,0.00,258.15,0,-99.00,-9.00,0.00,0.00,39.00,0.00,0,450
268.14,1552455003,4252.37,51.44305170,7.47442512,256.23,22.14,0.00,258.34,0,-103.00,-10.00,0.00,0.00,39.00,0.00,0,123
268.14,1552455003,4252.39,51.44305170,7.47442512,256.23,22.14,0.00,258.34,0,-99.00,-9.00,0.00,0.00,39.00,0.00,0,450
280.14,1552455015,4513.74,51.44258947,7.47075275,251.06,21.82,0.00,258.35,0,-112.00,-9.00,0.00,0.00,29.00,0.00,0,195
281.14,1552455016,4535.55,51.44255064,7.47044442,250.52,21.85,0.00,258.26,0,-112.00,-9.00,0.00,0.00,29.00,0.00,0,195
282.14,1552455017,4557.43,51.44251144,7.47013442,249.84,22.08,0.00,257.72,0,-112.00,-11.00,0.00,0.00,30.00,0.00,0,195
282.14,1552455017,4557.43,51.44251144,7.47013442,249.84,22.08,0.00,257.72,0,-116.00,-14.00,0.00,0.00,29.00,0.00,0,123
283.14,1552455018,4579.51,51.44246860,7.46980880,249.49,22.26,0.00,257.55,0,-112.00,-11.00,0.00,0.00,30.00,0.00,0,195
283.14,1552455018,4579.53,51.44246860,7.46980880,249.49,22.26,0.00,257.55,0,-116.00,-14.00,0.00,0.00,29.00,0.00,0,123
284.14,1552455019,4601.77,51.44242654,7.46949634,248.83,22.64,0.00,257.45,0,-110.00,-9.00,0.00,0.00,30.00,0.00,0,195
284.14,1552455019,4601.77,51.44242654,7.46949634,248.83,22.64,0.00,257.45,0,-116.00,-14.00,0.00,0.00,29.00,0.00,0,123
285.14,1552455020,4624.40,51.44238720,7.46919092,248.02,22.55,0.00,257.77,0,-110.00,-9.00,0.00,0.00,30.00,0.00,0,195
285.14,1552455020,4624.43,51.44238720,7.46919092,248.02,22.55,0.00,257.77,0,-116.00,-14.00,0.00,0.00,29.00,0.00,0,123
286.14,1552455021,4647.05,51.44234504,7.46886748,247.04,23.17,0.00,257.50,0,-108.00,-9.00,0.00,0.00,32.00,0.00,0,195
286.14,1552455021,4647.07,51.44234504,7.46886748,247.04,23.17,0.00,257.50,0,-112.00,-12.00,0.00,0.00,31.00,0.00,0,123
286.14,1552455021,4647.09,51.44234504,7.46886748,247.04,23.17,0.00,257.50,0,-114.00,-12.00,0.00,0.00,30.00,0.00,0,249
286.14,1552455021,4647.09,51.44234504,7.46886748,247.04,23.17,0.00,257.50,0,-124.00,-14.00,0.00,0.00,22.00,0.00,0,274
286.14,1552455021,4647.12,51.44234504,7.46886748,247.04,23.17,0.00,257.50,0,-127.00,-16.00,0.00,0.00,22.00,0.00,0,361
286.14,1552455021,4647.14,51.44234504,7.46886748,247.04,23.17,0.00,257.50,0,-129.00,-18.00,0.00,0.00,21.00,0.00,0,294
286.14,1552455021,4647.14,51.44234504,7.46886748,247.04,23.17,0.00,257.50,0,-108.00,-11.00,0.00,0.00,32.00,0.00,0,488
286.15,1552455021,4647.21,51.44234504,7.46886748,247.04,23.17,0.00,257.50,0,-108.00,-12.00,0.00,0.00,32.00,0.00,0,308
286.15,1552455021,4647.23,51.44234504,7.46886748,247.04,23.17,0.00,257.50,0,-101.00,-9.00,0.00,0.00,33.00,0.00,0,199
286.15,1552455021,4647.26,51.44234504,7.46886748,247.04,23.17,0.00,257.50,0,-104.00,-12.00,0.00,0.00,33.00,0.00,0,427
287.14,1552455022,4670.21,51.44229950,7.46853826,245.93,24.02,0.00,257.03,0,-108.00,-9.00,0.00,0.00,32.00,0.00,0,195
287.14,1552455022,4670.24,51.44229950,7.46853826,245.93,24.02,0.00,257.03,0,-112.00,-12.00,0.00,0.00,31.00,0.00,0,123
287.14,1552455022,4670.26,51.44229950,7.46853826,245.93,24.02,0.00,257.03,0,-114.00,-12.00,0.00,0.00,30.00,0.00,0,249
287.14,1552455022,4670.26,51.44229950,7.46853826,245.93,24.02,0.00,257.03,0,-124.00,-14.00,0.00,0.00,22.00,0.00,0,274
287.14,1552455022,4670.29,51.44229950,7.46853826,245.93,24.02,0.00,257.03,0,-127.00,-16.00,0.00,0.00,22.00,0.00,0,361
287.14,1552455022,4670.31,51.44229950,7.46853826,245.93,24.02,0.00,257.03,0,-129.00,-18.00,0.00,0.00,21.00,0.00,0,294
287.14,1552455022,4670.31,51.44229950,7.46853826,245.93,24.02,0.00,257.03,0,-108.00,-11.00,0.00,0.00,32.00,0.00,0,488
287.15,1552455022,4670.33,51.44229950,7.46853826,245.93,24.02,0.00,257.03,0,-108.00,-12.00,0.00,0.00,32.00,0.00,0,308
287.15,1552455022,4670.36,51.44229950,7.46853826,245.93,24.02,0.00,257.03,0,-101.00,-9.00,0.00,0.00,33.00,0.00,0,199
287.15,1552455022,4670.36,51.44229950,7.46853826,245.93,24.02,0.00,257.03,0,-104.00,-12.00,0.00,0.00,33.00,0.00,0,427
288.13,1552455023,4694.09,51.44224330,7.46818326,245.07,25.07,0.00,255.99,0,-105.00,-13.00,0.00,0.00,34.00,0.00,0,427
289.13,1552455024,4719.17,51.44218990,7.46781058,244.59,26.34,0.00,257.26,0,-105.00,-13.00,0.00,0.00,34.00,0.00,0,427
290.13,1552455025,4745.45,51.44213817,7.46742746,243.98,27.48,0.00,258.41,0,-104.00,-15.00,0.00,0.00,37.00,0.00,0,118
291.13,1552455026,4773.00,51.44208734,7.46704079,243.12,28.82,0.00,259.28,0,-104.00,-15.00,0.00,0.00,37.00,0.00,0,118
292.14,1552455027,4801.88,51.44203934,7.46663414,242.02,29.71,0.00,259.53,0,-102.00,-15.00,0.00,0.00,39.00,0.00,0,118
292.14,1552455027,4801.88,51.44203934,7.46663414,242.02,29.71,0.00,259.53,0,-104.00,-17.00,0.00,0.00,39.00,0.00,0,427
293.14,1552455028,4831.59,51.44198905,7.46620259,240.77,30.55,0.00,259.77,0,-102.00,-15.00,0.00,0.00,39.00,0.00,0,118
293.14,1552455028,4831.62,51.44198905,7.46620259,240.77,30.55,0.00,259.77,0,-104.00,-17.00,0.00,0.00,39.00,0.00,0,427
294.14,1552455029,4862.11,51.44194558,7.46576788,239.54,30.60,0.00,261.00,0,-100.00,-14.00,0.00,0.00,40.00,0.00,0,118
294.14,1552455029,4862.14,51.44194558,7.46576788,239.54,30.60,0.00,261.00,0,-104.00,-18.00,0.00,0.00,40.00,0.00,0,181
295.14,1552455030,4892.71,51.44190259,7.46533708,238.36,29.97,0.00,261.19,0,-100.00,-14.00,0.00,0.00,40.00,0.00,0,118
295.14,1552455030,4892.74,51.44190259,7.46533708,238.36,29.97,0.00,261.19,0,-104.00,-18.00,0.00,0.00,40.00,0.00,0,181
296.13,1552455031,4922.65,51.44186143,7.46491585,237.24,29.60,0.00,261.68,0,-100.00,-13.00,0.00,0.00,39.00,0.00,0,118
297.13,1552455032,4952.25,51.44182667,7.46449115,236.22,29.63,0.00,262.49,0,-100.00,-13.00,0.00,0.00,39.00,0.00,0,118
298.15,1552455033,4982.20,51.44179136,7.46406959,235.33,29.63,0.00,262.79,0,-103.00,-13.00,0.00,0.00,36.00,0.00,0,118
298.15,1552455033,4982.23,51.44179136,7.46406959,235.33,29.63,0.00,262.79,0,-106.00,-16.00,0.00,0.00,36.00,0.00,0,427
298.15,1552455033,4982.26,51.44179136,7.46406959,235.33,29.63,0.00,262.79,0,-108.00,-18.00,0.00,0.00,36.00,0.00,0,274
299.14,1552455034,5011.57,51.44175636,7.46364260,234.71,29.52,0.00,263.06,0,-103.00,-13.00,0.00,0.00,36.00,0.00,0,118
299.14,1552455034,5011.60,51.44175636,7.46364260,234.71,29.52,0.00,263.06,0,-106.00,-16.00,0.00,0.00,36.00,0.00,0,427
299.14,1552455034,5011.60,51.44175636,7.46364260,234.71,29.52,0.00,263.06,0,-108.00,-18.00,0.00,0.00,36.00,0.00,0,274
300.14,1552455035,5041.09,51.44172589,7.46322256,234.16,29.21,0.00,263.65,0,-103.00,-13.00,0.00,0.00,36.00,0.00,0,118
300.14,1552455035,5041.12,51.44172589,7.46322256,234.16,29.21,0.00,263.65,0,-106.00,-16.00,0.00,0.00,36.00,0.00,0,427
300.14,1552455035,5041.15,51.44172589,7.46322256,234.16,29.21,0.00,263.65,0,-108.00,-18.00,0.00,0.00,36.00,0.00,0,274
301.14,1552455036,5070.27,51.44169648,7.46279827,233.83,29.13,0.00,263.72,0,-104.00,-13.00,0.00,0.00,34.00,0.00,0,427
301.14,1552455036,5070.30,51.44169648,7.46279827,233.83,29.13,0.00,263.72,0,-105.00,-12.00,0.00,0.00,34.00,0.00,0,118
302.14,1552455037,5099.47,51.44166792,7.46238504,233.41,28.73,0.00,264.58,0,-104.00,-13.00,0.00,0.00,34.00,0.00,0,427
302.14,1552455037,5099.47,51.44166792,7.46238504,233.41,28.73,0.00,264.58,0,-105.00,-12.00,0.00,0.00,34.00,0.00,0,118
303.14,1552455038,5128.17,51.44164542,7.46197505,232.99,28.25,0.00,264.96,0,-103.00,-13.00,0.00,0.00,36.00,0.00,0,118
303.14,1552455038,5128.20,51.44164542,7.46197505,232.99,28.25,0.00,264.96,0,-103.00,-14.00,0.00,0.00,36.00,0.00,0,427
304.14,1552455039,5156.42,51.44162436,7.46157692,232.61,28.00,0.00,265.64,0,-103.00,-13.00,0.00,0.00,36.00,0.00,0,118
304.14,1552455039,5156.45,51.44162436,7.46157692,232.61,28.00,0.00,265.64,0,-103.00,-14.00,0.00,0.00,36.00,0.00,0,427
305.14,1552455040,5184.42,51.44160341,7.46117150,232.51,27.78,0.00,265.92,0,-101.00,-12.00,0.00,0.00,37.00,0.00,0,118
305.14,1552455040,5184.42,51.44160341,7.46117150,232.51,27.78,0.00,265.92,0,-103.00,-14.00,0.00,0.00,36.00,0.00,0,427
306.14,1552455041,5212.19,51.44158789,7.46078922,232.42,27.12,0.00,266.23,0,-101.00,-12.00,0.00,0.00,37.00,0.00,0,118
306.14,1552455041,5212.19,51.44158789,7.46078922,232.42,27.12,0.00,266.23,0,-103.00,-14.00,0.00,0.00,36.00,0.00,0,427
309.13,1552455044,5293.25,51.44154689,7.45961924,232.40,26.99,0.00,267.36,0,-99.00,-11.00,0.00,0.00,37.00,0.00,0,427
310.13,1552455045,5320.24,51.44153773,7.45924251,232.27,27.24,0.00,267.87,0,-99.00,-11.00,0.00,0.00,37.00,0.00,0,427
311.14,1552455046,5347.51,51.44152899,7.45883763,232.17,27.51,0.00,267.46,0,-98.00,-12.00,0.00,0.00,39.00,0.00,0,427
312.13,1552455047,5375.00,51.44152423,7.45843223,232.09,28.07,0.00,268.51,0,-98.00,-12.00,0.00,0.00,39.00,0.00,0,427
313.13,1552455048,5402.95,51.44151998,7.45802288,232.05,28.58,0.00,269.28,0,-101.00,-14.00,0.00,0.00,38.00,0.00,0,427
314.13,1552455049,5431.65,51.44152080,7.45760781,232.06,29.02,0.00,269.80,0,-101.00,-14.00,0.00,0.00,38.00,0.00,0,427
361.14,1552455096,6866.43,51.44389318,7.43744525,214.47,31.10,0.00,291.23,0,-69.00,-6.00,0.00,0.00,63.00,0.00,0,449
362.13,1552455097,6897.31,51.44399402,7.43703723,213.56,31.26,0.00,291.63,0,-69.00,-6.00,0.00,0.00,63.00,0.00,0,449
363.13,1552455098,6928.57,51.44409758,7.43662104,212.92,31.26,0.00,291.90,0,-69.00,-6.00,0.00,0.00,63.00,0.00,0,449
374.14,1552455109,7286.15,51.44553133,7.43198851,205.04,33.98,0.00,301.85,0,-92.00,-7.00,0.00,0.00,45.00,0.00,0,424
375.14,1552455110,7320.14,51.44569607,7.43158337,204.26,33.49,0.00,302.98,0,-92.00,-7.00,0.00,0.00,45.00,0.00,0,424
391.13,1552455126,7837.98,51.44896652,7.42639048,182.19,32.20,0.00,324.77,0,-92.00,-10.00,0.00,0.00,49.00,0.00,0,49
392.14,1552455127,7870.21,51.44920972,7.42612682,180.84,32.70,0.00,326.19,0,-92.00,-10.00,0.00,0.00,49.00,0.00,0,49
393.13,1552455128,7902.88,51.44945774,7.42587151,179.59,32.85,0.00,327.51,0,-98.00,-12.00,0.00,0.00,45.00,0.00,0,49
394.14,1552455129,7935.77,51.44971190,7.42562513,178.25,32.98,0.00,329.18,0,-98.00,-12.00,0.00,0.00,45.00,0.00,0,49
397.14,1552455132,8035.22,51.45049764,7.42494890,174.22,33.93,0.00,332.72,0,-102.00,-12.00,0.00,0.00,42.00,0.00,0,49
397.14,1552455132,8035.26,51.45049764,7.42494890,174.22,33.93,0.00,332.72,0,-105.00,-14.00,0.00,0.00,41.00,0.00,0,97
397.14,1552455132,8035.29,51.45049764,7.42494890,174.22,33.93,0.00,332.72,0,-106.00,-16.00,0.00,0.00,42.00,0.00,0,249
398.14,1552455133,8069.18,51.45077142,7.42474271,173.11,33.18,0.00,335.19,0,-102.00,-12.00,0.00,0.00,42.00,0.00,0,49
398.14,1552455133,8069.22,51.45077142,7.42474271,173.11,33.18,0.00,335.19,0,-105.00,-14.00,0.00,0.00,41.00,0.00,0,97
398.14,1552455133,8069.22,51.45077142,7.42474271,173.11,33.18,0.00,335.19,0,-106.00,-16.00,0.00,0.00,42.00,0.00,0,249
401.14,1552455136,8168.96,51.45159139,7.42421727,170.20,33.75,0.00,339.34,0,-98.00,-7.00,0.00,0.00,41.00,0.00,0,249
402.13,1552455137,8202.68,51.45188281,7.42405090,169.19,34.27,0.00,340.30,0,-98.00,-7.00,0.00,0.00,41.00,0.00,0,249
403.14,1552455138,8237.22,51.45218245,7.42389297,168.11,35.18,0.00,341.35,0,-101.00,-14.00,0.00,0.00,45.00,0.00,0,375
403.14,1552455138,8237.26,51.45218245,7.42389297,168.11,35.18,0.00,341.35,0,-89.00,-9.00,0.00,0.00,48.00,0.00,0,287
404.14,1552455139,8272.15,51.45248602,7.42373331,167.22,35.76,0.00,341.97,0,-101.00,-14.00,0.00,0.00,45.00,0.00,0,375
404.14,1552455139,8272.19,51.45248602,7.42373331,167.22,35.76,0.00,341.97,0,-89.00,-9.00,0.00,0.00,48.00,0.00,0,287
405.14,1552455140,8307.95,51.45279495,7.42358152,166.13,35.89,0.00,342.68,0,-101.00,-14.00,0.00,0.00,45.00,0.00,0,375
405.14,1552455140,8307.98,51.45279495,7.42358152,166.13,35.89,0.00,342.68,0,-89.00,-9.00,0.00,0.00,48.00,0.00,0,287
406.14,1552455141,8343.84,51.45310513,7.42343095,164.91,35.94,0.00,343.30,0,-85.00,-8.00,0.00,0.00,51.00,0.00,0,287
407.14,1552455142,8379.78,51.45341072,7.42328253,163.65,35.88,0.00,343.41,0,-85.00,-8.00,0.00,0.00,51.00,0.00,0,287
408.14,1552455143,8415.62,51.45371684,7.42314552,162.46,35.26,0.00,343.90,0,-95.00,-13.00,0.00,0.00,49.00,0.00,0,375
408.14,1552455143,8415.66,51.45371684,7.42314552,162.46,35.26,0.00,343.90,0,-86.00,-7.00,0.00,0.00,50.00,0.00,0,287
409.14,1552455144,8450.88,51.45402502,7.42301589,161.21,35.39,0.00,344.19,0,-95.00,-13.00,0.00,0.00,49.00,0.00,0,375
409.14,1552455144,8450.92,51.45402502,7.42301589,161.21,35.39,0.00,344.19,0,-86.00,-7.00,0.00,0.00,50.00,0.00,0,287
410.14,1552455145,8486.34,51.45433092,7.42288461,159.97,35.33,0.00,343.95,0,-98.00,-11.00,0.00,0.00,44.00,0.00,0,375
410.14,1552455145,8486.37,51.45433092,7.42288461,159.97,35.33,0.00,343.95,0,-100.00,-10.00,0.00,0.00,42.00,0.00,0,249
410.14,1552455145,8486.37,51.45433092,7.42288461,159.97,35.33,0.00,343.95,0,-100.00,-12.00,0.00,0.00,44.00,0.00,0,414
410.14,1552455145,8486.41,51.45433092,7.42288461,159.97,35.33,0.00,343.95,0,-87.00,-8.00,0.00,0.00,50.00,0.00,0,287
410.14,1552455145,8486.44,51.45433092,7.42288461,159.97,35.33,0.00,343.95,0,-93.00,-14.00,0.00,0.00,49.00,0.00,0,212
411.14,1552455146,8521.67,51.45463242,7.42275332,158.75,34.87,0.00,343.77,0,-98.00,-11.00,0.00,0.00,44.00,0.00,0,375
411.14,1552455146,8521.70,51.45463242,7.42275332,158.75,34.87,0.00,343.77,0,-100.00,-10.00,0.00,0.00,42.00,0.00,0,249
411.14,1552455146,8521.70,51.45463242,7.42275332,158.75,34.87,0.00,343.77,0,-100.00,-12.00,0.00,0.00,44.00,0.00,0,414
411.14,1552455146,8521.74,51.45463242,7.42275332,158.75,34.87,0.00,343.77,0,-87.00,-8.00,0.00,0.00,50.00,0.00,0,287
411.14,1552455146,8521.77,51.45463242,7.42275332,158.75,34.87,0.00,343.77,0,-93.00,-14.00,0.00,0.00,49.00,0.00,0,212
414.14,1552455149,8625.40,51.45551325,7.42233780,155.84,34.35,0.00,342.09,0,-95.00,-12.00,0.00,0.00,48.00,0.00,0,414
414.14,1552455149,8625.40,51.45551325,7.42233780,155.84,34.35,0.00,342.09,0,-97.00,-11.00,0.00,0.00,47.00,0.00,0,249
414.14,1552455149,8625.43,51.45551325,7.42233780,155.84,34.35,0.00,342.09,0,-100.00,-15.00,0.00,0.00,47.00,0.00,0,375
414.14,1552455149,8625.46,51.45551325,7.42233780,155.84,34.35,0.00,342.09,0,-91.00,-10.00,0.00,0.00,47.00,0.00,0,210
414.14,1552455149,8625.46,51.45551325,7.42233780,155.84,34.35,0.00,342.09,0,-94.00,-10.00,0.00,0.00,45.00,0.00,0,424
415.14,1552455150,8659.71,51.45580692,7.42218633,154.94,34.49,0.00,341.77,0,-95.00,-12.00,0.00,0.00,48.00,0.00,0,414
415.14,1552455150,8659.75,51.45580692,7.42218633,154.94,34.49,0.00,341.77,0,-97.00,-11.00,0.00,0.00,47.00,0.00,0,249
415.14,1552455150,8659.78,51.45580692,7.42218633,154.94,34.49,0.00,341.77,0,-100.00,-15.00,0.00,0.00,47.00,0.00,0,375
415.14,1552455150,8659.81,51.45580692,7.42218633,154.94,34.49,0.00,341.77,0,-91.00,-10.00,0.00,0.00,47.00,0.00,0,210
415.14,1552455150,8659.81,51.45580692,7.42218633,154.94,34.49,0.00,341.77,0,-94.00,-10.00,0.00,0.00,45.00,0.00,0,424
416.14,1552455151,8694.20,51.45609662,7.42202519,154.15,34.53,0.00,340.68,0,-94.00,-12.00,0.00,0.00,49.00,0.00,0,414
416.14,1552455151,8694.20,51.45609662,7.42202519,154.15,34.53,0.00,340.68,0,-95.00,-12.00,0.00,0.00,48.00,0.00,0,375
416.14,1552455151,8694.23,51.45609662,7.42202519,154.15,34.53,0.00,340.68,0,-95.00,-12.00,0.00,0.00,48.00,0.00,0,49
416.14,1552455151,8694.27,51.45609662,7.42202519,154.15,34.53,0.00,340.68,0,-91.00,-9.00,0.00,0.00,46.00,0.00,0,192
417.14,1552455152,8728.69,51.45638902,7.42186115,153.46,34.61,0.00,339.79,0,-94.00,-12.00,0.00,0.00,49.00,0.00,0,414
417.14,1552455152,8728.73,51.45638902,7.42186115,153.46,34.61,0.00,339.79,0,-95.00,-12.00,0.00,0.00,48.00,0.00,0,375
417.14,1552455152,8728.76,51.45638902,7.42186115,153.46,34.61,0.00,339.79,0,-95.00,-12.00,0.00,0.00,48.00,0.00,0,49
417.14,1552455152,8728.80,51.45638902,7.42186115,153.46,34.61,0.00,339.79,0,-91.00,-9.00,0.00,0.00,46.00,0.00,0,192
418.14,1552455153,8763.34,51.45667552,7.42168300,152.94,34.49,0.00,338.61,0,-91.00,-9.00,0.00,0.00,51.00,0.00,0,233
418.14,1552455153,8763.38,51.45667552,7.42168300,152.94,34.49,0.00,338.61,0,-93.00,-13.00,0.00,0.00,51.00,0.00,0,49
418.14,1552455153,8763.38,51.45667552,7.42168300,152.94,34.49,0.00,338.61,0,-94.00,-12.00,0.00,0.00,51.00,0.00,0,375
418.14,1552455153,8763.41,51.45667552,7.42168300,152.94,34.49,0.00,338.61,0,-91.00,-9.00,0.00,0.00,46.00,0.00,0,487
418.14,1552455153,8763.44,51.45667552,7.42168300,152.94,34.49,0.00,338.61,0,-93.00,-11.00,0.00,0.00,46.00,0.00,0,192
419.14,1552455154,8797.83,51.45695770,7.42150563,152.60,33.75,0.00,337.84,0,-91.00,-9.00,0.00,0.00,51.00,0.00,0,233
419.14,1552455154,8797.83,51.45695770,7.42150563,152.60,33.75,0.00,337.84,0,-93.00,-13.00,0.00,0.00,51.00,0.00,0,49
419.14,1552455154,8797.86,51.45695770,7.42150563,152.60,33.75,0.00,337.84,0,-94.00,-12.00,0.00,0.00,51.00,0.00,0,375
419.14,1552455154,8797.90,51.45695770,7.42150563,152.60,33.75,0.00,337.84,0,-91.00,-9.00,0.00,0.00,46.00,0.00,0,487
419.14,1552455154,8797.90,51.45695770,7.42150563,152.60,33.75,0.00,337.84,0,-93.00,-11.00,0.00,0.00,46.00,0.00,0,192
422.14,1552455157,8897.06,51.45776896,7.42092016,152.49,32.56,0.00,334.89,0,-90.00,-9.00,0.00,0.00,51.00,0.00,0,348
422.14,1552455157,8897.09,51.45776896,7.42092016,152.49,32.56,0.00,334.89,0,-93.00,-11.00,0.00,0.00,50.00,0.00,0,233
422.14,1552455157,8897.09,51.45776896,7.42092016,152.49,32.56,0.00,334.89,0,-91.00,-11.00,0.00,0.00,49.00,0.00,0,305
422.14,1552455157,8897.13,51.45776896,7.42092016,152.49,32.56,0.00,334.89,0,-93.00,-10.00,0.00,0.00,46.00,0.00,0,487
423.14,1552455158,8929.66,51.45802633,7.42071160,152.69,32.01,0.00,333.76,0,-90.00,-9.00,0.00,0.00,51.00,0.00,0,348
423.14,1552455158,8929.66,51.45802633,7.42071160,152.69,32.01,0.00,333.76,0,-93.00,-11.00,0.00,0.00,50.00,0.00,0,233
423.14,1552455158,8929.69,51.45802633,7.42071160,152.69,32.01,0.00,333.76,0,-91.00,-11.00,0.00,0.00,49.00,0.00,0,305
423.14,1552455158,8929.72,51.45802633,7.42071160,152.69,32.01,0.00,333.76,0,-93.00,-10.00,0.00,0.00,46.00,0.00,0,487
429.14,1552455164,9122.96,51.45955138,7.41935609,152.52,33.07,0.00,328.28,0,-80.00,-7.00,0.00,0.00,59.00,0.00,0,348
429.14,1552455164,9123.00,51.45955138,7.41935609,152.52,33.07,0.00,328.28,0,-85.00,-12.00,0.00,0.00,59.00,0.00,0,233
429.14,1552455164,9123.00,51.45955138,7.41935609,152.52,33.07,0.00,328.28,0,-78.00,-8.00,0.00,0.00,58.00,0.00,0,305
429.14,1552455164,9123.03,51.45955138,7.41935609,152.52,33.07,0.00,328.28,0,-83.00,-12.00,0.00,0.00,58.00,0.00,0,487
430.14,1552455165,9156.07,51.45980985,7.41910206,152.43,33.69,0.00,327.43,0,-80.00,-7.00,0.00,0.00,59.00,0.00,0,348
430.14,1552455165,9156.10,51.45980985,7.41910206,152.43,33.69,0.00,327.43,0,-85.00,-12.00,0.00,0.00,59.00,0.00,0,233
430.14,1552455165,9156.10,51.45980985,7.41910206,152.43,33.69,0.00,327.43,0,-78.00,-8.00,0.00,0.00,58.00,0.00,0,305
430.14,1552455165,9156.14,51.45980985,7.41910206,152.43,33.69,0.00,327.43,0,-83.00,-12.00,0.00,0.00,58.00,0.00,0,487
435.14,1552455170,9321.54,51.46101751,7.41776610,151.58,33.34,0.00,323.31,0,-83.00,-10.00,0.00,0.00,61.00,0.00,0,233
435.14,1552455170,9321.58,51.46101751,7.41776610,151.58,33.34,0.00,323.31,0,-82.00,-10.00,0.00,0.00,56.00,0.00,0,487
436.14,1552455171,9354.92,51.46125310,7.41746766,151.23,33.66,0.00,321.63,0,-83.00,-10.00,0.00,0.00,61.00,0.00,0,233
436.14,1552455171,9354.92,51.46125310,7.41746766,151.23,33.66,0.00,321.63,0,-82.00,-10.00,0.00,0.00,56.00,0.00,0,487
437.14,1552455172,9388.55,51.46149047,7.41716509,150.94,33.71,0.00,320.99,0,-87.00,-11.00,0.00,0.00,58.00,0.00,0,348
438.14,1552455173,9422.26,51.46172453,7.41685380,150.90,33.45,0.00,320.04,0,-87.00,-11.00,0.00,0.00,58.00,0.00,0,348
448.14,1552455183,9755.29,51.46386195,7.41347301,151.42,33.13,0.00,311.02,0,-94.00,-9.00,0.00,0.00,46.00,0.00,0,97
448.14,1552455183,9755.32,51.46386195,7.41347301,151.42,33.13,0.00,311.02,0,-96.00,-14.00,0.00,0.00,49.00,0.00,0,233
448.14,1552455183,9755.35,51.46386195,7.41347301,151.42,33.13,0.00,311.02,0,-92.00,-11.00,0.00,0.00,48.00,0.00,0,487
449.14,1552455184,9788.42,51.46405519,7.41311644,151.72,32.78,0.00,310.56,0,-94.00,-9.00,0.00,0.00,46.00,0.00,0,97
449.14,1552455184,9788.42,51.46405519,7.41311644,151.72,32.78,0.00,310.56,0,-96.00,-14.00,0.00,0.00,49.00,0.00,0,233
449.14,1552455184,9788.45,51.46405519,7.41311644,151.72,32.78,0.00,310.56,0,-92.00,-11.00,0.00,0.00,48.00,0.00,0,487
452.14,1552455187,9885.70,51.46460404,7.41204585,152.30,31.43,0.00,308.74,0,-85.00,-11.00,0.00,0.00,57.00,0.00,0,194
452.14,1552455187,9885.73,51.46460404,7.41204585,152.30,31.43,0.00,308.74,0,-92.00,-11.00,0.00,0.00,48.00,0.00,0,305
453.14,1552455188,9917.13,51.46477658,7.41169728,152.40,31.03,0.00,308.47,0,-85.00,-11.00,0.00,0.00,57.00,0.00,0,194
453.14,1552455188,9917.16,51.46477658,7.41169728,152.40,31.03,0.00,308.47,0,-92.00,-11.00,0.00,0.00,48.00,0.00,0,305
462.14,1552455197,10197.27,51.46633877,7.40853876,153.23,31.82,0.00,308.32,0,-96.00,-11.00,0.00,0.00,46.00,0.00,0,108
463.14,1552455198,10229.09,51.46652167,7.40817341,153.49,32.14,0.00,308.74,0,-96.00,-11.00,0.00,0.00,46.00,0.00,0,108
473.13,1552455208,10548.64,51.46836860,7.40465420,156.10,31.79,0.00,311.51,0,-89.00,-13.00,0.00,0.00,57.00,0.00,0,49
474.13,1552455209,10580.43,51.46856172,7.40430455,156.37,32.25,0.00,312.23,0,-89.00,-13.00,0.00,0.00,57.00,0.00,0,49
475.13,1552455210,10612.68,51.46875520,7.40395108,156.60,32.74,0.00,312.99,0,-88.00,-11.00,0.00,0.00,56.00,0.00,0,49
476.14,1552455211,10645.46,51.46895962,7.40360499,157.08,32.81,0.00,313.79,0,-88.00,-11.00,0.00,0.00,56.00,0.00,0,49
477.14,1552455212,10678.27,51.46916105,7.40328283,157.73,31.63,0.00,315.26,0,-82.00,-8.00,0.00,0.00,55.00,0.00,0,286
478.13,1552455213,10709.87,51.46937364,7.40294358,158.10,31.59,0.00,316.25,0,-82.00,-8.00,0.00,0.00,55.00,0.00,0,286
481.14,1552455216,10803.06,51.46995407,7.40201787,157.95,30.22,0.00,314.76,0,-92.00,-8.00,0.00,0.00,49.00,0.00,0,233
481.14,1552455216,10803.10,51.46995407,7.40201787,157.95,30.22,0.00,314.76,0,-95.00,-8.00,0.00,0.00,46.00,0.00,0,249
482.14,1552455217,10833.29,51.47014530,7.40171562,157.87,30.18,0.00,315.33,0,-92.00,-8.00,0.00,0.00,49.00,0.00,0,233
482.14,1552455217,10833.32,51.47014530,7.40171562,157.87,30.18,0.00,315.33,0,-95.00,-8.00,0.00,0.00,46.00,0.00,0,249
487.14,1552455222,10984.94,51.47112756,7.40018781,158.78,29.27,0.00,317.14,0,-87.00,-11.00,0.00,0.00,52.00,0.00,0,307
488.14,1552455223,11014.01,51.47131596,7.39990180,159.12,28.71,0.00,317.31,0,-87.00,-11.00,0.00,0.00,52.00,0.00,0,307
489.14,1552455224,11042.72,51.47150287,7.39961948,159.48,28.58,0.00,317.41,0,-87.00,-11.00,0.00,0.00,52.00,0.00,0,307
492.14,1552455227,11128.44,51.47207687,7.39879314,161.10,28.71,0.00,318.58,0,-90.00,-14.00,0.00,0.00,57.00,0.00,0,233
493.13,1552455228,11157.13,51.47227533,7.39851804,161.51,29.10,0.00,319.23,0,-90.00,-14.00,0.00,0.00,57.00,0.00,0,233
498.13,1552455233,11304.32,51.47330256,7.39713921,165.29,29.64,0.00,320.78,0,-86.00,-7.00,0.00,0.00,52.00,0.00,0,233
499.14,1552455234,11333.99,51.47350742,7.39687695,165.88,29.22,0.00,320.99,0,-86.00,-7.00,0.00,0.00,52.00,0.00,0,233
500.13,1552455235,11363.17,51.47371427,7.39661408,166.29,29.09,0.00,321.54,0,-87.00,-8.00,0.00,0.00,52.00,0.00,0,49
501.13,1552455236,11392.27,51.47392609,7.39635873,166.78,29.43,0.00,322.67,0,-87.00,-8.00,0.00,0.00,52.00,0.00,0,49
502.13,1552455237,11421.70,51.47414090,7.39609655,167.23,29.54,0.00,322.74,0,-90.00,-10.00,0.00,0.00,52.00,0.00,0,49
503.14,1552455238,11451.27,51.47434927,7.39584357,167.75,28.95,0.00,323.52,0,-90.00,-10.00,0.00,0.00,52.00,0.00,0,49
504.14,1552455239,11480.22,51.47455863,7.39560308,168.38,28.21,0.00,324.37,0,-89.00,-9.00,0.00,0.00,52.00,0.00,0,49
505.13,1552455240,11508.41,51.47476698,7.39535864,168.86,28.15,0.00,325.34,0,-89.00,-9.00,0.00,0.00,52.00,0.00,0,49
511.13,1552455246,11676.09,51.47604933,7.39413284,170.42,27.27,0.00,331.40,0,-76.00,-11.00,0.00,0.00,63.00,0.00,0,307
512.13,1552455247,11703.36,51.47626222,7.39394269,170.52,26.54,0.00,332.31,0,-76.00,-11.00,0.00,0.00,63.00,0.00,0,307
513.14,1552455248,11729.92,51.47647409,7.39377084,170.80,26.27,0.00,333.75,0,-74.00,-10.00,0.00,0.00,63.00,0.00,0,307
514.14,1552455249,11756.19,51.47668902,7.39360825,171.16,25.95,0.00,335.18,0,-74.00,-10.00,0.00,0.00,63.00,0.00,0,307
515.14,1552455250,11782.17,51.47689673,7.39345342,171.67,25.32,0.00,336.17,0,-83.00,-10.00,0.00,0.00,59.00,0.00,0,48
515.14,1552455250,11782.17,51.47689673,7.39345342,171.67,25.32,0.00,336.17,0,-70.00,-11.00,0.00,0.00,63.00,0.00,0,307
516.14,1552455251,11807.46,51.47710271,7.39331299,172.18,24.50,0.00,337.48,0,-83.00,-10.00,0.00,0.00,59.00,0.00,0,48
516.14,1552455251,11807.48,51.47710271,7.39331299,172.18,24.50,0.00,337.48,0,-70.00,-11.00,0.00,0.00,63.00,0.00,0,307
517.14,1552455252,11831.96,51.47730211,7.39319637,172.80,23.10,0.00,340.51,0,-79.00,-7.00,0.00,0.00,60.00,0.00,0,48
517.14,1552455252,11831.98,51.47730211,7.39319637,172.80,23.10,0.00,340.51,0,-74.00,-9.00,0.00,0.00,63.00,0.00,0,307
518.14,1552455253,11855.08,51.47748844,7.39309873,173.60,22.51,0.00,342.34,0,-79.00,-7.00,0.00,0.00,60.00,0.00,0,48
518.14,1552455253,11855.08,51.47748844,7.39309873,173.60,22.51,0.00,342.34,0,-74.00,-9.00,0.00,0.00,63.00,0.00,0,307
521.13,1552455256,11919.41,51.47805510,7.39305344,175.53,20.68,0.00,6.49,0,-66.00,-7.00,0.00,0.00,63.00,0.00,0,308
522.13,1552455257,11940.09,51.47824365,7.39311800,176.08,20.82,0.00,13.64,0,-66.00,-7.00,0.00,0.00,63.00,0.00,0,308
532.13,1552455267,12112.15,51.47965001,7.39369643,179.48,15.55,0.00,342.02,0,-96.00,-7.00,0.00,0.00,42.00,0.00,0,223
533.14,1552455268,12127.72,51.47977934,7.39361057,180.15,15.41,0.00,339.41,0,-96.00,-7.00,0.00,0.00,42.00,0.00,0,223
534.13,1552455269,12143.11,51.47990145,7.39352624,181.00,14.82,0.00,338.47,0,-91.00,-7.00,0.00,0.00,47.00,0.00,0,223
535.13,1552455270,12157.94,51.48001259,7.39344838,182.07,13.72,0.00,341.32,0,-91.00,-7.00,0.00,0.00,47.00,0.00,0,223
550.14,1552455285,12381.55,51.48120676,7.39590395,184.07,16.71,0.00,60.02,0,-92.00,-11.00,0.00,0.00,51.00,0.00,0,108
551.13,1552455286,12398.13,51.48128331,7.39611664,184.36,16.49,0.00,60.95,0,-92.00,-11.00,0.00,0.00,51.00,0.00,0,108
552.14,1552455287,12414.63,51.48135632,7.39632561,184.57,16.52,0.00,59.99,0,-92.00,-11.00,0.00,0.00,51.00,0.00,0,108
553.13,1552455288,12431.13,51.48142577,7.39652365,184.99,16.34,0.00,59.64,0,-91.00,-10.00,0.00,0.00,51.00,0.00,0,108
554.14,1552455289,12447.49,51.48149830,7.39672072,185.17,16.10,0.00,59.09,0,-91.00,-10.00,0.00,0.00,51.00,0.00,0,108
601.14,1552455336,12756.45,51.48356409,7.39985801,186.45,15.23,0.00,34.79,0,-97.00,-7.00,0.00,0.00,42.00,0.00,0,223
601.14,1552455336,12756.47,51.48356409,7.39985801,186.45,15.23,0.00,34.79,0,-91.00,-8.00,0.00,0.00,45.00,0.00,0,409
602.14,1552455337,12771.68,51.48368232,7.39998788,186.64,15.55,0.00,35.59,0,-97.00,-7.00,0.00,0.00,42.00,0.00,0,223
602.14,1552455337,12771.70,51.48368232,7.39998788,186.64,15.55,0.00,35.59,0,-91.00,-8.00,0.00,0.00,45.00,0.00,0,409
605.14,1552455340,12818.64,51.48401760,7.40037882,186.89,15.34,0.00,37.15,0,-100.00,-9.00,0.00,0.00,41.00,0.00,0,48
605.14,1552455340,12818.65,51.48401760,7.40037882,186.89,15.34,0.00,37.15,0,-101.00,-9.00,0.00,0.00,35.00,0.00,0,163
606.13,1552455341,12833.96,51.48412454,7.40051168,186.93,15.23,0.00,37.71,0,-100.00,-9.00,0.00,0.00,41.00,0.00,0,48
606.14,1552455341,12833.98,51.48412454,7.40051168,186.93,15.23,0.00,37.71,0,-101.00,-9.00,0.00,0.00,35.00,0.00,0,163
609.13,1552455344,12879.23,51.48444032,7.40092056,187.00,14.77,0.00,39.81,0,-102.00,-11.00,0.00,0.00,41.00,0.00,0,167
610.13,1552455345,12894.01,51.48454063,7.40106198,186.72,14.90,0.00,40.53,0,-102.00,-11.00,0.00,0.00,41.00,0.00,0,167
611.14,1552455346,12908.95,51.48463575,7.40120203,186.34,14.60,0.00,41.19,0,-105.00,-10.00,0.00,0.00,36.00,0.00,0,48
611.14,1552455346,12908.96,51.48463575,7.40120203,186.34,14.60,0.00,41.19,0,-106.00,-12.00,0.00,0.00,38.00,0.00,0,167
611.14,1552455346,12908.96,51.48463575,7.40120203,186.34,14.60,0.00,41.19,0,-107.00,-12.00,0.00,0.00,37.00,0.00,0,330
611.14,1552455346,12908.98,51.48463575,7.40120203,186.34,14.60,0.00,41.19,0,-100.00,-10.00,0.00,0.00,38.00,0.00,0,163
611.14,1552455346,12908.99,51.48463575,7.40120203,186.34,14.60,0.00,41.19,0,-104.00,-13.00,0.00,0.00,37.00,0.00,0,291
612.14,1552455347,12923.55,51.48473041,7.40134690,186.17,14.37,0.00,41.85,0,-105.00,-10.00,0.00,0.00,36.00,0.00,0,48
612.14,1552455347,12923.56,51.48473041,7.40134690,186.17,14.37,0.00,41.85,0,-106.00,-12.00,0.00,0.00,38.00,0.00,0,167
612.14,1552455347,12923.56,51.48473041,7.40134690,186.17,14.37,0.00,41.85,0,-107.00,-12.00,0.00,0.00,37.00,0.00,0,330
612.14,1552455347,12923.57,51.48473041,7.40134690,186.17,14.37,0.00,41.85,0,-100.00,-10.00,0.00,0.00,38.00,0.00,0,163
612.14,1552455347,12923.59,51.48473041,7.40134690,186.17,14.37,0.00,41.85,0,-104.00,-13.00,0.00,0.00,37.00,0.00,0,291
613.14,1552455348,12938.00,51.48481984,7.40148304,185.99,14.19,0.00,41.84,0,-105.00,-9.00,0.00,0.00,36.00,0.00,0,48
613.14,1552455348,12938.01,51.48481984,7.40148304,185.99,14.19,0.00,41.84,0,-104.00,-11.00,0.00,0.00,36.00,0.00,0,163
614.14,1552455349,12952.15,51.48491081,7.40161727,185.89,13.86,0.00,41.16,0,-105.00,-9.00,0.00,0.00,36.00,0.00,0,48
614.14,1552455349,12952.17,51.48491081,7.40161727,185.89,13.86,0.00,41.16,0,-104.00,-11.00,0.00,0.00,36.00,0.00,0,163
615.14,1552455350,12965.93,51.48500756,7.40175734,185.33,13.78,0.00,41.25,0,-105.00,-9.00,0.00,0.00,36.00,0.00,0,48
615.14,1552455350,12965.94,51.48500756,7.40175734,185.33,13.78,0.00,41.25,0,-104.00,-11.00,0.00,0.00,36.00,0.00,0,163
616.14,1552455351,12979.74,51.48509695,7.40188631,184.75,13.59,0.00,42.28,0,-101.00,-9.00,0.00,0.00,40.00,0.00,0,167
616.14,1552455351,12979.75,51.48509695,7.40188631,184.75,13.59,0.00,42.28,0,-103.00,-11.00,0.00,0.00,39.00,0.00,0,330
616.14,1552455351,12979.76,51.48509695,7.40188631,184.75,13.59,0.00,42.28,0,-104.00,-12.00,0.00,0.00,40.00,0.00,0,48
616.14,1552455351,12979.76,51.48509695,7.40188631,184.75,13.59,0.00,42.28,0,-99.00,-10.00,0.00,0.00,40.00,0.00,0,291
616.14,1552455351,12979.78,51.48509695,7.40188631,184.75,13.59,0.00,42.28,0,-100.00,-11.00,0.00,0.00,40.00,0.00,0,163
617.14,1552455352,12993.33,51.48518279,7.40201817,184.11,13.24,0.00,43.73,0,-101.00,-9.00,0.00,0.00,40.00,0.00,0,167
617.14,1552455352,12993.34,51.48518279,7.40201817,184.11,13.24,0.00,43.73,0,-103.00,-11.00,0.00,0.00,39.00,0.00,0,330
617.14,1552455352,12993.36,51.48518279,7.40201817,184.11,13.24,0.00,43.73,0,-104.00,-12.00,0.00,0.00,40.00,0.00,0,48
617.14,1552455352,12993.36,51.48518279,7.40201817,184.11,13.24,0.00,43.73,0,-99.00,-10.00,0.00,0.00,40.00,0.00,0,291
617.14,1552455352,12993.37,51.48518279,7.40201817,184.11,13.24,0.00,43.73,0,-100.00,-11.00,0.00,0.00,40.00,0.00,0,163
618.14,1552455353,13006.55,51.48526159,7.40215799,183.61,12.41,0.00,45.23,0,-107.00,-11.00,0.00,0.00,36.00,0.00,0,167
618.14,1552455353,13006.57,51.48526159,7.40215799,183.61,12.41,0.00,45.23,0,-107.00,-11.00,0.00,0.00,35.00,0.00,0,330
618.14,1552455353,13006.57,51.48526159,7.40215799,183.61,12.41,0.00,45.23,0,-105.00,-10.00,0.00,0.00,33.00,0.00,0,291
619.14,1552455354,13018.97,51.48533422,7.40229031,183.54,11.56,0.00,45.95,0,-107.00,-11.00,0.00,0.00,36.00,0.00,0,167
619.14,1552455354,13018.98,51.48533422,7.40229031,183.54,11.56,0.00,45.95,0,-107.00,-11.00,0.00,0.00,35.00,0.00,0,330
619.14,1552455354,13018.98,51.48533422,7.40229031,183.54,11.56,0.00,45.95,0,-105.00,-10.00,0.00,0.00,33.00,0.00,0,291
620.14,1552455355,13030.55,51.48540298,7.40242030,183.44,11.07,0.00,47.06,0,-101.00,-10.00,0.00,0.00,41.00,0.00,0,167
620.14,1552455355,13030.56,51.48540298,7.40242030,183.44,11.07,0.00,47.06,0,-103.00,-11.00,0.00,0.00,40.00,0.00,0,330
620.14,1552455355,13030.56,51.48540298,7.40242030,183.44,11.07,0.00,47.06,0,-104.00,-12.00,0.00,0.00,40.00,0.00,0,93
620.14,1552455355,13030.57,51.48540298,7.40242030,183.44,11.07,0.00,47.06,0,-101.00,-10.00,0.00,0.00,36.00,0.00,0,291
620.14,1552455355,13030.58,51.48540298,7.40242030,183.44,11.07,0.00,47.06,0,-102.00,-9.00,0.00,0.00,35.00,0.00,0,163
621.14,1552455356,13041.60,51.48546253,7.40253293,183.35,10.10,0.00,48.03,0,-101.00,-10.00,0.00,0.00,41.00,0.00,0,167
621.14,1552455356,13041.61,51.48546253,7.40253293,183.35,10.10,0.00,48.03,0,-103.00,-11.00,0.00,0.00,40.00,0.00,0,330
621.14,1552455356,13041.62,51.48546253,7.40253293,183.35,10.10,0.00,48.03,0,-104.00,-12.00,0.00,0.00,40.00,0.00,0,93
621.14,1552455356,13041.63,51.48546253,7.40253293,183.35,10.10,0.00,48.03,0,-101.00,-10.00,0.00,0.00,36.00,0.00,0,291
621.14,1552455356,13041.63,51.48546253,7.40253293,183.35,10.10,0.00,48.03,0,-102.00,-9.00,0.00,0.00,35.00,0.00,0,163
622.14,1552455357,13051.70,51.48551269,7.40263583,183.23,8.75,0.00,48.96,0,-98.00,-8.00,0.00,0.00,42.00,0.00,0,167
622.14,1552455357,13051.71,51.48551269,7.40263583,183.23,8.75,0.00,48.96,0,-101.00,-10.00,0.00,0.00,41.00,0.00,0,330
622.14,1552455357,13051.71,51.48551269,7.40263583,183.23,8.75,0.00,48.96,0,-95.00,-8.00,0.00,0.00,42.00,0.00,0,291
622.14,1552455357,13051.72,51.48551269,7.40263583,183.23,8.75,0.00,48.96,0,-98.00,-9.00,0.00,0.00,40.00,0.00,0,163
623.14,1552455358,13060.44,51.48556659,7.40273255,183.21,7.86,0.00,46.83,0,-98.00,-8.00,0.00,0.00,42.00,0.00,0,167
623.14,1552455358,13060.45,51.48556659,7.40273255,183.21,7.86,0.00,46.83,0,-101.00,-10.00,0.00,0.00,41.00,0.00,0,330
623.14,1552455358,13060.46,51.48556659,7.40273255,183.21,7.86,0.00,46.83,0,-95.00,-8.00,0.00,0.00,42.00,0.00,0,291
623.14,1552455358,13060.46,51.48556659,7.40273255,183.21,7.86,0.00,46.83,0,-98.00,-9.00,0.00,0.00,40.00,0.00,0,163
626.14,1552455361,13083.81,51.48574613,7.40273154,182.85,8.12,0.00,330.14,0,-102.00,-9.00,0.00,0.00,39.00,0.00,0,188
626.14,1552455361,13083.82,51.48574613,7.40273154,182.85,8.12,0.00,330.14,0,-106.00,-11.00,0.00,0.00,36.00,0.00,0,48
627.14,1552455362,13091.93,51.48581421,7.40266310,182.94,8.76,0.00,327.46,0,-102.00,-9.00,0.00,0.00,39.00,0.00,0,188
627.14,1552455362,13091.94,51.48581421,7.40266310,182.94,8.76,0.00,327.46,0,-106.00,-11.00,0.00,0.00,36.00,0.00,0,48
628.14,1552455363,13100.71,51.48589217,7.40257217,182.50,10.10,0.00,325.63,0,-103.00,-9.00,0.00,0.00,37.00,0.00,0,330
628.14,1552455363,13100.72,51.48589217,7.40257217,182.50,10.10,0.00,325.63,0,-104.00,-10.00,0.00,0.00,39.00,0.00,0,93
628.14,1552455363,13100.73,51.48589217,7.40257217,182.50,10.10,0.00,325.63,0,-104.00,-9.00,0.00,0.00,37.00,0.00,0,48
628.14,1552455363,13100.73,51.48589217,7.40257217,182.50,10.10,0.00,325.63,0,-103.00,-10.00,0.00,0.00,35.00,0.00,0,163
628.14,1552455363,13100.74,51.48589217,7.40257217,182.50,10.10,0.00,325.63,0,-103.00,-11.00,0.00,0.00,36.00,0.00,0,419
629.14,1552455364,13110.81,51.48596959,7.40247763,182.20,10.99,0.00,324.76,0,-103.00,-9.00,0.00,0.00,37.00,0.00,0,330
629.14,1552455364,13110.81,51.48596959,7.40247763,182.20,10.99,0.00,324.76,0,-104.00,-10.00,0.00,0.00,39.00,0.00,0,93
629.14,1552455364,13110.83,51.48596959,7.40247763,182.20,10.99,0.00,324.76,0,-104.00,-9.00,0.00,0.00,37.00,0.00,0,48
629.14,1552455364,13110.84,51.48596959,7.40247763,182.20,10.99,0.00,324.76,0,-103.00,-10.00,0.00,0.00,35.00,0.00,0,163
629.14,1552455364,13110.84,51.48596959,7.40247763,182.20,10.99,0.00,324.76,0,-103.00,-11.00,0.00,0.00,36.00,0.00,0,419
630.14,1552455365,13121.80,51.48604678,7.40237897,182.26,11.86,0.00,324.24,0,-100.00,-9.00,0.00,0.00,40.00,0.00,0,330
630.14,1552455365,13121.81,51.48604678,7.40237897,182.26,11.86,0.00,324.24,0,-102.00,-10.00,0.00,0.00,39.00,0.00,0,48
630.14,1552455365,13121.82,51.48604678,7.40237897,182.26,11.86,0.00,324.24,0,-102.00,-12.00,0.00,0.00,41.00,0.00,0,166
630.14,1552455365,13121.82,51.48604678,7.40237897,182.26,11.86,0.00,324.24,0,-99.00,-9.00,0.00,0.00,37.00,0.00,0,163
630.14,1552455365,13121.83,51.48604678,7.40237897,182.26,11.86,0.00,324.24,0,-101.00,-10.00,0.00,0.00,38.00,0.00,0,419
631.14,1552455366,13133.66,51.48613432,7.40227133,182.59,12.25,0.00,325.08,0,-100.00,-9.00,0.00,0.00,40.00,0.00,0,330
631.14,1552455366,13133.67,51.48613432,7.40227133,182.59,12.25,0.00,325.08,0,-102.00,-10.00,0.00,0.00,39.00,0.00,0,48
631.14,1552455366,13133.69,51.48613432,7.40227133,182.59,12.25,0.00,325.08,0,-102.00,-12.00,0.00,0.00,41.00,0.00,0,166
631.14,1552455366,13133.69,51.48613432,7.40227133,182.59,12.25,0.00,325.08,0,-99.00,-9.00,0.00,0.00,37.00,0.00,0,163
631.14,1552455366,13133.70,51.48613432,7.40227133,182.59,12.25,0.00,325.08,0,-101.00,-10.00,0.00,0.00,38.00,0.00,0,419
632.14,1552455367,13145.90,51.48622397,7.40217330,182.88,12.02,0.00,327.26,0,-98.00,-9.00,0.00,0.00,43.00,0.00,0,166
632.14,1552455367,13145.91,51.48622397,7.40217330,182.88,12.02,0.00,327.26,0,-98.00,-10.00,0.00,0.00,43.00,0.00,0,330
632.14,1552455367,13145.91,51.48622397,7.40217330,182.88,12.02,0.00,327.26,0,-101.00,-9.00,0.00,0.00,40.00,0.00,0,93
632.14,1552455367,13145.92,51.48622397,7.40217330,182.88,12.02,0.00,327.26,0,-97.00,-9.00,0.00,0.00,41.00,0.00,0,293
633.14,1552455368,13157.92,51.48630773,7.40209294,182.56,12.08,0.00,329.46,0,-98.00,-9.00,0.00,0.00,43.00,0.00,0,166
633.14,1552455368,13157.93,51.48630773,7.40209294,182.56,12.08,0.00,329.46,0,-98.00,-10.00,0.00,0.00,43.00,0.00,0,330
633.14,1552455368,13157.93,51.48630773,7.40209294,182.56,12.08,0.00,329.46,0,-101.00,-9.00,0.00,0.00,40.00,0.00,0,93
633.14,1552455368,13157.94,51.48630773,7.40209294,182.56,12.08,0.00,329.46,0,-97.00,-9.00,0.00,0.00,41.00,0.00,0,293
634.15,1552455369,13170.11,51.48640662,7.40200562,182.53,12.06,0.00,332.16,0,-95.00,-7.00,0.00,0.00,43.00,0.00,0,93
634.15,1552455369,13170.11,51.48640662,7.40200562,182.53,12.06,0.00,332.16,0,-100.00,-11.00,0.00,0.00,42.00,0.00,0,166
634.15,1552455369,13170.12,51.48640662,7.40200562,182.53,12.06,0.00,332.16,0,-101.00,-11.00,0.00,0.00,41.00,0.00,0,48
634.15,1552455369,13170.14,51.48640662,7.40200562,182.53,12.06,0.00,332.16,0,-97.00,-8.00,0.00,0.00,40.00,0.00,0,419
634.15,1552455369,13170.14,51.48640662,7.40200562,182.53,12.06,0.00,332.16,0,-98.00,-10.00,0.00,0.00,41.00,0.00,0,293
635.14,1552455370,13182.06,51.48650328,7.40193442,183.06,11.83,0.00,335.04,0,-95.00,-7.00,0.00,0.00,43.00,0.00,0,93
635.14,1552455370,13182.07,51.48650328,7.40193442,183.06,11.83,0.00,335.04,0,-100.00,-11.00,0.00,0.00,42.00,0.00,0,166
635.14,1552455370,13182.08,51.48650328,7.40193442,183.06,11.83,0.00,335.04,0,-101.00,-11.00,0.00,0.00,41.00,0.00,0,48
635.14,1552455370,13182.08,51.48650328,7.40193442,183.06,11.83,0.00,335.04,0,-97.00,-8.00,0.00,0.00,40.00,0.00,0,419
635.14,1552455370,13182.10,51.48650328,7.40193442,183.06,11.83,0.00,335.04,0,-98.00,-10.00,0.00,0.00,41.00,0.00,0,293
636.14,1552455371,13193.90,51.48660573,7.40186897,183.68,11.91,0.00,337.52,0,-95.00,-7.00,0.00,0.00,43.00,0.00,0,93
636.14,1552455371,13193.90,51.48660573,7.40186897,183.68,11.91,0.00,337.52,0,-100.00,-11.00,0.00,0.00,42.00,0.00,0,166
636.14,1552455371,13193.91,51.48660573,7.40186897,183.68,11.91,0.00,337.52,0,-101.00,-11.00,0.00,0.00,41.00,0.00,0,48
636.14,1552455371,13193.93,51.48660573,7.40186897,183.68,11.91,0.00,337.52,0,-97.00,-8.00,0.00,0.00,40.00,0.00,0,419
636.14,1552455371,13193.93,51.48660573,7.40186897,183.68,11.91,0.00,337.52,0,-98.00,-10.00,0.00,0.00,41.00,0.00,0,293
637.14,1552455372,13205.77,51.48670474,7.40181632,183.94,12.25,0.00,339.89,0,-99.00,-9.00,0.00,0.00,41.00,0.00,0,93
638.13,1552455373,13218.01,51.48680804,7.40177724,183.86,12.44,0.00,342.24,0,-99.00,-9.00,0.00,0.00,41.00,0.00,0,93
639.13,1552455374,13230.45,51.48691893,7.40173940,183.71,12.78,0.00,344.19,0,-96.00,-8.00,0.00,0.00,43.00,0.00,0,93
640.14,1552455375,13243.24,51.48703144,7.40170325,183.57,12.99,0.00,346.62,0,-96.00,-8.00,0.00,0.00,43.00,0.00,0,93
641.14,1552455376,13256.24,51.48715016,7.40167896,183.48,13.15,0.00,349.02,0,-91.00,-8.00,0.00,0.00,48.00,0.00,0,330
641.14,1552455376,13256.26,51.48715016,7.40167896,183.48,13.15,0.00,349.02,0,-93.00,-7.00,0.00,0.00,46.00,0.00,0,93
641.14,1552455376,13256.26,51.48715016,7.40167896,183.48,13.15,0.00,349.02,0,-78.00,-5.00,0.00,0.00,55.00,0.00,0,409
642.14,1552455377,13269.39,51.48727520,7.40166154,183.39,13.38,0.00,351.45,0,-91.00,-8.00,0.00,0.00,48.00,0.00,0,330
642.14,1552455377,13269.39,51.48727520,7.40166154,183.39,13.38,0.00,351.45,0,-93.00,-7.00,0.00,0.00,46.00,0.00,0,93
642.14,1552455377,13269.41,51.48727520,7.40166154,183.39,13.38,0.00,351.45,0,-78.00,-5.00,0.00,0.00,55.00,0.00,0,409
651.13,1552455386,13394.48,51.48841047,7.40171050,180.16,13.23,0.00,0.94,0,-95.00,-11.00,0.00,0.00,48.00,0.00,0,427
652.14,1552455387,13407.72,51.48852890,7.40171546,179.47,13.14,0.00,0.49,0,-95.00,-11.00,0.00,0.00,48.00,0.00,0,427
653.14,1552455388,13420.86,51.48864850,7.40172129,178.90,13.06,0.00,0.05,0,-86.00,-11.00,0.00,0.00,57.00,0.00,0,94
653.14,1552455388,13420.87,51.48864850,7.40172129,178.90,13.06,0.00,0.05,0,-95.00,-10.00,0.00,0.00,47.00,0.00,0,427
654.14,1552455389,13433.93,51.48876239,7.40172380,178.52,12.84,0.00,359.27,0,-86.00,-11.00,0.00,0.00,57.00,0.00,0,94
654.14,1552455389,13433.93,51.48876239,7.40172380,178.52,12.84,0.00,359.27,0,-95.00,-10.00,0.00,0.00,47.00,0.00,0,427
655.14,1552455390,13446.87,51.48886973,7.40172770,178.13,11.44,0.00,359.87,0,-84.00,-8.00,0.00,0.00,56.00,0.00,0,94
655.15,1552455390,13446.88,51.48886973,7.40172770,178.13,11.44,0.00,359.87,0,-88.00,-6.00,0.00,0.00,50.00,0.00,0,427
656.14,1552455391,13458.20,51.48896255,7.40173221,177.52,9.14,0.00,359.65,0,-84.00,-8.00,0.00,0.00,56.00,0.00,0,94
656.14,1552455391,13458.21,51.48896255,7.40173221,177.52,9.14,0.00,359.65,0,-88.00,-6.00,0.00,0.00,50.00,0.00,0,427
657.14,1552455392,13467.35,51.48903355,7.40173741,177.03,7.18,0.00,0.53,0,-84.00,-8.00,0.00,0.00,56.00,0.00,0,94
657.14,1552455392,13467.35,51.48903355,7.40173741,177.03,7.18,0.00,0.53,0,-88.00,-6.00,0.00,0.00,50.00,0.00,0,427
697.14,1552455432,13648.78,51.48939867,7.40404281,175.41,14.42,0.00,90.96,0,-78.00,-9.00,0.00,0.00,63.00,0.00,0,95
697.14,1552455432,13648.81,51.48939867,7.40404281,175.41,14.42,0.00,90.96,0,-81.00,-9.00,0.00,0.00,59.00,0.00,0,426
698.14,1552455433,13663.12,51.48939365,7.40425296,175.77,14.37,0.00,91.24,0,-78.00,-9.00,0.00,0.00,63.00,0.00,0,95
698.14,1552455433,13663.12,51.48939365,7.40425296,175.77,14.37,0.00,91.24,0,-81.00,-9.00,0.00,0.00,59.00,0.00,0,426
699.14,1552455434,13677.49,51.48938956,7.40445976,176.16,14.05,0.00,91.47,0,-78.00,-9.00,0.00,0.00,63.00,0.00,0,95
699.14,1552455434,13677.51,51.48938956,7.40445976,176.16,14.05,0.00,91.47,0,-81.00,-9.00,0.00,0.00,59.00,0.00,0,426
700.14,1552455435,13691.53,51.48938517,7.40465063,176.37,13.85,0.00,91.79,0,-76.00,-7.00,0.00,0.00,63.00,0.00,0,95
700.14,1552455435,13691.54,51.48938517,7.40465063,176.37,13.85,0.00,91.79,0,-82.00,-7.00,0.00,0.00,57.00,0.00,0,426
701.14,1552455436,13705.39,51.48938226,7.40484285,176.41,13.81,0.00,91.18,0,-76.00,-7.00,0.00,0.00,63.00,0.00,0,95
701.14,1552455436,13705.39,51.48938226,7.40484285,176.41,13.81,0.00,91.18,0,-82.00,-7.00,0.00,0.00,57.00,0.00,0,426
