0.10,1552282236,0.02,51.45004062,7.48829718,247.88,9.87,0.00,166.55,0,-111.00,-14.00,0.00,0.00,29.00,0.00,0,118
1.01,1552282236,9.01,51.44995490,7.48833263,248.75,10.73,0.00,167.06,0,-111.00,-14.00,0.00,0.00,28.00,0.00,0,118
2.01,1552282237,19.76,51.44985818,7.48837056,249.28,11.59,0.00,168.07,0,-111.00,-14.00,0.00,0.00,28.00,0.00,0,118
3.01,1552282238,31.36,51.44975767,7.48839443,250.00,12.42,0.00,169.75,0,-111.00,-13.00,0.00,0.00,27.00,0.00,0,118
4.01,1552282239,43.78,51.44964864,7.48842066,250.57,13.17,0.00,171.25,0,-111.00,-13.00,0.00,0.00,27.00,0.00,0,118
87.01,1552282322,1055.86,51.44210343,7.48892896,277.45,12.98,0.00,218.22,0,-86.00,-10.00,0.00,0.00,49.00,0.00,0,431
88.01,1552282323,1068.83,51.44201274,7.48881962,277.51,13.11,0.00,219.33,0,-86.00,-10.00,0.00,0.00,49.00,0.00,0,431
91.01,1552282326,1108.87,51.44174337,7.48839828,277.24,13.89,0.00,225.97,0,-79.00,-9.00,0.00,0.00,57.00,0.00,0,431
92.01,1552282327,1122.78,51.44165807,7.48823973,277.34,13.58,0.00,227.60,0,-79.00,-9.00,0.00,0.00,57.00,0.00,0,431
93.01,1552282328,1136.37,51.44157638,7.48808291,277.37,13.22,0.00,228.62,0,-74.00,-7.00,0.00,0.00,59.00,0.00,0,431
94.01,1552282329,1149.56,51.44150015,7.48793724,277.60,13.23,0.00,230.06,0,-74.00,-7.00,0.00,0.00,59.00,0.00,0,431
108.01,1552282343,1345.65,51.44042598,7.48565343,280.03,16.76,0.00,232.83,0,-80.00,-7.00,0.00,0.00,54.00,0.00,0,430
109.01,1552282344,1362.41,51.44033157,7.48544746,280.08,17.24,0.00,233.03,0,-80.00,-7.00,0.00,0.00,54.00,0.00,0,430
110.01,1552282345,1379.65,51.44024606,7.48525842,280.21,16.91,0.00,233.42,0,-78.00,-7.00,0.00,0.00,55.00,0.00,0,430
111.01,1552282346,1396.58,51.44015840,7.48507702,280.33,16.54,0.00,232.57,0,-78.00,-7.00,0.00,0.00,55.00,0.00,0,430
112.01,1552282347,1413.09,51.44006463,7.48488106,280.57,16.64,0.00,231.94,0,-83.00,-10.00,0.00,0.00,53.00,0.00,0,431
113.01,1552282348,1429.74,51.43997502,7.48469366,280.90,16.46,0.00,232.31,0,-83.00,-10.00,0.00,0.00,53.00,0.00,0,431
135.01,1552282370,1781.17,51.43832761,7.48027340,284.94,17.04,0.00,241.57,0,-109.00,-8.00,0.00,0.00,25.00,0.00,0,38
136.01,1552282371,1798.21,51.43825743,7.48005217,284.82,16.65,0.00,240.80,0,-109.00,-8.00,0.00,0.00,25.00,0.00,0,38
137.01,1552282372,1814.86,51.43819391,7.47984551,284.54,15.57,0.00,241.21,0,-106.00,-7.00,0.00,0.00,27.00,0.00,0,38
138.01,1552282373,1830.44,51.43812712,7.47964432,284.26,15.43,0.00,241.83,0,-106.00,-7.00,0.00,0.00,27.00,0.00,0,38
139.02,1552282374,1845.96,51.43806353,7.47945125,284.28,14.96,0.00,241.52,0,-106.00,-8.00,0.00,0.00,28.00,0.00,0,38
140.01,1552282375,1860.82,51.43799527,7.47925464,284.45,14.95,0.00,242.00,0,-106.00,-8.00,0.00,0.00,28.00,0.00,0,38
141.01,1552282376,1875.78,51.43793157,7.47907085,284.42,14.85,0.00,241.69,0,-106.00,-8.00,0.00,0.00,28.00,0.00,0,38
142.01,1552282377,1890.65,51.43786573,7.47887561,284.30,15.01,0.00,241.30,0,-108.00,-9.00,0.00,0.00,26.00,0.00,0,38
142.01,1552282377,1890.65,51.43786573,7.47887561,284.30,15.01,0.00,241.30,0,-110.00,-11.00,0.00,0.00,26.00,0.00,0,70
142.01,1552282377,1890.66,51.43786573,7.47887561,284.30,15.01,0.00,241.30,0,-115.00,-12.00,0.00,0.00,23.00,0.00,0,395
143.01,1552282378,1905.66,51.43780565,7.47869766,283.97,14.69,0.00,241.69,0,-108.00,-9.00,0.00,0.00,26.00,0.00,0,38
143.01,1552282378,1905.67,51.43780565,7.47869766,283.97,14.69,0.00,241.69,0,-110.00,-11.00,0.00,0.00,26.00,0.00,0,70
143.01,1552282378,1905.69,51.43780565,7.47869766,283.97,14.69,0.00,241.69,0,-115.00,-12.00,0.00,0.00,23.00,0.00,0,395
144.01,1552282379,1920.33,51.43774251,7.47851474,283.82,13.93,0.00,242.15,0,-108.00,-9.00,0.00,0.00,26.00,0.00,0,38
144.01,1552282379,1920.34,51.43774251,7.47851474,283.82,13.93,0.00,242.15,0,-112.00,-13.00,0.00,0.00,26.00,0.00,0,70
145.01,1552282380,1934.27,51.43768096,7.47832625,283.81,14.02,0.00,242.48,0,-108.00,-9.00,0.00,0.00,26.00,0.00,0,38
145.01,1552282380,1934.28,51.43768096,7.47832625,283.81,14.02,0.00,242.48,0,-112.00,-13.00,0.00,0.00,26.00,0.00,0,70
146.01,1552282381,1948.28,51.43761938,7.47813648,283.90,14.35,0.00,242.33,0,-107.00,-10.00,0.00,0.00,29.00,0.00,0,38
146.01,1552282381,1948.29,51.43761938,7.47813648,283.90,14.35,0.00,242.33,0,-113.00,-15.00,0.00,0.00,28.00,0.00,0,70
147.01,1552282382,1962.63,51.43756003,7.47795062,283.93,14.53,0.00,241.79,0,-107.00,-10.00,0.00,0.00,29.00,0.00,0,38
147.01,1552282382,1962.65,51.43756003,7.47795062,283.93,14.53,0.00,241.79,0,-113.00,-15.00,0.00,0.00,28.00,0.00,0,70
148.01,1552282383,1977.19,51.43749669,7.47776818,283.91,14.64,0.00,241.34,0,-109.00,-9.00,0.00,0.00,25.00,0.00,0,38
148.01,1552282383,1977.20,51.43749669,7.47776818,283.91,14.64,0.00,241.34,0,-110.00,-10.00,0.00,0.00,26.00,0.00,0,70
148.02,1552282383,1977.22,51.43749669,7.47776818,283.91,14.64,0.00,241.34,0,-108.00,-16.00,0.00,0.00,35.00,0.00,0,71
148.02,1552282383,1977.23,51.43749669,7.47776818,283.91,14.64,0.00,241.34,0,-108.00,-17.00,0.00,0.00,35.00,0.00,0,161
148.02,1552282383,1977.23,51.43749669,7.47776818,283.91,14.64,0.00,241.34,0,-109.00,-17.00,0.00,0.00,35.00,0.00,0,391
149.01,1552282384,1991.74,51.43743116,7.47758444,284.20,13.84,0.00,241.83,0,-109.00,-9.00,0.00,0.00,25.00,0.00,0,38
149.01,1552282384,1991.74,51.43743116,7.47758444,284.20,13.84,0.00,241.83,0,-110.00,-10.00,0.00,0.00,26.00,0.00,0,70
149.01,1552282384,1991.75,51.43743116,7.47758444,284.20,13.84,0.00,241.83,0,-108.00,-16.00,0.00,0.00,35.00,0.00,0,71
149.01,1552282384,1991.75,51.43743116,7.47758444,284.20,13.84,0.00,241.83,0,-108.00,-17.00,0.00,0.00,35.00,0.00,0,161
149.01,1552282384,1991.75,51.43743116,7.47758444,284.20,13.84,0.00,241.83,0,-109.00,-17.00,0.00,0.00,35.00,0.00,0,391
150.01,1552282385,2005.67,51.43737343,7.47739484,284.55,13.56,0.00,242.50,0,-113.00,-10.00,0.00,0.00,22.00,0.00,0,38
150.02,1552282385,2005.69,51.43737343,7.47739484,284.55,13.56,0.00,242.50,0,-113.00,-11.00,0.00,0.00,24.00,0.00,0,70
150.02,1552282385,2005.69,51.43737343,7.47739484,284.55,13.56,0.00,242.50,0,-119.00,-16.00,0.00,0.00,23.00,0.00,0,118
150.02,1552282385,2005.70,51.43737343,7.47739484,284.55,13.56,0.00,242.50,0,-107.00,-15.00,0.00,0.00,35.00,0.00,0,457
150.02,1552282385,2005.72,51.43737343,7.47739484,284.55,13.56,0.00,242.50,0,-107.00,-17.00,0.00,0.00,35.00,0.00,0,213
150.02,1552282385,2005.72,51.43737343,7.47739484,284.55,13.56,0.00,242.50,0,-110.00,-18.00,0.00,0.00,34.00,0.00,0,161
151.01,1552282386,2019.22,51.43732159,7.47722741,284.72,13.36,0.00,243.45,0,-113.00,-10.00,0.00,0.00,22.00,0.00,0,38
151.02,1552282386,2019.25,51.43732159,7.47722741,284.72,13.36,0.00,243.45,0,-113.00,-11.00,0.00,0.00,24.00,0.00,0,70
151.02,1552282386,2019.25,51.43732159,7.47722741,284.72,13.36,0.00,243.45,0,-119.00,-16.00,0.00,0.00,23.00,0.00,0,118
151.02,1552282386,2019.26,51.43732159,7.47722741,284.72,13.36,0.00,243.45,0,-107.00,-15.00,0.00,0.00,35.00,0.00,0,457
151.02,1552282386,2019.28,51.43732159,7.47722741,284.72,13.36,0.00,243.45,0,-107.00,-17.00,0.00,0.00,35.00,0.00,0,213
151.02,1552282386,2019.28,51.43732159,7.47722741,284.72,13.36,0.00,243.45,0,-110.00,-18.00,0.00,0.00,34.00,0.00,0,161
152.01,1552282387,2032.58,51.43727167,7.47705711,285.05,13.03,0.00,244.38,0,-112.00,-13.00,0.00,0.00,26.00,0.00,0,70
152.01,1552282387,2032.59,51.43727167,7.47705711,285.05,13.03,0.00,244.38,0,-113.00,-12.00,0.00,0.00,25.00,0.00,0,38
152.02,1552282387,2032.60,51.43727167,7.47705711,285.05,13.03,0.00,244.38,0,-107.00,-15.00,0.00,0.00,34.00,0.00,0,457
152.02,1552282387,2032.62,51.43727167,7.47705711,285.05,13.03,0.00,244.38,0,-108.00,-16.00,0.00,0.00,34.00,0.00,0,213
152.02,1552282387,2032.62,51.43727167,7.47705711,285.05,13.03,0.00,244.38,0,-109.00,-17.00,0.00,0.00,34.00,0.00,0,161
153.01,1552282388,2045.59,51.43723211,7.47689770,285.31,12.29,0.00,246.39,0,-112.00,-13.00,0.00,0.00,26.00,0.00,0,70
153.01,1552282388,2045.61,51.43723211,7.47689770,285.31,12.29,0.00,246.39,0,-113.00,-12.00,0.00,0.00,25.00,0.00,0,38
153.01,1552282388,2045.62,51.43723211,7.47689770,285.31,12.29,0.00,246.39,0,-107.00,-15.00,0.00,0.00,34.00,0.00,0,457
153.02,1552282388,2045.63,51.43723211,7.47689770,285.31,12.29,0.00,246.39,0,-108.00,-16.00,0.00,0.00,34.00,0.00,0,213
153.02,1552282388,2045.63,51.43723211,7.47689770,285.31,12.29,0.00,246.39,0,-109.00,-17.00,0.00,0.00,34.00,0.00,0,161
154.01,1552282389,2057.90,51.43719981,7.47674542,285.52,11.56,0.00,250.35,0,-113.00,-12.00,0.00,0.00,26.00,0.00,0,70
154.01,1552282389,2057.91,51.43719981,7.47674542,285.52,11.56,0.00,250.35,0,-115.00,-13.00,0.00,0.00,23.00,0.00,0,38
154.01,1552282389,2057.91,51.43719981,7.47674542,285.52,11.56,0.00,250.35,0,-109.00,-17.00,0.00,0.00,35.00,0.00,0,213
154.02,1552282389,2057.92,51.43719981,7.47674542,285.52,11.56,0.00,250.35,0,-110.00,-17.00,0.00,0.00,35.00,0.00,0,448
154.02,1552282389,2057.93,51.43719981,7.47674542,285.52,11.56,0.00,250.35,0,-110.00,-18.00,0.00,0.00,35.00,0.00,0,71
155.01,1552282390,2069.46,51.43719309,7.47657392,285.93,10.44,0.00,267.78,0,-113.00,-12.00,0.00,0.00,26.00,0.00,0,70
155.02,1552282390,2069.48,51.43719309,7.47657392,285.93,10.44,0.00,267.78,0,-115.00,-13.00,0.00,0.00,23.00,0.00,0,38
155.02,1552282390,2069.49,51.43719309,7.47657392,285.93,10.44,0.00,267.78,0,-109.00,-17.00,0.00,0.00,35.00,0.00,0,213
155.02,1552282390,2069.49,51.43719309,7.47657392,285.93,10.44,0.00,267.78,0,-110.00,-17.00,0.00,0.00,35.00,0.00,0,448
155.02,1552282390,2069.50,51.43719309,7.47657392,285.93,10.44,0.00,267.78,0,-110.00,-18.00,0.00,0.00,35.00,0.00,0,71
198.01,1552282433,2937.21,51.44255610,7.48469716,282.49,25.75,0.00,25.85,0,-80.00,-11.00,0.00,0.00,56.00,0.00,0,429
199.01,1552282434,2962.95,51.44275694,7.48486015,281.85,25.65,0.00,25.39,0,-80.00,-11.00,0.00,0.00,56.00,0.00,0,429
200.01,1552282435,2988.57,51.44295999,7.48501887,281.16,25.53,0.00,24.41,0,-78.00,-9.00,0.00,0.00,58.00,0.00,0,429
201.01,1552282436,3014.11,51.44316987,7.48516845,280.51,25.22,0.00,24.01,0,-78.00,-9.00,0.00,0.00,58.00,0.00,0,429
202.01,1552282437,3039.33,51.44338435,7.48531973,279.50,25.22,0.00,23.27,0,-86.00,-12.00,0.00,0.00,53.00,0.00,0,430
203.01,1552282438,3064.54,51.44358774,7.48546005,278.15,24.10,0.00,22.75,0,-86.00,-12.00,0.00,0.00,53.00,0.00,0,430
236.01,1552282471,3628.15,51.44370744,7.48338268,264.35,23.93,0.00,268.13,0,-81.00,-11.00,0.00,0.00,57.00,0.00,0,430
237.01,1552282472,3652.08,51.44370297,7.48303088,264.39,24.60,0.00,267.92,0,-81.00,-11.00,0.00,0.00,57.00,0.00,0,430
238.01,1552282473,3676.68,51.44369326,7.48266897,264.35,24.62,0.00,267.42,0,-87.00,-8.00,0.00,0.00,47.00,0.00,0,430
239.01,1552282474,3701.28,51.44368295,7.48232045,264.28,24.62,0.00,267.43,0,-87.00,-8.00,0.00,0.00,47.00,0.00,0,430
240.01,1552282475,3725.92,51.44367343,7.48196998,264.07,24.17,0.00,267.36,0,-92.00,-13.00,0.00,0.00,48.00,0.00,0,429
241.01,1552282476,3750.12,51.44366482,7.48163827,263.69,23.71,0.00,266.62,0,-92.00,-13.00,0.00,0.00,48.00,0.00,0,429
261.01,1552282496,4274.02,51.44303233,7.47414375,254.40,29.51,0.00,259.67,0,-100.00,-8.00,0.00,0.00,34.00,0.00,0,397
262.01,1552282497,4303.52,51.44298151,7.47372468,253.54,29.80,0.00,259.32,0,-100.00,-8.00,0.00,0.00,34.00,0.00,0,397
263.01,1552282498,4333.32,51.44293092,7.47330782,252.63,29.59,0.00,259.42,0,-106.00,-11.00,0.00,0.00,31.00,0.00,0,430
264.01,1552282499,4362.91,51.44288090,7.47289557,251.75,29.33,0.00,259.10,0,-106.00,-11.00,0.00,0.00,31.00,0.00,0,430
265.01,1552282500,4392.24,51.44282866,7.47248876,250.90,29.00,0.00,258.96,0,-109.00,-11.00,0.00,0.00,27.00,0.00,0,430
266.01,1552282501,4421.30,51.44277808,7.47208466,250.15,28.98,0.00,258.98,0,-109.00,-11.00,0.00,0.00,27.00,0.00,0,430
270.01,1552282505,4536.65,51.44257251,7.47044399,247.65,28.35,0.00,258.37,0,-108.00,-9.00,0.00,0.00,26.00,0.00,0,430
271.01,1552282506,4565.03,51.44252174,7.47004640,246.95,28.01,0.00,257.99,0,-108.00,-9.00,0.00,0.00,26.00,0.00,0,430
272.01,1552282507,4593.07,51.44246436,7.46964261,246.47,28.29,0.00,257.62,0,-109.00,-10.00,0.00,0.00,27.00,0.00,0,430
272.01,1552282507,4593.10,51.44246436,7.46964261,246.47,28.29,0.00,257.62,0,-114.00,-12.00,0.00,0.00,24.00,0.00,0,72
272.01,1552282507,4593.10,51.44246436,7.46964261,246.47,28.29,0.00,257.62,0,-114.00,-14.00,0.00,0.00,26.00,0.00,0,397
273.01,1552282508,4621.36,51.44240777,7.46924107,246.05,28.38,0.00,257.67,0,-109.00,-10.00,0.00,0.00,27.00,0.00,0,430
273.01,1552282508,4621.39,51.44240777,7.46924107,246.05,28.38,0.00,257.67,0,-114.00,-12.00,0.00,0.00,24.00,0.00,0,72
273.01,1552282508,4621.39,51.44240777,7.46924107,246.05,28.38,0.00,257.67,0,-114.00,-14.00,0.00,0.00,26.00,0.00,0,397
278.01,1552282513,4768.19,51.44213349,7.46714087,242.96,30.98,0.00,259.00,0,-107.00,-15.00,0.00,0.00,35.00,0.00,0,229
279.01,1552282514,4799.16,51.44208047,7.46670345,242.48,31.04,0.00,259.35,0,-107.00,-15.00,0.00,0.00,35.00,0.00,0,229
280.01,1552282515,4830.21,51.44202602,7.46626030,242.06,31.39,0.00,259.00,0,-106.00,-14.00,0.00,0.00,34.00,0.00,0,54
280.01,1552282515,4830.24,51.44202602,7.46626030,242.06,31.39,0.00,259.00,0,-106.00,-15.00,0.00,0.00,35.00,0.00,0,229
281.01,1552282516,4861.63,51.44196891,7.46580351,241.95,31.57,0.00,259.08,0,-106.00,-14.00,0.00,0.00,34.00,0.00,0,54
281.01,1552282516,4861.63,51.44196891,7.46580351,241.95,31.57,0.00,259.08,0,-106.00,-15.00,0.00,0.00,35.00,0.00,0,229
282.01,1552282517,4893.19,51.44191253,7.46535087,241.83,31.85,0.00,259.32,0,-103.00,-11.00,0.00,0.00,35.00,0.00,0,229
282.01,1552282517,4893.23,51.44191253,7.46535087,241.83,31.85,0.00,259.32,0,-106.00,-15.00,0.00,0.00,34.00,0.00,0,51
282.01,1552282517,4893.26,51.44191253,7.46535087,241.83,31.85,0.00,259.32,0,-109.00,-15.00,0.00,0.00,32.00,0.00,0,54
283.01,1552282518,4925.01,51.44186134,7.46489520,241.92,32.21,0.00,259.94,0,-103.00,-11.00,0.00,0.00,35.00,0.00,0,229
283.01,1552282518,4925.05,51.44186134,7.46489520,241.92,32.21,0.00,259.94,0,-106.00,-15.00,0.00,0.00,34.00,0.00,0,51
283.01,1552282518,4925.08,51.44186134,7.46489520,241.92,32.21,0.00,259.94,0,-109.00,-15.00,0.00,0.00,32.00,0.00,0,54
284.01,1552282519,4957.22,51.44181522,7.46443050,242.35,32.57,0.00,261.19,0,-92.00,-20.00,0.00,0.00,54.00,0.00,0,78
285.01,1552282520,4989.79,51.44177039,7.46396720,242.58,32.99,0.00,261.53,0,-92.00,-20.00,0.00,0.00,54.00,0.00,0,78
286.01,1552282521,5022.82,51.44173328,7.46350219,242.38,33.20,0.00,262.36,0,-100.00,-16.00,0.00,0.00,44.00,0.00,0,51
286.01,1552282521,5022.82,51.44173328,7.46350219,242.38,33.20,0.00,262.36,0,-100.00,-16.00,0.00,0.00,44.00,0.00,0,229
286.01,1552282521,5022.85,51.44173328,7.46350219,242.38,33.20,0.00,262.36,0,-104.00,-12.00,0.00,0.00,37.00,0.00,0,54
287.01,1552282522,5055.89,51.44170266,7.46303255,241.91,33.56,0.00,263.67,0,-100.00,-16.00,0.00,0.00,44.00,0.00,0,51
287.01,1552282522,5055.89,51.44170266,7.46303255,241.91,33.56,0.00,263.67,0,-100.00,-16.00,0.00,0.00,44.00,0.00,0,229
287.01,1552282522,5055.89,51.44170266,7.46303255,241.91,33.56,0.00,263.67,0,-104.00,-12.00,0.00,0.00,37.00,0.00,0,54
288.02,1552282523,5089.88,51.44167264,7.46255918,241.66,33.75,0.00,264.38,0,-102.00,-14.00,0.00,0.00,40.00,0.00,0,449
288.02,1552282523,5089.92,51.44167264,7.46255918,241.66,33.75,0.00,264.38,0,-108.00,-9.00,0.00,0.00,26.00,0.00,0,430
288.02,1552282523,5089.92,51.44167264,7.46255918,241.66,33.75,0.00,264.38,0,-109.00,-9.00,0.00,0.00,26.00,0.00,0,72
288.02,1552282523,5089.95,51.44167264,7.46255918,241.66,33.75,0.00,264.38,0,-109.00,-10.00,0.00,0.00,26.00,0.00,0,118
289.01,1552282524,5123.37,51.44165133,7.46208417,241.47,33.97,0.00,264.78,0,-102.00,-14.00,0.00,0.00,40.00,0.00,0,449
289.01,1552282524,5123.37,51.44165133,7.46208417,241.47,33.97,0.00,264.78,0,-108.00,-9.00,0.00,0.00,26.00,0.00,0,430
289.01,1552282524,5123.40,51.44165133,7.46208417,241.47,33.97,0.00,264.78,0,-109.00,-9.00,0.00,0.00,26.00,0.00,0,72
289.02,1552282524,5123.43,51.44165133,7.46208417,241.47,33.97,0.00,264.78,0,-109.00,-10.00,0.00,0.00,26.00,0.00,0,118
290.01,1552282525,5157.34,51.44162999,7.46160912,241.11,34.34,0.00,265.36,0,-102.00,-14.00,0.00,0.00,40.00,0.00,0,449
290.01,1552282525,5157.37,51.44162999,7.46160912,241.11,34.34,0.00,265.36,0,-108.00,-9.00,0.00,0.00,26.00,0.00,0,430
290.01,1552282525,5157.37,51.44162999,7.46160912,241.11,34.34,0.00,265.36,0,-109.00,-9.00,0.00,0.00,26.00,0.00,0,72
290.02,1552282525,5157.41,51.44162999,7.46160912,241.11,34.34,0.00,265.36,0,-109.00,-10.00,0.00,0.00,26.00,0.00,0,118
291.01,1552282526,5191.64,51.44160692,7.46112141,240.21,34.76,0.00,265.10,0,-97.00,-9.00,0.00,0.00,39.00,0.00,0,449
291.01,1552282526,5191.64,51.44160692,7.46112141,240.21,34.76,0.00,265.10,0,-98.00,-8.00,0.00,0.00,36.00,0.00,0,54
291.01,1552282526,5191.68,51.44160692,7.46112141,240.21,34.76,0.00,265.10,0,-100.00,-11.00,0.00,0.00,37.00,0.00,0,229
292.01,1552282527,5226.40,51.44158819,7.46062226,239.17,34.99,0.00,266.13,0,-97.00,-9.00,0.00,0.00,39.00,0.00,0,449
292.01,1552282527,5226.44,51.44158819,7.46062226,239.17,34.99,0.00,266.13,0,-98.00,-8.00,0.00,0.00,36.00,0.00,0,54
292.01,1552282527,5226.44,51.44158819,7.46062226,239.17,34.99,0.00,266.13,0,-100.00,-11.00,0.00,0.00,37.00,0.00,0,229
293.01,1552282528,5261.40,51.44156983,7.46011969,238.27,34.99,0.00,266.58,0,-95.00,-9.00,0.00,0.00,41.00,0.00,0,449
293.01,1552282528,5261.43,51.44156983,7.46011969,238.27,34.99,0.00,266.58,0,-98.00,-15.00,0.00,0.00,45.00,0.00,0,448
293.01,1552282528,5261.47,51.44156983,7.46011969,238.27,34.99,0.00,266.58,0,-98.00,-13.00,0.00,0.00,42.00,0.00,0,229
294.01,1552282529,5296.39,51.44155801,7.45961651,237.51,35.02,0.00,267.38,0,-95.00,-9.00,0.00,0.00,41.00,0.00,0,449
294.01,1552282529,5296.42,51.44155801,7.45961651,237.51,35.02,0.00,267.38,0,-98.00,-15.00,0.00,0.00,45.00,0.00,0,448
294.01,1552282529,5296.42,51.44155801,7.45961651,237.51,35.02,0.00,267.38,0,-98.00,-13.00,0.00,0.00,42.00,0.00,0,229
295.01,1552282530,5331.37,51.44154547,7.45911044,236.68,35.15,0.00,267.73,0,-90.00,-7.00,0.00,0.00,43.00,0.00,0,449
295.01,1552282530,5331.40,51.44154547,7.45911044,236.68,35.15,0.00,267.73,0,-97.00,-14.00,0.00,0.00,43.00,0.00,0,448
296.01,1552282531,5366.59,51.44153434,7.45861227,235.88,35.46,0.00,268.12,0,-90.00,-7.00,0.00,0.00,43.00,0.00,0,449
296.01,1552282531,5366.62,51.44153434,7.45861227,235.88,35.46,0.00,268.12,0,-97.00,-14.00,0.00,0.00,43.00,0.00,0,448
330.02,1552282565,6606.68,51.44315670,7.44102537,222.02,37.03,0.00,286.99,0,-70.00,-7.00,0.00,0.00,63.00,0.00,0,56
330.02,1552282565,6606.72,51.44315670,7.44102537,222.02,37.03,0.00,286.99,0,-82.00,-7.00,0.00,0.00,51.00,0.00,0,74
331.01,1552282566,6643.45,51.44325697,7.44053087,221.60,36.56,0.00,287.82,0,-70.00,-7.00,0.00,0.00,63.00,0.00,0,56
331.01,1552282566,6643.49,51.44325697,7.44053087,221.60,36.56,0.00,287.82,0,-82.00,-7.00,0.00,0.00,51.00,0.00,0,74
332.01,1552282567,6680.01,51.44335690,7.44003256,221.00,36.55,0.00,287.92,0,-70.00,-7.00,0.00,0.00,63.00,0.00,0,56
332.01,1552282567,6680.05,51.44335690,7.44003256,221.00,36.55,0.00,287.92,0,-82.00,-7.00,0.00,0.00,51.00,0.00,0,74
358.01,1552282593,7543.03,51.44693040,7.42921604,195.24,32.19,0.00,312.22,0,-97.00,-8.00,0.00,0.00,36.00,0.00,0,56
358.01,1552282593,7543.03,51.44693040,7.42921604,195.24,32.19,0.00,312.22,0,-99.00,-7.00,0.00,0.00,34.00,0.00,0,74
359.02,1552282594,7575.38,51.44712952,7.42888347,194.31,32.15,0.00,313.82,0,-97.00,-8.00,0.00,0.00,36.00,0.00,0,56
359.02,1552282594,7575.41,51.44712952,7.42888347,194.31,32.15,0.00,313.82,0,-99.00,-7.00,0.00,0.00,34.00,0.00,0,74
360.01,1552282595,7607.34,51.44732142,7.42856635,193.05,32.11,0.00,314.73,0,-99.00,-9.00,0.00,0.00,35.00,0.00,0,56
361.01,1552282596,7639.42,51.44752798,7.42825637,191.63,32.17,0.00,316.08,0,-99.00,-9.00,0.00,0.00,35.00,0.00,0,56
362.01,1552282597,7671.66,51.44773621,7.42794787,190.23,31.82,0.00,316.98,0,-104.00,-11.00,0.00,0.00,31.00,0.00,0,56
363.01,1552282598,7703.41,51.44795820,7.42765556,188.70,31.91,0.00,319.90,0,-104.00,-11.00,0.00,0.00,31.00,0.00,0,56
370.01,1552282605,7922.04,51.44955738,7.42584890,183.90,32.11,0.00,328.75,0,-109.00,-10.00,0.00,0.00,27.00,0.00,0,40
370.01,1552282605,7922.08,51.44955738,7.42584890,183.90,32.11,0.00,328.75,0,-114.00,-15.00,0.00,0.00,27.00,0.00,0,157
370.01,1552282605,7922.11,51.44955738,7.42584890,183.90,32.11,0.00,328.75,0,-114.00,-15.00,0.00,0.00,27.00,0.00,0,27
371.01,1552282606,7954.16,51.44981384,7.42562141,183.24,32.57,0.00,330.56,0,-109.00,-10.00,0.00,0.00,27.00,0.00,0,40
371.01,1552282606,7954.19,51.44981384,7.42562141,183.24,32.57,0.00,330.56,0,-114.00,-15.00,0.00,0.00,27.00,0.00,0,157
371.01,1552282606,7954.19,51.44981384,7.42562141,183.24,32.57,0.00,330.56,0,-114.00,-15.00,0.00,0.00,27.00,0.00,0,27
375.01,1552282610,8086.04,51.45089993,7.42475859,179.23,32.83,0.00,335.84,0,-94.00,-9.00,0.00,0.00,41.00,0.00,0,132
376.01,1552282611,8118.87,51.45117091,7.42457318,177.84,32.47,0.00,337.01,0,-94.00,-9.00,0.00,0.00,41.00,0.00,0,132
377.01,1552282612,8151.41,51.45144420,7.42439305,176.36,32.30,0.00,338.09,0,-85.00,-8.00,0.00,0.00,48.00,0.00,0,376
377.01,1552282612,8151.44,51.45144420,7.42439305,176.36,32.30,0.00,338.09,0,-87.00,-10.00,0.00,0.00,48.00,0.00,0,386
377.01,1552282612,8151.44,51.45144420,7.42439305,176.36,32.30,0.00,338.09,0,-88.00,-10.00,0.00,0.00,47.00,0.00,0,230
378.01,1552282613,8183.75,51.45170743,7.42423168,174.79,32.45,0.00,339.59,0,-85.00,-8.00,0.00,0.00,48.00,0.00,0,376
378.01,1552282613,8183.78,51.45170743,7.42423168,174.79,32.45,0.00,339.59,0,-87.00,-10.00,0.00,0.00,48.00,0.00,0,386
378.02,1552282613,8183.81,51.45170743,7.42423168,174.79,32.45,0.00,339.59,0,-88.00,-10.00,0.00,0.00,47.00,0.00,0,230
379.01,1552282614,8216.13,51.45197211,7.42407319,173.40,32.24,0.00,340.50,0,-87.00,-7.00,0.00,0.00,45.00,0.00,0,230
379.01,1552282614,8216.16,51.45197211,7.42407319,173.40,32.24,0.00,340.50,0,-97.00,-8.00,0.00,0.00,37.00,0.00,0,119
379.01,1552282614,8216.20,51.45197211,7.42407319,173.40,32.24,0.00,340.50,0,-102.00,-12.00,0.00,0.00,38.00,0.00,0,27
380.01,1552282615,8248.40,51.45224164,7.42392947,171.78,32.04,0.00,341.65,0,-87.00,-7.00,0.00,0.00,45.00,0.00,0,230
380.01,1552282615,8248.43,51.45224164,7.42392947,171.78,32.04,0.00,341.65,0,-97.00,-8.00,0.00,0.00,37.00,0.00,0,119
380.01,1552282615,8248.43,51.45224164,7.42392947,171.78,32.04,0.00,341.65,0,-102.00,-12.00,0.00,0.00,38.00,0.00,0,27
385.01,1552282620,8407.61,51.45360297,7.42326196,164.16,32.43,0.00,343.87,0,-80.00,-6.00,0.00,0.00,53.00,0.00,0,70
386.01,1552282621,8440.01,51.45388194,7.42313737,162.91,32.68,0.00,343.82,0,-80.00,-6.00,0.00,0.00,53.00,0.00,0,70
387.01,1552282622,8472.76,51.45416306,7.42301043,161.80,33.04,0.00,343.81,0,-79.00,-7.00,0.00,0.00,54.00,0.00,0,70
387.01,1552282622,8472.79,51.45416306,7.42301043,161.80,33.04,0.00,343.81,0,-85.00,-7.00,0.00,0.00,49.00,0.00,0,40
388.01,1552282623,8505.60,51.45444565,7.42288123,160.90,33.28,0.00,343.65,0,-79.00,-7.00,0.00,0.00,54.00,0.00,0,70
388.01,1552282623,8505.60,51.45444565,7.42288123,160.90,33.28,0.00,343.65,0,-85.00,-7.00,0.00,0.00,49.00,0.00,0,40
389.03,1552282624,8539.57,51.45473188,7.42274826,160.19,33.58,0.00,343.40,0,-78.00,-7.00,0.00,0.00,55.00,0.00,0,70
389.03,1552282624,8539.61,51.45473188,7.42274826,160.19,33.58,0.00,343.40,0,-90.00,-9.00,0.00,0.00,48.00,0.00,0,40
390.01,1552282625,8572.62,51.45502039,7.42261275,159.68,33.86,0.00,343.06,0,-78.00,-7.00,0.00,0.00,55.00,0.00,0,70
390.01,1552282625,8572.65,51.45502039,7.42261275,159.68,33.86,0.00,343.06,0,-90.00,-9.00,0.00,0.00,48.00,0.00,0,40
393.02,1552282628,8675.04,51.45589662,7.42216577,158.68,34.24,0.00,341.43,0,-73.00,-7.00,0.00,0.00,60.00,0.00,0,70
394.01,1552282629,8709.04,51.45619044,7.42200225,158.13,34.18,0.00,340.37,0,-73.00,-7.00,0.00,0.00,60.00,0.00,0,70
395.01,1552282630,8743.22,51.45648048,7.42183218,157.48,34.11,0.00,339.29,0,-73.00,-7.00,0.00,0.00,60.00,0.00,0,70
396.01,1552282631,8777.33,51.45676617,7.42166405,156.35,34.09,0.00,338.32,0,-79.00,-6.00,0.00,0.00,53.00,0.00,0,70
396.01,1552282631,8777.36,51.45676617,7.42166405,156.35,34.09,0.00,338.32,0,-88.00,-9.00,0.00,0.00,48.00,0.00,0,40
397.01,1552282632,8811.42,51.45704980,7.42147932,155.42,34.30,0.00,337.46,0,-79.00,-6.00,0.00,0.00,53.00,0.00,0,70
397.01,1552282632,8811.46,51.45704980,7.42147932,155.42,34.30,0.00,337.46,0,-88.00,-9.00,0.00,0.00,48.00,0.00,0,40
398.01,1552282633,8845.76,51.45733318,7.42129175,154.72,34.44,0.00,336.52,0,-85.00,-7.00,0.00,0.00,47.00,0.00,0,386
398.01,1552282633,8845.79,51.45733318,7.42129175,154.72,34.44,0.00,336.52,0,-86.00,-9.00,0.00,0.00,48.00,0.00,0,70
398.01,1552282633,8845.79,51.45733318,7.42129175,154.72,34.44,0.00,336.52,0,-88.00,-9.00,0.00,0.00,46.00,0.00,0,376
398.01,1552282633,8845.83,51.45733318,7.42129175,154.72,34.44,0.00,336.52,0,-90.00,-9.00,0.00,0.00,46.00,0.00,0,40
399.01,1552282634,8880.27,51.45760555,7.42109262,154.16,34.49,0.00,335.56,0,-85.00,-7.00,0.00,0.00,47.00,0.00,0,386
399.02,1552282634,8880.30,51.45760555,7.42109262,154.16,34.49,0.00,335.56,0,-86.00,-9.00,0.00,0.00,48.00,0.00,0,70
399.02,1552282634,8880.34,51.45760555,7.42109262,154.16,34.49,0.00,335.56,0,-88.00,-9.00,0.00,0.00,46.00,0.00,0,376
399.02,1552282634,8880.34,51.45760555,7.42109262,154.16,34.49,0.00,335.56,0,-90.00,-9.00,0.00,0.00,46.00,0.00,0,40
400.01,1552282635,8914.69,51.45788537,7.42088113,154.20,34.66,0.00,334.52,0,-86.00,-11.00,0.00,0.00,55.00,0.00,0,386
400.01,1552282635,8914.72,51.45788537,7.42088113,154.20,34.66,0.00,334.52,0,-95.00,-11.00,0.00,0.00,42.00,0.00,0,377
400.01,1552282635,8914.72,51.45788537,7.42088113,154.20,34.66,0.00,334.52,0,-97.00,-14.00,0.00,0.00,43.00,0.00,0,39
401.01,1552282636,8949.35,51.45816396,7.42066175,154.46,34.17,0.00,333.37,0,-86.00,-11.00,0.00,0.00,55.00,0.00,0,386
401.01,1552282636,8949.38,51.45816396,7.42066175,154.46,34.17,0.00,333.37,0,-95.00,-11.00,0.00,0.00,42.00,0.00,0,377
401.01,1552282636,8949.42,51.45816396,7.42066175,154.46,34.17,0.00,333.37,0,-97.00,-14.00,0.00,0.00,43.00,0.00,0,39
402.01,1552282637,8983.55,51.45844614,7.42043882,155.06,33.65,0.00,332.46,0,-91.00,-11.00,0.00,0.00,46.00,0.00,0,39
403.01,1552282638,9017.10,51.45871136,7.42021078,155.68,33.59,0.00,331.64,0,-91.00,-11.00,0.00,0.00,46.00,0.00,0,39
404.01,1552282639,9050.73,51.45897780,7.41997983,156.11,33.69,0.00,330.77,0,-87.00,-12.00,0.00,0.00,50.00,0.00,0,69
404.01,1552282639,9050.76,51.45897780,7.41997983,156.11,33.69,0.00,330.77,0,-87.00,-10.00,0.00,0.00,48.00,0.00,0,386
404.01,1552282639,9050.76,51.45897780,7.41997983,156.11,33.69,0.00,330.77,0,-88.00,-12.00,0.00,0.00,50.00,0.00,0,70
404.01,1552282639,9050.80,51.45897780,7.41997983,156.11,33.69,0.00,330.77,0,-92.00,-13.00,0.00,0.00,46.00,0.00,0,40
404.01,1552282639,9050.80,51.45897780,7.41997983,156.11,33.69,0.00,330.77,0,-92.00,-12.00,0.00,0.00,46.00,0.00,0,39
405.01,1552282640,9084.52,51.45923417,7.41974415,156.33,33.72,0.00,330.03,0,-87.00,-12.00,0.00,0.00,50.00,0.00,0,69
405.01,1552282640,9084.52,51.45923417,7.41974415,156.33,33.72,0.00,330.03,0,-87.00,-10.00,0.00,0.00,48.00,0.00,0,386
405.02,1552282640,9084.55,51.45923417,7.41974415,156.33,33.72,0.00,330.03,0,-88.00,-12.00,0.00,0.00,50.00,0.00,0,70
405.02,1552282640,9084.59,51.45923417,7.41974415,156.33,33.72,0.00,330.03,0,-92.00,-13.00,0.00,0.00,46.00,0.00,0,40
405.02,1552282640,9084.59,51.45923417,7.41974415,156.33,33.72,0.00,330.03,0,-92.00,-12.00,0.00,0.00,46.00,0.00,0,39
406.01,1552282641,9118.14,51.45949027,7.41949820,156.67,33.65,0.00,328.98,0,-77.00,-8.00,0.00,0.00,56.00,0.00,0,69
406.01,1552282641,9118.17,51.45949027,7.41949820,156.67,33.65,0.00,328.98,0,-87.00,-10.00,0.00,0.00,50.00,0.00,0,39
407.01,1552282642,9151.79,51.45974817,7.41925020,156.89,33.68,0.00,328.04,0,-77.00,-8.00,0.00,0.00,56.00,0.00,0,69
407.01,1552282642,9151.79,51.45974817,7.41925020,156.89,33.68,0.00,328.04,0,-87.00,-10.00,0.00,0.00,50.00,0.00,0,39
408.01,1552282643,9185.44,51.46000386,7.41898416,157.14,33.84,0.00,326.81,0,-83.00,-8.00,0.00,0.00,51.00,0.00,0,69
409.01,1552282644,9219.38,51.46026077,7.41870843,157.49,33.95,0.00,325.78,0,-83.00,-8.00,0.00,0.00,51.00,0.00,0,69
410.01,1552282645,9253.24,51.46051592,7.41842209,157.83,34.09,0.00,324.60,0,-83.00,-9.00,0.00,0.00,52.00,0.00,0,69
411.01,1552282646,9287.36,51.46077328,7.41813061,158.36,34.20,0.00,323.76,0,-83.00,-9.00,0.00,0.00,52.00,0.00,0,69
412.01,1552282647,9321.53,51.46102150,7.41783218,158.94,34.27,0.00,322.86,0,-90.00,-11.00,0.00,0.00,47.00,0.00,0,119
413.01,1552282648,9355.80,51.46126849,7.41753362,159.52,34.38,0.00,321.88,0,-90.00,-11.00,0.00,0.00,47.00,0.00,0,119
414.02,1552282649,9390.52,51.46150911,7.41722594,159.83,34.51,0.00,320.85,0,-86.00,-9.00,0.00,0.00,51.00,0.00,0,93
415.01,1552282650,9424.68,51.46175187,7.41691351,159.90,34.63,0.00,320.37,0,-86.00,-9.00,0.00,0.00,51.00,0.00,0,93
416.01,1552282651,9459.35,51.46199163,7.41658683,159.92,34.74,0.00,319.02,0,-86.00,-9.00,0.00,0.00,51.00,0.00,0,93
419.01,1552282654,9564.56,51.46269227,7.41554993,159.66,35.56,0.00,315.84,0,-88.00,-7.00,0.00,0.00,45.00,0.00,0,93
420.01,1552282655,9600.09,51.46292119,7.41518782,159.51,35.93,0.00,314.97,0,-88.00,-7.00,0.00,0.00,45.00,0.00,0,93
423.01,1552282658,9708.41,51.46358198,7.41405449,158.64,36.48,0.00,311.89,0,-92.00,-7.00,0.00,0.00,43.00,0.00,0,119
424.01,1552282659,9744.85,51.46379459,7.41366884,158.70,36.63,0.00,310.99,0,-92.00,-7.00,0.00,0.00,43.00,0.00,0,119
425.01,1552282660,9781.48,51.46400354,7.41327311,158.71,36.81,0.00,310.60,0,-86.00,-7.00,0.00,0.00,47.00,0.00,0,132
426.01,1552282661,9818.29,51.46421570,7.41287202,158.49,36.90,0.00,309.84,0,-86.00,-7.00,0.00,0.00,47.00,0.00,0,132
427.01,1552282662,9855.27,51.46442625,7.41245442,158.28,36.99,0.00,309.23,0,-93.00,-10.00,0.00,0.00,43.00,0.00,0,431
427.01,1552282662,9855.30,51.46442625,7.41245442,158.28,36.99,0.00,309.23,0,-98.00,-13.00,0.00,0.00,40.00,0.00,0,230
427.01,1552282662,9855.34,51.46442625,7.41245442,158.28,36.99,0.00,309.23,0,-98.00,-15.00,0.00,0.00,42.00,0.00,0,429
427.01,1552282662,9855.34,51.46442625,7.41245442,158.28,36.99,0.00,309.23,0,-99.00,-12.00,0.00,0.00,39.00,0.00,0,93
428.01,1552282663,9892.30,51.46463428,7.41203505,158.01,37.14,0.00,308.41,0,-93.00,-10.00,0.00,0.00,43.00,0.00,0,431
428.01,1552282663,9892.30,51.46463428,7.41203505,158.01,37.14,0.00,308.41,0,-98.00,-13.00,0.00,0.00,40.00,0.00,0,230
428.01,1552282663,9892.33,51.46463428,7.41203505,158.01,37.14,0.00,308.41,0,-98.00,-15.00,0.00,0.00,42.00,0.00,0,429
428.02,1552282663,9892.37,51.46463428,7.41203505,158.01,37.14,0.00,308.41,0,-99.00,-12.00,0.00,0.00,39.00,0.00,0,93
429.01,1552282664,9929.25,51.46484155,7.41161703,157.69,37.20,0.00,308.56,0,-93.00,-12.00,0.00,0.00,46.00,0.00,0,51
429.01,1552282664,9929.25,51.46484155,7.41161703,157.69,37.20,0.00,308.56,0,-94.00,-12.00,0.00,0.00,44.00,0.00,0,230
429.01,1552282664,9929.29,51.46484155,7.41161703,157.69,37.20,0.00,308.56,0,-95.00,-12.00,0.00,0.00,43.00,0.00,0,132
429.01,1552282664,9929.29,51.46484155,7.41161703,157.69,37.20,0.00,308.56,0,-99.00,-10.00,0.00,0.00,36.00,0.00,0,93
429.01,1552282664,9929.29,51.46484155,7.41161703,157.69,37.20,0.00,308.56,0,-100.00,-10.00,0.00,0.00,38.00,0.00,0,119
430.01,1552282665,9966.64,51.46505055,7.41119300,157.42,37.48,0.00,308.30,0,-93.00,-12.00,0.00,0.00,46.00,0.00,0,51
430.01,1552282665,9966.68,51.46505055,7.41119300,157.42,37.48,0.00,308.30,0,-94.00,-12.00,0.00,0.00,44.00,0.00,0,230
430.02,1552282665,9966.72,51.46505055,7.41119300,157.42,37.48,0.00,308.30,0,-95.00,-12.00,0.00,0.00,43.00,0.00,0,132
430.02,1552282665,9966.72,51.46505055,7.41119300,157.42,37.48,0.00,308.30,0,-99.00,-10.00,0.00,0.00,36.00,0.00,0,93
430.02,1552282665,9966.75,51.46505055,7.41119300,157.42,37.48,0.00,308.30,0,-100.00,-10.00,0.00,0.00,38.00,0.00,0,119
431.01,1552282666,10004.12,51.46526171,7.41076670,157.09,37.66,0.00,308.24,0,-93.00,-9.00,0.00,0.00,42.00,0.00,0,51
431.01,1552282666,10004.12,51.46526171,7.41076670,157.09,37.66,0.00,308.24,0,-95.00,-11.00,0.00,0.00,41.00,0.00,0,392
431.01,1552282666,10004.16,51.46526171,7.41076670,157.09,37.66,0.00,308.24,0,-97.00,-11.00,0.00,0.00,40.00,0.00,0,132
431.02,1552282666,10004.20,51.46526171,7.41076670,157.09,37.66,0.00,308.24,0,-103.00,-10.00,0.00,0.00,34.00,0.00,0,93
431.02,1552282666,10004.20,51.46526171,7.41076670,157.09,37.66,0.00,308.24,0,-107.00,-16.00,0.00,0.00,33.00,0.00,0,171
432.01,1552282667,10041.78,51.46546896,7.41033703,156.72,37.80,0.00,307.97,0,-93.00,-9.00,0.00,0.00,42.00,0.00,0,51
432.01,1552282667,10041.82,51.46546896,7.41033703,156.72,37.80,0.00,307.97,0,-95.00,-11.00,0.00,0.00,41.00,0.00,0,392
432.02,1552282667,10041.86,51.46546896,7.41033703,156.72,37.80,0.00,307.97,0,-97.00,-11.00,0.00,0.00,40.00,0.00,0,132
432.02,1552282667,10041.90,51.46546896,7.41033703,156.72,37.80,0.00,307.97,0,-103.00,-10.00,0.00,0.00,34.00,0.00,0,93
432.02,1552282667,10041.90,51.46546896,7.41033703,156.72,37.80,0.00,307.97,0,-107.00,-16.00,0.00,0.00,33.00,0.00,0,171
435.02,1552282670,10155.68,51.46610530,7.40903337,155.02,37.86,0.00,308.33,0,-85.00,-8.00,0.00,0.00,50.00,0.00,0,386
436.01,1552282671,10193.27,51.46631349,7.40860804,154.60,36.90,0.00,308.26,0,-85.00,-8.00,0.00,0.00,50.00,0.00,0,386
437.01,1552282672,10230.13,51.46651658,7.40819427,154.30,35.79,0.00,308.67,0,-85.00,-8.00,0.00,0.00,50.00,0.00,0,386
438.01,1552282673,10265.99,51.46671964,7.40779348,154.01,35.69,0.00,309.02,0,-93.00,-10.00,0.00,0.00,42.00,0.00,0,69
438.01,1552282673,10266.03,51.46671964,7.40779348,154.01,35.69,0.00,309.02,0,-95.00,-13.00,0.00,0.00,44.00,0.00,0,431
438.01,1552282673,10266.03,51.46671964,7.40779348,154.01,35.69,0.00,309.02,0,-96.00,-13.00,0.00,0.00,42.00,0.00,0,376
439.01,1552282674,10301.69,51.46691987,7.40739644,154.00,35.71,0.00,309.08,0,-93.00,-10.00,0.00,0.00,42.00,0.00,0,69
439.01,1552282674,10301.69,51.46691987,7.40739644,154.00,35.71,0.00,309.08,0,-95.00,-13.00,0.00,0.00,44.00,0.00,0,431
439.01,1552282674,10301.72,51.46691987,7.40739644,154.00,35.71,0.00,309.08,0,-96.00,-13.00,0.00,0.00,42.00,0.00,0,376
440.01,1552282675,10337.44,51.46712299,7.40699765,153.93,35.72,0.00,309.17,0,-92.00,-10.00,0.00,0.00,44.00,0.00,0,69
440.01,1552282675,10337.44,51.46712299,7.40699765,153.93,35.72,0.00,309.17,0,-93.00,-11.00,0.00,0.00,44.00,0.00,0,376
440.01,1552282675,10337.47,51.46712299,7.40699765,153.93,35.72,0.00,309.17,0,-94.00,-13.00,0.00,0.00,45.00,0.00,0,132
440.02,1552282675,10337.51,51.46712299,7.40699765,153.93,35.72,0.00,309.17,0,-97.00,-10.00,0.00,0.00,39.00,0.00,0,377
440.02,1552282675,10337.51,51.46712299,7.40699765,153.93,35.72,0.00,309.17,0,-102.00,-13.00,0.00,0.00,39.00,0.00,0,93
441.01,1552282676,10373.16,51.46732782,7.40659423,154.06,35.93,0.00,309.64,0,-92.00,-10.00,0.00,0.00,44.00,0.00,0,69
441.01,1552282676,10373.20,51.46732782,7.40659423,154.06,35.93,0.00,309.64,0,-93.00,-11.00,0.00,0.00,44.00,0.00,0,376
441.02,1552282676,10373.23,51.46732782,7.40659423,154.06,35.93,0.00,309.64,0,-94.00,-13.00,0.00,0.00,45.00,0.00,0,132
441.02,1552282676,10373.23,51.46732782,7.40659423,154.06,35.93,0.00,309.64,0,-97.00,-10.00,0.00,0.00,39.00,0.00,0,377
441.02,1552282676,10373.27,51.46732782,7.40659423,154.06,35.93,0.00,309.64,0,-102.00,-13.00,0.00,0.00,39.00,0.00,0,93
442.01,1552282677,10409.05,51.46753500,7.40619384,154.11,36.28,0.00,310.02,0,-89.00,-9.00,0.00,0.00,45.00,0.00,0,69
442.01,1552282677,10409.09,51.46753500,7.40619384,154.11,36.28,0.00,310.02,0,-93.00,-12.00,0.00,0.00,45.00,0.00,0,376
442.01,1552282677,10409.13,51.46753500,7.40619384,154.11,36.28,0.00,310.02,0,-95.00,-15.00,0.00,0.00,45.00,0.00,0,431
442.01,1552282677,10409.13,51.46753500,7.40619384,154.11,36.28,0.00,310.02,0,-91.00,-7.00,0.00,0.00,42.00,0.00,0,377
443.01,1552282678,10445.33,51.46774576,7.40580973,154.69,36.84,0.00,310.83,0,-89.00,-9.00,0.00,0.00,45.00,0.00,0,69
443.01,1552282678,10445.37,51.46774576,7.40580973,154.69,36.84,0.00,310.83,0,-93.00,-12.00,0.00,0.00,45.00,0.00,0,376
443.01,1552282678,10445.41,51.46774576,7.40580973,154.69,36.84,0.00,310.83,0,-95.00,-15.00,0.00,0.00,45.00,0.00,0,431
443.01,1552282678,10445.41,51.46774576,7.40580973,154.69,36.84,0.00,310.83,0,-91.00,-7.00,0.00,0.00,42.00,0.00,0,377
444.01,1552282679,10482.17,51.46796201,7.40541134,155.38,37.11,0.00,310.80,0,-93.00,-11.00,0.00,0.00,43.00,0.00,0,376
444.01,1552282679,10482.21,51.46796201,7.40541134,155.38,37.11,0.00,310.80,0,-94.00,-11.00,0.00,0.00,43.00,0.00,0,69
444.01,1552282679,10482.25,51.46796201,7.40541134,155.38,37.11,0.00,310.80,0,-94.00,-10.00,0.00,0.00,42.00,0.00,0,230
444.02,1552282679,10482.29,51.46796201,7.40541134,155.38,37.11,0.00,310.80,0,-93.00,-10.00,0.00,0.00,45.00,0.00,0,377
445.01,1552282680,10519.33,51.46818209,7.40500531,156.19,37.24,0.00,311.05,0,-93.00,-11.00,0.00,0.00,43.00,0.00,0,376
445.01,1552282680,10519.33,51.46818209,7.40500531,156.19,37.24,0.00,311.05,0,-94.00,-11.00,0.00,0.00,43.00,0.00,0,69
445.01,1552282680,10519.36,51.46818209,7.40500531,156.19,37.24,0.00,311.05,0,-94.00,-10.00,0.00,0.00,42.00,0.00,0,230
445.02,1552282680,10519.40,51.46818209,7.40500531,156.19,37.24,0.00,311.05,0,-93.00,-10.00,0.00,0.00,45.00,0.00,0,377
448.01,1552282683,10632.57,51.46887204,7.40379217,159.47,37.69,0.00,312.91,0,-98.00,-14.00,0.00,0.00,41.00,0.00,0,57
448.01,1552282683,10632.60,51.46887204,7.40379217,159.47,37.69,0.00,312.91,0,-99.00,-14.00,0.00,0.00,41.00,0.00,0,431
448.01,1552282683,10632.60,51.46887204,7.40379217,159.47,37.69,0.00,312.91,0,-99.00,-15.00,0.00,0.00,41.00,0.00,0,205
448.02,1552282683,10632.64,51.46887204,7.40379217,159.47,37.69,0.00,312.91,0,-99.00,-8.00,0.00,0.00,37.00,0.00,0,74
448.02,1552282683,10632.68,51.46887204,7.40379217,159.47,37.69,0.00,312.91,0,-103.00,-14.00,0.00,0.00,37.00,0.00,0,93
449.01,1552282684,10670.29,51.46909495,7.40340836,160.76,36.49,0.00,313.26,0,-98.00,-14.00,0.00,0.00,41.00,0.00,0,57
449.01,1552282684,10670.29,51.46909495,7.40340836,160.76,36.49,0.00,313.26,0,-99.00,-14.00,0.00,0.00,41.00,0.00,0,431
449.02,1552282684,10670.33,51.46909495,7.40340836,160.76,36.49,0.00,313.26,0,-99.00,-15.00,0.00,0.00,41.00,0.00,0,205
449.02,1552282684,10670.36,51.46909495,7.40340836,160.76,36.49,0.00,313.26,0,-99.00,-8.00,0.00,0.00,37.00,0.00,0,74
449.02,1552282684,10670.36,51.46909495,7.40340836,160.76,36.49,0.00,313.26,0,-103.00,-14.00,0.00,0.00,37.00,0.00,0,93
450.01,1552282685,10706.74,51.46932232,7.40301431,161.67,35.97,0.00,312.98,0,-101.00,-12.00,0.00,0.00,37.00,0.00,0,431
450.01,1552282685,10706.78,51.46932232,7.40301431,161.67,35.97,0.00,312.98,0,-102.00,-14.00,0.00,0.00,37.00,0.00,0,386
450.02,1552282685,10706.81,51.46932232,7.40301431,161.67,35.97,0.00,312.98,0,-103.00,-14.00,0.00,0.00,36.00,0.00,0,376
450.02,1552282685,10706.81,51.46932232,7.40301431,161.67,35.97,0.00,312.98,0,-102.00,-9.00,0.00,0.00,34.00,0.00,0,74
451.01,1552282686,10742.72,51.46955676,7.40262900,162.87,36.73,0.00,313.95,0,-101.00,-12.00,0.00,0.00,37.00,0.00,0,431
451.01,1552282686,10742.75,51.46955676,7.40262900,162.87,36.73,0.00,313.95,0,-102.00,-14.00,0.00,0.00,37.00,0.00,0,386
451.01,1552282686,10742.75,51.46955676,7.40262900,162.87,36.73,0.00,313.95,0,-103.00,-14.00,0.00,0.00,36.00,0.00,0,376
451.02,1552282686,10742.79,51.46955676,7.40262900,162.87,36.73,0.00,313.95,0,-102.00,-9.00,0.00,0.00,34.00,0.00,0,74
452.01,1552282687,10779.41,51.46978597,7.40224972,164.13,36.69,0.00,314.70,0,-98.00,-10.00,0.00,0.00,38.00,0.00,0,386
452.01,1552282687,10779.41,51.46978597,7.40224972,164.13,36.69,0.00,314.70,0,-100.00,-13.00,0.00,0.00,38.00,0.00,0,137
452.01,1552282687,10779.44,51.46978597,7.40224972,164.13,36.69,0.00,314.70,0,-101.00,-12.00,0.00,0.00,37.00,0.00,0,376
453.01,1552282688,10816.10,51.47002009,7.40187299,165.30,36.33,0.00,315.08,0,-98.00,-10.00,0.00,0.00,38.00,0.00,0,386
453.01,1552282688,10816.13,51.47002009,7.40187299,165.30,36.33,0.00,315.08,0,-100.00,-13.00,0.00,0.00,38.00,0.00,0,137
453.01,1552282688,10816.17,51.47002009,7.40187299,165.30,36.33,0.00,315.08,0,-101.00,-12.00,0.00,0.00,37.00,0.00,0,376
454.01,1552282689,10852.42,51.47025214,7.40150241,166.75,35.91,0.00,315.93,0,-101.00,-12.00,0.00,0.00,37.00,0.00,0,137
454.01,1552282689,10852.46,51.47025214,7.40150241,166.75,35.91,0.00,315.93,0,-102.00,-12.00,0.00,0.00,36.00,0.00,0,376
454.01,1552282689,10852.46,51.47025214,7.40150241,166.75,35.91,0.00,315.93,0,-104.00,-16.00,0.00,0.00,37.00,0.00,0,132
454.01,1552282689,10852.50,51.47025214,7.40150241,166.75,35.91,0.00,315.93,0,-91.00,-5.00,0.00,0.00,42.00,0.00,0,74
455.01,1552282690,10888.37,51.47049160,7.40115406,167.79,35.37,0.00,317.96,0,-101.00,-12.00,0.00,0.00,37.00,0.00,0,137
455.01,1552282690,10888.40,51.47049160,7.40115406,167.79,35.37,0.00,317.96,0,-102.00,-12.00,0.00,0.00,36.00,0.00,0,376
455.01,1552282690,10888.40,51.47049160,7.40115406,167.79,35.37,0.00,317.96,0,-104.00,-16.00,0.00,0.00,37.00,0.00,0,132
455.02,1552282690,10888.44,51.47049160,7.40115406,167.79,35.37,0.00,317.96,0,-91.00,-5.00,0.00,0.00,42.00,0.00,0,74
456.02,1552282691,10923.95,51.47073039,7.40081264,168.74,35.00,0.00,318.44,0,-103.00,-12.00,0.00,0.00,34.00,0.00,0,376
456.02,1552282691,10923.98,51.47073039,7.40081264,168.74,35.00,0.00,318.44,0,-106.00,-15.00,0.00,0.00,35.00,0.00,0,57
456.02,1552282691,10923.98,51.47073039,7.40081264,168.74,35.00,0.00,318.44,0,-106.00,-14.00,0.00,0.00,33.00,0.00,0,230
457.01,1552282692,10958.70,51.47096216,7.40048562,169.51,33.92,0.00,317.31,0,-103.00,-12.00,0.00,0.00,34.00,0.00,0,376
457.01,1552282692,10958.73,51.47096216,7.40048562,169.51,33.92,0.00,317.31,0,-106.00,-15.00,0.00,0.00,35.00,0.00,0,57
457.01,1552282692,10958.73,51.47096216,7.40048562,169.51,33.92,0.00,317.31,0,-106.00,-14.00,0.00,0.00,33.00,0.00,0,230
458.01,1552282693,10992.61,51.47118490,7.40016796,170.34,32.82,0.00,317.24,0,-103.00,-12.00,0.00,0.00,34.00,0.00,0,376
458.01,1552282693,10992.61,51.47118490,7.40016796,170.34,32.82,0.00,317.24,0,-106.00,-15.00,0.00,0.00,35.00,0.00,0,57
458.01,1552282693,10992.65,51.47118490,7.40016796,170.34,32.82,0.00,317.24,0,-106.00,-14.00,0.00,0.00,33.00,0.00,0,230
459.01,1552282694,11025.43,51.47139866,7.39986387,171.02,30.94,0.00,317.65,0,-105.00,-11.00,0.00,0.00,32.00,0.00,0,205
459.01,1552282694,11025.46,51.47139866,7.39986387,171.02,30.94,0.00,317.65,0,-105.00,-15.00,0.00,0.00,37.00,0.00,0,90
459.01,1552282694,11025.49,51.47139866,7.39986387,171.02,30.94,0.00,317.65,0,-106.00,-16.00,0.00,0.00,38.00,0.00,0,431
459.02,1552282694,11025.52,51.47139866,7.39986387,171.02,30.94,0.00,317.65,0,-95.00,-5.00,0.00,0.00,39.00,0.00,0,74
460.01,1552282695,11056.40,51.47160393,7.39957285,171.69,29.49,0.00,318.04,0,-105.00,-11.00,0.00,0.00,32.00,0.00,0,205
460.01,1552282695,11056.43,51.47160393,7.39957285,171.69,29.49,0.00,318.04,0,-105.00,-15.00,0.00,0.00,37.00,0.00,0,90
460.02,1552282695,11056.46,51.47160393,7.39957285,171.69,29.49,0.00,318.04,0,-106.00,-16.00,0.00,0.00,38.00,0.00,0,431
460.02,1552282695,11056.49,51.47160393,7.39957285,171.69,29.49,0.00,318.04,0,-95.00,-5.00,0.00,0.00,39.00,0.00,0,74
461.01,1552282696,11085.86,51.47180000,7.39929371,172.23,28.66,0.00,318.01,0,-106.00,-12.00,0.00,0.00,31.00,0.00,0,163
461.01,1552282696,11085.89,51.47180000,7.39929371,172.23,28.66,0.00,318.01,0,-107.00,-13.00,0.00,0.00,32.00,0.00,0,56
461.01,1552282696,11085.92,51.47180000,7.39929371,172.23,28.66,0.00,318.01,0,-108.00,-13.00,0.00,0.00,31.00,0.00,0,78
462.01,1552282697,11114.53,51.47198868,7.39902101,172.21,28.15,0.00,318.52,0,-106.00,-12.00,0.00,0.00,31.00,0.00,0,163
462.01,1552282697,11114.55,51.47198868,7.39902101,172.21,28.15,0.00,318.52,0,-107.00,-13.00,0.00,0.00,32.00,0.00,0,56
462.01,1552282697,11114.58,51.47198868,7.39902101,172.21,28.15,0.00,318.52,0,-108.00,-13.00,0.00,0.00,31.00,0.00,0,78
463.01,1552282698,11142.67,51.47217744,7.39875333,171.67,28.09,0.00,319.08,0,-107.00,-14.00,0.00,0.00,32.00,0.00,0,56
463.01,1552282698,11142.70,51.47217744,7.39875333,171.67,28.09,0.00,319.08,0,-109.00,-15.00,0.00,0.00,32.00,0.00,0,392
463.01,1552282698,11142.73,51.47217744,7.39875333,171.67,28.09,0.00,319.08,0,-110.00,-16.00,0.00,0.00,31.00,0.00,0,431
464.01,1552282699,11170.73,51.47236252,7.39848928,170.95,28.13,0.00,319.33,0,-107.00,-14.00,0.00,0.00,32.00,0.00,0,56
464.01,1552282699,11170.76,51.47236252,7.39848928,170.95,28.13,0.00,319.33,0,-109.00,-15.00,0.00,0.00,32.00,0.00,0,392
464.01,1552282699,11170.79,51.47236252,7.39848928,170.95,28.13,0.00,319.33,0,-110.00,-16.00,0.00,0.00,31.00,0.00,0,431
465.01,1552282700,11198.89,51.47255420,7.39822172,170.39,28.52,0.00,319.49,0,-108.00,-13.00,0.00,0.00,31.00,0.00,0,56
465.01,1552282700,11198.92,51.47255420,7.39822172,170.39,28.52,0.00,319.49,0,-109.00,-15.00,0.00,0.00,33.00,0.00,0,163
465.01,1552282700,11198.92,51.47255420,7.39822172,170.39,28.52,0.00,319.49,0,-109.00,-15.00,0.00,0.00,31.00,0.00,0,392
466.01,1552282701,11227.40,51.47275049,7.39794766,169.66,28.82,0.00,319.49,0,-108.00,-13.00,0.00,0.00,31.00,0.00,0,56
466.01,1552282701,11227.43,51.47275049,7.39794766,169.66,28.82,0.00,319.49,0,-109.00,-15.00,0.00,0.00,33.00,0.00,0,163
466.01,1552282701,11227.46,51.47275049,7.39794766,169.66,28.82,0.00,319.49,0,-109.00,-15.00,0.00,0.00,31.00,0.00,0,392
467.01,1552282702,11256.22,51.47294662,7.39767567,168.84,29.13,0.00,319.85,0,-106.00,-11.00,0.00,0.00,31.00,0.00,0,392
467.01,1552282702,11256.22,51.47294662,7.39767567,168.84,29.13,0.00,319.85,0,-107.00,-12.00,0.00,0.00,31.00,0.00,0,56
467.01,1552282702,11256.25,51.47294662,7.39767567,168.84,29.13,0.00,319.85,0,-109.00,-13.00,0.00,0.00,29.00,0.00,0,163
468.01,1552282703,11285.32,51.47314332,7.39740416,168.25,29.15,0.00,319.91,0,-106.00,-11.00,0.00,0.00,31.00,0.00,0,392
468.01,1552282703,11285.35,51.47314332,7.39740416,168.25,29.15,0.00,319.91,0,-107.00,-12.00,0.00,0.00,31.00,0.00,0,56
468.01,1552282703,11285.38,51.47314332,7.39740416,168.25,29.15,0.00,319.91,0,-109.00,-13.00,0.00,0.00,29.00,0.00,0,163
469.01,1552282704,11314.47,51.47334636,7.39714395,168.57,28.59,0.00,320.72,0,-107.00,-12.00,0.00,0.00,31.00,0.00,0,392
469.01,1552282704,11314.50,51.47334636,7.39714395,168.57,28.59,0.00,320.72,0,-108.00,-13.00,0.00,0.00,31.00,0.00,0,431
469.01,1552282704,11314.53,51.47334636,7.39714395,168.57,28.59,0.00,320.72,0,-109.00,-15.00,0.00,0.00,32.00,0.00,0,78
470.01,1552282705,11343.09,51.47355010,7.39688090,169.40,28.83,0.00,321.10,0,-107.00,-12.00,0.00,0.00,31.00,0.00,0,392
470.01,1552282705,11343.09,51.47355010,7.39688090,169.40,28.83,0.00,321.10,0,-108.00,-13.00,0.00,0.00,31.00,0.00,0,431
470.01,1552282705,11343.12,51.47355010,7.39688090,169.40,28.83,0.00,321.10,0,-109.00,-15.00,0.00,0.00,32.00,0.00,0,78
471.01,1552282706,11371.92,51.47375455,7.39661637,170.44,28.84,0.00,321.46,0,-107.00,-12.00,0.00,0.00,31.00,0.00,0,431
471.01,1552282706,11371.92,51.47375455,7.39661637,170.44,28.84,0.00,321.46,0,-107.00,-13.00,0.00,0.00,31.00,0.00,0,392
471.01,1552282706,11371.95,51.47375455,7.39661637,170.44,28.84,0.00,321.46,0,-108.00,-13.00,0.00,0.00,30.00,0.00,0,57
472.01,1552282707,11400.77,51.47395694,7.39636250,171.07,28.38,0.00,322.29,0,-107.00,-12.00,0.00,0.00,31.00,0.00,0,431
472.01,1552282707,11400.80,51.47395694,7.39636250,171.07,28.38,0.00,322.29,0,-107.00,-13.00,0.00,0.00,31.00,0.00,0,392
472.01,1552282707,11400.80,51.47395694,7.39636250,171.07,28.38,0.00,322.29,0,-108.00,-13.00,0.00,0.00,30.00,0.00,0,57
473.01,1552282708,11429.15,51.47415544,7.39611872,171.48,27.87,0.00,323.08,0,-104.00,-11.00,0.00,0.00,32.00,0.00,0,340
473.01,1552282708,11429.17,51.47415544,7.39611872,171.48,27.87,0.00,323.08,0,-108.00,-14.00,0.00,0.00,31.00,0.00,0,57
473.01,1552282708,11429.20,51.47415544,7.39611872,171.48,27.87,0.00,323.08,0,-108.00,-14.00,0.00,0.00,32.00,0.00,0,78
474.01,1552282709,11457.02,51.47435821,7.39587865,172.20,27.74,0.00,323.79,0,-104.00,-11.00,0.00,0.00,32.00,0.00,0,340
474.01,1552282709,11457.05,51.47435821,7.39587865,172.20,27.74,0.00,323.79,0,-108.00,-14.00,0.00,0.00,31.00,0.00,0,57
474.01,1552282709,11457.05,51.47435821,7.39587865,172.20,27.74,0.00,323.79,0,-108.00,-14.00,0.00,0.00,32.00,0.00,0,78
475.01,1552282710,11484.76,51.47456283,7.39563733,172.66,27.82,0.00,324.04,0,-107.00,-14.00,0.00,0.00,34.00,0.00,0,392
475.01,1552282710,11484.79,51.47456283,7.39563733,172.66,27.82,0.00,324.04,0,-107.00,-14.00,0.00,0.00,33.00,0.00,0,57
475.01,1552282710,11484.79,51.47456283,7.39563733,172.66,27.82,0.00,324.04,0,-108.00,-15.00,0.00,0.00,34.00,0.00,0,78
476.01,1552282711,11512.58,51.47476893,7.39540482,172.98,27.74,0.00,324.81,0,-107.00,-14.00,0.00,0.00,34.00,0.00,0,392
476.01,1552282711,11512.61,51.47476893,7.39540482,172.98,27.74,0.00,324.81,0,-107.00,-14.00,0.00,0.00,33.00,0.00,0,57
476.01,1552282711,11512.61,51.47476893,7.39540482,172.98,27.74,0.00,324.81,0,-108.00,-15.00,0.00,0.00,34.00,0.00,0,78
477.02,1552282712,11540.51,51.47496940,7.39518613,173.25,27.27,0.00,325.96,0,-102.00,-11.00,0.00,0.00,35.00,0.00,0,392
477.02,1552282712,11540.51,51.47496940,7.39518613,173.25,27.27,0.00,325.96,0,-105.00,-13.00,0.00,0.00,34.00,0.00,0,163
478.01,1552282713,11567.59,51.47517563,7.39497586,173.47,26.97,0.00,328.98,0,-102.00,-11.00,0.00,0.00,35.00,0.00,0,392
478.01,1552282713,11567.59,51.47517563,7.39497586,173.47,26.97,0.00,328.98,0,-105.00,-13.00,0.00,0.00,34.00,0.00,0,163
479.01,1552282714,11594.53,51.47537329,7.39477434,173.86,27.06,0.00,329.69,0,-102.00,-11.00,0.00,0.00,35.00,0.00,0,392
479.01,1552282714,11594.56,51.47537329,7.39477434,173.86,27.06,0.00,329.69,0,-105.00,-13.00,0.00,0.00,34.00,0.00,0,163
480.01,1552282715,11621.60,51.47558226,7.39456882,174.22,27.50,0.00,329.69,0,-95.00,-7.00,0.00,0.00,38.00,0.00,0,392
481.01,1552282716,11649.10,51.47579434,7.39436319,174.66,27.78,0.00,330.11,0,-95.00,-7.00,0.00,0.00,38.00,0.00,0,392
482.01,1552282717,11676.88,51.47600426,7.39416262,175.15,27.88,0.00,330.92,0,-89.00,-6.00,0.00,0.00,42.00,0.00,0,392
483.01,1552282718,11704.70,51.47622181,7.39396876,175.63,28.25,0.00,332.07,0,-89.00,-6.00,0.00,0.00,42.00,0.00,0,392
484.01,1552282719,11733.01,51.47644434,7.39377758,175.76,27.87,0.00,333.00,0,-93.00,-7.00,0.00,0.00,40.00,0.00,0,392
485.01,1552282720,11760.85,51.47666686,7.39360578,175.71,27.04,0.00,334.11,0,-93.00,-7.00,0.00,0.00,40.00,0.00,0,392
486.01,1552282721,11787.94,51.47688187,7.39345175,175.47,25.42,0.00,335.55,0,-95.00,-8.00,0.00,0.00,39.00,0.00,0,392
487.01,1552282722,11813.30,51.47708522,7.39331794,175.25,23.37,0.00,337.67,0,-95.00,-8.00,0.00,0.00,39.00,0.00,0,392
488.01,1552282723,11836.69,51.47727443,7.39320743,175.08,21.32,0.00,340.18,0,-95.00,-8.00,0.00,0.00,38.00,0.00,0,392
489.01,1552282724,11857.99,51.47745057,7.39312222,174.97,19.97,0.00,343.25,0,-95.00,-8.00,0.00,0.00,38.00,0.00,0,392
490.01,1552282725,11877.98,51.47761335,7.39305992,174.64,18.38,0.00,348.08,0,-89.00,-6.00,0.00,0.00,42.00,0.00,0,392
491.01,1552282726,11896.35,51.47777680,7.39301851,174.33,16.61,0.00,350.34,0,-89.00,-6.00,0.00,0.00,42.00,0.00,0,392
492.01,1552282727,11912.95,51.47792399,7.39299657,173.99,16.19,0.00,353.97,0,-85.00,-5.00,0.00,0.00,46.00,0.00,0,392
493.01,1552282728,11929.14,51.47806040,7.39300246,173.21,15.14,0.00,357.84,0,-85.00,-5.00,0.00,0.00,46.00,0.00,0,392
494.01,1552282729,11944.29,51.47819170,7.39305266,172.36,13.87,0.00,14.11,0,-86.00,-6.00,0.00,0.00,46.00,0.00,0,392
494.01,1552282729,11944.31,51.47819170,7.39305266,172.36,13.87,0.00,14.11,0,0.00,0.00,0.00,0.00,63.00,0.00,0,450
495.01,1552282730,11958.16,51.47833388,7.39311632,171.41,14.33,0.00,15.58,0,-86.00,-6.00,0.00,0.00,46.00,0.00,0,392
495.01,1552282730,11958.18,51.47833388,7.39311632,171.41,14.33,0.00,15.58,0,0.00,0.00,0.00,0.00,63.00,0.00,0,450
496.01,1552282731,11972.52,51.47845944,7.39318154,170.87,13.93,0.00,17.59,0,-87.00,-6.00,0.00,0.00,45.00,0.00,0,392
496.01,1552282731,11972.52,51.47845944,7.39318154,170.87,13.93,0.00,17.59,0,-225.00,-225.00,0.00,0.00,63.00,0.00,0,323
496.01,1552282731,11972.53,51.47845944,7.39318154,170.87,13.93,0.00,17.59,0,-225.00,-225.00,0.00,0.00,63.00,0.00,0,101
496.02,1552282731,11972.54,51.47845944,7.39318154,170.87,13.93,0.00,17.59,0,0.00,0.00,0.00,0.00,63.00,0.00,0,450
497.01,1552282732,11986.43,51.47858316,7.39329705,171.20,14.03,0.00,30.27,0,-87.00,-6.00,0.00,0.00,45.00,0.00,0,392
497.01,1552282732,11986.45,51.47858316,7.39329705,171.20,14.03,0.00,30.27,0,-225.00,-225.00,0.00,0.00,63.00,0.00,0,323
497.01,1552282732,11986.45,51.47858316,7.39329705,171.20,14.03,0.00,30.27,0,-225.00,-225.00,0.00,0.00,63.00,0.00,0,101
497.01,1552282732,11986.46,51.47858316,7.39329705,171.20,14.03,0.00,30.27,0,0.00,0.00,0.00,0.00,63.00,0.00,0,450
530.01,1552282765,12419.50,51.48134772,7.39635747,187.08,16.98,0.00,59.49,0,-83.00,-11.00,0.00,0.00,54.00,0.00,0,52
531.01,1552282766,12436.51,51.48142595,7.39656658,187.24,16.71,0.00,58.98,0,-83.00,-11.00,0.00,0.00,54.00,0.00,0,52
532.01,1552282767,12453.18,51.48149767,7.39676797,187.56,16.31,0.00,58.64,0,-82.00,-11.00,0.00,0.00,55.00,0.00,0,52
533.01,1552282768,12469.51,51.48157389,7.39697015,187.87,15.96,0.00,58.00,0,-82.00,-11.00,0.00,0.00,55.00,0.00,0,52
534.01,1552282769,12485.47,51.48165010,7.39716146,188.02,15.65,0.00,57.52,0,-91.00,-11.00,0.00,0.00,45.00,0.00,0,52
535.01,1552282770,12501.11,51.48172875,7.39734529,188.03,15.42,0.00,56.70,0,-91.00,-11.00,0.00,0.00,45.00,0.00,0,52
536.01,1552282771,12516.53,51.48181001,7.39752354,188.10,15.14,0.00,55.99,0,-90.00,-10.00,0.00,0.00,45.00,0.00,0,52
537.01,1552282772,12531.68,51.48189139,7.39769600,188.16,14.32,0.00,55.02,0,-90.00,-10.00,0.00,0.00,45.00,0.00,0,52
538.01,1552282773,12546.02,51.48196485,7.39784522,188.18,12.97,0.00,53.82,0,-87.00,-9.00,0.00,0.00,48.00,0.00,0,52
538.01,1552282773,12546.02,51.48196485,7.39784522,188.18,12.97,0.00,53.82,0,-100.00,-11.00,0.00,0.00,35.00,0.00,0,448
539.01,1552282774,12558.97,51.48203315,7.39798638,188.25,11.42,0.00,52.55,0,-87.00,-9.00,0.00,0.00,48.00,0.00,0,52
539.01,1552282774,12558.98,51.48203315,7.39798638,188.25,11.42,0.00,52.55,0,-100.00,-11.00,0.00,0.00,35.00,0.00,0,448
540.02,1552282775,12570.48,51.48208962,7.39809907,188.29,9.67,0.00,51.35,0,-80.00,-7.00,0.00,0.00,52.00,0.00,0,52
540.02,1552282775,12570.49,51.48208962,7.39809907,188.29,9.67,0.00,51.35,0,-97.00,-12.00,0.00,0.00,42.00,0.00,0,448
541.01,1552282776,12580.05,51.48214465,7.39818825,188.33,8.24,0.00,50.23,0,-80.00,-7.00,0.00,0.00,52.00,0.00,0,52
541.01,1552282776,12580.06,51.48214465,7.39818825,188.33,8.24,0.00,50.23,0,-97.00,-12.00,0.00,0.00,42.00,0.00,0,448
542.01,1552282777,12588.30,51.48219636,7.39826746,188.34,6.57,0.00,49.19,0,-80.00,-7.00,0.00,0.00,52.00,0.00,0,52
542.01,1552282777,12588.31,51.48219636,7.39826746,188.34,6.57,0.00,49.19,0,-97.00,-12.00,0.00,0.00,42.00,0.00,0,448
543.01,1552282778,12594.87,51.48224013,7.39833225,188.45,5.11,0.00,48.47,0,-81.00,-8.00,0.00,0.00,52.00,0.00,0,52
543.01,1552282778,12594.88,51.48224013,7.39833225,188.45,5.11,0.00,48.47,0,-96.00,-9.00,0.00,0.00,42.00,0.00,0,448
544.01,1552282779,12599.98,51.48226815,7.39837195,188.47,3.75,0.00,47.73,0,-81.00,-8.00,0.00,0.00,52.00,0.00,0,52
544.01,1552282779,12599.98,51.48226815,7.39837195,188.47,3.75,0.00,47.73,0,-96.00,-9.00,0.00,0.00,42.00,0.00,0,448
545.01,1552282780,12603.73,51.48229349,7.39840387,188.51,2.78,0.00,46.32,0,-84.00,-7.00,0.00,0.00,49.00,0.00,0,52
545.01,1552282780,12603.73,51.48229349,7.39840387,188.51,2.78,0.00,46.32,0,-92.00,-9.00,0.00,0.00,44.00,0.00,0,448
546.01,1552282781,12606.50,51.48230586,7.39841840,188.56,1.39,0.00,45.05,0,-84.00,-7.00,0.00,0.00,49.00,0.00,0,52
546.01,1552282781,12606.51,51.48230586,7.39841840,188.56,1.39,0.00,45.05,0,-92.00,-9.00,0.00,0.00,44.00,0.00,0,448
547.01,1552282782,12607.89,51.48231130,7.39842532,188.59,0.83,0.00,45.05,0,-83.00,-7.00,0.00,0.00,50.00,0.00,0,52
548.01,1552282783,12608.72,51.48231130,7.39842532,188.59,0.00,0.00,45.05,0,-83.00,-7.00,0.00,0.00,50.00,0.00,0,52
549.01,1552282784,12608.72,51.48231130,7.39842532,188.60,0.00,0.00,45.05,0,-85.00,-7.00,0.00,0.00,49.00,0.00,0,52
549.01,1552282784,12608.72,51.48231130,7.39842532,188.60,0.00,0.00,45.05,0,-100.00,-10.00,0.00,0.00,36.00,0.00,0,448
550.01,1552282785,12608.72,51.48231130,7.39842532,188.61,0.00,0.00,45.05,0,-85.00,-7.00,0.00,0.00,49.00,0.00,0,52
550.01,1552282785,12608.72,51.48231130,7.39842532,188.61,0.00,0.00,45.05,0,-100.00,-10.00,0.00,0.00,36.00,0.00,0,448
551.01,1552282786,12608.72,51.48231130,7.39842532,188.63,0.00,0.00,45.05,0,-86.00,-8.00,0.00,0.00,48.00,0.00,0,52
551.01,1552282786,12608.72,51.48231130,7.39842532,188.63,0.00,0.00,45.05,0,-100.00,-10.00,0.00,0.00,36.00,0.00,0,448
552.01,1552282787,12608.72,51.48231130,7.39842532,188.64,0.00,0.00,45.05,0,-86.00,-8.00,0.00,0.00,48.00,0.00,0,52
552.01,1552282787,12608.72,51.48231130,7.39842532,188.64,0.00,0.00,45.05,0,-100.00,-10.00,0.00,0.00,36.00,0.00,0,448
553.01,1552282788,12608.72,51.48231130,7.39842532,188.66,0.00,0.00,45.05,0,-85.00,-7.00,0.00,0.00,48.00,0.00,0,52
553.01,1552282788,12608.72,51.48231130,7.39842532,188.66,0.00,0.00,45.05,0,-101.00,-10.00,0.00,0.00,36.00,0.00,0,448
554.01,1552282789,12608.72,51.48231130,7.39842532,188.67,0.00,0.00,45.05,0,-85.00,-7.00,0.00,0.00,48.00,0.00,0,52
554.01,1552282789,12608.72,51.48231130,7.39842532,188.67,0.00,0.00,45.05,0,-101.00,-10.00,0.00,0.00,36.00,0.00,0,448
555.01,1552282790,12608.72,51.48231130,7.39842532,188.69,0.00,0.00,45.05,0,-86.00,-9.00,0.00,0.00,48.00,0.00,0,52
555.01,1552282790,12608.72,51.48231130,7.39842532,188.69,0.00,0.00,45.05,0,-101.00,-10.00,0.00,0.00,37.00,0.00,0,448
556.01,1552282791,12608.72,51.48231130,7.39842532,188.69,0.00,0.00,45.05,0,-86.00,-9.00,0.00,0.00,48.00,0.00,0,52
556.01,1552282791,12608.72,51.48231130,7.39842532,188.69,0.00,0.00,45.05,0,-101.00,-10.00,0.00,0.00,37.00,0.00,0,448
557.01,1552282792,12608.72,51.48231130,7.39842532,188.70,0.00,0.00,45.05,0,-86.00,-9.00,0.00,0.00,49.00,0.00,0,52
557.01,1552282792,12608.72,51.48231130,7.39842532,188.70,0.00,0.00,45.05,0,-101.00,-10.00,0.00,0.00,37.00,0.00,0,448
558.01,1552282793,12608.72,51.48231130,7.39842532,188.71,0.00,0.00,45.05,0,-86.00,-9.00,0.00,0.00,49.00,0.00,0,52
558.01,1552282793,12608.72,51.48231130,7.39842532,188.71,0.00,0.00,45.05,0,-101.00,-10.00,0.00,0.00,37.00,0.00,0,448
559.01,1552282794,12608.72,51.48231130,7.39842532,188.72,0.00,0.00,45.05,0,-86.00,-9.00,0.00,0.00,48.00,0.00,0,52
559.01,1552282794,12608.72,51.48231130,7.39842532,188.72,0.00,0.00,45.05,0,-101.00,-11.00,0.00,0.00,37.00,0.00,0,448
560.01,1552282795,12608.72,51.48231130,7.39842532,188.74,0.00,0.00,45.05,0,-86.00,-9.00,0.00,0.00,48.00,0.00,0,52
560.01,1552282795,12608.72,51.48231130,7.39842532,188.74,0.00,0.00,45.05,0,-101.00,-11.00,0.00,0.00,37.00,0.00,0,448
561.02,1552282796,12608.72,51.48231130,7.39842532,188.75,0.00,0.00,45.05,0,-86.00,-8.00,0.00,0.00,48.00,0.00,0,52
561.02,1552282796,12608.72,51.48231130,7.39842532,188.75,0.00,0.00,45.05,0,-101.00,-11.00,0.00,0.00,38.00,0.00,0,448
562.01,1552282797,12608.72,51.48231130,7.39842532,188.77,0.00,0.00,45.05,0,-86.00,-8.00,0.00,0.00,48.00,0.00,0,52
562.01,1552282797,12608.72,51.48231130,7.39842532,188.77,0.00,0.00,45.05,0,-101.00,-11.00,0.00,0.00,38.00,0.00,0,448
563.01,1552282798,12608.72,51.48231130,7.39842532,188.78,0.00,0.00,45.05,0,-86.00,-8.00,0.00,0.00,48.00,0.00,0,52
563.01,1552282798,12608.72,51.48231130,7.39842532,188.78,0.00,0.00,45.05,0,-101.00,-11.00,0.00,0.00,38.00,0.00,0,448
564.01,1552282799,12608.72,51.48231130,7.39842532,188.80,0.00,0.00,45.05,0,-86.00,-9.00,0.00,0.00,49.00,0.00,0,52
564.01,1552282799,12608.72,51.48231130,7.39842532,188.80,0.00,0.00,45.05,0,-100.00,-11.00,0.00,0.00,39.00,0.00,0,448
565.01,1552282800,12608.72,51.48231130,7.39842532,188.82,0.00,0.00,45.05,0,-86.00,-9.00,0.00,0.00,49.00,0.00,0,52
565.01,1552282800,12608.72,51.48231130,7.39842532,188.82,0.00,0.00,45.05,0,-100.00,-11.00,0.00,0.00,39.00,0.00,0,448
566.01,1552282801,12608.72,51.48231130,7.39842532,188.83,0.00,0.00,45.05,0,-86.00,-9.00,0.00,0.00,49.00,0.00,0,52
566.01,1552282801,12608.72,51.48231130,7.39842532,188.83,0.00,0.00,45.05,0,-99.00,-10.00,0.00,0.00,37.00,0.00,0,448
567.01,1552282802,12608.72,51.48231130,7.39842532,188.85,0.00,0.00,45.05,0,-86.00,-9.00,0.00,0.00,49.00,0.00,0,52
567.01,1552282802,12608.72,51.48231130,7.39842532,188.85,0.00,0.00,45.05,0,-99.00,-10.00,0.00,0.00,37.00,0.00,0,448
568.01,1552282803,12608.72,51.48231130,7.39842532,188.87,0.00,0.00,45.05,0,-86.00,-9.00,0.00,0.00,49.00,0.00,0,52
568.01,1552282803,12608.72,51.48231130,7.39842532,188.87,0.00,0.00,45.05,0,-99.00,-10.00,0.00,0.00,37.00,0.00,0,448
569.01,1552282804,12608.72,51.48231130,7.39842532,188.89,0.00,0.00,45.05,0,-86.00,-9.00,0.00,0.00,49.00,0.00,0,52
569.01,1552282804,12608.72,51.48231130,7.39842532,188.89,0.00,0.00,45.05,0,-99.00,-10.00,0.00,0.00,37.00,0.00,0,448
570.01,1552282805,12608.72,51.48231130,7.39842532,188.91,0.00,0.00,45.05,0,-86.00,-8.00,0.00,0.00,48.00,0.00,0,52
570.01,1552282805,12608.72,51.48231130,7.39842532,188.91,0.00,0.00,45.05,0,-99.00,-10.00,0.00,0.00,38.00,0.00,0,448
571.01,1552282806,12608.72,51.48231130,7.39842532,188.93,0.00,0.00,45.05,0,-86.00,-8.00,0.00,0.00,48.00,0.00,0,52
571.01,1552282806,12608.72,51.48231130,7.39842532,188.93,0.00,0.00,45.05,0,-99.00,-10.00,0.00,0.00,38.00,0.00,0,448
572.01,1552282807,12608.72,51.48231130,7.39842532,188.95,0.00,0.00,45.05,0,-86.00,-8.00,0.00,0.00,48.00,0.00,0,52
572.01,1552282807,12608.72,51.48231130,7.39842532,188.95,0.00,0.00,45.05,0,-100.00,-10.00,0.00,0.00,37.00,0.00,0,448
573.01,1552282808,12608.72,51.48231130,7.39842532,188.98,0.00,0.00,45.05,0,-86.00,-8.00,0.00,0.00,48.00,0.00,0,52
573.01,1552282808,12608.72,51.48231130,7.39842532,188.98,0.00,0.00,45.05,0,-100.00,-10.00,0.00,0.00,37.00,0.00,0,448
574.01,1552282809,12608.72,51.48231130,7.39842532,189.18,0.00,0.00,48.01,0,-84.00,-12.00,0.00,0.00,53.00,0.00,0,52
574.01,1552282809,12608.72,51.48231130,7.39842532,189.18,0.00,0.00,48.01,0,-92.00,-10.00,0.00,0.00,43.00,0.00,0,448
575.01,1552282810,12608.72,51.48235009,7.39849006,190.93,0.00,0.00,45.85,0,-84.00,-12.00,0.00,0.00,53.00,0.00,0,52
575.01,1552282810,12608.72,51.48235009,7.39849006,190.93,0.00,0.00,45.85,0,-92.00,-10.00,0.00,0.00,43.00,0.00,0,448
576.01,1552282811,12608.74,51.48239000,7.39854692,191.50,6.04,0.00,43.74,0,-85.00,-8.00,0.00,0.00,48.00,0.00,0,52
576.01,1552282811,12608.74,51.48239000,7.39854692,191.50,6.04,0.00,43.74,0,-100.00,-10.00,0.00,0.00,37.00,0.00,0,448
577.01,1552282812,12614.78,51.48244115,7.39862205,191.81,7.47,0.00,42.95,0,-85.00,-8.00,0.00,0.00,48.00,0.00,0,52
577.01,1552282812,12614.79,51.48244115,7.39862205,191.81,7.47,0.00,42.95,0,-100.00,-10.00,0.00,0.00,37.00,0.00,0,448
578.01,1552282813,12622.21,51.48248527,7.39868175,191.82,8.13,0.00,41.55,0,-88.00,-8.00,0.00,0.00,46.00,0.00,0,52
578.01,1552282813,12622.22,51.48248527,7.39868175,191.82,8.13,0.00,41.55,0,-98.00,-11.00,0.00,0.00,38.00,0.00,0,448
579.01,1552282814,12630.38,51.48254259,7.39875711,191.64,8.87,0.00,40.05,0,-88.00,-8.00,0.00,0.00,46.00,0.00,0,52
579.01,1552282814,12630.38,51.48254259,7.39875711,191.64,8.87,0.00,40.05,0,-98.00,-11.00,0.00,0.00,38.00,0.00,0,448
580.01,1552282815,12639.24,51.48260814,7.39883795,191.47,9.01,0.00,38.86,0,-84.00,-6.00,0.00,0.00,48.00,0.00,0,52
580.01,1552282815,12639.25,51.48260814,7.39883795,191.47,9.01,0.00,38.86,0,-96.00,-9.00,0.00,0.00,39.00,0.00,0,448
581.01,1552282816,12648.28,51.48267450,7.39891907,191.21,9.83,0.00,37.67,0,-84.00,-6.00,0.00,0.00,48.00,0.00,0,52
581.01,1552282816,12648.28,51.48267450,7.39891907,191.21,9.83,0.00,37.67,0,-96.00,-9.00,0.00,0.00,39.00,0.00,0,448
582.02,1552282817,12658.20,51.48274435,7.39900086,190.93,9.87,0.00,37.04,0,-85.00,-14.00,0.00,0.00,55.00,0.00,0,392
582.02,1552282817,12658.21,51.48274435,7.39900086,190.93,9.87,0.00,37.04,0,-82.00,-10.00,0.00,0.00,53.00,0.00,0,449
583.01,1552282818,12667.96,51.48282987,7.39909306,190.81,10.64,0.00,35.85,0,-85.00,-14.00,0.00,0.00,55.00,0.00,0,392
583.01,1552282818,12667.97,51.48282987,7.39909306,190.81,10.64,0.00,35.85,0,-82.00,-10.00,0.00,0.00,53.00,0.00,0,449
584.01,1552282819,12678.60,51.48291644,7.39918814,190.62,11.04,0.00,35.15,0,-85.00,-14.00,0.00,0.00,55.00,0.00,0,392
584.01,1552282819,12678.62,51.48291644,7.39918814,190.62,11.04,0.00,35.15,0,-82.00,-10.00,0.00,0.00,53.00,0.00,0,449
585.01,1552282820,12689.63,51.48300382,7.39928484,190.06,11.53,0.00,34.76,0,-82.00,-12.00,0.00,0.00,55.00,0.00,0,392
585.01,1552282820,12689.65,51.48300382,7.39928484,190.06,11.53,0.00,34.76,0,-90.00,-10.00,0.00,0.00,47.00,0.00,0,449
586.03,1552282821,12701.35,51.48308915,7.39937284,189.95,12.44,0.00,34.04,0,-82.00,-12.00,0.00,0.00,55.00,0.00,0,392
586.03,1552282821,12701.35,51.48308915,7.39937284,189.95,12.44,0.00,34.04,0,-90.00,-10.00,0.00,0.00,47.00,0.00,0,449
589.01,1552282824,12740.36,51.48340799,7.39970185,188.94,14.03,0.00,33.92,0,-93.00,-12.00,0.00,0.00,45.00,0.00,0,449
590.01,1552282825,12754.39,51.48351368,7.39981309,188.91,14.27,0.00,33.85,0,-93.00,-12.00,0.00,0.00,45.00,0.00,0,449
591.01,1552282826,12768.64,51.48361484,7.39992064,189.34,13.80,0.00,34.02,0,-101.00,-14.00,0.00,0.00,39.00,0.00,0,449
592.01,1552282827,12782.46,51.48371793,7.40003376,189.24,13.76,0.00,34.82,0,-101.00,-14.00,0.00,0.00,39.00,0.00,0,449
601.01,1552282836,12899.89,51.48454011,7.40107429,188.87,13.06,0.00,41.89,0,-98.00,-10.00,0.00,0.00,38.00,0.00,0,313
602.01,1552282837,12912.94,51.48462998,7.40120688,188.86,13.39,0.00,42.48,0,-98.00,-10.00,0.00,0.00,38.00,0.00,0,313
603.02,1552282838,12926.45,51.48472633,7.40134828,189.05,13.76,0.00,42.75,0,-99.00,-10.00,0.00,0.00,38.00,0.00,0,313
604.01,1552282839,12940.10,51.48482111,7.40148529,189.26,14.26,0.00,41.86,0,-99.00,-10.00,0.00,0.00,38.00,0.00,0,313
605.01,1552282840,12954.35,51.48491830,7.40162460,189.41,14.74,0.00,41.15,0,-99.00,-10.00,0.00,0.00,38.00,0.00,0,313
620.01,1552282855,13117.52,51.48597434,7.40246640,182.25,10.43,0.00,321.95,0,-100.00,-8.00,0.00,0.00,35.00,0.00,0,451
621.01,1552282856,13127.94,51.48605462,7.40238075,181.66,10.82,0.00,323.82,0,-100.00,-8.00,0.00,0.00,35.00,0.00,0,451
622.01,1552282857,13138.76,51.48614329,7.40228552,181.54,10.55,0.00,325.98,0,-91.00,-6.00,0.00,0.00,40.00,0.00,0,451
623.01,1552282858,13149.31,51.48622831,7.40219484,181.22,10.64,0.00,327.54,0,-91.00,-6.00,0.00,0.00,40.00,0.00,0,451
624.02,1552282859,13160.03,51.48631264,7.40211045,180.99,10.53,0.00,329.64,0,-98.00,-10.00,0.00,0.00,38.00,0.00,0,451
625.01,1552282860,13170.48,51.48639345,7.40203890,180.43,10.75,0.00,331.90,0,-98.00,-10.00,0.00,0.00,38.00,0.00,0,451
626.01,1552282861,13181.22,51.48647984,7.40196598,179.85,10.47,0.00,333.67,0,-98.00,-10.00,0.00,0.00,38.00,0.00,0,451
627.01,1552282862,13191.69,51.48656544,7.40190962,179.63,9.96,0.00,335.70,0,-100.00,-10.00,0.00,0.00,37.00,0.00,0,313
628.01,1552282863,13201.64,51.48664893,7.40186424,179.65,9.88,0.00,337.45,0,-100.00,-10.00,0.00,0.00,37.00,0.00,0,313
629.01,1552282864,13211.55,51.48673128,7.40182735,180.11,10.08,0.00,339.98,0,-95.00,-8.00,0.00,0.00,40.00,0.00,0,313
629.01,1552282864,13211.56,51.48673128,7.40182735,180.11,10.08,0.00,339.98,0,-100.00,-11.00,0.00,0.00,39.00,0.00,0,451
630.01,1552282865,13221.61,51.48682071,7.40179562,181.11,10.39,0.00,342.01,0,-95.00,-8.00,0.00,0.00,40.00,0.00,0,313
630.01,1552282865,13221.62,51.48682071,7.40179562,181.11,10.39,0.00,342.01,0,-100.00,-11.00,0.00,0.00,39.00,0.00,0,451
631.01,1552282866,13232.00,51.48691121,7.40176679,182.05,10.29,0.00,343.75,0,-96.00,-10.00,0.00,0.00,42.00,0.00,0,313
631.01,1552282866,13232.01,51.48691121,7.40176679,182.05,10.29,0.00,343.75,0,-98.00,-12.00,0.00,0.00,42.00,0.00,0,451
632.01,1552282867,13242.29,51.48700022,7.40174683,183.04,10.35,0.00,345.61,0,-96.00,-10.00,0.00,0.00,42.00,0.00,0,313
632.01,1552282867,13242.30,51.48700022,7.40174683,183.04,10.35,0.00,345.61,0,-98.00,-12.00,0.00,0.00,42.00,0.00,0,451
633.01,1552282868,13252.64,51.48709457,7.40172729,183.99,10.72,0.00,347.33,0,-97.00,-13.00,0.00,0.00,43.00,0.00,0,13
633.01,1552282868,13252.65,51.48709457,7.40172729,183.99,10.72,0.00,347.33,0,-85.00,-7.00,0.00,0.00,46.00,0.00,0,451
634.01,1552282869,13263.36,51.48720007,7.40170183,184.15,11.03,0.00,349.63,0,-97.00,-13.00,0.00,0.00,43.00,0.00,0,13
634.01,1552282869,13263.37,51.48720007,7.40170183,184.15,11.03,0.00,349.63,0,-85.00,-7.00,0.00,0.00,46.00,0.00,0,451
635.01,1552282870,13274.40,51.48730159,7.40168882,184.08,11.27,0.00,351.57,0,-90.00,-9.00,0.00,0.00,44.00,0.00,0,451
635.01,1552282870,13274.40,51.48730159,7.40168882,184.08,11.27,0.00,351.57,0,-92.00,-8.00,0.00,0.00,44.00,0.00,0,313
636.01,1552282871,13285.66,51.48740335,7.40168451,183.48,11.03,0.00,353.90,0,-90.00,-9.00,0.00,0.00,44.00,0.00,0,451
636.01,1552282871,13285.67,51.48740335,7.40168451,183.48,11.03,0.00,353.90,0,-92.00,-8.00,0.00,0.00,44.00,0.00,0,313
637.01,1552282872,13296.68,51.48750607,7.40168580,182.60,11.15,0.00,356.05,0,-87.00,-12.00,0.00,0.00,51.00,0.00,0,313
638.01,1552282873,13307.82,51.48761079,7.40168910,182.05,11.23,0.00,357.37,0,-87.00,-12.00,0.00,0.00,51.00,0.00,0,313
641.01,1552282876,13341.99,51.48790876,7.40170804,180.36,11.49,0.00,359.82,0,-90.00,-11.00,0.00,0.00,47.00,0.00,0,451
641.01,1552282876,13341.99,51.48790876,7.40170804,180.36,11.49,0.00,359.82,0,-91.00,-10.00,0.00,0.00,46.00,0.00,0,313
642.01,1552282877,13353.47,51.48801063,7.40171898,179.90,11.06,0.00,0.45,0,-90.00,-11.00,0.00,0.00,47.00,0.00,0,451
642.01,1552282877,13353.48,51.48801063,7.40171898,179.90,11.06,0.00,0.45,0,-91.00,-10.00,0.00,0.00,46.00,0.00,0,313
643.01,1552282878,13364.54,51.48810865,7.40172631,179.48,10.84,0.00,359.69,0,-102.00,-14.00,0.00,0.00,37.00,0.00,0,436
643.01,1552282878,13364.55,51.48810865,7.40172631,179.48,10.84,0.00,359.69,0,-87.00,-11.00,0.00,0.00,49.00,0.00,0,451
643.01,1552282878,13364.55,51.48810865,7.40172631,179.48,10.84,0.00,359.69,0,-91.00,-12.00,0.00,0.00,48.00,0.00,0,313
644.01,1552282879,13375.38,51.48821424,7.40173555,179.08,11.18,0.00,0.02,0,-102.00,-14.00,0.00,0.00,37.00,0.00,0,436
644.01,1552282879,13375.39,51.48821424,7.40173555,179.08,11.18,0.00,0.02,0,-87.00,-11.00,0.00,0.00,49.00,0.00,0,451
644.01,1552282879,13375.40,51.48821424,7.40173555,179.08,11.18,0.00,0.02,0,-91.00,-12.00,0.00,0.00,48.00,0.00,0,313
645.02,1552282880,13386.66,51.48831459,7.40174381,178.66,11.21,0.00,1.00,0,-104.00,-14.00,0.00,0.00,36.00,0.00,0,436
645.02,1552282880,13386.67,51.48831459,7.40174381,178.66,11.21,0.00,1.00,0,-104.00,-15.00,0.00,0.00,36.00,0.00,0,38
645.02,1552282880,13386.67,51.48831459,7.40174381,178.66,11.21,0.00,1.00,0,-105.00,-15.00,0.00,0.00,36.00,0.00,0,34
645.02,1552282880,13386.68,51.48831459,7.40174381,178.66,11.21,0.00,1.00,0,-84.00,-7.00,0.00,0.00,50.00,0.00,0,451
646.01,1552282881,13397.78,51.48842217,7.40174823,178.11,11.26,0.00,0.34,0,-104.00,-14.00,0.00,0.00,36.00,0.00,0,436
646.01,1552282881,13397.79,51.48842217,7.40174823,178.11,11.26,0.00,0.34,0,-104.00,-15.00,0.00,0.00,36.00,0.00,0,38
646.01,1552282881,13397.79,51.48842217,7.40174823,178.11,11.26,0.00,0.34,0,-105.00,-15.00,0.00,0.00,36.00,0.00,0,34
646.01,1552282881,13397.81,51.48842217,7.40174823,178.11,11.26,0.00,0.34,0,-84.00,-7.00,0.00,0.00,50.00,0.00,0,451
647.01,1552282882,13409.04,51.48851864,7.40175171,177.72,11.12,0.00,0.26,0,-104.00,-14.00,0.00,0.00,36.00,0.00,0,436
647.01,1552282882,13409.06,51.48851864,7.40175171,177.72,11.12,0.00,0.26,0,-104.00,-15.00,0.00,0.00,36.00,0.00,0,38
647.01,1552282882,13409.06,51.48851864,7.40175171,177.72,11.12,0.00,0.26,0,-105.00,-15.00,0.00,0.00,36.00,0.00,0,34
647.01,1552282882,13409.07,51.48851864,7.40175171,177.72,11.12,0.00,0.26,0,-84.00,-7.00,0.00,0.00,50.00,0.00,0,451
648.01,1552282883,13420.17,51.48861673,7.40175044,177.28,10.91,0.00,359.86,0,-104.00,-13.00,0.00,0.00,35.00,0.00,0,38
648.01,1552282883,13420.18,51.48861673,7.40175044,177.28,10.91,0.00,359.86,0,-106.00,-15.00,0.00,0.00,34.00,0.00,0,316
648.01,1552282883,13420.18,51.48861673,7.40175044,177.28,10.91,0.00,359.86,0,-107.00,-15.00,0.00,0.00,35.00,0.00,0,436
648.01,1552282883,13420.19,51.48861673,7.40175044,177.28,10.91,0.00,359.86,0,-83.00,-5.00,0.00,0.00,50.00,0.00,0,451
649.01,1552282884,13431.07,51.48870883,7.40174705,176.99,11.05,0.00,359.18,0,-104.00,-13.00,0.00,0.00,35.00,0.00,0,38
649.01,1552282884,13431.07,51.48870883,7.40174705,176.99,11.05,0.00,359.18,0,-106.00,-15.00,0.00,0.00,34.00,0.00,0,316
649.01,1552282884,13431.08,51.48870883,7.40174705,176.99,11.05,0.00,359.18,0,-107.00,-15.00,0.00,0.00,35.00,0.00,0,436
649.01,1552282884,13431.10,51.48870883,7.40174705,176.99,11.05,0.00,359.18,0,-83.00,-5.00,0.00,0.00,50.00,0.00,0,451
650.01,1552282885,13442.12,51.48880474,7.40174345,176.82,10.81,0.00,359.52,0,-105.00,-15.00,0.00,0.00,36.00,0.00,0,316
650.01,1552282885,13442.13,51.48880474,7.40174345,176.82,10.81,0.00,359.52,0,-106.00,-16.00,0.00,0.00,36.00,0.00,0,38
650.01,1552282885,13442.14,51.48880474,7.40174345,176.82,10.81,0.00,359.52,0,-107.00,-16.00,0.00,0.00,35.00,0.00,0,16
650.01,1552282885,13442.14,51.48880474,7.40174345,176.82,10.81,0.00,359.52,0,-83.00,-6.00,0.00,0.00,49.00,0.00,0,451
651.01,1552282886,13452.93,51.48889984,7.40174338,176.37,10.84,0.00,359.61,0,-105.00,-15.00,0.00,0.00,36.00,0.00,0,316
651.01,1552282886,13452.94,51.48889984,7.40174338,176.37,10.84,0.00,359.61,0,-106.00,-16.00,0.00,0.00,36.00,0.00,0,38
651.01,1552282886,13452.95,51.48889984,7.40174338,176.37,10.84,0.00,359.61,0,-107.00,-16.00,0.00,0.00,35.00,0.00,0,16
651.01,1552282886,13452.95,51.48889984,7.40174338,176.37,10.84,0.00,359.61,0,-83.00,-6.00,0.00,0.00,49.00,0.00,0,451
652.01,1552282887,13463.77,51.48899226,7.40174411,175.68,10.28,0.00,0.24,0,-99.00,-8.00,0.00,0.00,34.00,0.00,0,16
652.01,1552282887,13463.78,51.48899226,7.40174411,175.68,10.28,0.00,0.24,0,-104.00,-12.00,0.00,0.00,33.00,0.00,0,436
652.01,1552282887,13463.78,51.48899226,7.40174411,175.68,10.28,0.00,0.24,0,-105.00,-13.00,0.00,0.00,33.00,0.00,0,316
652.01,1552282887,13463.79,51.48899226,7.40174411,175.68,10.28,0.00,0.24,0,-86.00,-7.00,0.00,0.00,49.00,0.00,0,451
652.02,1552282887,13463.80,51.48899226,7.40174411,175.68,10.28,0.00,0.24,0,-89.00,-12.00,0.00,0.00,49.00,0.00,0,450
653.01,1552282888,13474.06,51.48908401,7.40174456,175.09,9.56,0.00,0.54,0,-99.00,-8.00,0.00,0.00,34.00,0.00,0,16
653.01,1552282888,13474.06,51.48908401,7.40174456,175.09,9.56,0.00,0.54,0,-104.00,-12.00,0.00,0.00,33.00,0.00,0,436
653.01,1552282888,13474.07,51.48908401,7.40174456,175.09,9.56,0.00,0.54,0,-105.00,-13.00,0.00,0.00,33.00,0.00,0,316
653.02,1552282888,13474.07,51.48908401,7.40174456,175.09,9.56,0.00,0.54,0,-86.00,-7.00,0.00,0.00,49.00,0.00,0,451
653.02,1552282888,13474.07,51.48908401,7.40174456,175.09,9.56,0.00,0.54,0,-89.00,-12.00,0.00,0.00,49.00,0.00,0,450
654.01,1552282889,13483.61,51.48916392,7.40174648,174.81,8.17,0.00,359.99,0,-96.00,-13.00,0.00,0.00,43.00,0.00,0,436
654.01,1552282889,13483.62,51.48916392,7.40174648,174.81,8.17,0.00,359.99,0,-97.00,-13.00,0.00,0.00,41.00,0.00,0,16
654.02,1552282889,13483.63,51.48916392,7.40174648,174.81,8.17,0.00,359.99,0,-103.00,-19.00,0.00,0.00,42.00,0.00,0,316
654.02,1552282889,13483.64,51.48916392,7.40174648,174.81,8.17,0.00,359.99,0,-86.00,-8.00,0.00,0.00,48.00,0.00,0,451
654.02,1552282889,13483.64,51.48916392,7.40174648,174.81,8.17,0.00,359.99,0,-88.00,-9.00,0.00,0.00,48.00,0.00,0,450
655.01,1552282890,13491.78,51.48924467,7.40174944,174.90,7.38,0.00,0.34,0,-96.00,-13.00,0.00,0.00,43.00,0.00,0,436
655.01,1552282890,13491.79,51.48924467,7.40174944,174.90,7.38,0.00,0.34,0,-97.00,-13.00,0.00,0.00,41.00,0.00,0,16
655.01,1552282890,13491.79,51.48924467,7.40174944,174.90,7.38,0.00,0.34,0,-103.00,-19.00,0.00,0.00,42.00,0.00,0,316
655.02,1552282890,13491.80,51.48924467,7.40174944,174.90,7.38,0.00,0.34,0,-86.00,-8.00,0.00,0.00,48.00,0.00,0,451
655.02,1552282890,13491.81,51.48924467,7.40174944,174.90,7.38,0.00,0.34,0,-88.00,-9.00,0.00,0.00,48.00,0.00,0,450
656.01,1552282891,13499.15,51.48931043,7.40174977,174.81,6.36,0.00,1.28,0,-82.00,-9.00,0.00,0.00,54.00,0.00,0,450
657.01,1552282892,13505.49,51.48937005,7.40179448,174.79,5.64,0.00,29.52,0,-82.00,-9.00,0.00,0.00,54.00,0.00,0,450
658.01,1552282893,13511.13,51.48939002,7.40185840,175.18,6.51,0.00,58.52,0,-88.00,-10.00,0.00,0.00,47.00,0.00,0,450
659.01,1552282894,13517.64,51.48940450,7.40196639,175.44,7.68,0.00,83.61,0,-88.00,-10.00,0.00,0.00,47.00,0.00,0,450
660.01,1552282895,13525.32,51.48940923,7.40206794,175.62,9.22,0.00,84.94,0,-85.00,-7.00,0.00,0.00,48.00,0.00,0,450
661.01,1552282896,13534.53,51.48941949,7.40221249,175.65,9.48,0.00,86.88,0,-85.00,-7.00,0.00,0.00,48.00,0.00,0,450
662.01,1552282897,13544.00,51.48942358,7.40236457,175.98,9.94,0.00,88.69,0,-87.00,-9.00,0.00,0.00,48.00,0.00,0,450
663.01,1552282898,13553.94,51.48942462,7.40250760,176.65,8.91,0.00,89.53,0,-87.00,-9.00,0.00,0.00,48.00,0.00,0,450
664.01,1552282899,13562.85,51.48942518,7.40263658,177.03,9.06,0.00,89.96,0,-86.00,-8.00,0.00,0.00,49.00,0.00,0,450
665.01,1552282900,13571.92,51.48942323,7.40275987,177.37,8.80,0.00,90.31,0,-86.00,-8.00,0.00,0.00,49.00,0.00,0,450
666.02,1552282901,13580.78,51.48942004,7.40289021,177.43,9.30,0.00,90.64,0,-90.00,-14.00,0.00,0.00,50.00,0.00,0,451
667.01,1552282902,13589.97,51.48941474,7.40303495,177.63,9.81,0.00,91.24,0,-90.00,-14.00,0.00,0.00,50.00,0.00,0,451
668.01,1552282903,13599.83,51.48940981,7.40318573,177.75,10.71,0.00,90.47,0,-90.00,-14.00,0.00,0.00,50.00,0.00,0,451
681.01,1552282916,13752.38,51.48937927,7.40540659,181.10,11.79,0.00,87.98,0,-74.00,-11.00,0.00,0.00,63.00,0.00,0,452
682.01,1552282917,13764.17,51.48939142,7.40559126,181.27,12.49,0.00,86.10,0,-74.00,-11.00,0.00,0.00,63.00,0.00,0,452
683.01,1552282918,13776.66,51.48941004,7.40576233,181.46,12.80,0.00,84.29,0,-78.00,-12.00,0.00,0.00,59.00,0.00,0,452
684.01,1552282919,13789.46,51.48942995,7.40594414,181.35,12.89,0.00,82.73,0,-78.00,-12.00,0.00,0.00,59.00,0.00,0,452
685.01,1552282920,13802.36,51.48945288,7.40612493,181.05,12.59,0.00,81.32,0,-75.00,-8.00,0.00,0.00,59.00,0.00,0,171
685.01,1552282920,13802.38,51.48945288,7.40612493,181.05,12.59,0.00,81.32,0,-81.00,-14.00,0.00,0.00,59.00,0.00,0,452
686.01,1552282921,13814.96,51.48947655,7.40629947,180.70,12.55,0.00,80.71,0,-75.00,-8.00,0.00,0.00,59.00,0.00,0,171
686.01,1552282921,13814.97,51.48947655,7.40629947,180.70,12.55,0.00,80.71,0,-81.00,-14.00,0.00,0.00,59.00,0.00,0,452
687.02,1552282922,13827.59,51.48950212,7.40648248,180.43,11.94,0.00,79.32,0,-74.00,-8.00,0.00,0.00,61.00,0.00,0,171
687.02,1552282922,13827.60,51.48950212,7.40648248,180.43,11.94,0.00,79.32,0,-77.00,-11.00,0.00,0.00,61.00,0.00,0,452
688.01,1552282923,13839.45,51.48952828,7.40666651,180.22,12.05,0.00,78.29,0,-74.00,-8.00,0.00,0.00,61.00,0.00,0,171
688.01,1552282923,13839.46,51.48952828,7.40666651,180.22,12.05,0.00,78.29,0,-77.00,-11.00,0.00,0.00,61.00,0.00,0,452
689.01,1552282924,13851.50,51.48955327,7.40684652,180.18,12.26,0.00,77.84,0,-74.00,-8.00,0.00,0.00,61.00,0.00,0,171
689.01,1552282924,13851.50,51.48955327,7.40684652,180.18,12.26,0.00,77.84,0,-77.00,-11.00,0.00,0.00,61.00,0.00,0,452
690.01,1552282925,13863.74,51.48957956,7.40701581,180.13,11.89,0.00,77.15,0,-75.00,-10.00,0.00,0.00,60.00,0.00,0,171
691.01,1552282926,13875.64,51.48960760,7.40717516,180.19,11.67,0.00,75.30,0,-75.00,-10.00,0.00,0.00,60.00,0.00,0,171
692.01,1552282927,13887.30,51.48963728,7.40733331,180.08,12.31,0.00,76.15,0,-77.00,-11.00,0.00,0.00,60.00,0.00,0,171
693.01,1552282928,13899.63,51.48966333,7.40748449,179.91,12.56,0.00,76.66,0,-77.00,-11.00,0.00,0.00,60.00,0.00,0,171
