0.10,1552282235,0.00,51.45003512,7.48825405,251.37,9.18,0.00,168.96,1,-97.00,-7.00,14.00,9.00,28.00,7.00,13415170,315
1.05,1552282236,8.72,51.44994732,7.48828584,250.92,10.85,1.76,168.29,1,-97.00,-7.00,14.00,9.00,28.00,7.00,13415170,315
2.05,1552282237,19.57,51.44984492,7.48832123,250.91,11.51,0.66,168.67,1,-99.00,-7.00,9.00,10.00,28.00,7.00,13415170,315
3.05,1552282238,31.08,51.44974265,7.48835517,250.76,12.41,0.90,170.27,1,-99.00,-7.00,9.00,10.00,28.00,7.00,13415170,315
4.05,1552282239,43.49,51.44963365,7.48838570,250.54,12.78,0.37,172.34,1,-99.00,-7.00,8.00,10.00,28.00,7.00,13415170,315
5.05,1552282240,56.27,51.44951013,7.48840560,250.76,13.51,0.73,174.64,1,-99.00,-7.00,8.00,10.00,28.00,7.00,13415170,315
6.05,1552282241,69.78,51.44938407,7.48841922,250.56,14.31,0.80,176.36,1,-99.00,-8.00,6.00,10.00,28.00,7.00,13415170,315
7.05,1552282242,84.09,51.44924920,7.48842130,250.67,14.36,0.05,179.23,1,-99.00,-8.00,6.00,10.00,28.00,7.00,13415170,315
8.05,1552282243,98.45,51.44911296,7.48841457,250.83,14.64,0.28,181.52,1,-101.00,-7.00,2.00,7.00,26.00,7.00,13415170,315
9.05,1552282244,113.08,51.44897893,7.48839738,251.13,14.79,0.15,183.54,1,-101.00,-7.00,2.00,7.00,26.00,7.00,13415170,315
10.05,1552282245,127.87,51.44884689,7.48836855,251.34,14.86,0.08,186.28,1,-102.00,-9.00,8.00,11.00,25.00,7.00,13415170,315
11.05,1552282246,142.73,51.44871360,7.48833242,251.49,14.96,0.09,187.44,1,-102.00,-9.00,8.00,11.00,25.00,7.00,13415170,315
12.05,1552282247,157.71,51.44857413,7.48828739,251.59,14.88,-0.08,189.13,1,-102.00,-8.00,4.00,6.00,26.00,7.00,13415170,315
13.05,1552282248,172.57,51.44844388,7.48823815,251.65,15.21,0.34,190.96,1,-102.00,-8.00,4.00,6.00,26.00,7.00,13415170,315
14.06,1552282249,187.93,51.44830454,7.48818513,251.77,15.01,-0.20,191.76,1,-110.00,-10.00,1.00,7.00,19.00,7.00,13415170,315
15.05,1552282250,202.81,51.44816344,7.48812484,251.72,15.51,0.51,192.35,1,-110.00,-10.00,1.00,7.00,19.00,7.00,13415170,315
16.05,1552282251,218.32,51.44802725,7.48805996,252.18,15.58,0.07,192.48,1,-110.00,-10.00,1.00,7.00,19.00,7.00,13415170,315
17.05,1552282252,233.90,51.44788915,7.48799946,253.03,14.80,-0.78,192.01,1,-112.00,-11.00,-1.00,7.00,19.00,7.00,13415170,315
18.05,1552282253,248.71,51.44776158,7.48795610,253.24,14.35,-0.45,190.21,1,-112.00,-11.00,-1.00,7.00,19.00,7.00,13415170,315
19.05,1552282254,263.06,51.44763793,7.48791901,253.42,14.34,-0.01,188.44,1,-114.00,-12.00,-3.00,6.00,18.00,7.00,13415170,315
20.05,1552282255,277.42,51.44750545,7.48789516,253.61,14.70,0.36,186.26,1,-114.00,-12.00,-3.00,6.00,18.00,7.00,13415170,315
21.05,1552282256,292.14,51.44736177,7.48788023,253.97,14.78,0.08,182.95,1,-116.00,-14.00,-4.00,4.00,18.00,32.00,13246977,156
22.05,1552282257,306.92,51.44723540,7.48788493,254.65,14.99,0.20,179.86,1,-116.00,-14.00,-4.00,4.00,18.00,32.00,13246977,156
23.05,1552282258,321.86,51.44711134,7.48790416,255.13,15.19,0.20,177.10,1,-107.00,-20.00,-9.00,4.00,29.00,32.00,13246977,156
24.05,1552282259,337.07,51.44697353,7.48794014,256.31,15.70,0.51,173.68,1,-107.00,-20.00,-9.00,4.00,29.00,32.00,13246977,156
25.05,1552282260,352.86,51.44684186,7.48799066,257.47,15.60,-0.10,170.73,1,-113.00,-15.00,-8.00,4.00,20.00,32.00,13246977,156
26.05,1552282261,368.45,51.44670453,7.48805152,258.49,15.56,-0.03,168.00,1,-113.00,-15.00,-8.00,4.00,20.00,32.00,13246977,156
27.05,1552282262,383.92,51.44657149,7.48812487,259.33,16.06,0.49,164.10,1,-115.00,-16.00,-7.00,4.00,22.00,12.00,13415170,156
28.05,1552282263,400.07,51.44643684,7.48822115,259.94,16.15,0.09,160.16,1,-115.00,-16.00,-7.00,4.00,22.00,12.00,13415170,156
29.05,1552282264,416.12,51.44630308,7.48834200,260.19,15.94,-0.21,156.49,1,-108.00,-11.00,8.00,10.00,22.00,12.00,13415170,315
30.05,1552282265,432.06,51.44617464,7.48847587,260.46,16.09,0.15,152.70,1,-108.00,-11.00,8.00,10.00,22.00,12.00,13415170,315
31.05,1552282266,448.16,51.44605203,7.48861868,260.90,16.27,0.19,148.94,1,-103.00,-7.00,9.00,12.00,29.00,12.00,13415170,315
32.05,1552282267,464.42,51.44594008,7.48877144,261.11,15.58,-0.69,144.87,1,-103.00,-7.00,9.00,12.00,29.00,12.00,13415170,315
33.05,1552282268,480.01,51.44582715,7.48894312,261.43,15.84,0.26,141.80,1,-106.00,-13.00,-1.00,6.00,26.00,12.00,13415170,315
34.05,1552282269,495.85,51.44572764,7.48911229,262.04,15.36,-0.49,138.10,1,-106.00,-13.00,-1.00,6.00,26.00,12.00,13415170,315
35.06,1552282270,511.32,51.44563422,7.48929440,262.66,15.34,-0.02,134.92,1,-103.00,-8.00,3.00,7.00,24.00,12.00,13415170,315
36.05,1552282271,526.54,51.44554942,7.48947809,263.26,15.43,0.09,132.41,1,-103.00,-8.00,3.00,7.00,24.00,12.00,13415170,315
37.05,1552282272,541.97,51.44547109,7.48965980,263.64,15.33,-0.09,130.32,1,-103.00,-8.00,3.00,7.00,24.00,12.00,13415170,315
38.05,1552282273,557.30,51.44539710,7.48982652,264.32,14.66,-0.67,129.53,1,-106.00,-9.00,1.00,6.00,24.00,12.00,13415170,315
39.05,1552282274,571.96,51.44532525,7.48999860,264.93,13.80,-0.86,128.44,1,-106.00,-9.00,1.00,6.00,24.00,12.00,13415170,315
40.05,1552282275,585.75,51.44524497,7.49017721,265.68,13.50,-0.30,127.75,1,-108.00,-10.00,0.00,7.00,22.00,12.00,13415170,315
41.05,1552282276,599.26,51.44517697,7.49034608,266.45,13.01,-0.49,126.88,1,-108.00,-10.00,0.00,7.00,22.00,12.00,13415170,315
42.05,1552282277,612.27,51.44511344,7.49050530,267.02,11.97,-1.04,126.50,1,-107.00,-10.00,3.00,9.00,23.00,12.00,13415170,315
43.05,1552282278,624.24,51.44505426,7.49064535,267.64,10.66,-1.31,126.03,1,-107.00,-10.00,3.00,9.00,23.00,12.00,13415170,315
44.05,1552282279,634.91,51.44500163,7.49077719,268.36,9.45,-1.21,125.61,1,-98.00,-19.00,-8.00,4.00,36.00,12.00,13415170,315
45.05,1552282280,644.36,51.44495540,7.49089220,269.27,8.23,-1.22,124.89,1,-98.00,-19.00,-8.00,4.00,36.00,12.00,13415170,315
46.05,1552282281,652.58,51.44491199,7.49099981,270.36,7.12,-1.11,126.00,1,-109.00,-12.00,-1.00,4.00,20.00,12.00,13415170,315
47.05,1552282282,659.70,51.44487560,7.49108359,271.30,6.61,-0.52,126.38,1,-109.00,-12.00,-1.00,4.00,20.00,12.00,13415170,315
48.05,1552282283,666.31,51.44484511,7.49115396,272.01,5.65,-0.96,126.32,1,-113.00,-14.00,-3.00,4.00,21.00,12.00,13415170,315
49.05,1552282284,671.95,51.44482048,7.49121250,272.56,4.34,-1.31,126.81,1,-113.00,-14.00,-3.00,4.00,21.00,12.00,13415170,315
50.05,1552282285,676.30,51.44480656,7.49124555,272.59,2.65,-1.69,127.46,1,-111.00,-13.00,-1.00,5.00,21.00,24.00,13417219,440
51.05,1552282286,678.95,51.44479720,7.49126832,272.63,1.81,-0.85,126.91,1,-111.00,-13.00,-1.00,5.00,21.00,24.00,13417219,440
52.05,1552282287,680.76,51.44478720,7.49129209,272.65,2.51,0.71,126.23,1,-111.00,-12.00,-1.00,5.00,20.00,24.00,13417219,440
53.05,1552282288,683.27,51.44476836,7.49133306,272.70,4.13,1.62,126.70,1,-111.00,-12.00,-1.00,5.00,20.00,24.00,13417219,440
54.05,1552282289,687.40,51.44473963,7.49138988,273.03,5.29,1.16,127.61,1,-102.00,-22.00,-12.00,1.00,37.00,24.00,13417219,440
55.05,1552282290,692.69,51.44470698,7.49145555,273.32,5.95,0.66,126.80,1,-102.00,-22.00,-12.00,1.00,37.00,24.00,13417219,440
56.06,1552282291,698.69,51.44467759,7.49151604,273.42,5.79,-0.16,126.45,1,-113.00,-14.00,-9.00,5.00,18.00,24.00,13417219,440
57.05,1552282292,704.44,51.44465089,7.49157243,273.40,5.70,-0.09,126.07,1,-113.00,-14.00,-9.00,5.00,18.00,24.00,13417219,440
58.05,1552282293,710.15,51.44461977,7.49164076,273.35,5.73,0.02,125.53,1,-113.00,-14.00,-9.00,5.00,18.00,24.00,13417219,440
59.05,1552282294,715.87,51.44458308,7.49169207,273.15,5.09,-0.63,141.05,1,-109.00,-9.00,1.00,6.00,20.00,24.00,13417219,440
60.04,1552282295,720.95,51.44453807,7.49172792,273.22,5.07,-0.02,157.62,1,-109.00,-9.00,1.00,6.00,20.00,24.00,13417219,440
61.05,1552282296,726.04,51.44448675,7.49174390,273.63,4.81,-0.26,175.46,1,-107.00,-10.00,1.00,6.00,22.00,24.00,13417219,440
62.05,1552282297,730.85,51.44444843,7.49171838,273.62,5.43,0.62,207.57,1,-107.00,-10.00,1.00,6.00,22.00,24.00,13417219,440
63.05,1552282298,736.27,51.44440258,7.49168042,273.30,6.43,1.00,209.53,1,-107.00,-9.00,3.00,6.00,22.00,24.00,13417219,440
64.05,1552282299,742.70,51.44434871,7.49162833,273.05,7.73,1.30,212.12,1,-107.00,-9.00,3.00,6.00,22.00,24.00,13417219,440
65.05,1552282300,750.43,51.44429265,7.49155874,272.87,8.63,0.91,215.12,1,-107.00,-10.00,5.00,6.00,22.00,24.00,13417219,440
66.05,1552282301,759.07,51.44422412,7.49147301,272.20,9.50,0.87,217.54,1,-107.00,-10.00,5.00,6.00,22.00,24.00,13417219,440
67.05,1552282302,768.56,51.44415060,7.49138278,271.66,10.62,1.13,217.94,1,-106.00,-11.00,4.00,6.00,23.00,24.00,13417219,440
68.05,1552282303,779.18,51.44407081,7.49128290,271.45,11.49,0.87,217.32,1,-106.00,-11.00,4.00,6.00,23.00,24.00,13417219,440
69.05,1552282304,790.68,51.44397566,7.49117562,271.29,12.41,0.92,216.56,1,-107.00,-9.00,7.00,6.00,21.00,24.00,13417219,440
70.05,1552282305,803.10,51.44387162,7.49106368,271.16,13.50,1.09,215.75,1,-107.00,-9.00,7.00,6.00,21.00,24.00,13417219,440
71.05,1552282306,816.58,51.44376965,7.49094185,271.33,14.32,0.82,215.91,1,-105.00,-9.00,19.00,6.00,23.00,24.00,13417219,440
72.05,1552282307,830.91,51.44366319,7.49081958,271.59,14.88,0.55,216.24,1,-105.00,-9.00,19.00,6.00,23.00,24.00,13417219,440
73.05,1552282308,845.80,51.44356134,7.49070073,271.99,14.51,-0.36,216.19,1,-105.00,-8.00,16.00,4.00,22.00,24.00,13417219,440
74.05,1552282309,860.31,51.44345804,7.49057789,272.39,14.57,0.06,216.35,1,-105.00,-8.00,16.00,4.00,22.00,24.00,13417219,440
75.05,1552282310,874.87,51.44334937,7.49044772,272.95,14.90,0.33,216.57,1,-106.00,-10.00,2.00,6.00,21.00,24.00,13417219,440
76.05,1552282311,889.78,51.44324127,7.49032024,273.35,15.39,0.49,216.71,1,-106.00,-10.00,2.00,6.00,21.00,24.00,13417219,440
77.06,1552282312,905.30,51.44312885,7.49018592,273.96,15.55,0.16,216.70,1,-108.00,-11.00,0.00,5.00,22.00,24.00,13417219,440
78.05,1552282313,920.73,51.44301739,7.49005705,274.34,15.12,-0.43,216.39,1,-108.00,-11.00,0.00,5.00,22.00,24.00,13417219,440
79.05,1552282314,935.85,51.44290893,7.48993807,274.88,14.91,-0.21,216.03,1,-108.00,-11.00,0.00,5.00,22.00,24.00,13417219,440
80.05,1552282315,950.73,51.44280577,7.48981431,275.55,14.04,-0.87,217.14,1,-108.00,-11.00,0.00,5.00,21.00,24.00,13417219,440
81.05,1552282316,964.77,51.44270357,7.48968445,276.03,14.18,0.14,218.27,1,-108.00,-11.00,0.00,5.00,21.00,24.00,13417219,440
82.05,1552282317,978.96,51.44260577,7.48955371,276.53,14.28,0.10,219.62,1,-104.00,-9.00,1.00,6.00,24.00,24.00,13417219,440
83.05,1552282318,993.23,51.44250836,7.48942845,277.10,14.45,0.17,218.56,1,-104.00,-9.00,1.00,6.00,24.00,24.00,13417219,440
84.05,1552282319,1007.68,51.44240710,7.48930056,277.51,13.92,-0.54,218.20,1,-102.00,-9.00,-3.00,5.00,28.00,24.00,13417219,440
85.05,1552282320,1021.61,51.44230940,7.48917294,277.49,13.58,-0.34,219.07,1,-102.00,-9.00,-3.00,5.00,28.00,24.00,13417219,440
86.05,1552282321,1035.18,51.44220544,7.48903995,277.63,13.21,-0.37,218.39,1,-100.00,-7.00,9.00,7.00,28.00,24.00,13417219,440
87.05,1552282322,1048.39,51.44211730,7.48892079,277.38,13.31,0.10,218.41,1,-100.00,-7.00,9.00,7.00,28.00,24.00,13417219,440
88.05,1552282323,1061.68,51.44202534,7.48880445,277.30,12.32,-0.99,219.22,1,-96.00,-6.00,23.00,8.00,30.00,24.00,13417219,440
89.05,1552282324,1074.00,51.44193030,7.48867395,277.24,13.13,0.81,221.43,1,-96.00,-6.00,23.00,8.00,30.00,24.00,13417219,440
90.05,1552282325,1087.14,51.44183794,7.48853658,277.06,13.91,0.78,223.87,1,-101.00,-9.00,0.00,6.00,28.00,24.00,13417219,440
91.05,1552282326,1101.05,51.44174783,7.48838663,277.22,13.90,-0.01,225.79,1,-101.00,-9.00,0.00,6.00,28.00,24.00,13417219,440
92.05,1552282327,1114.94,51.44166454,7.48824176,277.56,13.48,-0.42,227.83,1,-98.00,-10.00,-3.00,5.00,34.00,24.00,13417219,440
93.05,1552282328,1128.44,51.44157566,7.48808962,278.03,12.99,-0.50,228.71,1,-98.00,-10.00,-3.00,5.00,34.00,24.00,13417219,440
94.05,1552282329,1141.40,51.44149909,7.48793735,278.60,13.10,0.11,230.48,1,-96.00,-7.00,-5.00,1.00,30.00,24.00,13417219,440
95.05,1552282330,1154.52,51.44143122,7.48779196,279.18,12.80,-0.30,232.13,1,-96.00,-7.00,-5.00,1.00,30.00,24.00,13417219,440
96.05,1552282331,1167.31,51.44136498,7.48764828,279.47,12.40,-0.40,232.67,1,-99.00,-8.00,0.00,7.00,30.00,24.00,13417219,440
97.05,1552282332,1179.71,51.44129986,7.48750374,279.77,12.64,0.24,233.37,1,-99.00,-8.00,0.00,7.00,30.00,24.00,13417219,440
98.06,1552282333,1192.46,51.44123471,7.48735909,280.13,13.16,0.52,232.91,1,-97.00,-6.00,19.00,10.00,28.00,24.00,13417219,440
99.05,1552282334,1205.50,51.44116414,7.48720718,280.15,13.48,0.32,232.39,1,-97.00,-6.00,19.00,10.00,28.00,24.00,13417219,440
100.05,1552282335,1218.98,51.44108394,7.48704073,280.22,13.75,0.28,231.69,1,-97.00,-6.00,19.00,10.00,28.00,24.00,13417219,440
101.05,1552282336,1232.73,51.44100332,7.48686955,280.19,14.41,0.66,232.36,1,-94.00,-6.00,21.00,10.00,33.00,24.00,13417219,440
102.05,1552282337,1247.13,51.44092920,7.48669952,280.30,14.77,0.35,233.23,1,-94.00,-6.00,21.00,10.00,33.00,24.00,13417219,440
103.05,1552282338,1261.91,51.44085276,7.48652572,280.00,15.01,0.24,232.86,1,-92.00,-6.00,13.00,14.00,32.00,24.00,13417219,440
104.05,1552282339,1276.91,51.44076917,7.48634150,279.91,14.68,-0.32,232.46,1,-92.00,-6.00,13.00,14.00,32.00,24.00,13417219,440
105.05,1552282340,1291.58,51.44069407,7.48617853,279.51,13.68,-1.01,233.08,1,-96.00,-7.00,13.00,9.00,31.00,24.00,13417219,440
106.05,1552282341,1305.29,51.44061357,7.48600073,279.49,14.67,0.99,233.84,1,-96.00,-7.00,13.00,9.00,31.00,24.00,13417219,440
107.05,1552282342,1319.94,51.44052513,7.48580647,279.39,16.26,1.60,233.84,1,-95.00,-7.00,10.00,9.00,32.00,24.00,13417219,440
108.05,1552282343,1336.20,51.44043830,7.48561259,279.85,16.83,0.57,233.71,1,-95.00,-7.00,10.00,9.00,32.00,24.00,13417219,440
109.05,1552282344,1353.03,51.44034753,7.48541698,280.37,17.36,0.52,232.95,1,-95.00,-7.00,9.00,12.00,30.00,24.00,13417219,440
110.05,1552282345,1370.39,51.44025262,7.48521429,280.71,16.93,-0.43,233.39,1,-95.00,-7.00,9.00,12.00,30.00,24.00,13417219,440
111.05,1552282346,1387.32,51.44016324,7.48502155,280.86,16.61,-0.32,233.79,1,-93.00,-6.00,29.00,8.00,33.00,24.00,13417219,440
112.05,1552282347,1403.93,51.44006985,7.48482193,281.38,16.51,-0.10,233.22,1,-93.00,-6.00,29.00,8.00,33.00,24.00,13417219,440
113.05,1552282348,1420.44,51.43998470,7.48463294,282.00,16.32,-0.19,233.65,1,-98.00,-7.00,1.00,13.00,29.00,24.00,13417219,440
114.05,1552282349,1436.76,51.43989867,7.48445090,282.96,16.13,-0.20,233.25,1,-98.00,-7.00,1.00,13.00,29.00,24.00,13417219,440
115.05,1552282350,1452.91,51.43980963,7.48426703,283.72,15.69,-0.44,232.89,1,-95.00,-7.00,12.00,11.00,31.00,24.00,13417219,440
116.05,1552282351,1468.61,51.43972197,7.48407989,283.95,16.45,0.77,233.59,1,-95.00,-7.00,12.00,11.00,31.00,24.00,13417219,440
117.05,1552282352,1485.04,51.43963969,7.48389049,283.96,16.48,0.02,234.48,1,-98.00,-8.00,5.00,7.00,30.00,24.00,13417219,440
118.05,1552282353,1501.52,51.43954277,7.48367659,283.87,16.71,0.24,235.23,1,-98.00,-8.00,5.00,7.00,30.00,24.00,13417219,440
119.06,1552282354,1518.35,51.43946465,7.48348513,283.74,15.17,-1.53,237.04,1,-94.00,-7.00,5.00,7.00,31.00,21.00,13523715,6
120.05,1552282355,1533.42,51.43938346,7.48328245,283.04,15.11,-0.06,238.03,1,-94.00,-7.00,5.00,7.00,31.00,21.00,13523715,6
121.05,1552282356,1548.53,51.43930918,7.48308131,282.79,15.17,0.06,239.61,1,-94.00,-7.00,5.00,7.00,31.00,21.00,13523715,6
122.05,1552282357,1563.69,51.43924740,7.48289842,282.58,14.84,-0.33,240.32,1,-97.00,-8.00,3.00,10.00,30.00,21.00,13523715,6
123.05,1552282358,1578.53,51.43917931,7.48270804,282.88,15.29,0.45,239.47,1,-97.00,-8.00,3.00,10.00,30.00,21.00,13523715,6
124.05,1552282359,1593.83,51.43911625,7.48253531,282.99,14.45,-0.85,240.39,1,-98.00,-10.00,3.00,8.00,31.00,21.00,13523715,6
125.05,1552282360,1608.27,51.43905078,7.48235065,283.70,15.73,1.29,240.88,1,-98.00,-10.00,3.00,8.00,31.00,21.00,13523715,6
126.05,1552282361,1623.99,51.43898287,7.48215116,284.59,15.96,0.23,240.31,1,-95.00,-6.00,12.00,12.00,32.00,20.00,13417219,440
127.05,1552282362,1639.94,51.43890616,7.48192825,285.21,15.96,-0.00,239.95,1,-95.00,-6.00,12.00,12.00,32.00,20.00,13417219,440
128.05,1552282363,1655.91,51.43884030,7.48172672,285.77,15.27,-0.69,241.17,1,-97.00,-7.00,8.00,8.00,29.00,20.00,13417219,440
129.05,1552282364,1671.19,51.43876641,7.48152380,286.59,15.50,0.22,241.06,1,-97.00,-7.00,8.00,8.00,29.00,20.00,13417219,440
130.05,1552282365,1686.68,51.43869955,7.48133841,286.87,15.06,-0.44,241.52,1,-98.00,-8.00,13.00,10.00,32.00,20.00,13417219,440
131.05,1552282366,1701.74,51.43863314,7.48113845,286.85,16.18,1.12,242.11,1,-98.00,-8.00,13.00,10.00,32.00,20.00,13417219,440
132.05,1552282367,1717.92,51.43856863,7.48093575,286.75,16.17,-0.01,241.69,1,-88.00,-7.00,14.00,13.00,39.00,20.00,13417219,440
133.05,1552282368,1734.08,51.43850282,7.48072927,286.63,16.30,0.13,241.13,1,-88.00,-7.00,14.00,13.00,39.00,20.00,13417219,440
134.05,1552282369,1750.38,51.43843170,7.48050089,286.43,16.72,0.42,242.05,1,-94.00,-8.00,4.00,7.00,34.00,20.00,13417219,440
135.05,1552282370,1767.10,51.43835754,7.48028069,286.09,16.94,0.22,242.05,1,-94.00,-8.00,4.00,7.00,34.00,20.00,13417219,440
136.05,1552282371,1784.02,51.43828521,7.48006749,285.83,16.89,-0.05,241.18,1,-95.00,-8.00,2.00,11.00,33.00,20.00,13417219,440
137.05,1552282372,1800.92,51.43820939,7.47986557,285.42,15.84,-1.05,240.79,1,-95.00,-8.00,2.00,11.00,33.00,20.00,13417219,440
138.05,1552282373,1816.76,51.43813365,7.47966946,284.90,15.09,-0.75,241.30,1,-95.00,-10.00,1.00,7.00,32.00,20.00,13417219,440
139.05,1552282374,1831.86,51.43805895,7.47946843,284.74,14.35,-0.74,241.52,1,-95.00,-10.00,1.00,7.00,32.00,20.00,13417219,440
140.06,1552282375,1846.35,51.43800787,7.47930354,285.32,14.00,-0.35,242.21,1,-95.00,-9.00,5.00,8.00,34.00,20.00,13417219,440
141.05,1552282376,1860.23,51.43795012,7.47912629,285.25,13.44,-0.57,241.56,1,-95.00,-9.00,5.00,8.00,34.00,20.00,13417219,440
142.05,1552282377,1873.66,51.43787916,7.47892673,285.05,14.47,1.03,241.25,1,-95.00,-9.00,5.00,8.00,34.00,20.00,13417219,440
143.05,1552282378,1888.12,51.43780569,7.47871228,284.84,14.31,-0.15,241.84,1,-88.00,-7.00,3.00,9.00,39.00,20.00,13417219,440
144.05,1552282379,1902.45,51.43774468,7.47853509,284.65,13.82,-0.49,242.08,1,-88.00,-7.00,3.00,9.00,39.00,20.00,13417219,440
145.05,1552282380,1916.25,51.43768378,7.47835950,285.07,13.69,-0.13,241.27,1,-91.00,-8.00,2.00,7.00,36.00,20.00,13417219,440
146.05,1552282381,1929.95,51.43761985,7.47817294,285.92,13.93,0.24,241.78,1,-91.00,-8.00,2.00,7.00,36.00,20.00,13417219,440
147.05,1552282382,1943.87,51.43754929,7.47797348,286.73,14.15,0.22,240.92,1,-92.00,-8.00,4.00,11.00,35.00,20.00,13417219,440
148.05,1552282383,1958.02,51.43748430,7.47778038,287.29,14.14,-0.01,241.71,1,-92.00,-8.00,4.00,11.00,35.00,20.00,13417219,440
149.05,1552282384,1972.15,51.43742893,7.47761070,288.19,12.84,-1.30,242.30,1,-86.00,-7.00,5.00,10.00,41.00,20.00,13417219,440
150.05,1552282385,1985.01,51.43737055,7.47743318,289.01,12.89,0.05,243.21,1,-86.00,-7.00,5.00,10.00,41.00,20.00,13417219,440
151.05,1552282386,1997.89,51.43731429,7.47725652,289.65,13.33,0.45,243.69,1,-89.00,-6.00,11.00,15.00,37.00,19.00,13523715,6
152.05,1552282387,2011.22,51.43726526,7.47707898,290.24,12.54,-0.80,245.19,1,-89.00,-6.00,11.00,15.00,37.00,19.00,13523715,6
153.05,1552282388,2023.76,51.43722485,7.47690091,290.64,11.97,-0.56,248.13,1,-87.00,-6.00,13.00,8.00,40.00,19.00,13523715,6
154.05,1552282389,2035.72,51.43719739,7.47674817,290.82,11.38,-0.59,250.54,1,-87.00,-6.00,13.00,8.00,40.00,19.00,13523715,6
155.05,1552282390,2047.11,51.43719582,7.47658095,290.89,9.97,-1.41,268.11,1,-89.00,-6.00,10.00,15.00,37.00,19.00,13523715,6
156.05,1552282391,2057.09,51.43719784,7.47643449,290.95,7.90,-2.07,271.83,1,-89.00,-6.00,10.00,15.00,37.00,19.00,13523715,6
157.05,1552282392,2064.97,51.43722035,7.47634150,290.88,6.48,-1.42,292.06,1,-91.00,-7.00,13.00,10.00,38.00,19.00,13523715,6
158.05,1552282393,2071.48,51.43726311,7.47625479,290.89,6.38,-0.11,309.65,1,-91.00,-7.00,13.00,10.00,38.00,19.00,13523715,6
159.05,1552282394,2077.84,51.43731604,7.47618785,290.99,6.99,0.62,323.62,1,-92.00,-6.00,14.00,10.00,34.00,19.00,13523715,6
160.05,1552282395,2084.83,51.43737539,7.47614614,291.11,7.50,0.51,343.43,1,-92.00,-6.00,14.00,10.00,34.00,19.00,13523715,6
161.05,1552282396,2092.38,51.43744361,7.47611801,291.51,7.50,0.00,346.59,1,-93.00,-7.00,12.00,9.00,33.00,19.00,13523715,6
162.05,1552282397,2099.83,51.43750846,7.47616987,291.18,8.41,0.92,27.12,1,-93.00,-7.00,12.00,9.00,33.00,19.00,13523715,6
163.05,1552282398,2108.24,51.43757394,7.47628282,290.90,10.05,1.64,48.44,1,-93.00,-7.00,12.00,9.00,33.00,19.00,13523715,6
164.05,1552282399,2118.28,51.43765108,7.47642833,290.49,11.55,1.50,49.57,1,-94.00,-7.00,14.00,10.00,32.00,19.00,13523715,6
165.05,1552282400,2129.83,51.43774579,7.47660466,290.21,13.42,1.87,50.72,1,-94.00,-7.00,14.00,10.00,32.00,19.00,13523715,6
166.05,1552282401,2143.26,51.43782202,7.47676616,290.27,14.79,1.36,52.48,1,-94.00,-7.00,14.00,11.00,32.00,19.00,13523715,6
167.05,1552282402,2158.04,51.43790982,7.47695127,290.57,16.65,1.87,53.15,1,-94.00,-7.00,14.00,11.00,32.00,19.00,13523715,6
168.05,1552282403,2174.71,51.43800458,7.47715501,291.11,17.61,0.96,53.85,1,-96.00,-7.00,7.00,12.00,31.00,19.00,13523715,6
169.05,1552282404,2192.32,51.43811378,7.47738745,291.35,18.91,1.29,54.52,1,-96.00,-7.00,7.00,12.00,31.00,19.00,13523715,6
170.05,1552282405,2211.19,51.43820896,7.47761926,291.52,19.89,0.99,55.41,1,-94.00,-7.00,11.00,9.00,32.00,19.00,13523715,6
171.05,1552282406,2231.10,51.43832037,7.47787948,291.69,21.80,1.90,55.50,1,-94.00,-7.00,11.00,9.00,32.00,19.00,13523715,6
172.05,1552282407,2252.92,51.43843352,7.47814904,291.96,22.47,0.67,55.92,1,-95.00,-7.00,3.00,13.00,31.00,19.00,13523715,6
173.05,1552282408,2275.39,51.43855412,7.47843100,292.78,24.02,1.55,56.30,1,-95.00,-7.00,3.00,13.00,31.00,19.00,13523715,6
174.05,1552282409,2299.41,51.43866615,7.47871399,292.83,24.87,0.85,56.53,1,-103.00,-10.00,2.00,8.00,26.00,19.00,13523715,6
175.05,1552282410,2324.26,51.43878513,7.47901217,292.82,25.19,0.32,56.38,1,-103.00,-10.00,2.00,8.00,26.00,19.00,13523715,6
176.05,1552282411,2349.47,51.43891036,7.47933175,292.48,25.94,0.75,57.74,1,-105.00,-9.00,2.00,9.00,24.00,19.00,13523715,6
177.05,1552282412,2375.42,51.43904833,7.47966053,292.33,27.36,1.42,55.88,1,-105.00,-9.00,2.00,9.00,24.00,19.00,13523715,6
178.05,1552282413,2402.77,51.43918447,7.47998655,292.31,26.85,-0.50,54.90,1,-107.00,-13.00,1.00,6.00,25.00,19.00,13523715,6
179.05,1552282414,2429.62,51.43932085,7.48028517,291.81,26.73,-0.13,53.77,1,-107.00,-13.00,1.00,6.00,25.00,19.00,13523715,6
180.05,1552282415,2456.32,51.43945989,7.48059304,291.19,26.15,-0.57,53.22,1,-106.00,-9.00,8.00,7.00,23.00,22.00,13417219,440
181.05,1552282416,2482.48,51.43960190,7.48089236,290.39,25.87,-0.29,52.59,1,-106.00,-9.00,8.00,7.00,23.00,22.00,13417219,440
182.06,1552282417,2508.58,51.43974238,7.48118908,289.76,25.60,-0.27,53.03,1,-106.00,-10.00,6.00,9.00,24.00,22.00,13417219,440
183.05,1552282418,2533.94,51.43988586,7.48148343,289.06,25.33,-0.27,51.59,1,-106.00,-10.00,6.00,9.00,24.00,22.00,13417219,440
184.05,1552282419,2559.27,51.44003363,7.48175301,288.51,24.76,-0.57,48.30,1,-106.00,-10.00,6.00,9.00,24.00,22.00,13417219,440
185.05,1552282420,2584.03,51.44019083,7.48201872,287.65,25.03,0.27,45.91,1,-105.00,-10.00,-1.00,9.00,25.00,22.00,13417219,440
186.05,1552282421,2609.06,51.44034784,7.48226412,286.79,25.04,0.01,43.94,1,-105.00,-10.00,-1.00,9.00,25.00,22.00,13417219,440
187.05,1552282422,2634.15,51.44051110,7.48250351,286.13,24.94,-0.10,41.91,1,-108.00,-12.00,-4.00,5.00,24.00,22.00,13417219,440
188.05,1552282423,2659.06,51.44068155,7.48275152,285.22,25.18,0.24,41.32,1,-108.00,-12.00,-4.00,5.00,24.00,22.00,13417219,440
189.05,1552282424,2684.27,51.44086084,7.48299168,284.63,25.03,-0.15,40.03,1,-108.00,-16.00,-6.00,3.00,25.00,22.00,13417219,440
190.05,1552282425,2709.31,51.44103833,7.48322075,284.58,24.95,-0.09,39.78,1,-108.00,-16.00,-6.00,3.00,25.00,22.00,13417219,440
191.05,1552282426,2734.33,51.44122101,7.48344062,284.57,24.93,-0.02,37.53,1,-109.00,-16.00,-8.00,4.00,25.00,22.00,13417219,440
192.05,1552282427,2759.24,51.44140975,7.48364865,284.84,25.24,0.31,34.84,1,-109.00,-16.00,-8.00,4.00,25.00,22.00,13417219,440
193.05,1552282428,2784.47,51.44159475,7.48384035,284.86,25.00,-0.24,32.84,1,-112.00,-18.00,-9.00,4.00,25.00,22.00,13417219,440
194.05,1552282429,2809.47,51.44179131,7.48403027,285.10,25.54,0.54,31.24,1,-112.00,-18.00,-9.00,4.00,25.00,22.00,13417219,440
195.05,1552282430,2835.02,51.44198433,7.48421617,285.30,25.56,0.02,30.40,1,-110.00,-17.00,-9.00,4.00,26.00,22.00,13417219,440
196.05,1552282431,2860.58,51.44217938,7.48438289,285.18,25.38,-0.18,27.87,1,-110.00,-17.00,-9.00,4.00,26.00,22.00,13417219,440
197.05,1552282432,2885.98,51.44238167,7.48454424,285.06,25.69,0.31,26.58,1,-115.00,-15.00,-8.00,4.00,21.00,22.00,13417219,440
198.05,1552282433,2911.67,51.44257980,7.48470330,284.61,25.73,0.04,26.02,1,-115.00,-15.00,-8.00,4.00,21.00,22.00,13417219,440
199.05,1552282434,2937.35,51.44278289,7.48485729,283.94,25.58,-0.15,24.79,1,-101.00,-20.00,-8.00,2.00,27.00,22.00,13417219,440
200.05,1552282435,2962.95,51.44298505,7.48501028,283.13,25.44,-0.14,23.88,1,-101.00,-20.00,-8.00,2.00,27.00,22.00,13417219,440
201.05,1552282436,2988.28,51.44319169,7.48515670,282.38,25.50,0.06,23.61,1,-111.00,-15.00,-8.00,4.00,22.00,17.00,13415170,315
202.05,1552282437,3013.78,51.44339146,7.48529938,281.32,25.32,-0.18,23.19,1,-111.00,-15.00,-8.00,4.00,22.00,17.00,13415170,315
203.06,1552282438,3039.33,51.44358770,7.48542854,280.22,24.40,-0.91,22.01,1,-108.00,-15.00,-7.00,5.00,25.00,17.00,13415170,315
204.05,1552282439,3063.51,51.44376903,7.48555062,278.75,22.08,-2.34,21.85,1,-108.00,-15.00,-7.00,5.00,25.00,17.00,13415170,315
205.05,1552282440,3085.59,51.44394249,7.48566984,277.63,20.29,-1.79,21.02,1,-108.00,-15.00,-7.00,5.00,25.00,17.00,13415170,315
206.05,1552282441,3105.90,51.44410400,7.48576940,276.54,18.37,-1.92,19.47,1,-109.00,-13.00,-7.00,7.00,24.00,17.00,13415170,315
207.05,1552282442,3124.28,51.44425228,7.48586246,275.58,16.36,-2.02,20.63,1,-109.00,-13.00,-7.00,7.00,24.00,17.00,13415170,315
208.05,1552282443,3140.61,51.44437259,7.48595363,274.83,15.09,-1.26,23.56,1,-109.00,-11.00,-7.00,8.00,22.00,17.00,13415170,315
209.05,1552282444,3155.72,51.44450080,7.48609545,274.14,15.02,-0.07,36.36,1,-109.00,-11.00,-7.00,8.00,22.00,17.00,13415170,315
210.05,1552282445,3170.76,51.44460741,7.48623164,273.63,13.98,-1.04,39.26,1,-111.00,-13.00,0.00,6.00,20.00,17.00,13415170,315
211.05,1552282446,3184.73,51.44467392,7.48639547,273.25,13.48,-0.50,57.65,1,-111.00,-13.00,0.00,6.00,20.00,17.00,13415170,315
212.05,1552282447,3198.23,51.44473291,7.48656319,272.80,13.09,-0.40,61.26,1,-116.00,-15.00,-3.00,4.00,18.00,17.00,13415170,315
213.05,1552282448,3211.32,51.44474755,7.48674918,272.11,12.72,-0.37,82.02,1,-116.00,-15.00,-3.00,4.00,18.00,17.00,13415170,315
214.05,1552282449,3224.04,51.44472702,7.48693903,271.14,13.38,0.66,100.52,1,-119.00,-18.00,-8.00,2.00,18.00,17.00,13415170,315
215.05,1552282450,3237.43,51.44469519,7.48712498,270.05,13.17,-0.21,104.43,1,-119.00,-18.00,-8.00,2.00,18.00,17.00,13415170,315
216.05,1552282451,3250.58,51.44460533,7.48731003,268.75,13.95,0.78,131.57,1,-115.00,-14.00,-9.00,5.00,22.00,24.00,13417219,440
217.05,1552282452,3264.55,51.44449579,7.48742494,267.71,14.24,0.29,147.99,1,-115.00,-14.00,-9.00,5.00,22.00,24.00,13417219,440
218.05,1552282453,3278.75,51.44438259,7.48747958,266.73,14.35,0.11,160.91,1,-116.00,-15.00,-6.00,4.00,17.00,24.00,13417219,440
219.05,1552282454,3293.11,51.44425435,7.48749104,265.61,14.42,0.07,180.26,1,-116.00,-15.00,-6.00,4.00,17.00,24.00,13417219,440
220.05,1552282455,3307.55,51.44413337,7.48745978,264.71,14.10,-0.31,193.62,1,-118.00,-17.00,-8.00,3.00,18.00,24.00,13417219,440
221.05,1552282456,3321.67,51.44401728,7.48736981,264.08,14.60,0.50,209.18,1,-118.00,-17.00,-8.00,3.00,18.00,24.00,13417219,440
222.05,1552282457,3336.27,51.44390246,7.48726188,263.27,15.08,0.48,213.24,1,-102.00,-18.00,-10.00,4.00,28.00,24.00,13417219,440
223.05,1552282458,3351.34,51.44380154,7.48712754,262.52,15.52,0.44,217.36,1,-102.00,-18.00,-10.00,4.00,28.00,24.00,13417219,440
224.06,1552282459,3367.00,51.44377151,7.48692166,262.24,15.37,-0.15,259.19,1,-115.00,-17.00,-8.00,4.00,23.00,24.00,13417219,440
225.05,1552282460,3382.25,51.44375660,7.48669769,262.51,15.65,0.28,262.02,1,-115.00,-17.00,-8.00,4.00,23.00,24.00,13417219,440
226.05,1552282461,3397.90,51.44374576,7.48645950,262.72,16.39,0.74,263.84,1,-115.00,-17.00,-8.00,4.00,23.00,24.00,13417219,440
227.05,1552282462,3414.29,51.44373813,7.48619986,263.09,17.79,1.41,265.12,1,-114.00,-16.00,-8.00,3.00,20.00,24.00,13417219,440
228.05,1552282463,3432.08,51.44373298,7.48592936,263.45,18.93,1.14,266.26,1,-114.00,-16.00,-8.00,3.00,20.00,24.00,13417219,440
229.05,1552282464,3451.04,51.44372672,7.48564253,263.77,19.97,1.04,267.00,1,-118.00,-18.00,-10.00,3.00,20.00,24.00,13417219,440
230.05,1552282465,3471.01,51.44372024,7.48534708,264.00,19.49,-0.49,266.01,1,-118.00,-18.00,-10.00,3.00,20.00,24.00,13417219,440
231.05,1552282466,3490.49,51.44370887,7.48503024,263.31,20.87,1.38,267.01,1,-123.00,-18.00,-12.00,2.00,14.00,24.00,13417219,440
232.05,1552282467,3511.34,51.44369772,7.48471359,262.98,21.86,0.99,266.88,1,-123.00,-18.00,-12.00,2.00,14.00,24.00,13417219,440
233.05,1552282468,3533.14,51.44369833,7.48441267,263.47,23.05,1.19,267.28,nan,nan,nan,nan,nan,nan,nan,nan,nan
234.05,1552282469,3556.19,51.44369518,7.48408681,264.58,23.15,0.10,268.24,nan,nan,nan,nan,nan,nan,nan,nan,nan
235.05,1552282470,3579.31,51.44369275,7.48373603,265.74,23.46,0.31,268.62,nan,nan,nan,nan,nan,nan,nan,nan,nan
236.05,1552282471,3602.79,51.44368967,7.48339096,266.55,24.15,0.69,267.94,nan,nan,nan,nan,nan,nan,nan,nan,nan
237.05,1552282472,3626.92,51.44368096,7.48303686,267.03,24.44,0.29,267.50,nan,nan,nan,nan,nan,nan,nan,nan,nan
238.05,1552282473,3651.43,51.44367213,7.48267971,267.25,24.69,0.25,267.08,nan,nan,nan,nan,nan,nan,nan,nan,nan
239.05,1552282474,3676.07,51.44366212,7.48232040,267.55,24.62,-0.08,267.15,1,-110.00,-10.00,-1.00,6.00,20.00,65.00,13177857,26
240.05,1552282475,3700.71,51.44365206,7.48197319,267.57,24.15,-0.46,267.08,1,-110.00,-10.00,-1.00,6.00,20.00,65.00,13177857,26
241.04,1552282476,3724.75,51.44364187,7.48162973,267.30,23.71,-0.44,266.66,1,-110.00,-11.00,-1.00,7.00,20.00,65.00,13177857,26
242.05,1552282477,3748.56,51.44362781,7.48128999,266.73,23.17,-0.55,266.01,1,-110.00,-11.00,-1.00,7.00,20.00,65.00,13177857,26
243.05,1552282478,3771.77,51.44361570,7.48096186,265.95,23.01,-0.16,265.77,1,-112.00,-13.00,-2.00,4.00,21.00,65.00,13177857,26
244.05,1552282479,3794.75,51.44360220,7.48064503,265.30,22.90,-0.10,265.46,1,-112.00,-13.00,-2.00,4.00,21.00,65.00,13177857,26
245.06,1552282480,3817.82,51.44358369,7.48032041,264.55,22.99,0.08,264.09,1,-109.00,-13.00,-6.00,6.00,23.00,65.00,13177857,26
246.05,1552282481,3840.62,51.44355985,7.47998806,263.74,23.39,0.40,263.07,1,-109.00,-13.00,-6.00,6.00,23.00,65.00,13177857,26
247.05,1552282482,3864.01,51.44353480,7.47964775,262.95,23.78,0.40,262.79,1,-109.00,-13.00,-6.00,6.00,23.00,65.00,13177857,26
248.05,1552282483,3887.76,51.44350826,7.47929893,262.32,24.52,0.74,262.11,1,-104.00,-8.00,1.00,6.00,23.00,65.00,13177857,26
249.05,1552282484,3912.28,51.44348160,7.47894526,261.81,24.92,0.41,262.46,1,-104.00,-8.00,1.00,6.00,23.00,65.00,13177857,26
250.05,1552282485,3937.23,51.44345278,7.47857858,261.47,25.58,0.65,263.08,1,-105.00,-10.00,3.00,7.00,24.00,65.00,13177857,26
251.05,1552282486,3962.81,51.44342368,7.47820794,260.92,26.38,0.80,262.89,1,-105.00,-10.00,3.00,7.00,24.00,65.00,13177857,26
252.05,1552282487,3989.19,51.44339283,7.47782549,260.67,27.36,0.98,262.82,1,-105.00,-10.00,0.00,7.00,26.00,65.00,13177857,26
253.05,1552282488,4016.52,51.44336102,7.47741817,260.29,28.15,0.79,262.55,1,-105.00,-10.00,0.00,7.00,26.00,65.00,13177857,26
254.05,1552282489,4044.69,51.44332764,7.47700486,259.83,29.05,0.91,262.22,1,-107.00,-13.00,-2.00,4.00,25.00,65.00,13177857,26
255.05,1552282490,4073.75,51.44328882,7.47658667,259.34,29.80,0.75,261.95,1,-107.00,-13.00,-2.00,4.00,25.00,65.00,13177857,26
256.05,1552282491,4103.52,51.44325093,7.47616237,258.91,29.45,-0.36,261.95,1,-104.00,-9.00,1.00,6.00,23.00,65.00,13177857,26
257.05,1552282492,4132.97,51.44321398,7.47575093,258.37,29.08,-0.37,261.14,1,-104.00,-9.00,1.00,6.00,23.00,65.00,13177857,26
258.05,1552282493,4162.02,51.44317167,7.47534164,257.87,28.91,-0.17,260.80,1,-108.00,-11.00,-3.00,5.00,23.00,65.00,13177857,26
259.05,1552282494,4190.93,51.44312745,7.47493460,257.21,29.12,0.21,259.98,1,-108.00,-11.00,-3.00,5.00,23.00,65.00,13177857,26
260.05,1552282495,4220.09,51.44308212,7.47452717,256.41,29.39,0.27,260.22,1,-109.00,-11.00,-1.00,5.00,23.00,65.00,13177857,26
261.05,1552282496,4249.48,51.44303586,7.47411079,255.58,29.51,0.11,260.08,1,-109.00,-11.00,-1.00,5.00,23.00,65.00,13177857,26
262.05,1552282497,4279.05,51.44298806,7.47368574,254.77,29.86,0.36,259.96,1,-111.00,-11.00,-3.00,7.00,19.00,65.00,13177857,26
263.05,1552282498,4308.88,51.44293643,7.47326661,253.98,29.72,-0.14,259.59,1,-111.00,-11.00,-3.00,7.00,19.00,65.00,13177857,26
264.05,1552282499,4338.69,51.44288717,7.47286454,253.33,29.30,-0.42,259.45,1,-112.00,-13.00,-10.00,2.00,21.00,65.00,13177857,26
265.05,1552282500,4367.99,51.44283752,7.47245779,252.66,28.79,-0.51,259.06,1,-112.00,-13.00,-10.00,2.00,21.00,65.00,13177857,26
266.06,1552282501,4396.99,51.44278615,7.47204150,251.83,28.87,0.07,259.42,1,-112.00,-16.00,-15.00,4.00,26.00,65.00,13177857,26
267.05,1552282502,4425.65,51.44273531,7.47163252,250.92,29.02,0.16,259.47,1,-112.00,-16.00,-15.00,4.00,26.00,65.00,13177857,26
268.05,1552282503,4454.68,51.44268385,7.47122577,250.02,28.95,-0.07,259.43,1,-112.00,-16.00,-15.00,4.00,26.00,65.00,13177857,26
269.05,1552282504,4483.60,51.44263225,7.47081276,249.02,28.73,-0.22,259.36,1,-120.00,-11.00,1.00,2.00,20.00,85.00,13067273,288
270.05,1552282505,4512.33,51.44258218,7.47041450,247.99,28.17,-0.56,258.99,1,-120.00,-11.00,1.00,2.00,20.00,85.00,13067273,288
271.05,1552282506,4540.44,51.44252870,7.47002704,247.38,27.91,-0.26,258.34,1,-120.00,-10.00,-2.00,4.00,7.00,85.00,13067273,288
272.05,1552282507,4568.35,51.44247644,7.46964152,246.62,27.85,-0.05,257.59,1,-120.00,-10.00,-2.00,4.00,7.00,85.00,13067273,288
273.05,1552282508,4596.26,51.44242394,7.46924378,246.07,28.32,0.47,258.47,1,-117.00,-9.00,2.00,9.00,8.00,85.00,13067273,288
274.05,1552282509,4624.55,51.44237138,7.46884140,245.55,28.51,0.19,258.28,1,-117.00,-9.00,2.00,9.00,8.00,85.00,13067273,288
275.05,1552282510,4653.03,51.44231778,7.46843427,244.96,29.14,0.62,258.66,1,-117.00,-9.00,4.00,9.00,9.00,85.00,13067273,288
276.05,1552282511,4682.17,51.44226357,7.46801306,244.51,29.29,0.16,258.77,1,-117.00,-9.00,4.00,9.00,9.00,85.00,13067273,288
277.05,1552282512,4711.52,51.44220923,7.46758948,243.98,29.71,0.42,258.51,1,-113.00,-8.00,5.00,10.00,10.00,85.00,13067273,288
278.05,1552282513,4741.23,51.44215427,7.46715942,243.30,30.26,0.55,258.03,1,-113.00,-8.00,5.00,10.00,10.00,85.00,13067273,288
279.05,1552282514,4771.50,51.44209903,7.46672180,242.63,30.87,0.61,259.08,1,-119.00,-9.00,4.00,5.00,8.00,85.00,13067273,288
280.05,1552282515,4802.37,51.44204888,7.46628132,241.94,31.18,0.31,259.42,1,-119.00,-9.00,4.00,5.00,8.00,85.00,13067273,288
281.05,1552282516,4833.55,51.44199800,7.46583841,241.23,31.36,0.18,259.73,1,-121.00,-11.00,2.00,7.00,6.00,85.00,13067273,288
282.05,1552282517,4864.91,51.44194624,7.46539153,240.49,31.67,0.30,259.58,1,-121.00,-11.00,2.00,7.00,6.00,85.00,13067273,288
283.05,1552282518,4896.61,51.44189452,7.46493956,239.84,32.08,0.41,259.76,1,-119.00,-10.00,1.00,7.00,8.00,85.00,13067273,288
284.05,1552282519,4928.65,51.44185223,7.46448113,239.28,32.36,0.28,261.63,1,-119.00,-10.00,1.00,7.00,8.00,85.00,13067273,288
285.05,1552282520,4960.95,51.44180972,7.46401787,238.64,32.81,0.45,261.98,1,-118.00,-15.00,-6.00,2.00,26.00,85.00,13022465,205
286.05,1552282521,4993.86,51.44176753,7.46355022,238.15,33.11,0.30,262.21,1,-118.00,-15.00,-6.00,2.00,26.00,85.00,13022465,205
287.05,1552282522,5027.08,51.44173421,7.46307295,237.76,33.49,0.38,263.55,1,-102.00,-22.00,-13.00,1.00,39.00,85.00,13022465,205
288.05,1552282523,5060.37,51.44170167,7.46259060,237.55,33.71,0.22,264.17,1,-102.00,-22.00,-13.00,1.00,39.00,85.00,13022465,205
289.05,1552282524,5094.04,51.44167077,7.46210950,237.14,34.13,0.42,264.44,1,-102.00,-22.00,-13.00,1.00,39.00,85.00,13022465,205
290.05,1552282525,5128.18,51.44164503,7.46160474,237.32,34.31,0.18,264.78,1,-118.00,-19.00,-8.00,1.00,29.00,26.00,13246978,157
291.05,1552282526,5162.49,51.44161955,7.46112549,236.80,34.73,0.42,265.09,1,-118.00,-19.00,-8.00,1.00,29.00,26.00,13246978,157
292.05,1552282527,5197.15,51.44160183,7.46061947,236.43,34.98,0.25,266.25,1,-111.00,-18.00,-10.00,2.00,27.00,26.00,13246978,157
293.05,1552282528,5232.33,51.44158874,7.46011062,236.32,34.96,-0.01,267.36,1,-111.00,-18.00,-10.00,2.00,27.00,26.00,13246978,157
294.05,1552282529,5267.33,51.44157528,7.45961351,236.21,34.98,0.02,267.75,1,-114.00,-18.00,-11.00,1.00,23.00,26.00,13246978,157
295.05,1552282530,5302.31,51.44156270,7.45910956,235.97,35.14,0.16,268.13,1,-114.00,-18.00,-11.00,1.00,23.00,26.00,13246978,157
296.05,1552282531,5337.52,51.44155625,7.45860142,235.66,35.36,0.23,268.52,1,-116.00,-18.00,-14.00,1.00,21.00,13.00,13857025,157
297.05,1552282532,5372.88,51.44155019,7.45809204,235.31,35.49,0.13,268.38,1,-116.00,-18.00,-14.00,1.00,21.00,13.00,13857025,157
298.05,1552282533,5408.12,51.44154525,7.45758360,234.76,35.80,0.31,269.34,1,-108.00,-16.00,-14.00,5.00,28.00,13.00,13857025,171
299.05,1552282534,5443.92,51.44154621,7.45706888,234.08,36.03,0.23,269.68,1,-108.00,-16.00,-14.00,5.00,28.00,13.00,13857025,171
300.05,1552282535,5480.09,51.44154623,7.45655180,233.66,36.18,0.15,269.82,1,-117.00,-17.00,-16.00,4.00,20.00,13.00,13857025,171
301.05,1552282536,5516.27,51.44155217,7.45603040,233.16,36.39,0.21,270.81,1,-117.00,-17.00,-16.00,4.00,20.00,13.00,13857025,171
302.05,1552282537,5552.70,51.44155822,7.45550059,232.82,36.63,0.24,271.41,1,-113.00,-11.00,-3.00,2.00,27.00,14.00,13857025,171
303.05,1552282538,5589.37,51.44156494,7.45497121,232.48,36.77,0.14,271.56,1,-113.00,-11.00,-3.00,2.00,27.00,14.00,13857025,171
304.05,1552282539,5626.07,51.44157902,7.45443179,232.41,36.98,0.21,272.06,1,-111.00,-17.00,-9.00,3.00,23.00,14.00,13857025,171
305.05,1552282540,5663.09,51.44160224,7.45389742,232.72,37.26,0.29,273.85,1,-111.00,-17.00,-9.00,3.00,23.00,14.00,13857025,171
306.05,1552282541,5700.28,51.44162481,7.45336077,233.24,37.30,0.03,274.24,1,-111.00,-17.00,-11.00,1.00,25.00,14.00,13857025,171
307.05,1552282542,5737.65,51.44165897,7.45282641,233.43,36.72,-0.58,275.61,1,-111.00,-17.00,-11.00,1.00,25.00,14.00,13857025,171
308.06,1552282543,5774.76,51.44169221,7.45230311,233.59,36.54,-0.17,275.74,1,-118.00,-21.00,-13.00,1.00,22.00,14.00,13857025,171
309.05,1552282544,5810.98,51.44172608,7.45178271,233.66,36.30,-0.25,275.93,1,-118.00,-21.00,-13.00,1.00,22.00,14.00,13857025,171
310.06,1552282545,5847.32,51.44176782,7.45126423,233.35,36.34,0.04,277.07,1,-118.00,-21.00,-13.00,1.00,22.00,14.00,13857025,171
311.05,1552282546,5883.62,51.44181001,7.45074782,233.02,36.38,0.04,277.82,1,-122.00,-20.00,-15.00,1.00,19.00,14.00,13857025,171
312.06,1552282547,5920.03,51.44185229,7.45023348,232.52,36.39,0.02,277.82,1,-122.00,-20.00,-15.00,1.00,19.00,14.00,13857025,171
313.05,1552282548,5956.14,51.44190270,7.44971052,231.87,36.35,-0.04,278.09,1,-113.00,-14.00,-9.00,4.00,19.00,24.00,13246978,157
314.05,1552282549,5992.49,51.44195168,7.44919189,231.31,36.41,0.07,278.56,1,-113.00,-14.00,-9.00,4.00,19.00,24.00,13246978,157
315.05,1552282550,6029.01,51.44200426,7.44867466,230.69,36.52,0.10,279.13,1,-117.00,-16.00,-13.00,4.00,18.00,24.00,13246978,157
316.05,1552282551,6065.53,51.44205937,7.44815407,230.02,36.64,0.12,279.88,1,-117.00,-16.00,-13.00,4.00,18.00,24.00,13246978,157
317.05,1552282552,6102.20,51.44211945,7.44764485,229.78,36.58,-0.06,280.44,1,-115.00,-17.00,-9.00,5.00,20.00,24.00,13246978,157
318.05,1552282553,6138.75,51.44218157,7.44713497,229.60,36.39,-0.19,281.15,1,-115.00,-17.00,-9.00,5.00,20.00,24.00,13246978,157
319.05,1552282554,6175.07,51.44225211,7.44662522,229.35,36.26,-0.13,281.68,1,-123.00,-21.00,-11.00,1.00,17.00,41.00,13415170,315
320.05,1552282555,6211.32,51.44231804,7.44611610,229.00,36.39,0.13,282.34,1,-123.00,-21.00,-11.00,1.00,17.00,41.00,13415170,315
321.04,1552282556,6247.53,51.44239308,7.44560986,228.69,36.49,0.11,283.27,1,-110.00,-12.00,3.00,6.00,34.00,21.00,13857027,173
322.05,1552282557,6284.13,51.44246763,7.44509969,228.36,36.81,0.32,283.37,1,-110.00,-12.00,3.00,6.00,34.00,21.00,13857027,173
323.04,1552282558,6320.87,51.44254495,7.44457766,227.94,36.95,0.14,283.65,1,-107.00,-14.00,1.00,9.00,26.00,21.00,13857027,173
324.05,1552282559,6357.93,51.44262688,7.44405982,227.51,37.34,0.39,284.33,1,-107.00,-14.00,1.00,9.00,26.00,21.00,13857027,173
325.05,1552282560,6395.34,51.44270683,7.44355474,226.97,36.61,-0.73,284.54,1,-105.00,-13.00,1.00,7.00,26.00,21.00,13857027,173
326.06,1552282561,6432.46,51.44279274,7.44305320,226.55,36.17,-0.43,285.43,1,-105.00,-13.00,1.00,7.00,26.00,21.00,13857027,173
327.05,1552282562,6468.05,51.44287849,7.44255275,226.15,36.30,0.13,285.63,1,-107.00,-14.00,0.00,5.00,26.00,21.00,13857027,173
328.05,1552282563,6504.38,51.44296763,7.44204629,225.57,36.53,0.24,285.66,1,-107.00,-14.00,0.00,5.00,26.00,21.00,13857027,173
329.06,1552282564,6541.21,51.44306180,7.44154098,225.38,36.73,0.19,286.74,1,-111.00,-14.00,-4.00,4.00,24.00,21.00,13857027,173
330.05,1552282565,6577.61,51.44315576,7.44103064,224.98,36.79,0.06,286.98,1,-111.00,-14.00,-4.00,4.00,24.00,21.00,13857027,173
331.05,1552282566,6614.51,51.44325088,7.44053080,224.56,36.58,-0.21,287.26,1,-111.00,-14.00,-4.00,4.00,24.00,21.00,13857027,173
332.05,1552282567,6651.02,51.44334469,7.44002734,223.95,36.56,-0.02,287.58,1,-107.00,-12.00,4.00,7.00,24.00,26.00,13246978,157
333.05,1552282568,6687.54,51.44344782,7.43953313,223.40,35.61,-0.96,288.56,1,-107.00,-12.00,4.00,7.00,24.00,26.00,13246978,157
334.05,1552282569,6723.18,51.44354659,7.43906037,223.02,33.47,-2.13,288.89,1,-103.00,-10.00,8.00,7.00,28.00,26.00,13246978,157
335.05,1552282570,6756.59,51.44364053,7.43861020,222.70,32.47,-1.00,288.98,1,-103.00,-10.00,8.00,7.00,28.00,26.00,13246978,157
336.05,1552282571,6789.09,51.44374179,7.43817207,222.63,32.16,-0.31,290.51,1,-103.00,-9.00,21.00,5.00,25.00,26.00,13246978,157
337.05,1552282572,6821.28,51.44384045,7.43775277,222.10,32.18,0.03,291.00,1,-103.00,-9.00,21.00,5.00,25.00,26.00,13246978,157
338.05,1552282573,6853.43,51.44393925,7.43733039,221.38,32.27,0.09,291.21,1,-104.00,-10.00,19.00,6.00,26.00,26.00,13246978,157
339.05,1552282574,6885.71,51.44404503,7.43690936,220.35,32.32,0.05,291.71,1,-104.00,-10.00,19.00,6.00,26.00,26.00,13246978,157
340.05,1552282575,6918.03,51.44415278,7.43647853,219.05,32.52,0.20,292.03,1,-104.00,-8.00,14.00,10.00,24.00,26.00,13246978,157
341.05,1552282576,6950.55,51.44426889,7.43604889,217.54,32.95,0.43,292.74,1,-104.00,-8.00,14.00,10.00,24.00,26.00,13246978,157
342.05,1552282577,6983.49,51.44438126,7.43562046,216.02,33.44,0.50,293.16,1,-105.00,-11.00,4.00,5.00,25.00,26.00,13246978,157
343.05,1552282578,7016.90,51.44449859,7.43517062,214.17,33.78,0.33,293.16,1,-105.00,-11.00,4.00,5.00,25.00,26.00,13246978,157
344.05,1552282579,7050.81,51.44462271,7.43472423,212.38,33.96,0.18,294.09,1,-108.00,-11.00,1.00,5.00,24.00,26.00,13246978,157
345.05,1552282580,7084.77,51.44475172,7.43427862,210.74,34.02,0.06,295.31,1,-108.00,-11.00,1.00,5.00,24.00,26.00,13246978,157
346.05,1552282581,7118.79,51.44488857,7.43384386,209.20,34.10,0.08,296.92,1,-110.00,-15.00,-6.00,4.00,26.00,66.00,13081346,211
347.05,1552282582,7152.93,51.44503235,7.43340986,207.74,34.07,-0.03,297.95,1,-110.00,-15.00,-6.00,4.00,26.00,66.00,13081346,211
348.05,1552282583,7186.96,51.44518125,7.43297910,206.23,33.65,-0.41,299.27,1,-111.00,-15.00,-4.00,5.00,23.00,34.00,13395457,111
349.05,1552282584,7220.58,51.44533997,7.43255448,204.58,33.70,0.04,300.37,1,-111.00,-15.00,-4.00,5.00,23.00,34.00,13395457,111
350.06,1552282585,7254.58,51.44550336,7.43214442,202.95,33.54,-0.16,302.03,1,-107.00,-11.00,1.00,5.00,24.00,34.00,13395457,111
351.05,1552282586,7287.81,51.44566926,7.43174592,201.30,33.38,-0.16,303.24,1,-107.00,-11.00,1.00,5.00,24.00,34.00,13395457,111
352.05,1552282587,7321.16,51.44584041,7.43136209,199.77,32.73,-0.65,305.30,1,-107.00,-11.00,1.00,5.00,24.00,34.00,13395457,111
353.05,1552282588,7353.89,51.44601338,7.43098900,198.23,32.41,-0.32,306.41,1,-104.00,-10.00,5.00,10.00,24.00,34.00,13395457,111
354.05,1552282589,7386.31,51.44619031,7.43062077,196.72,32.33,-0.09,307.47,1,-104.00,-10.00,5.00,10.00,24.00,34.00,13395457,111
355.05,1552282590,7418.57,51.44636631,7.43025367,195.45,31.82,-0.51,308.46,1,-103.00,-10.00,9.00,8.00,27.00,34.00,13395457,111
356.05,1552282591,7450.42,51.44655241,7.42989128,194.65,31.69,-0.13,309.75,1,-103.00,-10.00,9.00,8.00,27.00,34.00,13395457,111
357.05,1552282592,7482.12,51.44673706,7.42953225,194.07,31.65,-0.04,310.15,1,-94.00,-7.00,13.00,13.00,29.00,34.00,13395457,111
358.05,1552282593,7513.77,51.44693537,7.42918338,193.65,32.16,0.51,312.39,1,-94.00,-7.00,13.00,13.00,29.00,34.00,13395457,111
359.05,1552282594,7545.93,51.44713619,7.42884876,193.11,32.39,0.24,314.02,1,-98.00,-9.00,6.00,10.00,30.00,34.00,13395457,111
360.05,1552282595,7578.35,51.44734191,7.42852414,192.49,32.11,-0.29,315.69,1,-98.00,-9.00,6.00,10.00,30.00,34.00,13395457,111
361.05,1552282596,7610.46,51.44754873,7.42820009,191.90,32.17,0.06,316.40,1,-93.00,-6.00,8.00,9.00,32.00,34.00,13395457,111
362.05,1552282597,7642.63,51.44775781,7.42789667,191.02,31.91,-0.26,317.65,1,-93.00,-6.00,8.00,9.00,32.00,34.00,13395457,111
363.05,1552282598,7674.53,51.44796711,7.42759527,190.04,31.48,-0.43,318.54,1,-98.00,-7.00,7.00,15.00,27.00,34.00,13395457,111
364.05,1552282599,7706.01,51.44818325,7.42731429,188.87,31.11,-0.38,320.31,1,-98.00,-7.00,7.00,15.00,27.00,34.00,13395457,111
365.05,1552282600,7737.09,51.44839589,7.42705253,187.98,30.99,-0.11,321.79,1,-97.00,-7.00,10.00,10.00,29.00,34.00,13395457,111
366.05,1552282601,7768.11,51.44861571,7.42679752,187.33,30.91,-0.08,323.77,1,-97.00,-7.00,10.00,10.00,29.00,34.00,13395457,111
367.05,1552282602,7798.99,51.44884804,7.42653855,186.94,31.02,0.11,324.95,1,-98.00,-6.00,12.00,15.00,25.00,34.00,13395457,111
368.05,1552282603,7830.01,51.44908158,7.42628321,186.49,30.99,-0.03,325.28,1,-98.00,-6.00,12.00,15.00,25.00,34.00,13395457,111
369.05,1552282604,7861.00,51.44931338,7.42604234,185.93,31.77,0.79,326.53,1,-99.00,-8.00,10.00,10.00,24.00,34.00,13395457,111
370.05,1552282605,7892.78,51.44956009,7.42580012,185.01,32.19,0.42,328.25,1,-99.00,-8.00,10.00,10.00,24.00,34.00,13395457,111
371.06,1552282606,7925.26,51.44981833,7.42556267,183.76,32.67,0.48,329.68,1,-100.00,-9.00,7.00,7.00,27.00,34.00,13395457,111
372.05,1552282607,7957.60,51.45008149,7.42533919,182.40,33.09,0.42,331.60,1,-100.00,-9.00,7.00,7.00,27.00,34.00,13395457,111
373.05,1552282608,7990.73,51.45034777,7.42512594,180.97,33.23,0.14,333.18,1,-100.00,-9.00,7.00,7.00,27.00,34.00,13395457,111
374.05,1552282609,8023.96,51.45062318,7.42492259,179.61,33.14,-0.09,334.86,1,-98.00,-7.00,4.00,5.00,28.00,34.00,13395457,111
375.05,1552282610,8057.27,51.45090486,7.42472636,178.37,32.89,-0.25,336.17,1,-98.00,-7.00,4.00,5.00,28.00,34.00,13395457,111
376.05,1552282611,8090.06,51.45118683,7.42454341,177.24,32.59,-0.30,337.76,1,-92.00,-7.00,10.00,10.00,34.00,34.00,13395457,111
377.05,1552282612,8122.62,51.45146785,7.42436124,176.18,32.62,0.03,338.72,1,-92.00,-7.00,10.00,10.00,34.00,34.00,13395457,111
378.05,1552282613,8155.34,51.45173388,7.42420837,174.91,32.65,0.03,339.91,1,-94.00,-8.00,-6.00,10.00,32.00,34.00,13395457,111
379.05,1552282614,8187.95,51.45200124,7.42406548,173.40,32.44,-0.21,341.00,1,-94.00,-8.00,-6.00,10.00,32.00,34.00,13395457,111
380.05,1552282615,8220.37,51.45226347,7.42392382,171.73,32.04,-0.40,341.42,1,-98.00,-10.00,3.00,10.00,32.00,34.00,13395457,111
381.05,1552282616,8252.41,51.45252113,7.42378553,170.05,31.53,-0.51,341.88,1,-98.00,-10.00,3.00,10.00,32.00,34.00,13395457,111
382.05,1552282617,8283.91,51.45278224,7.42366259,168.58,31.94,0.41,342.94,1,-94.00,-10.00,3.00,10.00,35.00,34.00,13395457,111
383.05,1552282618,8315.84,51.45305411,7.42353493,166.99,32.25,0.31,343.35,1,-94.00,-10.00,3.00,10.00,35.00,34.00,13395457,111
384.05,1552282619,8348.12,51.45333593,7.42340216,165.82,32.29,0.04,343.66,1,-93.00,-7.00,2.00,6.00,35.00,15.00,13523459,175
385.05,1552282620,8380.48,51.45361798,7.42327610,164.88,32.22,-0.07,343.95,1,-93.00,-7.00,2.00,6.00,35.00,15.00,13523459,175
386.05,1552282621,8412.64,51.45389830,7.42315010,164.12,32.53,0.31,343.85,1,-93.00,-9.00,5.00,12.00,35.00,15.00,13523459,175
387.05,1552282622,8445.15,51.45418122,7.42302345,163.44,32.83,0.29,343.85,1,-93.00,-9.00,5.00,12.00,35.00,15.00,13523459,175
388.05,1552282623,8477.91,51.45446388,7.42289620,162.76,33.12,0.30,343.69,1,-92.00,-8.00,7.00,15.00,35.00,15.00,13523459,175
389.05,1552282624,8511.06,51.45474935,7.42276602,162.13,33.36,0.24,343.53,1,-92.00,-8.00,7.00,15.00,35.00,15.00,13523459,175
390.05,1552282625,8544.49,51.45504272,7.42263019,161.56,33.65,0.29,343.29,1,-89.00,-7.00,8.00,15.00,36.00,15.00,13523459,175
391.05,1552282626,8578.10,51.45533465,7.42248648,161.19,33.66,0.01,342.86,1,-89.00,-7.00,8.00,15.00,36.00,15.00,13523459,175
392.06,1552282627,8612.04,51.45562022,7.42234593,160.47,34.03,0.36,342.23,1,-87.00,-7.00,-1.00,10.00,40.00,15.00,13523459,175
393.05,1552282628,8645.76,51.45591900,7.42218947,160.10,34.24,0.21,341.76,1,-87.00,-7.00,-1.00,10.00,40.00,15.00,13523459,175
394.05,1552282629,8679.99,51.45621233,7.42202344,160.02,34.17,-0.06,340.46,1,-87.00,-7.00,-1.00,10.00,40.00,15.00,13523459,175
395.05,1552282630,8714.16,51.45650465,7.42184672,159.75,34.02,-0.16,339.33,1,-88.00,-8.00,11.00,7.00,40.00,15.00,13523459,175
396.05,1552282631,8748.18,51.45678862,7.42167072,159.49,34.14,0.12,338.47,1,-88.00,-8.00,11.00,7.00,40.00,15.00,13523459,175
397.05,1552282632,8782.32,51.45707301,7.42148438,159.14,34.21,0.07,337.84,1,-91.00,-7.00,6.00,8.00,35.00,15.00,13523459,175
398.05,1552282633,8816.53,51.45735356,7.42129118,158.93,34.39,0.18,336.65,1,-91.00,-7.00,6.00,8.00,35.00,15.00,13523459,175
399.05,1552282634,8850.92,51.45762985,7.42109245,159.02,34.45,0.06,335.52,1,-87.00,-8.00,5.00,12.00,42.00,15.00,13523459,175
400.05,1552282635,8885.36,51.45790623,7.42088620,159.22,34.50,0.06,334.50,1,-87.00,-8.00,5.00,12.00,42.00,15.00,13523459,175
401.05,1552282636,8919.86,51.45818263,7.42066740,159.45,33.97,-0.53,333.22,1,-86.00,-7.00,2.00,15.00,42.00,15.00,13523459,175
402.05,1552282637,8953.83,51.45845783,7.42044580,159.49,33.67,-0.30,332.44,1,-86.00,-7.00,2.00,15.00,42.00,15.00,13523459,175
403.05,1552282638,8987.50,51.45872420,7.42021562,159.54,33.70,0.04,331.57,1,-86.00,-8.00,2.00,15.00,40.00,15.00,13523459,175
404.05,1552282639,9021.21,51.45898887,7.41998172,159.54,33.62,-0.09,330.64,1,-86.00,-8.00,2.00,15.00,40.00,15.00,13523459,175
405.05,1552282640,9054.86,51.45924244,7.41974233,159.58,33.69,0.07,330.00,1,-88.00,-8.00,10.00,14.00,38.00,15.00,13523459,175
406.05,1552282641,9088.52,51.45950440,7.41948592,159.63,33.71,0.02,328.87,1,-88.00,-8.00,10.00,14.00,38.00,15.00,13523459,175
407.05,1552282642,9122.26,51.45976032,7.41922476,159.65,33.78,0.07,327.70,1,-88.00,-7.00,10.00,10.00,39.00,15.00,13523459,175
408.05,1552282643,9156.04,51.46001380,7.41895568,159.54,33.84,0.06,326.68,1,-88.00,-7.00,10.00,10.00,39.00,15.00,13523459,175
409.05,1552282644,9189.92,51.46026886,7.41868589,159.32,33.94,0.09,325.94,1,-92.00,-8.00,0.00,5.00,35.00,15.00,13523459,175
410.05,1552282645,9223.82,51.46052344,7.41839696,158.81,34.04,0.10,324.75,1,-92.00,-8.00,0.00,5.00,35.00,15.00,13523459,175
411.05,1552282646,9257.86,51.46077015,7.41810822,158.45,34.18,0.14,323.62,1,-94.00,-11.00,-4.00,8.00,41.00,15.00,13523459,175
412.05,1552282647,9292.04,51.46101389,7.41781919,158.32,34.30,0.12,322.64,1,-94.00,-11.00,-4.00,8.00,41.00,15.00,13523459,175
413.06,1552282648,9326.57,51.46125447,7.41751624,158.23,34.42,0.12,321.76,1,-87.00,-7.00,13.00,6.00,43.00,8.00,13395457,111
414.05,1552282649,9360.75,51.46149141,7.41721522,158.43,34.51,0.09,320.85,1,-87.00,-7.00,13.00,6.00,43.00,8.00,13395457,111
415.05,1552282650,9395.26,51.46172685,7.41689740,158.76,34.73,0.22,320.04,1,-87.00,-7.00,13.00,6.00,43.00,8.00,13395457,111
416.05,1552282651,9430.00,51.46196778,7.41657210,159.02,34.99,0.25,319.21,1,-89.00,-8.00,13.00,15.00,39.00,8.00,13395457,111
417.05,1552282652,9465.05,51.46220920,7.41623481,159.09,35.04,0.06,318.86,1,-89.00,-8.00,13.00,15.00,39.00,8.00,13395457,111
418.05,1552282653,9500.02,51.46244560,7.41588557,158.91,35.32,0.28,316.92,1,-81.00,-6.00,27.00,10.00,46.00,8.00,13395457,111
419.05,1552282654,9535.34,51.46267618,7.41553078,158.70,35.59,0.27,315.82,1,-81.00,-6.00,27.00,10.00,46.00,8.00,13395457,111
420.05,1552282655,9570.93,51.46290291,7.41517862,158.59,35.73,0.14,315.15,1,-85.00,-7.00,12.00,8.00,43.00,8.00,13395457,111
421.05,1552282656,9606.66,51.46313214,7.41480596,158.33,36.08,0.35,314.17,1,-85.00,-7.00,12.00,8.00,43.00,8.00,13395457,111
422.05,1552282657,9642.74,51.46335699,7.41442305,158.27,36.25,0.16,313.15,1,-82.00,-7.00,15.00,14.00,46.00,8.00,13395457,111
423.05,1552282658,9679.02,51.46357835,7.41403137,158.15,36.33,0.08,311.74,1,-82.00,-7.00,15.00,14.00,46.00,8.00,13395457,111
424.05,1552282659,9715.24,51.46379704,7.41363952,158.08,36.58,0.25,311.10,1,-90.00,-8.00,10.00,12.00,38.00,8.00,13395457,111
425.05,1552282660,9751.89,51.46401064,7.41323376,158.06,36.79,0.21,310.33,1,-90.00,-8.00,10.00,12.00,38.00,8.00,13395457,111
426.05,1552282661,9788.57,51.46422308,7.41282814,158.11,36.92,0.14,309.78,1,-79.00,-7.00,15.00,10.00,47.00,6.00,13395458,112
427.05,1552282662,9825.72,51.46443178,7.41241383,158.08,37.05,0.13,309.17,1,-79.00,-7.00,15.00,10.00,47.00,6.00,13395458,112
428.05,1552282663,9862.62,51.46464218,7.41199646,158.05,37.16,0.11,308.47,1,-72.00,-5.00,22.00,15.00,53.00,6.00,13395458,112
429.05,1552282664,9899.79,51.46485125,7.41158204,157.99,37.29,0.13,308.40,1,-72.00,-5.00,22.00,15.00,53.00,6.00,13395458,112
430.05,1552282665,9937.08,51.46506266,7.41115921,158.05,37.44,0.15,308.44,1,-81.00,-5.00,18.00,10.00,44.00,6.00,13395458,112
431.05,1552282666,9974.52,51.46527333,7.41073744,158.05,37.64,0.20,308.28,1,-81.00,-5.00,18.00,10.00,44.00,6.00,13395458,112
432.05,1552282667,10012.19,51.46547972,7.41030731,158.06,37.77,0.13,308.08,1,-85.00,-6.00,13.00,9.00,41.00,6.00,13395458,112
433.05,1552282668,10049.97,51.46568812,7.40987389,158.06,37.89,0.11,308.00,1,-85.00,-6.00,13.00,9.00,41.00,6.00,13395458,112
434.06,1552282669,10088.23,51.46589671,7.40943862,158.18,38.09,0.20,308.21,1,-69.00,-5.00,30.00,15.00,57.00,6.00,13395458,112
435.05,1552282670,10125.94,51.46610587,7.40900439,158.34,37.93,-0.16,308.49,1,-69.00,-5.00,30.00,15.00,57.00,6.00,13395458,112
436.05,1552282671,10163.95,51.46631154,7.40858130,158.51,37.02,-0.91,308.73,1,-69.00,-5.00,30.00,15.00,57.00,6.00,13395458,112
437.05,1552282672,10200.97,51.46651206,7.40816888,158.74,35.94,-1.09,308.74,1,-75.00,-5.00,17.00,11.00,52.00,6.00,13395458,112
438.05,1552282673,10236.84,51.46671016,7.40776727,158.78,35.77,-0.17,309.06,1,-75.00,-5.00,17.00,11.00,52.00,6.00,13395458,112
439.05,1552282674,10272.57,51.46691422,7.40736892,158.87,35.80,0.03,309.16,1,-86.00,-7.00,21.00,6.00,39.00,6.00,13395458,112
440.05,1552282675,10308.41,51.46711736,7.40697291,158.91,35.80,-0.01,309.39,1,-86.00,-7.00,21.00,6.00,39.00,6.00,13395458,112
441.05,1552282676,10344.20,51.46732357,7.40656907,159.10,36.00,0.20,309.93,1,-80.00,-5.00,21.00,11.00,47.00,6.00,13395458,112
442.05,1552282677,10380.24,51.46753348,7.40617338,159.28,36.32,0.33,310.17,1,-80.00,-5.00,21.00,11.00,47.00,6.00,13395458,112
443.05,1552282678,10416.52,51.46774686,7.40577464,159.38,36.89,0.57,310.91,1,-79.00,-5.00,27.00,11.00,45.00,6.00,13395458,112
444.05,1552282679,10453.41,51.46796495,7.40536849,159.54,37.19,0.30,311.11,1,-79.00,-5.00,27.00,11.00,45.00,6.00,13395458,112
445.05,1552282680,10490.60,51.46818879,7.40496573,159.73,37.64,0.45,311.39,1,-78.00,-5.00,19.00,12.00,47.00,6.00,13395458,112
446.05,1552282681,10528.31,51.46841609,7.40455943,159.96,37.97,0.33,311.46,1,-78.00,-5.00,19.00,12.00,47.00,6.00,13395458,112
447.05,1552282682,10566.14,51.46864920,7.40415721,160.19,38.35,0.37,312.46,1,-83.00,-6.00,18.00,10.00,43.00,6.00,13395458,112
448.04,1552282683,10604.41,51.46887951,7.40375794,160.50,37.53,-0.82,313.10,1,-83.00,-6.00,18.00,10.00,43.00,6.00,13395458,112
449.05,1552282684,10642.01,51.46910354,7.40337182,160.90,36.54,-0.99,313.37,1,-86.00,-8.00,16.00,8.00,40.00,6.00,13395458,112
450.05,1552282685,10678.55,51.46933623,7.40297328,161.29,36.30,-0.24,313.14,1,-86.00,-8.00,16.00,8.00,40.00,6.00,13395458,112
451.05,1552282686,10714.95,51.46956168,7.40259651,162.08,36.40,0.10,313.55,1,-90.00,-7.00,-4.00,7.00,35.00,6.00,13395458,112
452.05,1552282687,10751.35,51.46979683,7.40222173,162.95,36.72,0.32,314.98,1,-90.00,-7.00,-4.00,7.00,35.00,6.00,13395458,112
453.05,1552282688,10788.06,51.47003230,7.40184870,164.14,36.02,-0.70,314.95,1,-99.00,-12.00,-2.00,7.00,33.00,17.00,13022465,112
454.05,1552282689,10824.08,51.47026021,7.40148509,165.17,35.70,-0.31,315.69,1,-99.00,-12.00,-2.00,7.00,33.00,17.00,13022465,112
455.06,1552282690,10860.03,51.47049238,7.40113575,166.24,34.99,-0.71,316.35,1,-89.00,-7.00,5.00,14.00,37.00,17.00,13022465,205
456.05,1552282691,10894.71,51.47072593,7.40080082,167.10,34.93,-0.06,317.68,1,-89.00,-7.00,5.00,14.00,37.00,17.00,13022465,205
457.05,1552282692,10929.67,51.47095352,7.40046798,167.65,34.11,-0.82,317.49,1,-89.00,-7.00,5.00,14.00,37.00,17.00,13022465,205
458.05,1552282693,10963.74,51.47117726,7.40014762,168.67,32.95,-1.15,317.50,1,-91.00,-8.00,6.00,13.00,34.00,17.00,13022465,205
459.05,1552282694,10996.73,51.47139378,7.39983475,169.60,31.11,-1.84,317.20,1,-91.00,-8.00,6.00,13.00,34.00,17.00,13022465,205
460.05,1552282695,11027.81,51.47159460,7.39954117,170.36,29.44,-1.67,317.74,1,-87.00,-6.00,16.00,10.00,38.00,17.00,13022465,205
461.05,1552282696,11057.26,51.47178440,7.39926342,170.96,28.59,-0.85,318.11,1,-87.00,-6.00,16.00,10.00,38.00,17.00,13022465,205
462.05,1552282697,11085.85,51.47197584,7.39899284,171.42,28.21,-0.39,318.90,1,-87.00,-6.00,7.00,11.00,37.00,17.00,13022465,205
463.05,1552282698,11114.06,51.47216403,7.39872844,171.79,28.10,-0.10,318.96,1,-87.00,-6.00,7.00,11.00,37.00,17.00,13022465,205
464.05,1552282699,11142.13,51.47234844,7.39846598,172.23,28.15,0.05,319.40,1,-90.00,-7.00,8.00,11.00,36.00,17.00,13022465,205
465.05,1552282700,11170.31,51.47254234,7.39819686,172.68,28.39,0.24,319.35,1,-90.00,-7.00,8.00,11.00,36.00,17.00,13022465,205
466.05,1552282701,11198.67,51.47273870,7.39792531,173.02,28.82,0.43,319.51,1,-91.00,-6.00,12.00,13.00,33.00,17.00,13022465,205
467.05,1552282702,11227.52,51.47293673,7.39765393,173.21,29.34,0.52,319.78,1,-91.00,-6.00,12.00,13.00,33.00,17.00,13022465,205
468.06,1552282703,11257.13,51.47313645,7.39738114,173.39,29.19,-0.15,319.87,1,-87.00,-6.00,12.00,12.00,36.00,17.00,13022465,205
469.05,1552282704,11286.05,51.47333722,7.39712321,173.53,28.70,-0.49,320.56,1,-87.00,-6.00,12.00,12.00,36.00,17.00,13022465,205
470.05,1552282705,11314.75,51.47354076,7.39686102,173.81,28.67,-0.03,320.78,1,-86.00,-6.00,14.00,15.00,37.00,17.00,13022465,205
471.05,1552282706,11343.42,51.47374365,7.39659603,174.22,28.69,0.02,321.52,1,-86.00,-6.00,14.00,15.00,37.00,17.00,13022465,205
472.05,1552282707,11372.11,51.47394560,7.39634442,174.61,28.29,-0.40,322.00,1,-87.00,-6.00,13.00,10.00,40.00,17.00,13022465,205
473.05,1552282708,11400.40,51.47414739,7.39610305,175.21,27.83,-0.46,323.06,1,-87.00,-6.00,13.00,10.00,40.00,17.00,13022465,205
474.05,1552282709,11428.21,51.47434763,7.39587004,175.81,27.76,-0.07,324.14,1,-83.00,-5.00,8.00,10.00,41.00,17.00,13022465,205
475.05,1552282710,11456.00,51.47454793,7.39563434,176.44,27.81,0.04,324.08,1,-83.00,-5.00,8.00,10.00,41.00,17.00,13022465,205
476.06,1552282711,11484.03,51.47474845,7.39539878,177.13,27.68,-0.13,324.98,1,-78.00,-5.00,15.00,15.00,45.00,17.00,13022465,205
477.05,1552282712,11511.48,51.47494730,7.39518370,177.52,26.85,-0.83,326.20,1,-78.00,-5.00,15.00,15.00,45.00,17.00,13022465,205
478.04,1552282713,11538.25,51.47515410,7.39498007,177.97,27.08,0.23,328.77,1,-78.00,-5.00,15.00,15.00,45.00,17.00,13022465,205
479.05,1552282714,11565.38,51.47536451,7.39478132,178.68,27.36,0.28,330.00,1,-76.00,-6.00,27.00,11.00,48.00,17.00,13022465,205
480.05,1552282715,11592.76,51.47558019,7.39457824,179.35,27.26,-0.10,330.04,1,-76.00,-6.00,27.00,11.00,48.00,17.00,13022465,205
481.05,1552282716,11619.99,51.47579398,7.39437710,180.12,27.60,0.34,330.01,1,-73.00,-6.00,26.00,15.00,55.00,17.00,13022465,205
482.05,1552282717,11647.62,51.47601087,7.39418263,180.86,27.79,0.19,331.10,1,-73.00,-6.00,26.00,15.00,55.00,17.00,13022465,205
483.05,1552282718,11675.41,51.47623206,7.39398745,181.47,27.92,0.13,331.10,1,-73.00,-6.00,23.00,15.00,54.00,17.00,13022465,205
484.05,1552282719,11703.30,51.47645664,7.39380647,181.89,27.38,-0.54,332.81,1,-73.00,-6.00,23.00,15.00,54.00,17.00,13022465,205
485.05,1552282720,11730.69,51.47667949,7.39363292,182.32,26.78,-0.61,333.99,1,-71.00,-6.00,25.00,15.00,56.00,17.00,13022465,205
486.05,1552282721,11757.49,51.47689158,7.39347947,182.74,25.56,-1.21,335.80,1,-71.00,-6.00,25.00,15.00,56.00,17.00,13022465,205
487.05,1552282722,11783.03,51.47709732,7.39333431,182.98,23.99,-1.57,336.99,1,-75.00,-5.00,21.00,15.00,51.00,17.00,13022465,205
488.05,1552282723,11807.14,51.47729507,7.39321566,183.20,21.54,-2.44,340.04,1,-75.00,-5.00,21.00,15.00,51.00,17.00,13022465,205
489.04,1552282724,11828.52,51.47746755,7.39313110,183.26,19.68,-1.87,343.88,1,-76.00,-6.00,25.00,13.00,50.00,17.00,13022465,205
490.05,1552282725,11848.24,51.47762592,7.39307863,183.14,18.66,-1.02,349.12,1,-76.00,-6.00,25.00,13.00,50.00,17.00,13022465,205
491.05,1552282726,11866.92,51.47776282,7.39303833,183.00,16.38,-2.28,350.74,1,-66.00,-5.00,27.00,12.00,59.00,17.00,13022465,205
492.05,1552282727,11883.30,51.47791432,7.39301125,182.98,16.34,-0.04,353.61,1,-66.00,-5.00,27.00,12.00,59.00,17.00,13022465,205
493.05,1552282728,11899.65,51.47805384,7.39303531,183.16,15.51,-0.83,6.69,1,-70.00,-5.00,19.00,15.00,57.00,17.00,13022465,205
494.05,1552282729,11915.15,51.47820090,7.39306872,182.90,14.65,-0.86,8.83,1,-70.00,-5.00,19.00,15.00,57.00,17.00,13022465,205
495.05,1552282730,11929.79,51.47833370,7.39311816,182.27,14.43,-0.23,11.99,1,-78.00,-7.00,24.00,13.00,49.00,17.00,13022465,205
496.05,1552282731,11944.23,51.47846864,7.39318398,181.43,14.62,0.20,16.03,1,-78.00,-7.00,24.00,13.00,49.00,17.00,13022465,205
497.06,1552282732,11958.97,51.47858368,7.39329119,180.90,14.51,-0.11,28.69,1,-79.00,-5.00,29.00,13.00,47.00,17.00,13022465,205
498.05,1552282733,11973.36,51.47871228,7.39341535,180.44,14.75,0.24,29.85,1,-79.00,-5.00,29.00,13.00,47.00,17.00,13022465,205
499.05,1552282734,11988.12,51.47882119,7.39352809,180.22,13.87,-0.88,31.52,1,-79.00,-5.00,29.00,13.00,47.00,17.00,13022465,205
500.05,1552282735,12002.02,51.47892218,7.39363938,180.03,13.39,-0.48,32.49,1,-81.00,-5.00,24.00,11.00,44.00,17.00,13022465,205
501.05,1552282736,12015.39,51.47901526,7.39374026,180.22,13.01,-0.38,30.35,1,-81.00,-5.00,24.00,11.00,44.00,17.00,13022465,205
502.05,1552282737,12028.39,51.47910677,7.39380047,180.59,12.61,-0.40,17.65,1,-87.00,-7.00,12.00,12.00,41.00,17.00,13022465,205
503.05,1552282738,12041.00,51.47920898,7.39384680,181.10,12.69,0.08,13.76,1,-87.00,-7.00,12.00,12.00,41.00,17.00,13022465,205
504.05,1552282739,12053.69,51.47933503,7.39384093,181.44,12.82,0.13,354.94,1,-83.00,-6.00,18.00,13.00,44.00,17.00,13022465,205
505.05,1552282740,12066.51,51.47945007,7.39381787,181.91,12.85,0.03,351.19,1,-83.00,-6.00,18.00,13.00,44.00,17.00,13022465,205
506.05,1552282741,12079.37,51.47956524,7.39374640,182.42,13.17,0.32,337.56,1,-86.00,-7.00,13.00,10.00,41.00,17.00,13022465,205
507.05,1552282742,12092.56,51.47966617,7.39367885,182.87,13.42,0.25,336.84,1,-86.00,-7.00,13.00,10.00,41.00,17.00,13022465,205
508.05,1552282743,12105.99,51.47976583,7.39360147,183.32,12.97,-0.45,335.46,1,-94.00,-8.00,6.00,8.00,34.00,17.00,13022465,205
509.05,1552282744,12118.95,51.47986590,7.39352424,183.59,12.12,-0.85,335.08,1,-94.00,-8.00,6.00,8.00,34.00,17.00,13022465,205
510.05,1552282745,12131.04,51.47995605,7.39345704,184.04,10.12,-2.01,336.67,1,-94.00,-9.00,15.00,12.00,34.00,17.00,13022465,205
511.05,1552282746,12141.16,51.48005827,7.39342195,184.49,9.81,-0.31,350.98,1,-94.00,-9.00,15.00,12.00,34.00,17.00,13022465,205
512.05,1552282747,12150.98,51.48015274,7.39343052,184.79,9.62,-0.19,6.88,1,-93.00,-10.00,3.00,7.00,37.00,17.00,13022465,205
513.05,1552282748,12160.60,51.48023166,7.39348650,185.03,9.43,-0.19,26.60,1,-93.00,-10.00,3.00,7.00,37.00,17.00,13022465,205
514.05,1552282749,12170.04,51.48029648,7.39356498,185.00,9.53,0.10,40.28,1,-93.00,-9.00,7.00,6.00,37.00,17.00,13022465,205
515.05,1552282750,12179.57,51.48035145,7.39368016,184.92,10.21,0.67,55.37,1,-93.00,-9.00,7.00,6.00,37.00,17.00,13022465,205
516.05,1552282751,12189.78,51.48040607,7.39380898,184.90,10.83,0.62,57.03,1,-96.00,-10.00,1.00,8.00,34.00,17.00,13022465,205
517.05,1552282752,12200.61,51.48045473,7.39393391,184.82,11.49,0.66,58.16,1,-96.00,-10.00,1.00,8.00,34.00,17.00,13022465,205
518.06,1552282753,12212.18,51.48050941,7.39406854,184.46,12.09,0.60,57.13,1,-97.00,-9.00,1.00,7.00,31.00,17.00,13022465,205
519.05,1552282754,12224.20,51.48057114,7.39422378,184.26,12.84,0.76,56.58,1,-97.00,-9.00,1.00,7.00,31.00,17.00,13022465,205
520.05,1552282755,12237.02,51.48064357,7.39439782,184.72,13.50,0.66,57.08,1,-97.00,-9.00,1.00,7.00,31.00,17.00,13022465,205
521.05,1552282756,12250.52,51.48070534,7.39455448,184.91,14.20,0.69,57.73,1,-94.00,-11.00,1.00,9.00,35.00,12.00,13532162,205
522.05,1552282757,12264.72,51.48077391,7.39472766,184.83,14.70,0.50,58.23,1,-94.00,-11.00,1.00,9.00,35.00,12.00,13532162,205
523.05,1552282758,12279.46,51.48084810,7.39491888,184.88,15.12,0.42,58.59,1,-93.00,-10.00,4.00,7.00,36.00,12.00,13532162,198
524.05,1552282759,12294.58,51.48092237,7.39511214,184.76,15.78,0.66,59.15,1,-93.00,-10.00,4.00,7.00,36.00,12.00,13532162,198
525.05,1552282760,12310.31,51.48099067,7.39530503,184.61,16.23,0.46,59.53,1,-91.00,-9.00,2.00,9.00,38.00,12.00,13532162,198
526.05,1552282761,12326.56,51.48106653,7.39551447,184.64,16.34,0.11,60.34,1,-91.00,-9.00,2.00,9.00,38.00,12.00,13532162,198
527.05,1552282762,12342.88,51.48115098,7.39573849,184.66,16.82,0.48,60.43,1,-91.00,-8.00,5.00,9.00,37.00,12.00,13532162,198
528.05,1552282763,12359.72,51.48122704,7.39594825,184.67,16.70,-0.12,60.31,1,-91.00,-8.00,5.00,9.00,37.00,12.00,13532162,198
529.05,1552282764,12376.43,51.48130304,7.39616041,184.81,16.96,0.26,59.70,1,-91.00,-9.00,7.00,8.00,37.00,12.00,13532162,198
530.05,1552282765,12393.36,51.48137710,7.39637605,185.17,17.01,0.06,59.31,1,-91.00,-9.00,7.00,8.00,37.00,12.00,13532162,198
531.05,1552282766,12410.40,51.48145311,7.39658484,185.57,16.69,-0.33,58.81,1,-96.00,-11.00,2.00,8.00,34.00,12.00,13532162,198
532.05,1552282767,12427.09,51.48152863,7.39678733,185.91,16.22,-0.47,58.45,1,-96.00,-11.00,2.00,8.00,34.00,12.00,13532162,198
533.05,1552282768,12443.29,51.48160268,7.39698152,186.23,15.95,-0.27,57.89,1,-97.00,-8.00,2.00,6.00,31.00,69.00,13581825,3
534.05,1552282769,12459.24,51.48168084,7.39717103,186.41,15.67,-0.28,57.22,1,-97.00,-8.00,2.00,6.00,31.00,69.00,13581825,3
535.05,1552282770,12474.94,51.48175501,7.39735715,186.46,15.43,-0.24,56.52,1,-100.00,-11.00,0.00,6.00,30.00,9.00,13022465,205
536.05,1552282771,12490.36,51.48183271,7.39753950,186.49,15.22,-0.22,55.64,1,-100.00,-11.00,0.00,6.00,30.00,9.00,13022465,205
537.05,1552282772,12505.60,51.48190911,7.39771354,186.56,14.35,-0.86,54.76,1,-103.00,-12.00,-1.00,6.00,29.00,9.00,13022465,205
538.05,1552282773,12519.95,51.48198369,7.39786965,186.79,13.01,-1.34,53.55,1,-103.00,-12.00,-1.00,6.00,29.00,9.00,13022465,205
539.06,1552282774,12533.05,51.48205456,7.39800347,187.19,11.34,-1.66,52.45,1,-99.00,-11.00,1.00,8.00,31.00,9.00,13022465,205
540.05,1552282775,12544.29,51.48211614,7.39811373,187.57,9.68,-1.67,51.11,1,-99.00,-11.00,1.00,8.00,31.00,9.00,13022465,205
541.05,1552282776,12553.96,51.48216858,7.39820948,187.72,8.36,-1.32,50.18,1,-99.00,-11.00,1.00,8.00,31.00,9.00,13022465,205
542.05,1552282777,12562.31,51.48221579,7.39829502,188.03,6.65,-1.71,49.29,1,-98.00,-12.00,0.00,8.00,33.00,9.00,13022465,205
543.05,1552282778,12568.96,51.48225646,7.39836421,188.54,5.04,-1.61,48.54,1,-98.00,-12.00,0.00,8.00,33.00,9.00,13022465,205
544.05,1552282779,12574.00,51.48228722,7.39841142,188.59,3.69,-1.35,47.81,1,-96.00,-11.00,2.00,7.00,34.00,9.00,13022465,205
545.05,1552282780,12577.69,51.48229868,7.39843292,188.64,2.63,-1.06,48.20,1,-96.00,-11.00,2.00,7.00,34.00,9.00,13022465,205
546.05,1552282781,12580.33,51.48230988,7.39845489,188.71,1.49,-1.15,46.87,1,-94.00,-11.00,5.00,5.00,37.00,9.00,13022465,205
547.05,1552282782,12581.82,51.48231748,7.39846679,188.77,0.78,-0.71,46.87,1,-94.00,-11.00,5.00,5.00,37.00,9.00,13022465,205
548.05,1552282783,12582.59,51.48231748,7.39846679,188.77,0.00,-0.78,46.87,1,-93.00,-11.00,1.00,6.00,36.00,9.00,13022465,205
549.05,1552282784,12582.59,51.48231748,7.39846679,188.77,0.00,0.00,46.87,1,-93.00,-11.00,1.00,6.00,36.00,9.00,13022465,205
550.05,1552282785,12582.59,51.48231748,7.39846679,188.77,0.00,0.00,46.87,1,-93.00,-11.00,1.00,7.00,37.00,9.00,13022465,205
551.05,1552282786,12582.59,51.48231748,7.39846679,188.76,0.00,0.00,46.87,1,-93.00,-11.00,1.00,7.00,37.00,9.00,13022465,205
552.05,1552282787,12582.59,51.48231748,7.39846679,188.74,0.00,0.00,46.87,1,-94.00,-12.00,1.00,8.00,37.00,9.00,13022465,205
553.05,1552282788,12582.59,51.48231748,7.39846679,188.72,0.00,0.00,46.87,1,-94.00,-12.00,1.00,8.00,37.00,9.00,13022465,205
554.05,1552282789,12582.59,51.48231748,7.39846679,188.70,0.00,0.00,46.87,1,-95.00,-11.00,1.00,8.00,36.00,9.00,13022465,205
555.05,1552282790,12582.59,51.48231748,7.39846679,188.68,0.00,0.00,46.87,1,-95.00,-11.00,1.00,8.00,36.00,9.00,13022465,205
556.05,1552282791,12582.59,51.48231748,7.39846679,188.66,0.00,0.00,46.87,1,-95.00,-12.00,-1.00,7.00,37.00,9.00,13022465,205
557.05,1552282792,12582.59,51.48231748,7.39846679,188.64,0.00,0.00,46.87,1,-95.00,-12.00,-1.00,7.00,37.00,9.00,13022465,205
558.05,1552282793,12582.59,51.48231748,7.39846679,188.62,0.00,0.00,46.87,1,-95.00,-12.00,-1.00,6.00,36.00,9.00,13022465,205
559.05,1552282794,12582.59,51.48231748,7.39846679,188.60,0.00,0.00,46.87,1,-95.00,-12.00,-1.00,6.00,36.00,9.00,13022465,205
560.06,1552282795,12582.59,51.48231748,7.39846679,188.58,0.00,0.00,46.87,1,-96.00,-13.00,-1.00,7.00,38.00,9.00,13022465,205
561.05,1552282796,12582.59,51.48231748,7.39846679,188.56,0.00,0.00,46.87,1,-96.00,-13.00,-1.00,7.00,38.00,9.00,13022465,205
562.05,1552282797,12582.59,51.48231748,7.39846679,188.54,0.00,0.00,46.87,1,-96.00,-13.00,-1.00,7.00,38.00,9.00,13022465,205
563.05,1552282798,12582.59,51.48231748,7.39846679,188.53,0.00,0.00,46.87,1,-95.00,-12.00,-1.00,8.00,37.00,9.00,13022465,205
564.05,1552282799,12582.59,51.48231748,7.39846679,188.51,0.00,0.00,46.87,1,-95.00,-12.00,-1.00,8.00,37.00,9.00,13022465,205
565.05,1552282800,12582.59,51.48231748,7.39846679,188.50,0.00,0.00,46.87,1,-94.00,-11.00,0.00,9.00,37.00,9.00,13022465,205
566.05,1552282801,12582.59,51.48231748,7.39846679,188.49,0.00,0.00,46.87,1,-94.00,-11.00,0.00,9.00,37.00,9.00,13022465,205
567.04,1552282802,12582.59,51.48231748,7.39846679,188.48,0.00,0.00,46.87,1,-96.00,-13.00,-1.00,8.00,36.00,9.00,13022465,205
568.05,1552282803,12582.59,51.48231748,7.39846679,188.48,0.00,0.00,46.87,1,-96.00,-13.00,-1.00,8.00,36.00,9.00,13022465,205
569.04,1552282804,12582.59,51.48231748,7.39846679,188.47,0.00,0.00,46.87,1,-95.00,-12.00,-1.00,8.00,36.00,9.00,13022465,205
570.05,1552282805,12582.59,51.48231748,7.39846679,188.47,0.00,0.00,46.87,1,-95.00,-12.00,-1.00,8.00,36.00,9.00,13022465,205
571.05,1552282806,12582.59,51.48231748,7.39846679,188.47,0.00,0.00,46.87,1,-94.00,-12.00,0.00,7.00,37.00,9.00,13022465,205
572.05,1552282807,12582.59,51.48231748,7.39846679,188.47,0.00,0.00,46.87,1,-94.00,-12.00,0.00,7.00,37.00,9.00,13022465,205
573.05,1552282808,12582.59,51.48231748,7.39846679,188.44,0.00,0.00,46.87,1,-95.00,-12.00,0.00,8.00,36.00,9.00,13022465,205
574.05,1552282809,12582.59,51.48231748,7.39846679,188.46,0.00,0.00,49.08,1,-95.00,-12.00,0.00,8.00,36.00,9.00,13022465,205
575.05,1552282810,12582.59,51.48234575,7.39852273,188.86,0.00,0.00,46.36,1,-94.00,-9.00,5.00,10.00,34.00,9.00,13022465,205
576.05,1552282811,12582.59,51.48238520,7.39858045,189.15,5.94,0.00,44.78,1,-94.00,-9.00,5.00,10.00,34.00,9.00,13022465,205
577.05,1552282812,12588.54,51.48242705,7.39863984,189.41,7.20,1.26,43.06,1,-96.00,-11.00,4.00,7.00,34.00,9.00,13022465,205
578.05,1552282813,12595.74,51.48248635,7.39871645,189.72,8.38,1.18,41.24,1,-96.00,-11.00,4.00,7.00,34.00,9.00,13022465,205
579.05,1552282814,12604.11,51.48254814,7.39879195,189.79,8.69,0.31,40.05,1,-100.00,-10.00,-3.00,5.00,29.00,9.00,13022465,205
580.05,1552282815,12612.83,51.48260840,7.39886521,189.81,9.15,0.46,38.94,1,-100.00,-10.00,-3.00,5.00,29.00,9.00,13022465,205
581.05,1552282816,12622.01,51.48267894,7.39894411,189.69,9.80,0.65,37.86,1,-90.00,-8.00,9.00,14.00,37.00,8.00,13532163,200
582.05,1552282817,12631.76,51.48274890,7.39902852,189.62,10.12,0.32,36.98,1,-90.00,-8.00,9.00,14.00,37.00,8.00,13532163,200
583.05,1552282818,12641.87,51.48282394,7.39911413,189.55,10.54,0.42,36.20,1,-90.00,-8.00,9.00,14.00,37.00,8.00,13532163,200
584.05,1552282819,12652.41,51.48291173,7.39920458,189.39,11.06,0.52,35.00,1,-92.00,-10.00,22.00,7.00,36.00,8.00,13532163,200
585.05,1552282820,12663.47,51.48299298,7.39929103,189.30,11.44,0.38,35.30,1,-92.00,-10.00,22.00,7.00,36.00,8.00,13532163,200
586.05,1552282821,12674.90,51.48307706,7.39938102,189.09,12.51,1.07,34.66,1,-89.00,-7.00,22.00,8.00,37.00,8.00,13532163,200
587.04,1552282822,12687.36,51.48317619,7.39948561,188.91,13.22,0.71,34.08,1,-89.00,-7.00,22.00,8.00,37.00,8.00,13532163,200
588.05,1552282823,12700.63,51.48327878,7.39959020,188.84,13.86,0.64,33.79,1,-90.00,-7.00,11.00,9.00,35.00,8.00,13532163,200
589.05,1552282824,12714.50,51.48338656,7.39969957,188.60,14.03,0.17,34.03,1,-90.00,-7.00,11.00,9.00,35.00,8.00,13532163,200
590.05,1552282825,12728.51,51.48349753,7.39981234,188.37,14.08,0.05,34.45,1,-90.00,-7.00,20.00,15.00,37.00,8.00,13532163,200
591.05,1552282826,12742.60,51.48360036,7.39992327,188.44,14.08,-0.01,35.16,1,-90.00,-7.00,20.00,15.00,37.00,8.00,13532163,200
592.05,1552282827,12756.68,51.48370243,7.40003187,188.51,13.79,-0.28,35.17,1,-95.00,-8.00,4.00,10.00,31.00,8.00,13532163,200
593.05,1552282828,12770.47,51.48380738,7.40014868,188.33,13.43,-0.37,36.12,1,-95.00,-8.00,4.00,10.00,31.00,8.00,13532163,200
594.05,1552282829,12783.89,51.48390461,7.40026387,188.03,13.22,-0.21,36.24,1,-96.00,-8.00,10.00,12.00,31.00,8.00,13532163,200
595.05,1552282830,12797.12,51.48399850,7.40037271,187.58,12.84,-0.38,36.59,1,-96.00,-8.00,10.00,12.00,31.00,8.00,13532163,200
596.05,1552282831,12809.96,51.48408944,7.40048511,187.27,12.62,-0.22,37.07,1,-98.00,-8.00,1.00,9.00,29.00,8.00,13532163,200
597.05,1552282832,12822.57,51.48417827,7.40060065,187.03,12.68,0.05,38.08,1,-98.00,-8.00,1.00,9.00,29.00,8.00,13532163,200
598.05,1552282833,12835.26,51.48427230,7.40072289,186.67,13.06,0.39,38.70,1,-96.00,-8.00,4.00,8.00,31.00,8.00,13532163,200
599.05,1552282834,12848.32,51.48436414,7.40084294,186.44,12.99,-0.07,39.74,1,-96.00,-8.00,4.00,8.00,31.00,8.00,13532163,200
600.05,1552282835,12861.32,51.48445962,7.40096874,186.17,13.51,0.52,40.61,1,-95.00,-7.00,4.00,9.00,31.00,8.00,13532163,200
601.05,1552282836,12874.82,51.48454960,7.40110062,185.88,13.15,-0.35,41.50,1,-95.00,-7.00,4.00,9.00,31.00,8.00,13532163,200
602.06,1552282837,12888.07,51.48463855,7.40122993,185.81,13.26,0.11,42.17,1,-99.00,-8.00,5.00,9.00,30.00,8.00,13532163,200
603.05,1552282838,12901.23,51.48472743,7.40136252,185.87,13.80,0.54,43.00,1,-99.00,-8.00,5.00,9.00,30.00,8.00,13532163,200
604.05,1552282839,12915.04,51.48481559,7.40149524,185.77,14.28,0.48,42.55,1,-99.00,-8.00,5.00,9.00,30.00,8.00,13532163,200
605.05,1552282840,12929.32,51.48491277,7.40163348,185.74,14.48,0.19,42.42,1,-96.00,-8.00,3.00,9.00,31.00,8.00,13532163,200
606.05,1552282841,12943.80,51.48501622,7.40178281,185.25,14.48,0.00,41.87,1,-96.00,-8.00,3.00,9.00,31.00,8.00,13532163,200
607.05,1552282842,12958.28,51.48511607,7.40192551,185.08,14.32,-0.16,42.71,1,-90.00,-7.00,18.00,15.00,33.00,8.00,13532163,200
608.05,1552282843,12972.60,51.48519614,7.40206081,184.80,13.29,-1.03,44.70,1,-90.00,-7.00,18.00,15.00,33.00,8.00,13532163,200
609.05,1552282844,12985.89,51.48527488,7.40219976,184.28,12.54,-0.74,46.01,1,-95.00,-7.00,13.00,8.00,32.00,8.00,13532163,200
610.05,1552282845,12998.42,51.48535406,7.40234667,183.38,12.15,-0.39,47.05,1,-95.00,-7.00,13.00,8.00,32.00,8.00,13532163,200
611.05,1552282846,13010.57,51.48541994,7.40247542,182.81,11.31,-0.85,47.97,1,-91.00,-7.00,24.00,8.00,34.00,8.00,13532163,200
612.05,1552282847,13021.89,51.48547938,7.40259867,182.33,9.90,-1.41,48.62,1,-91.00,-7.00,24.00,8.00,34.00,8.00,13532163,200
613.05,1552282848,13031.78,51.48552620,7.40269390,182.19,8.14,-1.76,49.45,1,-97.00,-7.00,10.00,8.00,28.00,8.00,13532163,200
614.05,1552282849,13039.92,51.48558077,7.40275689,182.11,7.57,-0.58,32.77,1,-97.00,-7.00,10.00,8.00,28.00,8.00,13532163,200
615.05,1552282850,13047.49,51.48565121,7.40279390,182.41,8.17,0.60,11.64,1,-92.00,-6.00,17.00,14.00,34.00,8.00,13532163,200
616.05,1552282851,13055.66,51.48570715,7.40278310,183.08,8.84,0.67,349.52,1,-92.00,-6.00,17.00,14.00,34.00,8.00,13532163,200
617.05,1552282852,13064.51,51.48576506,7.40274034,183.66,9.26,0.42,332.63,1,-95.00,-8.00,19.00,10.00,32.00,8.00,13532163,200
618.05,1552282853,13073.77,51.48583223,7.40265170,184.47,9.73,0.47,319.70,1,-95.00,-8.00,19.00,10.00,32.00,8.00,13532163,200
619.05,1552282854,13083.51,51.48590463,7.40255076,185.27,10.16,0.43,320.29,1,-97.00,-7.00,19.00,7.00,30.00,8.00,13532163,200
620.05,1552282855,13093.67,51.48598015,7.40245018,185.96,10.37,0.21,321.95,1,-97.00,-7.00,19.00,7.00,30.00,8.00,13532163,200
621.05,1552282856,13104.04,51.48605972,7.40235750,186.63,10.26,-0.11,323.64,1,-97.00,-8.00,0.00,8.00,29.00,8.00,13532163,200
622.05,1552282857,13114.30,51.48613396,7.40227853,186.82,10.19,-0.08,325.52,1,-97.00,-8.00,0.00,8.00,29.00,8.00,13532163,200
623.06,1552282858,13124.59,51.48622252,7.40219232,187.10,10.91,0.72,327.76,1,-97.00,-9.00,-1.00,7.00,31.00,8.00,13532163,200
624.05,1552282859,13135.40,51.48630417,7.40211778,187.32,10.64,-0.28,329.56,1,-97.00,-9.00,-1.00,7.00,31.00,8.00,13532163,200
625.05,1552282860,13146.03,51.48637975,7.40205411,187.72,10.67,0.04,331.45,1,-97.00,-9.00,-1.00,7.00,31.00,8.00,13532163,200
626.05,1552282861,13156.70,51.48646077,7.40199515,187.85,10.35,-0.32,334.14,1,-99.00,-10.00,-2.00,9.00,30.00,8.00,13532163,200
627.05,1552282862,13167.05,51.48654360,7.40193872,188.14,10.02,-0.33,336.10,1,-99.00,-10.00,-2.00,9.00,30.00,8.00,13532163,200
628.07,1552282863,13177.25,51.48662702,7.40189085,188.00,9.96,-0.05,337.79,1,-101.00,-12.00,-2.00,7.00,31.00,8.00,13532163,200
629.05,1552282864,13187.06,51.48671337,7.40184738,187.77,10.00,0.04,339.82,1,-101.00,-12.00,-2.00,7.00,31.00,8.00,13532163,200
630.05,1552282865,13197.05,51.48680326,7.40180921,187.61,10.35,0.35,341.84,1,-100.00,-10.00,-7.00,5.00,30.00,17.00,13531906,361
631.05,1552282866,13207.40,51.48689248,7.40177622,187.43,10.33,-0.02,343.69,1,-100.00,-10.00,-7.00,5.00,30.00,17.00,13531906,361
632.05,1552282867,13217.74,51.48698357,7.40174750,187.27,10.45,0.12,345.62,1,-101.00,-12.00,-4.00,6.00,31.00,17.00,13531906,361
633.05,1552282868,13228.18,51.48708283,7.40172293,187.07,10.88,0.43,347.53,1,-101.00,-12.00,-4.00,6.00,31.00,17.00,13531906,361
634.05,1552282869,13239.05,51.48718728,7.40170145,187.00,10.97,0.08,349.69,1,-81.00,-4.00,28.00,15.00,44.00,11.00,13067528,356
635.05,1552282870,13250.00,51.48728522,7.40168905,187.02,11.04,0.08,351.92,1,-81.00,-4.00,28.00,15.00,44.00,11.00,13067528,356
636.05,1552282871,13261.05,51.48738369,7.40168059,186.91,11.19,0.15,353.97,1,-80.00,-5.00,28.00,15.00,41.00,11.00,13067528,356
637.05,1552282872,13272.24,51.48749555,7.40167419,186.65,11.21,0.02,356.05,1,-80.00,-5.00,28.00,15.00,41.00,11.00,13067528,356
638.05,1552282873,13283.45,51.48760119,7.40167732,185.98,11.24,0.03,357.66,1,-85.00,-4.00,27.00,15.00,39.00,11.00,13067528,356
639.05,1552282874,13294.68,51.48771343,7.40168196,185.16,11.33,0.09,358.68,1,-85.00,-4.00,27.00,15.00,39.00,11.00,13067528,356
640.05,1552282875,13306.03,51.48781839,7.40168785,184.42,11.42,0.09,359.32,1,-85.00,-5.00,17.00,15.00,36.00,11.00,13067528,356
641.05,1552282876,13317.43,51.48791462,7.40170075,183.83,11.38,-0.04,0.02,1,-85.00,-5.00,17.00,15.00,36.00,11.00,13067528,356
642.05,1552282877,13328.83,51.48800729,7.40171329,183.71,10.97,-0.41,0.97,1,-87.00,-5.00,21.00,15.00,36.00,11.00,13067528,356
643.05,1552282878,13339.80,51.48810472,7.40172178,183.77,10.93,-0.04,0.80,1,-87.00,-5.00,21.00,15.00,36.00,11.00,13067528,356
644.06,1552282879,13350.83,51.48821013,7.40172837,183.53,11.02,0.09,1.05,1,-88.00,-5.00,19.00,12.00,37.00,11.00,13067528,356
645.05,1552282880,13361.75,51.48830903,7.40173474,183.31,11.13,0.12,1.18,1,-88.00,-5.00,19.00,12.00,37.00,11.00,13067528,356
646.05,1552282881,13372.87,51.48840920,7.40174228,183.01,11.15,0.01,1.00,1,-88.00,-5.00,19.00,12.00,37.00,11.00,13067528,356
647.05,1552282882,13384.03,51.48851554,7.40174652,182.53,10.51,-0.64,0.44,1,-91.00,-5.00,20.00,12.00,31.00,11.00,13067528,356
648.05,1552282883,13394.54,51.48861607,7.40174343,182.28,10.95,0.45,359.88,1,-91.00,-5.00,20.00,12.00,31.00,11.00,13067528,356
649.05,1552282884,13405.48,51.48871166,7.40174190,182.43,10.86,-0.09,359.54,1,-93.00,-5.00,19.00,12.00,31.00,11.00,13067528,356
650.05,1552282885,13416.35,51.48880960,7.40173698,182.69,10.46,-0.40,359.83,1,-93.00,-5.00,19.00,12.00,31.00,11.00,13067528,356
651.05,1552282886,13426.82,51.48890631,7.40173397,182.88,10.61,0.15,359.99,1,-102.00,-6.00,19.00,12.00,22.00,11.00,13067528,356
652.05,1552282887,13437.42,51.48899930,7.40173625,183.00,10.47,-0.14,0.54,1,-102.00,-6.00,19.00,12.00,22.00,11.00,13067528,356
653.05,1552282888,13447.88,51.48908307,7.40173833,183.00,9.52,-0.95,1.08,1,-104.00,-6.00,17.00,10.00,20.00,11.00,13067528,356
654.05,1552282889,13457.40,51.48915675,7.40173996,182.71,7.87,-1.65,0.63,1,-104.00,-6.00,17.00,10.00,20.00,11.00,13067528,356
655.05,1552282890,13465.27,51.48922924,7.40174610,182.19,7.16,-0.71,0.23,1,-105.00,-7.00,10.00,10.00,19.00,11.00,13067528,356
656.05,1552282891,13472.43,51.48927960,7.40175067,181.98,6.25,-0.91,1.10,1,-105.00,-7.00,10.00,10.00,19.00,11.00,13067528,356
657.05,1552282892,13478.69,51.48934999,7.40179046,181.58,5.77,-0.48,24.79,1,-107.00,-6.00,16.00,10.00,19.00,11.00,13067528,356
658.04,1552282893,13484.44,51.48938314,7.40186326,181.10,6.04,0.27,61.66,1,-107.00,-6.00,16.00,10.00,19.00,11.00,13067528,356
659.05,1552282894,13490.50,51.48940315,7.40197198,180.61,7.98,1.93,79.20,1,-106.00,-7.00,12.00,9.00,18.00,11.00,13067528,356
660.05,1552282895,13498.48,51.48942356,7.40212539,180.07,8.86,0.88,80.62,1,-106.00,-7.00,12.00,9.00,18.00,11.00,13067528,356
661.05,1552282896,13507.34,51.48942832,7.40225118,179.78,9.65,0.79,84.65,1,-110.00,-8.00,7.00,8.00,17.00,11.00,13067528,356
662.05,1552282897,13517.00,51.48943066,7.40240257,179.42,9.74,0.09,87.24,1,-110.00,-8.00,7.00,8.00,17.00,11.00,13067528,356
663.05,1552282898,13526.76,51.48943033,7.40252998,179.12,8.93,-0.81,87.23,1,-109.00,-8.00,6.00,9.00,17.00,11.00,13067528,356
664.05,1552282899,13535.68,51.48942598,7.40266239,179.08,9.03,0.10,87.66,1,-109.00,-8.00,6.00,9.00,17.00,11.00,13067528,356
665.05,1552282900,13544.71,51.48942225,7.40279052,179.12,8.71,-0.32,88.16,1,-109.00,-7.00,9.00,9.00,17.00,11.00,13067528,356
666.05,1552282901,13553.42,51.48942005,7.40291986,179.27,9.36,0.65,89.09,1,-109.00,-7.00,9.00,9.00,17.00,11.00,13067528,356
667.06,1552282902,13562.84,51.48941922,7.40305486,179.20,9.94,0.58,89.83,1,-107.00,-8.00,10.00,9.00,18.00,11.00,13067528,356
668.05,1552282903,13572.70,51.48941659,7.40318778,179.47,10.67,0.74,90.30,1,-107.00,-8.00,10.00,9.00,18.00,11.00,13067528,356
669.05,1552282904,13583.38,51.48941342,7.40335018,180.10,11.49,0.82,90.75,1,-107.00,-8.00,10.00,9.00,18.00,11.00,13067528,356
670.05,1552282905,13594.88,51.48940933,7.40351660,180.63,11.24,-0.25,91.40,1,-111.00,-8.00,6.00,8.00,16.00,11.00,13067528,356
671.05,1552282906,13606.12,51.48940544,7.40369243,181.03,11.55,0.31,90.96,1,-111.00,-8.00,6.00,8.00,16.00,11.00,13067528,356
672.05,1552282907,13617.67,51.48940072,7.40386092,181.08,12.15,0.60,91.33,1,-112.00,-9.00,12.00,8.00,14.00,11.00,13067528,356
673.05,1552282908,13629.82,51.48939561,7.40402816,181.18,12.83,0.68,90.51,1,-112.00,-9.00,12.00,8.00,14.00,11.00,13067528,356
674.05,1552282909,13642.66,51.48939078,7.40421521,181.42,12.74,-0.10,90.78,1,-114.00,-10.00,5.00,8.00,13.00,11.00,13067528,356
675.05,1552282910,13655.38,51.48938936,7.40440318,181.99,12.34,-0.40,91.13,1,-114.00,-10.00,5.00,8.00,13.00,11.00,13067528,356
676.05,1552282911,13667.71,51.48938654,7.40457158,182.57,11.94,-0.41,90.72,1,-107.00,-7.00,2.00,6.00,23.00,22.00,12806666,385
677.05,1552282912,13679.65,51.48938447,7.40473688,183.03,11.62,-0.31,90.31,1,-107.00,-7.00,2.00,6.00,23.00,22.00,12806666,385
678.05,1552282913,13691.29,51.48938344,7.40490900,182.92,11.43,-0.19,90.45,1,-112.00,-11.00,3.00,7.00,16.00,22.00,12806666,385
679.05,1552282914,13702.70,51.48938257,7.40508604,182.70,11.31,-0.12,89.49,1,-112.00,-11.00,3.00,7.00,16.00,22.00,12806666,385
680.05,1552282915,13714.05,51.48938481,7.40524457,182.47,11.20,-0.11,88.66,1,-107.00,-7.00,0.00,6.00,16.00,17.00,13067528,385
681.05,1552282916,13725.25,51.48938833,7.40540890,182.26,11.73,0.53,87.00,1,-107.00,-7.00,0.00,6.00,16.00,17.00,13067528,385
682.05,1552282917,13736.96,51.48939713,7.40560374,181.80,12.62,0.89,85.58,1,-104.00,-6.00,12.00,10.00,22.00,17.00,13067528,356
683.05,1552282918,13749.58,51.48940896,7.40580318,181.76,12.85,0.23,84.22,1,-104.00,-6.00,12.00,10.00,22.00,17.00,13067528,356
684.05,1552282919,13762.45,51.48942419,7.40596512,182.15,12.71,-0.14,82.51,1,-98.00,-5.00,20.00,12.00,27.00,71.00,13067274,289
685.05,1552282920,13775.13,51.48944454,7.40613779,182.56,12.54,-0.17,81.31,1,-98.00,-5.00,20.00,12.00,27.00,71.00,13067274,289
686.05,1552282921,13787.67,51.48946527,7.40630446,183.15,12.35,-0.19,80.48,1,-97.00,-6.00,19.00,12.00,28.00,71.00,13067274,289
687.05,1552282922,13800.02,51.48949237,7.40646918,183.69,12.14,-0.20,79.60,1,-97.00,-6.00,19.00,12.00,28.00,71.00,13067274,289
688.05,1552282923,13812.18,51.48951740,7.40663742,184.08,12.11,-0.03,78.63,1,-98.00,-6.00,16.00,10.00,27.00,71.00,13067274,289
689.04,1552282924,13824.22,51.48954529,7.40680776,184.08,12.23,0.12,77.82,1,-98.00,-6.00,16.00,10.00,27.00,71.00,13067274,289
690.05,1552282925,13836.52,51.48957373,7.40698280,183.93,12.24,0.01,77.21,1,-98.00,-6.00,16.00,10.00,27.00,71.00,13067274,289
691.05,1552282926,13848.73,51.48960229,7.40717555,184.18,12.25,0.02,77.57,1,-99.00,-7.00,9.00,10.00,29.00,71.00,13067274,289
692.05,1552282927,13860.99,51.48963494,7.40737451,184.80,12.29,0.04,78.03,1,-99.00,-7.00,9.00,10.00,29.00,71.00,13067274,289
693.05,1552282928,13873.29,51.48966119,7.40756772,185.28,12.54,0.24,78.30,1,-101.00,-7.00,5.00,10.00,27.00,71.00,13067274,289
694.05,1552282929,13885.80,51.48968615,7.40773974,185.47,12.69,0.15,78.80,1,-101.00,-7.00,5.00,10.00,27.00,71.00,13067274,289
695.05,1552282930,13898.52,51.48971216,7.40794257,185.57,12.66,-0.03,78.46,1,-101.00,-6.00,12.00,10.00,25.00,71.00,13067274,289
696.05,1552282931,13911.17,51.48973512,7.40815385,186.04,12.76,0.11,78.22,1,-101.00,-6.00,12.00,10.00,25.00,71.00,13067274,289
697.05,1552282932,13923.94,51.48975798,7.40835703,186.17,12.97,0.20,79.04,1,-106.00,-7.00,5.00,12.00,23.00,71.00,13067274,289
698.05,1552282933,13936.90,51.48977958,7.40855583,186.29,13.12,0.15,78.41,1,-106.00,-7.00,5.00,12.00,23.00,71.00,13067274,289
699.05,1552282934,13950.02,51.48980068,7.40871708,186.19,13.25,0.14,77.70,1,-104.00,-7.00,15.00,10.00,23.00,71.00,13067274,289
700.05,1552282935,13963.25,51.48982221,7.40887047,185.84,13.37,0.12,77.08,1,-104.00,-7.00,15.00,10.00,23.00,71.00,13067274,289
701.05,1552282936,13976.64,51.48984842,7.40907627,185.31,13.58,0.21,77.41,1,-107.00,-7.00,9.00,14.00,20.00,71.00,13067274,289
702.04,1552282937,13990.17,51.48987177,7.40925063,184.64,13.64,0.05,78.07,1,-107.00,-7.00,9.00,14.00,20.00,71.00,13067274,289
703.05,1552282938,14003.87,51.48989777,7.40943058,183.81,13.58,-0.05,78.48,1,-105.00,-7.00,8.00,9.00,20.00,71.00,13067274,289
704.05,1552282939,14017.48,51.48992529,7.40961025,182.78,13.72,0.14,77.95,1,-105.00,-7.00,8.00,9.00,20.00,71.00,13067274,289
705.05,1552282940,14031.19,51.48995117,7.40978520,181.85,13.43,-0.29,77.54,1,-106.00,-7.00,6.00,7.00,20.00,71.00,13067274,289
706.05,1552282941,14044.62,51.48997887,7.40999084,180.94,13.24,-0.19,78.20,1,-106.00,-7.00,6.00,7.00,20.00,71.00,13067274,289
707.05,1552282942,14057.83,51.49000370,7.41020114,180.08,12.66,-0.58,78.97,1,-107.00,-8.00,11.00,9.00,20.00,71.00,13067274,289
708.05,1552282943,14070.50,51.49002824,7.41040460,179.21,13.17,0.51,78.82,1,-107.00,-8.00,11.00,9.00,20.00,71.00,13067274,289
709.06,1552282944,14083.78,51.49004580,7.41057052,178.00,13.02,-0.15,78.27,1,-109.00,-8.00,9.00,9.00,19.00,71.00,13067274,289
710.05,1552282945,14096.70,51.49006812,7.41072670,176.77,12.56,-0.47,77.42,1,-109.00,-8.00,9.00,9.00,19.00,71.00,13067274,289
711.05,1552282946,14109.26,51.49009778,7.41090100,176.04,12.50,-0.05,78.18,1,-109.00,-8.00,9.00,9.00,19.00,71.00,13067274,289
712.04,1552282947,14121.69,51.49012751,7.41106983,175.54,12.40,-0.10,78.07,1,-110.00,-7.00,10.00,13.00,17.00,71.00,13067274,289
