0.09,1552022706,0.00,51.45013719,7.48816065,246.20,7.85,0.00,166.58,1,-106.00,-9.00,5.00,5.00,28.00,13.00,12918809,429
1.02,1552022707,7.27,51.45007453,7.48819403,246.12,8.36,0.55,166.07,1,-103.00,-8.00,7.00,10.00,30.00,13.00,12918809,429
2.01,1552022708,15.56,51.45000677,7.48823007,246.24,8.87,0.52,166.92,1,-103.00,-8.00,7.00,10.00,30.00,13.00,12918809,429
3.01,1552022709,24.43,51.44992718,7.48826282,246.57,9.16,0.29,168.11,1,-103.00,-8.00,7.00,10.00,30.00,13.00,12918809,429
4.01,1552022710,33.60,51.44983856,7.48829586,246.94,9.89,0.73,169.56,1,-106.00,-8.00,5.00,9.00,28.00,13.00,12918809,429
5.01,1552022711,43.50,51.44974336,7.48832604,247.30,10.30,0.41,170.77,1,-106.00,-8.00,5.00,9.00,28.00,13.00,12918809,429
6.01,1552022712,53.79,51.44964378,7.48835302,247.67,10.67,0.37,172.78,1,-107.00,-9.00,3.00,8.00,27.00,13.00,12918809,429
7.01,1552022713,64.46,51.44954097,7.48837432,247.86,11.14,0.47,174.45,1,-107.00,-9.00,3.00,8.00,27.00,13.00,12918809,429
8.01,1552022714,75.59,51.44943048,7.48838851,248.17,12.09,0.95,176.08,1,-103.00,-8.00,6.00,9.00,30.00,13.00,12918809,429
9.01,1552022715,87.68,51.44932066,7.48839348,248.32,12.21,0.12,178.26,1,-103.00,-8.00,6.00,9.00,30.00,13.00,12918809,429
10.01,1552022716,99.89,51.44921426,7.48838790,248.71,12.94,0.73,180.31,1,-102.00,-7.00,9.00,9.00,30.00,13.00,12918809,429
11.01,1552022717,112.84,51.44910211,7.48837469,248.98,13.38,0.44,182.50,1,-102.00,-7.00,9.00,9.00,30.00,13.00,12918809,429
12.01,1552022718,126.20,51.44898180,7.48835239,249.09,13.62,0.24,185.19,1,-99.00,-7.00,11.00,12.00,33.00,13.00,12918809,429
13.01,1552022719,139.83,51.44885849,7.48832085,249.29,14.01,0.40,187.40,1,-99.00,-7.00,11.00,12.00,33.00,13.00,12918809,429
14.01,1552022720,153.85,51.44872758,7.48827942,249.26,13.24,-0.77,190.35,1,-96.00,-6.00,15.00,8.00,36.00,13.00,12918809,429
15.01,1552022721,167.09,51.44860400,7.48823093,249.33,13.83,0.59,192.39,1,-96.00,-6.00,15.00,8.00,36.00,13.00,12918809,429
16.01,1552022722,180.91,51.44848088,7.48818330,249.46,14.20,0.37,192.92,1,-98.00,-7.00,13.00,10.00,32.00,13.00,12918809,429
17.01,1552022723,195.12,51.44835463,7.48813290,249.85,14.15,-0.06,193.27,1,-98.00,-7.00,13.00,10.00,32.00,13.00,12918809,429
18.01,1552022724,209.27,51.44822505,7.48807289,250.58,14.41,0.26,193.69,1,-98.00,-7.00,14.00,15.00,33.00,13.00,12918809,429
19.01,1552022725,223.68,51.44809715,7.48801468,251.24,14.03,-0.38,194.22,1,-98.00,-7.00,14.00,15.00,33.00,13.00,12918809,429
20.01,1552022726,237.71,51.44797358,7.48796228,251.64,14.62,0.59,193.58,1,-99.00,-6.00,14.00,10.00,32.00,13.00,12918809,429
21.01,1552022727,252.32,51.44784187,7.48791303,252.16,15.34,0.72,192.54,1,-99.00,-6.00,14.00,10.00,32.00,13.00,12918809,429
22.02,1552022728,267.80,51.44770824,7.48787601,252.90,14.29,-1.04,190.56,1,-98.00,-6.00,14.00,10.00,33.00,13.00,12918809,429
23.01,1552022729,281.96,51.44758456,7.48785423,253.57,13.70,-0.59,188.07,1,-98.00,-6.00,14.00,10.00,33.00,13.00,12918809,429
24.01,1552022730,295.68,51.44746622,7.48783929,254.20,13.80,0.10,185.18,1,-98.00,-6.00,14.00,10.00,33.00,13.00,12918809,429
25.01,1552022731,309.46,51.44734255,7.48783614,254.70,13.22,-0.59,182.43,1,-97.00,-6.00,11.00,11.00,34.00,13.00,12918809,429
26.01,1552022732,322.68,51.44720807,7.48784822,254.99,13.76,0.55,178.97,1,-97.00,-6.00,11.00,11.00,34.00,13.00,12918809,429
27.01,1552022733,336.46,51.44708019,7.48787218,254.95,13.75,-0.02,176.08,1,-98.00,-6.00,13.00,11.00,35.00,13.00,12918809,429
28.01,1552022734,350.19,51.44694729,7.48790911,254.69,14.45,0.70,172.58,1,-98.00,-6.00,13.00,11.00,35.00,13.00,12918809,429
29.01,1552022735,364.65,51.44680491,7.48797007,255.28,14.70,0.25,169.39,1,-99.00,-6.00,14.00,8.00,32.00,13.00,12918809,429
30.01,1552022736,379.35,51.44667411,7.48803692,256.04,14.24,-0.46,166.81,1,-99.00,-6.00,14.00,8.00,32.00,13.00,12918809,429
31.01,1552022737,393.57,51.44656692,7.48810482,256.63,14.14,-0.09,163.89,1,-96.00,-5.00,16.00,10.00,35.00,13.00,12918809,429
32.01,1552022738,407.72,51.44645702,7.48818663,257.03,14.55,0.41,160.42,1,-96.00,-5.00,16.00,10.00,35.00,13.00,12918809,429
33.01,1552022739,422.27,51.44633856,7.48828577,257.70,14.40,-0.15,156.46,1,-95.00,-6.00,16.00,11.00,35.00,13.00,12918809,429
34.01,1552022740,436.66,51.44622107,7.48840322,258.36,13.94,-0.46,152.49,1,-95.00,-6.00,16.00,11.00,35.00,13.00,12918809,429
35.01,1552022741,450.62,51.44611158,7.48852920,258.90,14.67,0.72,149.18,1,-93.00,-5.00,14.00,10.00,37.00,13.00,12918809,429
36.01,1552022742,465.29,51.44600084,7.48867468,259.17,14.60,-0.07,145.99,1,-93.00,-5.00,14.00,10.00,37.00,13.00,12918809,429
37.01,1552022743,479.89,51.44589226,7.48883686,259.53,14.38,-0.22,142.65,1,-94.00,-5.00,15.00,12.00,37.00,13.00,12918809,429
38.01,1552022744,494.25,51.44578844,7.48901186,260.00,14.74,0.37,139.23,1,-94.00,-5.00,15.00,12.00,37.00,13.00,12918809,429
39.01,1552022745,509.01,51.44569119,7.48918890,260.45,14.98,0.23,136.06,1,-96.00,-6.00,16.00,12.00,35.00,13.00,12918809,429
40.01,1552022746,523.97,51.44559193,7.48937786,261.15,15.17,0.20,133.25,1,-96.00,-6.00,16.00,12.00,35.00,13.00,12918809,429
41.01,1552022747,539.14,51.44550887,7.48955942,261.85,15.36,0.19,131.25,1,-97.00,-6.00,15.00,10.00,33.00,13.00,12918809,429
42.01,1552022748,554.51,51.44542741,7.48974187,262.51,15.23,-0.13,130.15,1,-97.00,-6.00,15.00,10.00,33.00,13.00,12918809,429
43.01,1552022749,569.73,51.44534912,7.48992577,263.10,15.47,0.24,128.91,1,-99.00,-6.00,11.00,9.00,32.00,13.00,12918809,429
44.01,1552022750,585.20,51.44526889,7.49010985,263.71,15.51,0.04,128.23,1,-99.00,-6.00,11.00,9.00,32.00,13.00,12918809,429
45.02,1552022751,600.84,51.44518784,7.49029642,264.47,15.31,-0.20,127.40,1,-102.00,-7.00,10.00,8.00,30.00,13.00,12918809,429
46.01,1552022752,616.05,51.44511077,7.49047505,265.10,14.85,-0.47,127.27,1,-102.00,-7.00,10.00,8.00,30.00,13.00,12918809,429
47.01,1552022753,630.90,51.44503586,7.49064747,265.71,14.30,-0.55,127.20,1,-102.00,-7.00,10.00,8.00,30.00,13.00,12918809,429
48.01,1552022754,645.19,51.44496224,7.49081428,266.31,13.98,-0.31,127.91,1,-99.00,-7.00,13.00,10.00,32.00,13.00,12918809,429
49.01,1552022755,659.18,51.44489959,7.49096035,266.88,12.34,-1.65,127.36,1,-99.00,-7.00,13.00,10.00,32.00,13.00,12918809,429
50.01,1552022756,671.50,51.44483682,7.49109368,267.69,10.89,-1.45,126.66,1,-100.00,-6.00,7.00,9.00,32.00,13.00,12918809,429
51.01,1552022757,682.40,51.44478292,7.49121353,268.41,8.88,-2.01,126.95,1,-100.00,-6.00,7.00,9.00,32.00,13.00,12918809,429
52.01,1552022758,691.28,51.44473851,7.49131398,269.15,7.23,-1.65,127.23,1,-101.00,-6.00,15.00,11.00,31.00,13.00,12918809,429
53.01,1552022759,698.50,51.44470237,7.49139630,269.75,5.85,-1.38,127.35,1,-101.00,-6.00,15.00,11.00,31.00,13.00,12918809,429
54.01,1552022760,704.34,51.44467291,7.49146246,270.22,4.87,-0.98,127.92,1,-102.00,-7.00,14.00,11.00,30.00,13.00,12918809,429
55.01,1552022761,709.22,51.44464687,7.49152189,270.53,4.80,-0.07,127.82,1,-102.00,-7.00,14.00,11.00,30.00,13.00,12918809,429
56.01,1552022762,714.03,51.44462057,7.49158068,270.66,5.62,0.81,127.66,1,-103.00,-6.00,12.00,8.00,29.00,13.00,12918809,429
57.01,1552022763,719.65,51.44459092,7.49164652,270.74,6.10,0.49,127.49,1,-103.00,-6.00,12.00,8.00,29.00,13.00,12918809,429
58.01,1552022764,725.75,51.44455140,7.49169920,270.70,5.48,-0.62,143.63,1,-101.00,-6.00,15.00,10.00,31.00,13.00,12918809,429
59.01,1552022765,731.23,51.44450580,7.49173042,270.76,5.42,-0.06,162.78,1,-101.00,-6.00,15.00,10.00,31.00,13.00,12918809,429
60.01,1552022766,736.64,51.44445563,7.49172464,271.04,6.55,1.13,186.77,1,-97.00,-6.00,15.00,12.00,35.00,13.00,12918809,429
61.01,1552022767,743.20,51.44441065,7.49168255,270.74,7.39,0.83,210.56,1,-97.00,-6.00,15.00,12.00,35.00,13.00,12918809,429
62.01,1552022768,750.59,51.44433878,7.49160621,270.49,8.86,1.47,212.61,1,-90.00,-6.00,16.00,10.00,43.00,13.00,12918809,429
63.01,1552022769,759.45,51.44425992,7.49151974,270.08,9.42,0.56,214.06,1,-90.00,-6.00,16.00,10.00,43.00,13.00,12918809,429
64.01,1552022770,768.88,51.44418480,7.49143048,269.65,10.22,0.79,215.72,1,-89.00,-6.00,20.00,15.00,43.00,13.00,12918809,429
65.01,1552022771,779.08,51.44409711,7.49132471,269.24,11.42,1.21,215.37,1,-89.00,-6.00,20.00,15.00,43.00,13.00,12918809,429
66.02,1552022772,790.64,51.44400269,7.49121988,268.65,12.13,0.69,214.53,1,-83.00,-6.00,26.00,15.00,47.00,13.00,12918809,429
67.01,1552022773,802.62,51.44390863,7.49110862,268.41,12.93,0.81,215.06,1,-83.00,-6.00,26.00,15.00,47.00,13.00,12918809,429
68.01,1552022774,815.56,51.44381412,7.49099272,268.33,13.95,1.02,214.69,1,-83.00,-6.00,26.00,15.00,47.00,13.00,12918809,429
69.01,1552022775,829.51,51.44370535,7.49087366,267.95,14.24,0.29,215.26,1,-78.00,-6.00,28.00,15.00,54.00,13.00,12918809,429
70.01,1552022776,843.73,51.44359682,7.49074770,267.44,14.73,0.49,215.68,1,-78.00,-6.00,28.00,15.00,54.00,13.00,12918809,429
71.01,1552022777,858.46,51.44348843,7.49062031,266.89,14.62,-0.10,216.64,1,-77.00,-6.00,25.00,15.00,53.00,13.00,12918809,429
72.01,1552022778,873.08,51.44338563,7.49050075,266.58,14.19,-0.43,216.27,1,-77.00,-6.00,25.00,15.00,53.00,13.00,12918809,429
73.01,1552022779,887.28,51.44327753,7.49037853,266.64,14.10,-0.10,216.15,1,-85.00,-5.00,19.00,11.00,46.00,13.00,12918809,429
74.01,1552022780,901.36,51.44316772,7.49025645,266.77,14.16,0.06,216.65,1,-85.00,-5.00,19.00,11.00,46.00,13.00,12918809,429
75.01,1552022781,915.55,51.44306726,7.49013406,266.72,14.10,-0.06,216.49,1,-91.00,-7.00,13.00,12.00,41.00,13.00,12918809,429
76.01,1552022782,929.63,51.44296728,7.49001360,266.64,13.67,-0.42,215.86,1,-91.00,-7.00,13.00,12.00,41.00,13.00,12918809,429
77.01,1552022783,943.32,51.44287409,7.48990270,266.32,13.54,-0.13,215.80,1,-91.00,-7.00,13.00,5.00,42.00,13.00,12918809,429
78.01,1552022784,956.85,51.44278293,7.48979708,266.21,13.09,-0.45,215.50,1,-91.00,-7.00,13.00,5.00,42.00,13.00,12918809,429
79.01,1552022785,969.93,51.44269386,7.48969218,266.51,13.04,-0.05,216.19,1,-86.00,-7.00,17.00,10.00,46.00,13.00,12918809,429
80.01,1552022786,982.99,51.44261491,7.48958963,267.06,12.03,-1.01,218.37,1,-86.00,-7.00,17.00,10.00,46.00,13.00,12918809,429
81.01,1552022787,995.01,51.44253696,7.48948688,267.48,11.39,-0.64,219.38,1,-83.00,-6.00,10.00,15.00,49.00,13.00,12918809,429
82.01,1552022788,1006.40,51.44245924,7.48938289,267.88,12.12,0.72,218.47,1,-83.00,-6.00,10.00,15.00,49.00,13.00,12918809,429
83.01,1552022789,1018.52,51.44237456,7.48927184,267.90,11.59,-0.53,218.25,1,-81.00,-7.00,14.00,15.00,51.00,13.00,12918809,429
84.01,1552022790,1030.11,51.44230412,7.48917144,267.64,10.70,-0.89,219.15,1,-81.00,-7.00,14.00,15.00,51.00,13.00,12918809,429
85.01,1552022791,1040.82,51.44223063,7.48906680,268.19,10.72,0.02,219.87,1,-85.00,-7.00,14.00,13.00,48.00,13.00,12918809,429
86.01,1552022792,1051.54,51.44215648,7.48896146,267.85,11.76,1.04,219.72,1,-85.00,-7.00,14.00,13.00,48.00,13.00,12918809,429
87.02,1552022793,1063.44,51.44208814,7.48886013,267.67,11.61,-0.15,220.26,1,-83.00,-7.00,13.00,15.00,50.00,13.00,12918809,429
88.01,1552022794,1074.91,51.44202127,7.48874800,267.55,11.02,-0.60,222.14,1,-83.00,-7.00,13.00,15.00,50.00,13.00,12918809,429
89.01,1552022795,1085.92,51.44194535,7.48862095,267.04,11.60,0.59,223.79,1,-83.00,-7.00,13.00,15.00,50.00,13.00,12918809,429
90.01,1552022796,1097.53,51.44186522,7.48848779,266.54,11.76,0.16,225.64,1,-79.00,-8.00,10.00,14.00,53.00,13.00,12918809,429
91.01,1552022797,1109.29,51.44178882,7.48835659,266.24,11.46,-0.30,227.22,1,-79.00,-8.00,10.00,14.00,53.00,13.00,12918809,429
92.01,1552022798,1120.76,51.44171039,7.48822418,266.31,11.20,-0.27,228.36,1,-83.00,-10.00,4.00,12.00,52.00,13.00,12918809,429
93.01,1552022799,1131.96,51.44163233,7.48809112,267.15,11.29,0.10,229.25,1,-83.00,-10.00,4.00,12.00,52.00,13.00,12918809,429
94.01,1552022800,1143.23,51.44155453,7.48795489,268.42,11.01,-0.28,230.22,1,-77.00,-7.00,12.00,15.00,56.00,2.00,12918810,431
95.01,1552022801,1154.24,51.44148643,7.48782784,269.91,10.49,-0.52,231.40,1,-77.00,-7.00,12.00,15.00,56.00,2.00,12918810,431
96.01,1552022802,1164.70,51.44142075,7.48770280,271.34,10.46,-0.03,232.10,1,-79.00,-6.00,23.00,15.00,52.00,2.00,12918810,431
97.01,1552022803,1175.19,51.44134757,7.48756499,272.58,11.01,0.55,232.70,1,-79.00,-6.00,23.00,15.00,52.00,2.00,12918810,431
98.01,1552022804,1186.21,51.44127502,7.48741721,273.82,11.39,0.38,233.19,1,-79.00,-6.00,29.00,15.00,54.00,2.00,12918810,431
99.01,1552022805,1197.59,51.44120344,7.48726913,274.57,11.44,0.05,234.19,1,-79.00,-6.00,29.00,15.00,54.00,2.00,12918810,431
100.01,1552022806,1209.03,51.44113899,7.48713515,275.03,11.44,0.00,233.57,1,-77.00,-6.00,29.00,15.00,54.00,2.00,12918810,431
101.01,1552022807,1220.48,51.44107730,7.48701080,275.40,11.31,-0.13,232.97,1,-77.00,-6.00,29.00,15.00,54.00,2.00,12918810,431
102.01,1552022808,1231.80,51.44101722,7.48687747,276.19,11.96,0.65,233.28,1,-77.00,-6.00,28.00,15.00,54.00,2.00,12918810,431
103.01,1552022809,1243.76,51.44095381,7.48673765,276.27,11.91,-0.05,233.17,1,-77.00,-6.00,28.00,15.00,54.00,2.00,12918810,431
104.01,1552022810,1255.66,51.44089176,7.48659594,276.03,12.04,0.14,233.94,1,-76.00,-6.00,27.00,15.00,56.00,2.00,12918810,431
105.01,1552022811,1267.70,51.44083499,7.48646229,275.85,11.85,-0.19,234.29,1,-76.00,-6.00,27.00,15.00,56.00,2.00,12918810,431
106.01,1552022812,1279.55,51.44077337,7.48632739,275.56,11.64,-0.21,233.92,1,-75.00,-6.00,25.00,15.00,57.00,2.00,12918810,431
107.01,1552022813,1291.21,51.44071765,7.48620420,275.85,10.94,-0.70,234.29,1,-75.00,-6.00,25.00,15.00,57.00,2.00,12918810,431
108.02,1552022814,1302.22,51.44065982,7.48607367,275.61,10.77,-0.17,234.80,1,-78.00,-8.00,9.00,13.00,56.00,2.00,12918810,431
109.01,1552022815,1312.91,51.44059342,7.48594466,276.41,11.73,0.97,233.95,1,-78.00,-8.00,9.00,13.00,56.00,2.00,12918810,431
110.01,1552022816,1324.64,51.44051482,7.48579416,277.12,12.70,0.98,232.98,1,-78.00,-8.00,9.00,13.00,56.00,2.00,12918810,431
111.01,1552022817,1337.34,51.44044027,7.48564430,277.79,12.21,-0.49,233.29,1,-81.00,-9.00,11.00,15.00,55.00,2.00,12918810,431
112.01,1552022818,1349.55,51.44037495,7.48551045,278.10,11.75,-0.47,233.85,1,-81.00,-9.00,11.00,15.00,55.00,2.00,12918810,431
113.01,1552022819,1361.29,51.44031258,7.48536427,278.91,11.55,-0.19,234.24,1,-83.00,-8.00,12.00,12.00,51.00,2.00,12918810,431
114.01,1552022820,1372.85,51.44024847,7.48522706,279.36,10.94,-0.62,234.89,1,-83.00,-8.00,12.00,12.00,51.00,2.00,12918810,431
115.01,1552022821,1383.79,51.44017974,7.48508090,279.43,11.71,0.78,234.29,1,-78.00,-7.00,10.00,15.00,55.00,4.00,12918811,430
116.01,1552022822,1395.50,51.44011176,7.48494155,279.22,11.71,-0.01,233.77,1,-78.00,-7.00,10.00,15.00,55.00,4.00,12918811,430
117.01,1552022823,1407.21,51.44003939,7.48480420,279.38,11.55,-0.16,232.80,1,-81.00,-7.00,16.00,15.00,51.00,4.00,12918811,430
118.01,1552022824,1418.76,51.43997406,7.48467442,280.16,10.91,-0.64,233.43,1,-81.00,-7.00,16.00,15.00,51.00,4.00,12918811,430
119.01,1552022825,1429.67,51.43990882,7.48453363,280.11,11.31,0.40,233.98,1,-77.00,-8.00,15.00,15.00,58.00,4.00,12918811,430
120.01,1552022826,1440.97,51.43984910,7.48440364,280.61,11.28,-0.04,233.42,1,-77.00,-8.00,15.00,15.00,58.00,4.00,12918811,430
121.01,1552022827,1452.26,51.43978549,7.48426576,280.90,11.40,0.12,234.00,1,-76.00,-7.00,25.00,15.00,55.00,4.00,12918811,430
122.01,1552022828,1463.66,51.43971887,7.48412226,281.12,11.85,0.45,233.46,1,-76.00,-7.00,25.00,15.00,55.00,4.00,12918811,430
123.01,1552022829,1475.49,51.43965401,7.48397873,280.75,12.61,0.76,232.62,1,-74.00,-6.00,29.00,15.00,58.00,4.00,12918811,430
124.01,1552022830,1488.10,51.43958468,7.48381746,279.81,12.63,0.02,234.25,1,-74.00,-6.00,29.00,15.00,58.00,4.00,12918811,430
125.01,1552022831,1500.74,51.43951652,7.48366271,279.36,11.97,-0.66,235.17,1,-76.00,-5.00,24.00,15.00,54.00,4.00,12918811,430
126.01,1552022832,1512.71,51.43945882,7.48351561,279.21,11.37,-0.59,236.24,1,-76.00,-5.00,24.00,15.00,54.00,4.00,12918811,430
127.01,1552022833,1524.07,51.43940089,7.48335671,278.82,11.77,0.39,237.29,1,-78.00,-6.00,18.00,15.00,53.00,4.00,12918811,430
128.01,1552022834,1535.84,51.43934212,7.48318973,278.86,12.48,0.71,238.44,1,-78.00,-6.00,18.00,15.00,53.00,4.00,12918811,430
129.02,1552022835,1548.42,51.43928544,7.48303105,279.37,12.53,0.05,239.43,1,-85.00,-5.00,23.00,15.00,46.00,4.00,12918811,430
130.01,1552022836,1560.85,51.43923504,7.48287373,279.52,12.08,-0.45,239.60,1,-85.00,-5.00,23.00,15.00,46.00,4.00,12918811,430
131.01,1552022837,1572.93,51.43918074,7.48271831,279.45,12.05,-0.04,240.62,1,-85.00,-5.00,23.00,15.00,46.00,4.00,12918811,430
132.01,1552022838,1584.97,51.43912530,7.48254834,279.32,12.44,0.40,241.13,1,-85.00,-5.00,26.00,10.00,45.00,4.00,12918811,430
133.01,1552022839,1597.43,51.43906675,7.48237703,278.92,12.48,0.04,241.39,1,-85.00,-5.00,26.00,10.00,45.00,4.00,12918811,430
134.01,1552022840,1609.88,51.43900532,7.48220144,278.33,12.79,0.31,241.06,1,-91.00,-5.00,19.00,15.00,39.00,4.00,12918811,430
135.01,1552022841,1622.68,51.43895335,7.48203628,277.72,12.57,-0.22,240.74,1,-91.00,-5.00,19.00,15.00,39.00,4.00,12918811,430
136.01,1552022842,1635.25,51.43890144,7.48188335,277.54,11.76,-0.81,241.12,1,-96.00,-6.00,15.00,15.00,35.00,4.00,12918811,430
137.01,1552022843,1647.01,51.43884413,7.48172285,277.84,12.69,0.93,241.51,1,-96.00,-6.00,15.00,15.00,35.00,4.00,12918811,430
138.01,1552022844,1659.71,51.43878645,7.48156064,278.10,12.91,0.23,240.84,1,-98.00,-7.00,9.00,10.00,31.00,4.00,12918811,430
139.01,1552022845,1672.61,51.43872621,7.48139315,278.72,13.20,0.29,240.63,1,-98.00,-7.00,9.00,10.00,31.00,4.00,12918811,430
140.01,1552022846,1685.83,51.43866977,7.48123066,279.58,12.99,-0.21,241.73,1,-100.00,-6.00,4.00,10.00,30.00,4.00,12918811,430
141.01,1552022847,1698.81,51.43860912,7.48105952,280.12,13.05,0.06,240.60,1,-100.00,-6.00,4.00,10.00,30.00,4.00,12918811,430
142.01,1552022848,1711.85,51.43854982,7.48089133,280.78,13.39,0.34,240.04,1,-104.00,-6.00,12.00,8.00,27.00,4.00,12918811,430
143.01,1552022849,1725.24,51.43848916,7.48072215,281.25,13.47,0.08,240.43,1,-104.00,-6.00,12.00,8.00,27.00,4.00,12918811,430
144.01,1552022850,1738.72,51.43842824,7.48055965,281.66,13.10,-0.37,241.08,1,-100.00,-7.00,22.00,10.00,28.00,4.00,12918811,430
145.01,1552022851,1751.82,51.43836858,7.48039602,282.10,12.68,-0.42,240.53,1,-100.00,-7.00,22.00,10.00,28.00,4.00,12918811,430
146.01,1552022852,1764.50,51.43830610,7.48022147,282.60,13.23,0.55,241.49,1,-103.00,-7.00,10.00,7.00,28.00,4.00,12918811,430
147.01,1552022853,1777.72,51.43825020,7.48005254,282.98,12.63,-0.59,241.85,1,-103.00,-7.00,10.00,7.00,28.00,4.00,12918811,430
148.01,1552022854,1790.40,51.43819939,7.47989107,282.87,11.96,-0.67,241.77,1,-108.00,-10.00,-3.00,7.00,26.00,4.00,12918811,430
149.01,1552022855,1802.33,51.43815047,7.47974353,283.04,11.50,-0.46,241.20,1,-108.00,-10.00,-3.00,7.00,26.00,4.00,12918811,430
150.02,1552022856,1813.93,51.43809860,7.47958969,283.16,12.20,0.69,241.98,1,-109.00,-11.00,0.00,6.00,26.00,4.00,12918811,430
151.01,1552022857,1826.02,51.43804348,7.47941644,282.80,12.47,0.27,241.09,1,-109.00,-11.00,0.00,6.00,26.00,4.00,12918811,430
152.01,1552022858,1838.51,51.43799200,7.47926341,282.58,12.55,0.07,240.70,1,-109.00,-11.00,0.00,6.00,26.00,4.00,12918811,430
153.01,1552022859,1851.04,51.43793738,7.47911487,282.21,12.69,0.15,240.01,1,-110.00,-14.00,-2.00,4.00,28.00,4.00,12918811,430
154.01,1552022860,1863.70,51.43788004,7.47895850,281.26,13.17,0.48,238.86,1,-110.00,-14.00,-2.00,4.00,28.00,4.00,12918811,430
155.01,1552022861,1876.94,51.43782006,7.47880333,280.71,13.25,0.08,239.52,1,-111.00,-12.00,-5.00,6.00,26.00,4.00,12918811,430
156.01,1552022862,1890.18,51.43776510,7.47865092,279.85,12.44,-0.81,240.68,1,-111.00,-12.00,-5.00,6.00,26.00,4.00,12918811,430
157.01,1552022863,1902.63,51.43771457,7.47849918,279.67,11.71,-0.74,242.02,1,-110.00,-11.00,-4.00,6.00,25.00,4.00,12918811,430
158.01,1552022864,1914.32,51.43765765,7.47833416,279.17,11.65,-0.06,243.01,1,-110.00,-11.00,-4.00,6.00,25.00,4.00,12918811,430
159.01,1552022865,1925.97,51.43759940,7.47815734,278.98,11.71,0.06,243.12,1,-110.00,-11.00,-1.00,6.00,26.00,4.00,12918811,430
160.01,1552022866,1937.68,51.43754469,7.47798378,279.30,12.10,0.39,243.35,1,-110.00,-11.00,-1.00,6.00,26.00,4.00,12918811,430
161.01,1552022867,1949.80,51.43749373,7.47781813,279.49,12.04,-0.06,242.93,1,-115.00,-13.00,-3.00,5.00,24.00,4.00,12918811,430
162.01,1552022868,1961.84,51.43744359,7.47766338,279.78,11.41,-0.63,243.94,1,-115.00,-13.00,-3.00,5.00,24.00,4.00,12918811,430
163.01,1552022869,1973.24,51.43739633,7.47750664,280.32,11.58,0.17,243.34,1,-115.00,-13.00,-5.00,5.00,24.00,4.00,12918811,430
164.01,1552022870,1984.83,51.43735115,7.47736505,280.88,11.09,-0.49,242.90,1,-115.00,-13.00,-5.00,5.00,24.00,4.00,12918811,430
165.01,1552022871,1995.91,51.43730075,7.47720368,281.31,12.40,1.31,243.70,1,-114.00,-14.00,-4.00,5.00,25.00,4.00,12918811,430
166.01,1552022872,2008.30,51.43724753,7.47701465,281.80,11.97,-0.43,245.62,1,-114.00,-14.00,-4.00,5.00,25.00,4.00,12918811,430
167.01,1552022873,2020.25,51.43720108,7.47684310,282.12,11.44,-0.53,248.13,1,-112.00,-11.00,-2.00,6.00,23.00,4.00,12918811,430
168.01,1552022874,2031.71,51.43716067,7.47667010,282.54,11.08,-0.35,250.99,1,-112.00,-11.00,-2.00,6.00,23.00,4.00,12918811,430
169.01,1552022875,2042.79,51.43715732,7.47650325,283.18,10.56,-0.53,267.38,1,-109.00,-9.00,3.00,7.00,25.00,4.00,12918811,430
170.01,1552022876,2053.35,51.43716034,7.47634203,283.69,10.44,-0.11,269.59,1,-109.00,-9.00,3.00,7.00,25.00,4.00,12918811,430
171.02,1552022877,2063.83,51.43719430,7.47622200,284.11,9.07,-1.36,289.13,1,-107.00,-7.00,10.00,8.00,25.00,4.00,12918811,430
172.01,1552022878,2072.84,51.43725668,7.47614624,284.47,8.59,-0.49,320.21,1,-107.00,-7.00,10.00,8.00,25.00,4.00,12918811,430
173.01,1552022879,2081.43,51.43734316,7.47611348,284.76,9.52,0.93,352.70,1,-107.00,-7.00,10.00,8.00,25.00,4.00,12918811,430
174.01,1552022880,2090.94,51.43742250,7.47610851,284.88,8.62,-0.90,356.20,1,-98.00,-5.00,20.00,11.00,34.00,4.00,12918811,430
175.01,1552022881,2099.56,51.43750360,7.47621162,284.90,9.73,1.11,42.41,1,-98.00,-5.00,20.00,11.00,34.00,4.00,12918811,430
176.01,1552022882,2109.29,51.43758279,7.47633458,284.87,10.79,1.06,45.34,1,-88.00,-6.00,24.00,15.00,44.00,4.00,12918811,430
177.01,1552022883,2120.09,51.43765786,7.47647088,284.75,11.84,1.05,47.76,1,-88.00,-6.00,24.00,15.00,44.00,4.00,12918811,430
178.01,1552022884,2131.93,51.43773498,7.47661664,284.44,11.22,-0.62,50.29,1,-89.00,-6.00,25.00,15.00,43.00,4.00,12918811,430
179.01,1552022885,2143.16,51.43782443,7.47678745,284.36,14.55,3.33,51.03,1,-89.00,-6.00,25.00,15.00,43.00,4.00,12918811,430
180.01,1552022886,2157.69,51.43791367,7.47697173,284.20,15.37,0.82,52.09,1,-91.00,-4.00,25.00,15.00,39.00,4.00,12918811,430
181.01,1552022887,2173.06,51.43800432,7.47716479,284.21,16.13,0.77,53.39,1,-91.00,-4.00,25.00,15.00,39.00,4.00,12918811,430
182.01,1552022888,2189.21,51.43809315,7.47736415,284.05,17.40,1.26,53.99,1,-87.00,-5.00,25.00,15.00,42.00,4.00,12918811,430
183.01,1552022889,2206.59,51.43818675,7.47757993,283.92,18.38,0.98,54.96,1,-87.00,-5.00,25.00,15.00,42.00,4.00,12918811,430
184.01,1552022890,2224.97,51.43828315,7.47780290,283.85,18.98,0.59,55.45,1,-83.00,-6.00,27.00,1.00,48.00,4.00,12918811,430
185.01,1552022891,2243.95,51.43837973,7.47803465,283.90,19.33,0.35,56.09,1,-83.00,-6.00,27.00,1.00,48.00,4.00,12918811,430
186.01,1552022892,2263.30,51.43848560,7.47829081,283.96,20.71,1.38,56.30,1,-86.00,-5.00,28.00,15.00,44.00,4.00,12918811,430
187.01,1552022893,2283.98,51.43858308,7.47853871,283.66,21.36,0.65,57.12,1,-86.00,-5.00,28.00,15.00,44.00,4.00,12918811,430
188.01,1552022894,2305.34,51.43868653,7.47879027,283.61,22.00,0.64,57.35,1,-91.00,-5.00,23.00,13.00,39.00,4.00,12918811,430
189.01,1552022895,2327.37,51.43879860,7.47905495,283.94,22.87,0.86,56.95,1,-91.00,-5.00,23.00,13.00,39.00,4.00,12918811,430
190.01,1552022896,2350.21,51.43891398,7.47933312,284.19,23.62,0.75,57.02,1,-94.00,-5.00,18.00,12.00,37.00,4.00,12918811,430
191.01,1552022897,2373.83,51.43903130,7.47962269,284.11,24.32,0.70,56.67,1,-94.00,-5.00,18.00,12.00,37.00,4.00,12918811,430
192.02,1552022898,2398.33,51.43915649,7.47990659,284.01,24.37,0.04,55.15,1,-95.00,-6.00,20.00,11.00,37.00,4.00,12918811,430
193.01,1552022899,2422.52,51.43927709,7.48017861,283.73,23.84,-0.53,54.32,1,-95.00,-6.00,20.00,11.00,37.00,4.00,12918811,430
194.01,1552022900,2446.38,51.43940208,7.48044884,283.16,23.17,-0.66,53.50,1,-95.00,-6.00,20.00,11.00,37.00,4.00,12918811,430
195.01,1552022901,2469.53,51.43952431,7.48071336,282.87,23.18,0.01,53.70,1,-94.00,-6.00,20.00,11.00,38.00,4.00,12918811,430
196.01,1552022902,2492.71,51.43964829,7.48098557,282.37,23.07,-0.11,52.99,1,-94.00,-6.00,20.00,11.00,38.00,4.00,12918811,430
197.01,1552022903,2515.79,51.43977689,7.48125275,282.02,23.34,0.26,51.70,1,-92.00,-6.00,22.00,13.00,39.00,4.00,12918811,430
198.01,1552022904,2539.12,51.43991033,7.48151953,282.12,23.58,0.25,51.09,1,-92.00,-6.00,22.00,13.00,39.00,4.00,12918811,430
199.01,1552022905,2562.70,51.44004361,7.48177559,282.01,22.96,-0.62,49.94,1,-89.00,-6.00,19.00,15.00,43.00,4.00,12918811,430
200.01,1552022906,2585.66,51.44019020,7.48201459,281.97,22.74,-0.23,45.40,1,-89.00,-6.00,19.00,15.00,43.00,4.00,12918811,430
201.01,1552022907,2608.42,51.44033628,7.48223827,282.07,22.42,-0.32,43.70,1,-88.00,-5.00,22.00,15.00,43.00,4.00,12918811,430
202.01,1552022908,2630.82,51.44048536,7.48245485,282.14,22.50,0.08,42.20,1,-88.00,-5.00,22.00,15.00,43.00,4.00,12918811,430
203.01,1552022909,2653.33,51.44063495,7.48267352,281.78,22.50,0.00,41.37,1,-87.00,-5.00,22.00,14.00,44.00,4.00,12918811,430
204.01,1552022910,2675.81,51.44079241,7.48288696,281.03,22.61,0.11,39.82,1,-87.00,-5.00,22.00,14.00,44.00,4.00,12918811,430
205.01,1552022911,2698.42,51.44094893,7.48309777,280.44,22.82,0.21,39.33,1,-83.00,-5.00,24.00,15.00,48.00,4.00,12918811,430
206.01,1552022912,2721.26,51.44110644,7.48330594,280.03,22.36,-0.46,39.18,1,-83.00,-5.00,24.00,15.00,48.00,4.00,12918811,430
207.01,1552022913,2743.59,51.44127411,7.48350680,279.54,23.18,0.83,36.57,1,-81.00,-6.00,37.00,15.00,49.00,4.00,12918811,430
208.01,1552022914,2766.77,51.44144980,7.48370830,278.85,23.90,0.72,35.26,1,-81.00,-6.00,37.00,15.00,49.00,4.00,12918811,430
209.01,1552022915,2790.69,51.44163807,7.48390101,278.17,24.09,0.20,32.57,1,-78.00,-6.00,28.00,15.00,53.00,4.00,12918811,430
210.01,1552022916,2814.76,51.44182791,7.48408233,277.35,24.73,0.63,29.92,1,-78.00,-6.00,28.00,15.00,53.00,4.00,12918811,430
211.01,1552022917,2839.51,51.44202080,7.48425738,276.30,24.80,0.08,28.58,1,-79.00,-5.00,27.00,15.00,51.00,4.00,12918811,430
212.01,1552022918,2864.32,51.44221900,7.48443366,275.29,25.09,0.28,27.89,1,-79.00,-5.00,27.00,15.00,51.00,4.00,12918811,430
213.02,1552022919,2889.55,51.44242065,7.48460001,274.34,25.39,0.30,26.67,1,-77.00,-6.00,16.00,15.00,54.00,4.00,12918811,430
214.01,1552022920,2914.77,51.44262258,7.48475809,273.69,25.05,-0.34,25.47,1,-77.00,-6.00,16.00,15.00,54.00,4.00,12918811,430
215.01,1552022921,2939.82,51.44282823,7.48490919,273.22,24.92,-0.13,24.08,1,-77.00,-6.00,16.00,15.00,54.00,4.00,12918811,430
216.01,1552022922,2964.79,51.44303518,7.48505997,272.76,24.88,-0.04,23.58,1,-75.00,-9.00,14.00,15.00,59.00,4.00,12918811,430
217.01,1552022923,2989.64,51.44324023,7.48520749,272.34,24.90,0.02,23.37,1,-75.00,-9.00,14.00,15.00,59.00,4.00,12918811,430
218.01,1552022924,3014.52,51.44344465,7.48534502,272.11,24.77,-0.13,22.99,1,-79.00,-8.00,9.00,6.00,55.00,2.00,12918809,429
219.01,1552022925,3039.32,51.44364129,7.48547877,271.61,24.00,-0.77,22.84,1,-79.00,-8.00,9.00,6.00,55.00,2.00,12918809,429
220.01,1552022926,3063.32,51.44382978,7.48560605,271.12,22.78,-1.21,22.14,1,-72.00,-6.00,20.00,15.00,59.00,2.00,12918809,429
221.01,1552022927,3086.10,51.44400192,7.48572131,270.53,20.64,-2.14,22.04,1,-72.00,-6.00,20.00,15.00,59.00,2.00,12918809,429
222.01,1552022928,3106.73,51.44416277,7.48582077,269.76,18.99,-1.65,21.63,1,-71.00,-6.00,24.00,15.00,60.00,2.00,12918809,429
223.01,1552022929,3125.72,51.44430846,7.48591763,268.69,18.01,-0.98,22.05,1,-71.00,-6.00,24.00,15.00,60.00,2.00,12918809,429
224.01,1552022930,3143.72,51.44443377,7.48601040,267.85,15.80,-2.20,24.48,1,-72.00,-5.00,22.00,15.00,59.00,2.00,12918809,429
225.01,1552022931,3159.53,51.44453271,7.48613493,266.71,14.15,-1.66,37.81,1,-72.00,-5.00,22.00,15.00,59.00,2.00,12918809,429
226.01,1552022932,3173.67,51.44462741,7.48626241,265.79,13.55,-0.59,41.18,1,-77.00,-5.00,32.00,15.00,53.00,2.00,12918809,429
227.01,1552022933,3187.24,51.44468594,7.48642863,264.55,13.33,-0.23,61.92,1,-77.00,-5.00,32.00,15.00,53.00,2.00,12918809,429
228.01,1552022934,3200.56,51.44472336,7.48661958,263.52,13.57,0.24,74.60,1,-73.00,-5.00,29.00,15.00,59.00,2.00,12918809,429
229.01,1552022935,3214.12,51.44473431,7.48681706,262.91,13.32,-0.25,87.60,1,-73.00,-5.00,29.00,15.00,59.00,2.00,12918809,429
230.01,1552022936,3227.44,51.44470618,7.48701365,262.52,13.75,0.43,105.72,1,-80.00,-6.00,31.00,15.00,51.00,2.00,12918809,429
231.01,1552022937,3241.19,51.44464650,7.48718069,262.02,13.80,0.05,121.55,1,-80.00,-6.00,31.00,15.00,51.00,2.00,12918809,429
232.01,1552022938,3254.99,51.44455500,7.48732472,261.22,14.43,0.64,136.97,1,-79.00,-5.00,28.00,15.00,52.00,2.00,12918809,429
233.01,1552022939,3269.42,51.44444459,7.48742979,260.95,14.08,-0.35,151.89,1,-79.00,-5.00,28.00,15.00,52.00,2.00,12918809,429
234.02,1552022940,3283.61,51.44432835,7.48748409,260.65,13.90,-0.18,166.73,1,-65.00,-5.00,33.00,15.00,63.00,2.00,12918809,429
235.01,1552022941,3297.41,51.44420182,7.48747907,260.36,14.12,0.22,183.79,1,-65.00,-5.00,33.00,15.00,63.00,2.00,12918809,429
236.01,1552022942,3311.53,51.44408262,7.48742968,259.97,14.44,0.31,196.36,1,-65.00,-5.00,33.00,15.00,63.00,2.00,12918809,429
237.01,1552022943,3325.97,51.44397434,7.48733123,259.47,14.67,0.23,211.53,1,-65.00,-5.00,31.00,15.00,63.00,2.00,12918809,429
238.01,1552022944,3340.64,51.44386899,7.48722048,259.06,14.90,0.22,215.61,1,-65.00,-5.00,31.00,15.00,63.00,2.00,12918809,429
239.01,1552022945,3355.54,51.44381277,7.48705899,258.67,14.95,0.05,244.63,1,-66.00,-6.00,34.00,15.00,63.00,2.00,12918809,429
240.01,1552022946,3370.48,51.44375578,7.48687662,258.48,14.73,-0.21,247.59,1,-66.00,-6.00,34.00,15.00,63.00,2.00,12918809,429
241.01,1552022947,3385.22,51.44374013,7.48664903,258.33,15.34,0.61,268.76,1,-74.00,-5.00,32.00,15.00,58.00,2.00,12918809,429
242.01,1552022948,3400.56,51.44373175,7.48642981,258.29,15.61,0.27,269.62,1,-74.00,-5.00,32.00,15.00,58.00,2.00,12918809,429
243.01,1552022949,3416.17,51.44372974,7.48619783,258.20,17.16,1.55,268.86,1,-78.00,-6.00,29.00,15.00,53.00,2.00,12918809,429
244.01,1552022950,3433.35,51.44372735,7.48594786,258.17,17.82,0.65,267.87,1,-78.00,-6.00,29.00,15.00,53.00,2.00,12918809,429
245.01,1552022951,3451.15,51.44372350,7.48568235,257.91,18.62,0.81,267.71,1,-78.00,-5.00,23.00,15.00,51.00,2.00,12918809,429
246.01,1552022952,3469.77,51.44372266,7.48543369,257.74,18.05,-0.57,270.15,1,-78.00,-5.00,23.00,15.00,51.00,2.00,12918809,429
247.01,1552022953,3487.82,51.44372358,7.48514701,257.43,19.48,1.43,271.39,1,-91.00,-7.00,22.00,15.00,40.00,2.00,12918809,429
248.01,1552022954,3507.32,51.44372234,7.48483384,257.17,21.25,1.77,270.07,1,-91.00,-7.00,22.00,15.00,40.00,2.00,12918809,429
249.01,1552022955,3528.55,51.44371938,7.48449706,257.57,23.51,2.26,269.04,1,-85.00,-6.00,15.00,15.00,47.00,2.00,12918809,429
250.01,1552022956,3552.07,51.44371986,7.48417971,257.48,23.10,-0.42,269.90,1,-85.00,-6.00,15.00,15.00,47.00,2.00,12918809,429
251.01,1552022957,3575.16,51.44371360,7.48381720,257.11,24.16,1.06,268.65,1,-73.00,-5.00,4.00,13.00,50.00,2.00,12918809,429
252.01,1552022958,3599.34,51.44371031,7.48346057,256.69,24.89,0.73,268.59,1,-73.00,-5.00,4.00,13.00,50.00,2.00,12918809,429
253.01,1552022959,3624.23,51.44370031,7.48308070,256.52,25.72,0.83,267.93,1,-79.00,-7.00,10.00,15.00,50.00,2.00,12918809,429
254.01,1552022960,3649.95,51.44368993,7.48270053,256.61,26.34,0.62,267.47,1,-79.00,-7.00,10.00,15.00,50.00,2.00,12918809,429
255.01,1552022961,3676.32,51.44367500,7.48231286,256.84,27.00,0.66,266.75,1,-90.00,-10.00,8.00,12.00,45.00,4.00,12918811,429
256.01,1552022962,3703.32,51.44366035,7.48192691,257.07,27.38,0.38,267.13,1,-90.00,-10.00,8.00,12.00,45.00,4.00,12918811,429
257.02,1552022963,3730.87,51.44364574,7.48152755,257.29,27.99,0.60,266.39,1,-92.00,-8.00,12.00,9.00,41.00,4.00,12918811,430
258.01,1552022964,3758.66,51.44362377,7.48111664,257.49,28.61,0.62,265.71,1,-92.00,-8.00,12.00,9.00,41.00,4.00,12918811,430
259.01,1552022965,3787.27,51.44360349,7.48070594,257.66,28.92,0.32,265.80,1,-92.00,-8.00,12.00,9.00,41.00,4.00,12918811,430
260.01,1552022966,3816.16,51.44357741,7.48028698,257.86,29.51,0.59,264.24,1,-91.00,-7.00,18.00,9.00,41.00,4.00,12918811,430
261.01,1552022967,3845.70,51.44354436,7.47985805,257.94,30.04,0.53,263.01,1,-91.00,-7.00,18.00,9.00,41.00,4.00,12918811,430
262.01,1552022968,3875.71,51.44351402,7.47943087,257.86,30.50,0.46,262.71,1,-89.00,-6.00,21.00,13.00,44.00,4.00,12918811,430
263.01,1552022969,3906.21,51.44347901,7.47897980,257.87,30.78,0.27,262.80,1,-89.00,-6.00,21.00,13.00,44.00,4.00,12918811,430
264.01,1552022970,3936.99,51.44344356,7.47853809,257.86,30.78,0.00,263.25,1,-84.00,-5.00,24.00,15.00,47.00,4.00,12918811,430
265.01,1552022971,3967.77,51.44340825,7.47810157,257.68,30.35,-0.43,262.74,1,-84.00,-5.00,24.00,15.00,47.00,4.00,12918811,430
266.01,1552022972,3998.12,51.44337522,7.47767772,257.32,29.84,-0.52,262.73,1,-84.00,-6.00,23.00,7.00,49.00,4.00,12918811,430
267.01,1552022973,4027.96,51.44334226,7.47725901,256.79,29.48,-0.36,262.38,1,-84.00,-6.00,23.00,7.00,49.00,4.00,12918811,430
268.01,1552022974,4057.43,51.44330985,7.47684777,256.16,28.76,-0.71,262.21,1,-88.00,-5.00,19.00,12.00,43.00,4.00,12918811,430
269.01,1552022975,4086.20,51.44327048,7.47643439,255.54,28.32,-0.44,261.68,1,-88.00,-5.00,19.00,12.00,43.00,4.00,12918811,430
270.01,1552022976,4114.54,51.44323029,7.47602313,254.99,28.43,0.11,261.15,1,-82.00,-6.00,25.00,15.00,47.00,4.00,12918811,430
271.01,1552022977,4142.95,51.44319158,7.47562073,254.50,28.23,-0.21,260.87,1,-82.00,-6.00,25.00,15.00,47.00,4.00,12918811,430
272.01,1552022978,4171.20,51.44314532,7.47522045,254.03,28.19,-0.04,260.19,1,-78.00,-5.00,25.00,15.00,50.00,4.00,12918811,430
273.01,1552022979,4199.39,51.44310066,7.47483015,253.42,28.14,-0.05,259.20,1,-78.00,-5.00,25.00,15.00,50.00,4.00,12918811,430
274.01,1552022980,4227.53,51.44305021,7.47443726,252.80,27.96,-0.18,258.66,1,-95.00,-6.00,10.00,14.00,36.00,4.00,12918811,430
275.01,1552022981,4255.47,51.44300007,7.47404734,252.03,27.98,0.02,258.46,1,-95.00,-6.00,10.00,14.00,36.00,4.00,12918811,430
276.01,1552022982,4283.51,51.44295005,7.47365026,251.27,28.03,0.05,258.60,1,-99.00,-7.00,3.00,8.00,32.00,4.00,12918811,430
277.01,1552022983,4311.51,51.44290016,7.47326178,250.34,27.84,-0.20,258.87,1,-99.00,-7.00,3.00,8.00,32.00,4.00,12918811,430
278.02,1552022984,4339.57,51.44285051,7.47286854,249.49,27.27,-0.56,259.43,1,-104.00,-7.00,6.00,12.00,24.00,4.00,12918811,430
279.01,1552022985,4366.65,51.44280328,7.47248468,248.67,27.00,-0.27,259.44,1,-104.00,-7.00,6.00,12.00,24.00,4.00,12918811,430
280.01,1552022986,4393.62,51.44275705,7.47210297,247.89,26.71,-0.29,259.44,1,-104.00,-7.00,6.00,12.00,24.00,4.00,12918811,430
281.01,1552022987,4420.35,51.44271164,7.47172849,247.05,26.49,-0.22,259.21,1,-101.00,-8.00,3.00,8.00,29.00,4.00,12918811,430
282.01,1552022988,4446.82,51.44266568,7.47135826,246.21,26.20,-0.29,258.87,1,-101.00,-8.00,3.00,8.00,29.00,4.00,12918811,430
283.01,1552022989,4473.02,51.44261819,7.47098535,245.46,26.08,-0.12,259.12,1,-110.00,-10.00,5.00,8.00,26.00,12.00,12935194,397
284.01,1552022990,4499.10,51.44257216,7.47062273,244.65,25.81,-0.27,258.74,1,-110.00,-10.00,5.00,8.00,26.00,12.00,12935194,397
285.01,1552022991,4524.99,51.44252524,7.47025986,243.90,25.63,-0.18,258.39,1,-111.00,-9.00,2.00,7.00,23.00,12.00,12935170,397
286.01,1552022992,4550.57,51.44248005,7.46990070,243.12,25.23,-0.40,258.18,1,-111.00,-9.00,2.00,7.00,23.00,12.00,12935170,397
287.01,1552022993,4575.80,51.44243340,7.46953803,242.61,25.44,0.20,258.46,1,-98.00,-10.00,7.00,7.00,37.00,12.00,12935170,448
288.01,1552022994,4601.24,51.44238714,7.46918030,241.87,25.64,0.20,257.87,1,-98.00,-10.00,7.00,7.00,37.00,12.00,12935170,448
289.01,1552022995,4626.78,51.44233999,7.46881817,241.02,25.95,0.31,258.50,1,-100.00,-8.00,7.00,6.00,34.00,12.00,12935170,448
290.01,1552022996,4652.81,51.44229309,7.46845164,239.94,26.33,0.38,258.49,1,-100.00,-8.00,7.00,6.00,34.00,12.00,12935170,448
291.01,1552022997,4679.14,51.44224599,7.46807338,238.94,26.73,0.39,258.66,1,-100.00,-8.00,-8.00,9.00,34.00,12.00,12935170,448
292.01,1552022998,4705.86,51.44219718,7.46768796,238.22,26.79,0.07,258.77,1,-100.00,-8.00,-8.00,9.00,34.00,12.00,12935170,448
293.01,1552022999,4732.63,51.44215016,7.46730523,237.51,27.12,0.33,258.21,1,-100.00,-10.00,16.00,4.00,35.00,12.00,12935170,448
294.01,1552023000,4759.75,51.44209731,7.46691922,236.82,27.66,0.55,257.36,1,-100.00,-10.00,16.00,4.00,35.00,12.00,12935170,448
295.01,1552023001,4787.44,51.44204056,7.46651604,236.42,28.23,0.56,258.09,1,-101.00,-10.00,14.00,7.00,35.00,12.00,12935170,448
296.01,1552023002,4815.67,51.44199091,7.46611624,235.95,28.79,0.56,258.65,1,-101.00,-10.00,14.00,7.00,35.00,12.00,12935170,448
297.01,1552023003,4844.49,51.44194585,7.46570828,235.41,29.07,0.28,259.74,1,-98.00,-11.00,6.00,7.00,38.00,12.00,12935170,448
298.01,1552023004,4873.55,51.44189937,7.46528366,234.98,29.91,0.84,260.28,1,-98.00,-11.00,6.00,7.00,38.00,12.00,12935170,448
299.01,1552023005,4903.49,51.44186057,7.46484786,234.51,30.37,0.46,261.82,1,-101.00,-13.00,13.00,6.00,37.00,12.00,12935170,448
300.01,1552023006,4933.86,51.44182106,7.46440688,234.03,31.01,0.64,261.95,1,-101.00,-13.00,13.00,6.00,37.00,12.00,12935170,448
301.02,1552023007,4965.24,51.44178189,7.46396086,233.54,31.19,0.18,262.30,1,-100.00,-16.00,0.00,4.00,39.00,12.00,12935170,448
302.01,1552023008,4996.09,51.44174787,7.46351620,232.92,31.18,-0.02,262.93,1,-100.00,-16.00,0.00,4.00,39.00,12.00,12935170,448
303.01,1552023009,5027.27,51.44171879,7.46307479,232.24,31.00,-0.18,263.93,1,-100.00,-16.00,0.00,4.00,39.00,12.00,12935170,448
304.01,1552023010,5058.23,51.44168928,7.46263689,231.54,30.87,-0.13,264.27,1,-100.00,-11.00,0.00,7.00,35.00,12.00,12935170,448
305.01,1552023011,5089.11,51.44166143,7.46220014,230.95,30.80,-0.07,264.55,1,-100.00,-11.00,0.00,7.00,35.00,12.00,12935170,448
306.01,1552023012,5119.88,51.44164030,7.46175338,230.46,30.87,0.06,265.58,1,-97.00,-13.00,-1.00,6.00,41.00,12.00,12935170,448
307.01,1552023013,5150.74,51.44162020,7.46131183,230.06,30.81,-0.06,266.14,1,-97.00,-13.00,-1.00,6.00,41.00,12.00,12935170,448
308.01,1552023014,5181.55,51.44160161,7.46087117,229.68,31.00,0.19,266.13,1,-97.00,-12.00,2.00,5.00,40.00,12.00,12935170,448
309.01,1552023015,5212.58,51.44158670,7.46042473,229.33,31.19,0.19,266.68,1,-97.00,-12.00,2.00,5.00,40.00,12.00,12935170,448
310.01,1552023016,5243.71,51.44157241,7.45997704,228.96,31.37,0.18,267.39,1,-92.00,-8.00,0.00,6.00,42.00,11.00,12935171,449
311.01,1552023017,5275.07,51.44156322,7.45952273,228.61,31.63,0.26,267.83,1,-92.00,-8.00,0.00,6.00,42.00,11.00,12935171,449
312.01,1552023018,5306.76,51.44155380,7.45906698,228.32,31.83,0.20,268.26,1,-89.00,-8.00,8.00,8.00,44.00,11.00,12935171,449
313.01,1552023019,5338.62,51.44154539,7.45861261,228.00,31.52,-0.31,268.76,1,-89.00,-8.00,8.00,8.00,44.00,11.00,12935171,449
314.01,1552023020,5370.08,51.44154169,7.45816139,227.73,31.26,-0.26,268.98,1,-91.00,-8.00,9.00,9.00,43.00,11.00,12935171,449
315.01,1552023021,5401.34,51.44153913,7.45772102,227.39,31.08,-0.18,269.34,1,-91.00,-8.00,9.00,9.00,43.00,11.00,12935171,449
316.01,1552023022,5432.39,51.44153751,7.45727160,227.06,31.24,0.16,269.82,1,-86.00,-6.00,2.00,6.00,48.00,14.00,14301697,54
317.01,1552023023,5463.63,51.44153996,7.45681966,226.77,31.41,0.17,270.00,1,-86.00,-6.00,2.00,6.00,48.00,14.00,14301697,54
318.01,1552023024,5495.00,51.44154183,7.45636952,226.44,31.20,-0.20,270.65,1,-84.00,-5.00,13.00,15.00,47.00,14.00,14301697,54
319.01,1552023025,5526.20,51.44154405,7.45592288,226.14,31.06,-0.14,270.96,1,-84.00,-5.00,13.00,15.00,47.00,14.00,14301697,54
320.01,1552023026,5557.29,51.44155196,7.45547639,225.84,31.11,0.05,271.28,1,-82.00,-5.00,12.00,12.00,51.00,14.00,14301697,54
321.01,1552023027,5588.40,51.44155987,7.45502602,225.50,31.19,0.08,271.79,1,-82.00,-5.00,12.00,12.00,51.00,14.00,14301697,54
322.02,1552023028,5619.81,51.44157552,7.45457539,225.21,31.45,0.26,272.86,1,-79.00,-5.00,19.00,13.00,54.00,14.00,14301697,54
323.01,1552023029,5651.04,51.44159638,7.45411993,224.87,31.64,0.19,273.93,1,-79.00,-5.00,19.00,13.00,54.00,14.00,14301697,54
324.01,1552023030,5682.67,51.44161633,7.45366426,224.64,31.64,0.00,274.18,1,-79.00,-5.00,19.00,13.00,54.00,14.00,14301697,54
325.01,1552023031,5714.31,51.44163564,7.45321801,224.51,31.00,-0.64,274.66,1,-77.00,-5.00,23.00,15.00,56.00,14.00,14301697,54
326.01,1552023032,5745.28,51.44166115,7.45278197,224.42,30.36,-0.64,275.38,1,-77.00,-5.00,23.00,15.00,56.00,14.00,14301697,54
327.01,1552023033,5775.67,51.44168780,7.45234884,224.48,30.24,-0.11,275.84,1,-76.00,-6.00,23.00,10.00,57.00,14.00,14301697,54
328.01,1552023034,5805.91,51.44171482,7.45191511,224.45,30.21,-0.03,276.15,1,-76.00,-6.00,23.00,10.00,57.00,14.00,14301697,54
329.01,1552023035,5836.09,51.44174232,7.45147889,224.36,30.27,0.06,276.37,1,-72.00,-7.00,27.00,15.00,62.00,14.00,14301697,54
330.01,1552023036,5866.36,51.44177672,7.45105418,224.19,29.77,-0.50,277.11,1,-72.00,-7.00,27.00,15.00,62.00,14.00,14301697,54
331.01,1552023037,5896.17,51.44181030,7.45062466,224.09,29.77,-0.00,277.73,1,-71.00,-6.00,28.00,15.00,61.00,14.00,14301697,54
332.00,1552023038,5925.79,51.44184474,7.45020334,223.94,29.87,0.10,277.54,1,-71.00,-6.00,28.00,15.00,61.00,14.00,14301697,54
333.01,1552023039,5955.82,51.44188000,7.44977546,223.74,30.05,0.17,277.88,1,-69.00,-5.00,25.00,15.00,63.00,14.00,14301697,54
334.01,1552023040,5985.83,51.44192094,7.44934567,223.62,30.09,0.04,278.61,1,-69.00,-5.00,25.00,15.00,63.00,14.00,14301697,54
335.01,1552023041,6015.95,51.44196194,7.44891486,223.52,30.15,0.07,278.86,1,-65.00,-6.00,32.00,15.00,63.00,14.00,14301697,54
336.01,1552023042,6046.07,51.44200348,7.44849112,223.39,30.18,0.03,278.87,1,-65.00,-6.00,32.00,15.00,63.00,14.00,14301697,54
337.01,1552023043,6076.25,51.44204987,7.44806939,223.20,29.41,-0.77,280.32,1,-66.00,-8.00,28.00,1.00,63.00,14.00,14301697,54
338.01,1552023044,6105.69,51.44209730,7.44766689,222.89,28.79,-0.62,280.83,1,-66.00,-8.00,28.00,1.00,63.00,14.00,14301697,54
339.01,1552023045,6134.48,51.44214524,7.44725781,222.74,28.57,-0.22,280.94,1,-66.00,-6.00,31.00,15.00,63.00,14.00,14301697,54
340.01,1552023046,6163.02,51.44219772,7.44685618,222.54,28.54,-0.03,281.58,1,-66.00,-6.00,31.00,15.00,63.00,14.00,14301697,54
341.01,1552023047,6191.56,51.44224922,7.44645413,222.36,28.49,-0.05,282.17,1,-60.00,-6.00,33.00,15.00,63.00,14.00,14301697,54
342.01,1552023048,6220.05,51.44230347,7.44605477,222.13,28.44,-0.04,282.44,1,-60.00,-6.00,33.00,15.00,63.00,14.00,14301697,54
343.02,1552023049,6248.72,51.44236190,7.44565380,221.94,28.40,-0.04,282.64,1,-61.00,-5.00,31.00,15.00,63.00,14.00,14301697,54
344.01,1552023050,6276.92,51.44241957,7.44525216,221.80,28.38,-0.02,283.00,1,-61.00,-5.00,31.00,15.00,63.00,14.00,14301697,54
345.01,1552023051,6305.30,51.44247655,7.44485246,221.66,28.61,0.23,283.30,1,-61.00,-5.00,31.00,15.00,63.00,14.00,14301697,54
346.01,1552023052,6333.88,51.44253975,7.44445433,221.31,28.88,0.26,283.75,1,-62.00,-5.00,31.00,15.00,63.00,14.00,14301697,54
347.01,1552023053,6362.79,51.44260402,7.44404891,220.89,29.26,0.39,284.49,1,-62.00,-5.00,31.00,15.00,63.00,14.00,14301697,54
348.01,1552023054,6392.05,51.44266815,7.44363435,220.39,29.63,0.36,284.68,1,-54.00,-7.00,31.00,15.00,63.00,14.00,14301697,54
349.01,1552023055,6421.68,51.44273676,7.44321909,219.86,29.76,0.14,284.96,1,-54.00,-7.00,31.00,15.00,63.00,14.00,14301697,54
350.01,1552023056,6451.44,51.44280780,7.44279975,219.32,30.10,0.34,285.43,1,-62.00,-6.00,25.00,15.00,63.00,14.00,14301697,54
351.01,1552023057,6481.51,51.44287987,7.44237404,218.70,30.55,0.45,285.87,1,-62.00,-6.00,25.00,15.00,63.00,14.00,14301697,54
352.01,1552023058,6512.09,51.44295717,7.44195604,218.10,30.56,0.01,286.21,1,-62.00,-5.00,29.00,15.00,63.00,14.00,14301697,54
353.01,1552023059,6542.62,51.44303423,7.44154262,217.47,29.95,-0.61,286.77,1,-62.00,-5.00,29.00,15.00,63.00,14.00,14301697,54
354.01,1552023060,6572.63,51.44311032,7.44113367,216.76,29.46,-0.49,287.15,1,-70.00,-10.00,14.00,11.00,63.00,14.00,14301697,54
355.01,1552023061,6602.06,51.44319140,7.44073332,216.03,29.31,-0.15,287.55,1,-70.00,-10.00,14.00,11.00,63.00,14.00,14301697,54
356.01,1552023062,6631.34,51.44327218,7.44033670,215.32,29.27,-0.04,287.91,1,-58.00,-7.00,19.00,15.00,63.00,1.00,14301699,56
357.01,1552023063,6660.61,51.44335279,7.43994147,214.67,29.13,-0.14,288.22,1,-58.00,-7.00,19.00,15.00,63.00,1.00,14301699,56
358.01,1552023064,6689.75,51.44343769,7.43955267,214.07,29.00,-0.13,288.81,1,-62.00,-5.00,28.00,15.00,63.00,1.00,14301699,56
359.01,1552023065,6718.75,51.44352266,7.43916428,213.51,28.91,-0.09,289.31,1,-62.00,-5.00,28.00,15.00,63.00,1.00,14301699,56
360.01,1552023066,6747.65,51.44361239,7.43877814,212.96,28.85,-0.05,290.05,1,-60.00,-5.00,36.00,15.00,63.00,1.00,14301699,56
361.01,1552023067,6776.51,51.44370289,7.43838595,212.37,29.10,0.25,290.04,1,-60.00,-5.00,36.00,15.00,63.00,1.00,14301699,56
362.01,1552023068,6805.64,51.44379488,7.43799068,211.78,29.41,0.31,290.15,1,-62.00,-5.00,35.00,15.00,63.00,1.00,14301699,56
363.01,1552023069,6835.05,51.44388837,7.43759329,211.22,29.64,0.22,290.38,1,-62.00,-5.00,35.00,15.00,63.00,1.00,14301699,56
364.02,1552023070,6864.93,51.44398594,7.43719807,210.62,29.79,0.15,291.40,1,-67.00,-5.00,24.00,15.00,62.00,1.00,14301699,56
365.01,1552023071,6894.45,51.44408416,7.43679773,209.96,30.09,0.31,291.78,1,-67.00,-5.00,24.00,15.00,62.00,1.00,14301699,56
366.01,1552023072,6924.54,51.44417809,7.43640677,209.58,30.37,0.28,291.97,1,-67.00,-5.00,24.00,15.00,62.00,1.00,14301699,56
367.01,1552023073,6954.91,51.44428523,7.43598678,208.60,31.02,0.65,292.41,1,-76.00,-5.00,27.00,15.00,55.00,1.00,14301699,56
368.01,1552023074,6985.93,51.44439494,7.43556159,207.63,31.50,0.48,293.31,1,-76.00,-5.00,27.00,15.00,55.00,1.00,14301699,56
369.01,1552023075,7017.44,51.44451161,7.43515025,206.74,31.73,0.22,294.33,1,-77.00,-6.00,18.00,15.00,54.00,1.00,14301699,56
370.01,1552023076,7049.19,51.44462919,7.43473601,205.76,31.76,0.03,294.69,1,-77.00,-6.00,18.00,15.00,54.00,1.00,14301699,56
371.01,1552023077,7080.95,51.44474981,7.43433075,204.91,31.53,-0.22,295.37,1,-80.00,-6.00,18.00,15.00,52.00,1.00,14301699,56
372.01,1552023078,7112.45,51.44487473,7.43393141,203.69,31.67,0.13,296.85,1,-80.00,-6.00,18.00,15.00,52.00,1.00,14301699,56
373.01,1552023079,7144.12,51.44500982,7.43352337,202.72,31.97,0.30,297.89,1,-78.00,-5.00,24.00,15.00,54.00,1.00,14301699,56
374.01,1552023080,7176.12,51.44514883,7.43312486,201.65,31.87,-0.10,298.98,1,-78.00,-5.00,24.00,15.00,54.00,1.00,14301699,56
375.01,1552023081,7207.99,51.44528416,7.43273066,200.48,31.61,-0.27,299.89,1,-84.00,-5.00,21.00,12.00,46.00,1.00,14301699,56
376.01,1552023082,7239.57,51.44543014,7.43234250,199.23,31.44,-0.17,301.09,1,-84.00,-5.00,21.00,12.00,46.00,1.00,14301699,56
377.01,1552023083,7271.01,51.44557911,7.43196756,197.98,31.07,-0.37,302.86,1,-85.00,-6.00,18.00,15.00,46.00,1.00,14301699,56
378.01,1552023084,7302.08,51.44573262,7.43159757,196.83,30.78,-0.29,304.06,1,-85.00,-6.00,18.00,15.00,46.00,1.00,14301699,56
379.01,1552023085,7332.86,51.44588830,7.43124212,195.59,30.29,-0.49,305.38,1,-84.00,-5.00,18.00,12.00,46.00,1.00,14301699,56
380.01,1552023086,7363.18,51.44604847,7.43089333,194.45,29.98,-0.31,306.73,1,-84.00,-5.00,18.00,12.00,46.00,1.00,14301699,56
381.01,1552023087,7393.13,51.44620891,7.43056019,193.06,29.71,-0.26,307.87,1,-83.00,-5.00,19.00,15.00,48.00,1.00,14301699,56
382.01,1552023088,7422.84,51.44637380,7.43023542,191.63,29.43,-0.28,309.44,1,-83.00,-5.00,19.00,15.00,48.00,1.00,14301699,56
383.01,1552023089,7452.30,51.44653941,7.42991120,190.31,29.44,0.00,310.44,1,-88.00,-6.00,22.00,8.00,44.00,1.00,14301699,56
384.01,1552023090,7481.74,51.44671273,7.42959588,189.14,29.42,-0.01,311.58,1,-88.00,-6.00,22.00,8.00,44.00,1.00,14301699,56
385.02,1552023091,7511.43,51.44690164,7.42927727,188.32,29.64,0.22,313.33,1,-94.00,-11.00,8.00,6.00,44.00,1.00,14301699,56
386.01,1552023092,7540.80,51.44708525,7.42897772,187.49,29.28,-0.36,314.55,1,-94.00,-11.00,8.00,6.00,44.00,1.00,14301699,56
387.01,1552023093,7570.08,51.44726936,7.42868681,186.61,29.00,-0.29,315.60,1,-94.00,-11.00,8.00,6.00,44.00,1.00,14301699,56
388.01,1552023094,7599.08,51.44745649,7.42839614,186.10,28.55,-0.44,315.47,1,-95.00,-7.00,10.00,8.00,36.00,1.00,14301699,56
389.01,1552023095,7627.63,51.44764243,7.42812144,185.49,28.39,-0.16,317.31,1,-95.00,-7.00,10.00,8.00,36.00,1.00,14301699,56
390.01,1552023096,7655.99,51.44782794,7.42784804,184.83,28.53,0.14,317.92,1,-96.00,-7.00,6.00,6.00,37.00,19.00,13806082,70
391.01,1552023097,7684.55,51.44802955,7.42758484,184.06,28.92,0.39,320.81,1,-96.00,-7.00,6.00,6.00,37.00,19.00,13806082,70
392.01,1552023098,7713.50,51.44822764,7.42732539,183.17,28.79,-0.13,320.87,1,-96.00,-7.00,13.00,9.00,36.00,19.00,13806082,70
393.01,1552023099,7742.29,51.44843326,7.42707257,182.40,28.85,0.06,322.33,1,-96.00,-7.00,13.00,9.00,36.00,19.00,13806082,70
394.01,1552023100,7771.08,51.44864202,7.42682600,181.65,29.11,0.26,323.80,1,-96.00,-6.00,22.00,9.00,35.00,19.00,13806082,70
395.01,1552023101,7800.19,51.44885816,7.42658366,180.83,29.53,0.42,325.27,1,-96.00,-6.00,22.00,9.00,35.00,19.00,13806082,70
396.01,1552023102,7829.73,51.44907566,7.42634244,179.72,29.70,0.17,325.63,1,-95.00,-6.00,21.00,9.00,37.00,19.00,13806082,70
397.01,1552023103,7859.43,51.44929772,7.42611207,178.42,30.03,0.33,327.23,1,-95.00,-6.00,21.00,9.00,37.00,19.00,13806082,70
398.01,1552023104,7889.46,51.44951956,7.42588987,176.86,30.20,0.16,328.30,1,-94.00,-6.00,24.00,8.00,38.00,19.00,13806082,70
399.01,1552023105,7919.66,51.44974821,7.42567183,175.23,29.97,-0.23,329.64,1,-94.00,-6.00,24.00,8.00,38.00,19.00,13806082,70
400.01,1552023106,7949.63,51.44997813,7.42546151,173.72,29.62,-0.35,330.65,1,-93.00,-6.00,21.00,9.00,39.00,19.00,13806082,70
401.01,1552023107,7979.29,51.45021717,7.42524994,172.64,29.66,0.04,331.58,1,-93.00,-6.00,21.00,9.00,39.00,19.00,13806082,70
402.01,1552023108,8008.92,51.45045888,7.42505177,171.35,30.15,0.49,332.96,1,-91.00,-6.00,21.00,7.00,41.00,19.00,13806082,70
403.01,1552023109,8039.10,51.45071887,7.42485819,170.04,30.66,0.51,334.99,1,-91.00,-6.00,21.00,7.00,41.00,19.00,13806082,70
404.01,1552023110,8069.81,51.45098029,7.42467487,168.73,31.42,0.76,336.23,1,-92.00,-8.00,6.00,6.00,42.00,19.00,13806082,70
405.01,1552023111,8101.26,51.45124140,7.42450914,167.37,31.65,0.23,338.46,1,-92.00,-8.00,6.00,6.00,42.00,19.00,13806082,70
406.02,1552023112,8133.04,51.45148678,7.42435265,166.18,29.18,-2.46,339.32,1,-80.00,-5.00,-5.00,6.00,51.00,38.00,12896771,376
407.01,1552023113,8161.99,51.45171879,7.42421462,165.20,28.04,-1.15,339.78,1,-80.00,-5.00,-5.00,6.00,51.00,38.00,12896771,376
408.01,1552023114,8190.02,51.45194705,7.42407733,164.32,27.40,-0.64,340.00,1,-80.00,-5.00,-5.00,6.00,51.00,38.00,12896771,376
409.01,1552023115,8217.53,51.45217653,7.42394926,163.58,27.39,-0.00,341.27,1,-89.00,-7.00,2.00,8.00,45.00,38.00,12896771,376
410.01,1552023116,8244.89,51.45240344,7.42382383,162.96,27.36,-0.03,342.08,1,-89.00,-7.00,2.00,8.00,45.00,38.00,12896771,376
411.01,1552023117,8272.18,51.45263203,7.42370840,162.48,27.14,-0.22,342.59,1,-83.00,-7.00,11.00,9.00,50.00,19.00,12897027,230
412.01,1552023118,8299.32,51.45285915,7.42359432,162.09,27.04,-0.10,342.94,1,-83.00,-7.00,11.00,9.00,50.00,19.00,12897027,230
413.01,1552023119,8326.39,51.45308688,7.42348258,161.67,27.18,0.13,343.43,1,-81.00,-7.00,16.00,14.00,51.00,19.00,12897027,230
414.01,1552023120,8353.57,51.45331559,7.42336930,161.15,26.94,-0.24,343.45,1,-81.00,-7.00,16.00,14.00,51.00,19.00,12897027,230
415.01,1552023121,8380.42,51.45354635,7.42326622,160.49,27.08,0.14,343.75,1,-85.00,-8.00,12.00,7.00,50.00,19.00,12897027,230
416.01,1552023122,8407.59,51.45378532,7.42316007,159.78,27.26,0.18,343.91,1,-85.00,-8.00,12.00,7.00,50.00,19.00,12897027,230
417.01,1552023123,8434.82,51.45402519,7.42305423,159.04,27.60,0.33,344.10,1,-74.00,-7.00,10.00,15.00,59.00,10.00,13806082,70
418.01,1552023124,8462.42,51.45425666,7.42295089,157.99,27.87,0.28,344.01,1,-74.00,-7.00,10.00,15.00,59.00,10.00,13806082,70
419.01,1552023125,8490.33,51.45449828,7.42284276,156.97,28.32,0.45,343.52,1,-72.00,-6.00,19.00,15.00,60.00,10.00,13806082,70
420.01,1552023126,8518.65,51.45474084,7.42273602,155.65,28.54,0.22,343.40,1,-72.00,-6.00,19.00,15.00,60.00,10.00,13806082,70
421.01,1552023127,8547.22,51.45498727,7.42262261,154.64,28.93,0.39,343.25,1,-71.00,-6.00,16.00,10.00,62.00,10.00,13806082,70
422.01,1552023128,8576.13,51.45523279,7.42250732,153.89,28.97,0.03,342.86,1,-71.00,-6.00,16.00,10.00,62.00,10.00,13806082,70
423.01,1552023129,8605.06,51.45547750,7.42238173,153.23,29.14,0.17,342.31,1,-75.00,-7.00,14.00,9.00,57.00,10.00,13806082,70
424.01,1552023130,8634.23,51.45572674,7.42225410,152.78,29.12,-0.02,342.06,1,-75.00,-7.00,14.00,9.00,57.00,10.00,13806082,70
425.01,1552023131,8663.35,51.45597552,7.42211720,152.50,29.20,0.08,341.12,1,-69.00,-6.00,18.00,12.00,61.00,10.00,13806082,70
426.01,1552023132,8692.55,51.45622536,7.42197241,152.44,29.36,0.16,340.07,1,-69.00,-6.00,18.00,12.00,61.00,10.00,13806082,70
427.02,1552023133,8722.12,51.45647650,7.42182492,152.48,29.59,0.23,339.66,1,-79.00,-8.00,10.00,4.00,55.00,10.00,13806082,70
428.01,1552023134,8751.47,51.45672612,7.42166790,152.47,30.01,0.42,338.76,1,-79.00,-8.00,10.00,4.00,55.00,10.00,13806082,70
429.01,1552023135,8781.47,51.45698877,7.42149866,152.90,30.27,0.27,337.72,1,-79.00,-8.00,10.00,4.00,55.00,10.00,13806082,70
430.01,1552023136,8811.77,51.45724929,7.42132230,153.53,30.59,0.32,336.72,1,-83.00,-9.00,7.00,6.00,52.00,10.00,13806082,70
431.01,1552023137,8842.36,51.45750497,7.42114552,154.13,30.90,0.31,335.73,1,-83.00,-9.00,7.00,6.00,52.00,10.00,13806082,70
432.01,1552023138,8873.26,51.45775283,7.42096437,154.14,31.10,0.21,335.08,1,-80.00,-7.00,7.00,5.00,53.00,10.00,13806082,70
433.01,1552023139,8904.36,51.45800315,7.42077281,153.67,31.47,0.37,333.87,1,-80.00,-7.00,7.00,5.00,53.00,10.00,13806082,70
434.01,1552023140,8935.90,51.45824235,7.42058466,152.78,31.63,0.16,333.02,1,-88.00,-14.00,7.00,4.00,52.00,10.00,13806082,70
435.01,1552023141,8967.57,51.45848990,7.42038253,152.00,31.99,0.36,332.66,1,-88.00,-14.00,7.00,4.00,52.00,10.00,13806082,70
436.01,1552023142,8999.53,51.45874512,7.42016386,151.30,32.29,0.30,331.42,1,-81.00,-9.00,5.00,7.00,54.00,10.00,13806082,70
437.01,1552023143,9031.85,51.45899754,7.41994399,150.74,32.36,0.07,330.68,1,-81.00,-9.00,5.00,7.00,54.00,10.00,13806082,70
438.01,1552023144,9064.14,51.45925088,7.41971015,150.26,32.41,0.05,329.98,1,-80.00,-11.00,1.00,7.00,56.00,10.00,13806082,70
439.01,1552023145,9096.59,51.45950620,7.41947622,149.77,32.61,0.20,329.09,1,-80.00,-11.00,1.00,7.00,56.00,10.00,13806082,70
440.01,1552023146,9129.13,51.45974948,7.41922898,149.31,32.69,0.08,328.20,1,-72.00,-6.00,2.00,6.00,60.00,7.00,13806081,69
441.01,1552023147,9161.82,51.45999005,7.41897226,149.01,32.58,-0.11,326.82,1,-72.00,-6.00,2.00,6.00,60.00,7.00,13806081,69
442.01,1552023148,9194.43,51.46024392,7.41870703,148.96,32.73,0.15,326.05,1,-83.00,-8.00,5.00,6.00,50.00,7.00,13806081,69
443.01,1552023149,9227.20,51.46048733,7.41843410,148.99,32.80,0.07,324.74,1,-83.00,-8.00,5.00,6.00,50.00,7.00,13806081,69
444.01,1552023150,9260.00,51.46072117,7.41816035,149.09,32.82,0.02,323.38,1,-83.00,-9.00,6.00,7.00,53.00,7.00,13806081,69
445.01,1552023151,9292.82,51.46095349,7.41788293,148.95,32.98,0.16,322.72,1,-83.00,-9.00,6.00,7.00,53.00,7.00,13806081,69
446.01,1552023152,9325.71,51.46118419,7.41759203,148.69,33.05,0.07,321.79,1,-72.00,-6.00,13.00,9.00,60.00,7.00,13806081,69
447.01,1552023153,9358.76,51.46141598,7.41729693,148.28,33.15,0.10,321.19,1,-72.00,-6.00,13.00,9.00,60.00,7.00,13806081,69
448.02,1552023154,9392.18,51.46164515,7.41698961,147.87,33.14,-0.01,320.16,1,-72.00,-9.00,22.00,15.00,62.00,7.00,13806081,69
449.01,1552023155,9425.09,51.46187539,7.41668033,147.44,33.32,0.18,319.72,1,-72.00,-9.00,22.00,15.00,62.00,7.00,13806081,69
450.01,1552023156,9458.41,51.46210077,7.41636333,146.98,33.41,0.10,318.92,1,-72.00,-9.00,22.00,15.00,62.00,7.00,13806081,69
451.01,1552023157,9491.79,51.46231687,7.41604032,146.58,33.32,-0.09,317.25,1,-72.00,-5.00,19.00,12.00,56.00,7.00,13806081,69
452.01,1552023158,9525.11,51.46253502,7.41571330,146.14,33.44,0.12,316.26,1,-72.00,-5.00,19.00,12.00,56.00,7.00,13806081,69
453.01,1552023159,9558.58,51.46274760,7.41537550,145.65,33.53,0.09,315.36,1,-73.00,-5.00,17.00,15.00,57.00,7.00,13806081,69
454.01,1552023160,9592.15,51.46295444,7.41503543,145.31,32.72,-0.82,314.36,1,-73.00,-5.00,17.00,15.00,57.00,7.00,13806081,69
455.01,1552023161,9624.87,51.46316140,7.41469568,145.11,32.69,-0.02,313.63,1,-77.00,-6.00,14.00,8.00,54.00,7.00,13806081,69
456.01,1552023162,9657.63,51.46336176,7.41434887,145.14,32.66,-0.03,312.80,1,-77.00,-6.00,14.00,8.00,54.00,7.00,13806081,69
457.01,1552023163,9690.19,51.46355785,7.41400012,145.30,32.60,-0.06,311.75,1,-81.00,-7.00,11.00,10.00,51.00,7.00,13806081,69
458.01,1552023164,9722.79,51.46375932,7.41364593,145.84,32.63,0.03,311.17,1,-81.00,-7.00,11.00,10.00,51.00,7.00,13806081,69
459.01,1552023165,9755.39,51.46394698,7.41329615,145.92,32.62,-0.01,310.51,1,-78.00,-6.00,11.00,6.00,52.00,7.00,13806081,69
460.01,1552023166,9788.04,51.46414670,7.41293035,146.52,32.74,0.12,310.21,1,-78.00,-6.00,11.00,6.00,52.00,7.00,13806081,69
461.01,1552023167,9820.76,51.46433793,7.41256808,147.21,32.69,-0.05,309.25,1,-88.00,-7.00,5.00,7.00,44.00,7.00,13806081,69
462.01,1552023168,9853.45,51.46452462,7.41220851,147.70,32.71,0.02,308.87,1,-88.00,-7.00,5.00,7.00,44.00,7.00,13806081,69
463.01,1552023169,9886.22,51.46471206,7.41184395,148.11,32.81,0.11,308.45,1,-87.00,-8.00,5.00,10.00,46.00,7.00,13806081,69
464.01,1552023170,9919.04,51.46490026,7.41147581,148.52,32.85,0.03,308.49,1,-87.00,-8.00,5.00,10.00,46.00,7.00,13806081,69
465.01,1552023171,9951.95,51.46508385,7.41110882,148.94,32.94,0.09,308.27,1,-93.00,-8.00,8.00,5.00,41.00,7.00,13806081,69
466.01,1552023172,9984.86,51.46526869,7.41073714,149.34,33.16,0.22,308.60,1,-93.00,-8.00,8.00,5.00,41.00,7.00,13806081,69
467.01,1552023173,10018.05,51.46545748,7.41036295,149.70,33.18,0.02,308.41,1,-97.00,-13.00,3.00,4.00,42.00,7.00,13806081,69
468.01,1552023174,10051.23,51.46564359,7.40999164,150.13,33.16,-0.02,308.32,1,-97.00,-13.00,3.00,4.00,42.00,7.00,13806081,69
469.02,1552023175,10084.62,51.46582369,7.40961429,150.53,33.14,-0.02,308.11,1,-90.00,-8.00,-4.00,6.00,43.00,30.00,13884419,386
470.01,1552023176,10117.50,51.46600651,7.40923564,151.02,33.25,0.11,308.24,1,-90.00,-8.00,-4.00,6.00,43.00,30.00,13884419,386
471.01,1552023177,10150.75,51.46618533,7.40886033,151.36,33.35,0.10,308.32,1,-90.00,-8.00,-4.00,6.00,43.00,30.00,13884419,386
472.01,1552023178,10184.14,51.46636729,7.40848429,151.63,33.35,0.00,308.65,1,-94.00,-12.00,2.00,8.00,43.00,30.00,13884419,386
473.01,1552023179,10217.48,51.46655455,7.40810425,151.92,33.38,0.04,308.70,1,-94.00,-12.00,2.00,8.00,43.00,30.00,13884419,386
474.01,1552023180,10250.87,51.46673806,7.40773037,152.17,33.42,0.04,308.83,1,-94.00,-11.00,-1.00,7.00,42.00,30.00,13884419,386
475.01,1552023181,10284.29,51.46693090,7.40735711,152.36,33.38,-0.05,309.18,1,-94.00,-11.00,-1.00,7.00,42.00,30.00,13884419,386
476.01,1552023182,10317.70,51.46712234,7.40698734,152.63,33.38,0.00,309.38,1,-90.00,-11.00,-1.00,6.00,46.00,30.00,13884419,386
477.01,1552023183,10351.05,51.46731438,7.40661738,152.90,33.40,0.02,309.68,1,-90.00,-11.00,-1.00,6.00,46.00,30.00,13884419,386
478.01,1552023184,10384.41,51.46750681,7.40624820,153.14,33.47,0.07,310.14,1,-90.00,-11.00,-1.00,5.00,47.00,30.00,13884419,386
479.01,1552023185,10417.91,51.46769889,7.40589007,153.31,32.79,-0.67,310.80,1,-90.00,-11.00,-1.00,5.00,47.00,30.00,13884419,386
480.01,1552023186,10450.67,51.46790128,7.40552624,153.72,31.96,-0.83,311.38,1,-93.00,-14.00,-5.00,4.00,47.00,30.00,13884419,386
481.01,1552023187,10482.64,51.46809188,7.40518158,154.18,31.22,-0.74,311.27,1,-93.00,-14.00,-5.00,4.00,47.00,30.00,13884419,386
482.01,1552023188,10513.86,51.46828745,7.40484584,154.62,31.29,0.07,312.30,1,-95.00,-13.00,-5.00,6.00,43.00,30.00,13884419,386
483.01,1552023189,10545.15,51.46847241,7.40452317,155.13,31.06,-0.23,313.22,1,-95.00,-13.00,-5.00,6.00,43.00,30.00,13884419,386
484.01,1552023190,10576.20,51.46866308,7.40421372,155.45,31.23,0.18,314.99,1,-96.00,-12.00,-4.00,5.00,41.00,30.00,13884419,386
485.01,1552023191,10607.47,51.46885972,7.40390036,155.74,30.55,-0.68,314.60,1,-96.00,-12.00,-4.00,5.00,41.00,30.00,13884419,386
486.01,1552023192,10637.99,51.46904105,7.40359401,155.62,29.55,-1.00,313.47,1,-97.00,-12.00,-4.00,6.00,40.00,30.00,13884419,386
487.01,1552023193,10667.57,51.46922187,7.40328798,155.52,29.45,-0.10,314.16,1,-97.00,-12.00,-4.00,6.00,40.00,30.00,13884419,386
488.01,1552023194,10696.99,51.46939637,7.40299149,155.55,28.46,-0.99,313.20,1,-101.00,-15.00,-4.00,4.00,40.00,30.00,13884419,386
489.01,1552023195,10725.45,51.46956947,7.40269733,155.64,27.95,-0.51,314.36,1,-101.00,-15.00,-4.00,4.00,40.00,30.00,13884419,386
490.02,1552023196,10753.60,51.46974174,7.40240606,155.83,27.31,-0.64,314.18,1,-96.00,-11.00,-3.00,6.00,39.00,30.00,13884419,386
491.01,1552023197,10780.72,51.46991304,7.40212840,155.92,26.61,-0.70,314.47,1,-96.00,-11.00,-3.00,6.00,39.00,30.00,13884419,386
492.01,1552023198,10807.35,51.47008931,7.40184715,156.41,26.10,-0.51,315.41,1,-96.00,-11.00,-3.00,6.00,39.00,30.00,13884419,386
493.01,1552023199,10833.43,51.47026359,7.40157856,157.11,25.40,-0.71,315.60,1,-95.00,-11.00,-1.00,6.00,41.00,30.00,13884419,386
494.01,1552023200,10858.85,51.47043006,7.40131904,157.95,25.33,-0.06,315.85,1,-95.00,-11.00,-1.00,6.00,41.00,30.00,13884419,386
495.01,1552023201,10884.16,51.47059420,7.40106249,158.82,25.29,-0.05,316.02,1,-99.00,-11.00,0.00,5.00,36.00,30.00,13884419,386
496.01,1552023202,10909.52,51.47075876,7.40080668,159.79,25.03,-0.26,316.26,1,-99.00,-11.00,0.00,5.00,36.00,30.00,13884419,386
497.01,1552023203,10934.50,51.47091846,7.40056703,160.38,24.48,-0.55,317.17,1,-106.00,-14.00,-3.00,4.00,33.00,30.00,13884419,386
498.01,1552023204,10959.00,51.47107891,7.40032994,161.02,23.94,-0.54,317.17,1,-106.00,-14.00,-3.00,4.00,33.00,30.00,13884419,386
499.01,1552023205,10982.94,51.47123233,7.40010062,161.44,23.58,-0.36,316.93,1,-100.00,-11.00,-1.00,8.00,36.00,40.00,13507073,57
500.01,1552023206,11006.50,51.47139132,7.39986690,162.19,23.41,-0.17,317.16,1,-100.00,-11.00,-1.00,8.00,36.00,40.00,13507073,57
501.01,1552023207,11029.89,51.47154054,7.39964497,162.66,22.69,-0.72,317.59,1,-99.00,-9.00,0.00,8.00,35.00,40.00,13507073,57
502.01,1552023208,11052.55,51.47168906,7.39942588,163.03,22.51,-0.17,318.16,1,-99.00,-9.00,0.00,8.00,35.00,40.00,13507073,57
503.01,1552023209,11075.07,51.47183971,7.39920711,163.50,22.46,-0.06,318.00,1,-105.00,-12.00,0.00,7.00,32.00,40.00,13507073,57
504.01,1552023210,11097.52,51.47199209,7.39899160,163.97,22.48,0.02,318.22,1,-105.00,-12.00,0.00,7.00,32.00,40.00,13507073,57
505.01,1552023211,11120.00,51.47214712,7.39877599,164.46,22.57,0.10,318.74,1,-104.00,-10.00,-3.00,6.00,32.00,56.00,14301699,56
506.01,1552023212,11142.60,51.47230013,7.39856024,164.94,22.76,0.19,318.77,1,-104.00,-10.00,-3.00,6.00,32.00,56.00,14301699,56
507.01,1552023213,11165.34,51.47245527,7.39834189,165.49,23.06,0.30,319.03,1,-105.00,-13.00,-3.00,6.00,34.00,56.00,14301699,56
508.01,1552023214,11188.42,51.47261439,7.39812635,166.08,23.32,0.26,319.32,1,-105.00,-13.00,-3.00,6.00,34.00,56.00,14301699,56
509.01,1552023215,11211.74,51.47277240,7.39791091,166.44,23.26,-0.06,319.83,1,-106.00,-15.00,-3.00,6.00,35.00,56.00,14301699,56
510.01,1552023216,11235.00,51.47292939,7.39769829,166.70,22.84,-0.42,319.85,1,-106.00,-15.00,-3.00,6.00,35.00,56.00,14301699,56
511.02,1552023217,11258.00,51.47308383,7.39748885,166.93,22.38,-0.46,319.94,1,-107.00,-13.00,-3.00,6.00,32.00,56.00,14301699,56
512.01,1552023218,11280.15,51.47324081,7.39728301,167.15,22.63,0.25,320.41,1,-107.00,-13.00,-3.00,6.00,32.00,56.00,14301699,56
513.01,1552023219,11302.83,51.47339909,7.39707513,167.44,22.69,0.07,320.63,1,-107.00,-13.00,-3.00,6.00,32.00,56.00,14301699,56
514.01,1552023220,11325.54,51.47355397,7.39687068,167.70,22.33,-0.36,321.31,1,-108.00,-14.00,-5.00,5.00,31.00,56.00,14301699,56
515.01,1552023221,11347.85,51.47370436,7.39667125,167.86,22.32,-0.02,321.23,1,-108.00,-14.00,-5.00,5.00,31.00,56.00,14301699,56
516.02,1552023222,11370.41,51.47385034,7.39647675,167.56,22.26,-0.06,321.22,1,-101.00,-11.00,-4.00,6.00,34.00,36.00,13565441,431
517.01,1552023223,11392.43,51.47401473,7.39627396,167.65,22.72,0.46,322.24,1,-101.00,-11.00,-4.00,6.00,34.00,36.00,13565441,431
518.01,1552023224,11415.17,51.47417914,7.39607179,168.09,22.36,-0.36,323.16,1,-104.00,-15.00,-5.00,5.00,36.00,36.00,13565441,431
519.01,1552023225,11437.52,51.47434309,7.39588167,168.75,21.75,-0.61,323.68,1,-104.00,-15.00,-5.00,5.00,36.00,36.00,13565441,431
520.01,1552023226,11459.25,51.47449886,7.39569320,169.50,21.66,-0.09,323.64,1,-104.00,-15.00,-5.00,5.00,37.00,36.00,13565441,431
521.01,1552023227,11480.93,51.47466173,7.39549725,170.34,21.86,0.20,323.78,1,-104.00,-15.00,-5.00,5.00,37.00,36.00,13565441,431
522.01,1552023228,11502.79,51.47482182,7.39530549,170.99,22.09,0.23,324.33,1,-102.00,-13.00,-2.00,7.00,35.00,36.00,13565441,431
523.01,1552023229,11524.89,51.47498193,7.39511613,171.58,22.43,0.34,324.59,1,-102.00,-13.00,-2.00,7.00,35.00,36.00,13565441,431
524.01,1552023230,11547.30,51.47515352,7.39494170,172.16,22.67,0.23,327.41,1,-100.00,-11.00,-1.00,7.00,36.00,36.00,13565441,431
525.01,1552023231,11569.98,51.47533091,7.39477486,172.64,22.64,-0.03,329.37,1,-100.00,-11.00,-1.00,7.00,36.00,36.00,13565441,431
526.01,1552023232,11592.57,51.47551097,7.39460714,173.11,22.97,0.34,329.04,1,-105.00,-14.00,-5.00,5.00,35.00,36.00,13565441,431
527.01,1552023233,11615.54,51.47569166,7.39444179,173.31,23.06,0.09,329.64,1,-105.00,-14.00,-5.00,5.00,35.00,36.00,13565441,431
528.01,1552023234,11638.61,51.47587177,7.39427441,173.43,23.32,0.26,330.05,1,-104.00,-15.00,-6.00,5.00,35.00,36.00,13565441,431
529.01,1552023235,11661.93,51.47606201,7.39411022,173.66,23.59,0.28,331.74,1,-104.00,-15.00,-6.00,5.00,35.00,36.00,13565441,431
530.01,1552023236,11685.52,51.47624777,7.39394793,173.76,23.03,-0.57,332.59,1,-105.00,-15.00,-8.00,4.00,36.00,36.00,13565441,431
531.01,1552023237,11708.57,51.47642713,7.39380692,173.58,22.12,-0.90,333.87,1,-105.00,-15.00,-8.00,4.00,36.00,36.00,13565441,431
532.02,1552023238,11730.85,51.47660974,7.39366457,173.44,22.28,0.15,334.06,1,-103.00,-14.00,-7.00,4.00,36.00,36.00,13565441,431
533.01,1552023239,11752.95,51.47679724,7.39352208,173.72,22.41,0.13,334.65,1,-103.00,-14.00,-7.00,4.00,36.00,36.00,13565441,431
534.01,1552023240,11775.36,51.47697509,7.39339390,173.82,22.23,-0.17,336.25,1,-103.00,-14.00,-7.00,4.00,36.00,36.00,13565441,431
535.01,1552023241,11797.61,51.47715894,7.39327037,174.20,21.56,-0.68,337.52,1,-103.00,-15.00,-6.00,4.00,37.00,36.00,13565441,431
536.01,1552023242,11819.17,51.47732986,7.39317627,174.59,20.24,-1.31,341.31,1,-103.00,-15.00,-6.00,4.00,37.00,36.00,13565441,431
537.01,1552023243,11839.39,51.47750060,7.39310354,175.06,19.02,-1.22,345.70,1,-101.00,-12.00,-8.00,6.00,37.00,36.00,13565441,431
538.01,1552023244,11858.41,51.47766805,7.39304976,175.64,18.64,-0.39,347.74,1,-101.00,-12.00,-8.00,6.00,37.00,36.00,13565441,431
539.01,1552023245,11877.05,51.47784391,7.39300914,176.11,18.84,0.20,351.11,1,-99.00,-12.00,-5.00,5.00,39.00,36.00,13565441,431
540.01,1552023246,11895.89,51.47802232,7.39303494,176.33,18.79,-0.04,5.03,1,-99.00,-12.00,-5.00,5.00,39.00,36.00,13565441,431
541.01,1552023247,11914.70,51.47818964,7.39307136,176.19,19.18,0.38,7.15,1,-103.00,-16.00,-6.00,3.00,40.00,36.00,13565441,431
542.01,1552023248,11933.86,51.47836395,7.39312761,175.86,19.36,0.18,11.04,1,-103.00,-16.00,-6.00,3.00,40.00,36.00,13565441,431
543.01,1552023249,11953.21,51.47852929,7.39325138,175.49,19.05,-0.30,26.54,1,-105.00,-18.00,-12.00,1.00,38.00,36.00,13565441,431
544.01,1552023250,11972.27,51.47868533,7.39338187,175.37,18.40,-0.66,28.63,1,-105.00,-18.00,-12.00,1.00,38.00,36.00,13565441,431
545.01,1552023251,11990.65,51.47881643,7.39351040,175.36,17.08,-1.32,30.18,1,-89.00,-10.00,12.00,2.00,50.00,11.00,13884163,392
546.01,1552023252,12007.72,51.47894608,7.39364196,175.50,16.44,-0.64,31.74,1,-89.00,-10.00,12.00,2.00,50.00,11.00,13884163,392
547.01,1552023253,12024.18,51.47905389,7.39374862,175.56,13.71,-2.72,29.39,1,-100.00,-6.00,11.00,2.00,32.00,11.00,13884187,449
548.01,1552023254,12037.92,51.47916762,7.39381032,175.74,12.45,-1.26,14.67,1,-100.00,-6.00,11.00,2.00,32.00,11.00,13884187,449
549.01,1552023255,12050.36,51.47929029,7.39381851,176.12,13.68,1.22,359.28,1,-93.00,-5.00,11.00,14.00,38.00,10.00,13884187,449
550.01,1552023256,12064.03,51.47940821,7.39381181,176.81,13.69,0.01,355.61,1,-93.00,-5.00,11.00,14.00,38.00,10.00,13884187,449
551.01,1552023257,12077.70,51.47951560,7.39375046,177.71,13.80,0.11,339.06,1,-92.00,-6.00,16.00,10.00,40.00,10.00,13884187,449
552.01,1552023258,12091.51,51.47963158,7.39367799,178.68,14.28,0.48,337.79,1,-92.00,-6.00,16.00,10.00,40.00,10.00,13884187,449
553.02,1552023259,12105.90,51.47974466,7.39359776,179.65,14.20,-0.08,336.66,1,-83.00,-5.00,19.00,15.00,46.00,10.00,13884187,449
554.01,1552023260,12120.00,51.47985151,7.39351673,180.20,13.75,-0.46,336.09,1,-83.00,-5.00,19.00,15.00,46.00,10.00,13884187,449
555.00,1552023261,12133.68,51.47995093,7.39344579,181.03,12.35,-1.41,337.86,1,-83.00,-5.00,19.00,15.00,46.00,10.00,13884187,449
556.01,1552023262,12146.09,51.48005261,7.39342108,182.13,10.83,-1.51,354.31,1,-86.00,-5.00,22.00,15.00,42.00,10.00,13884187,449
557.01,1552023263,12156.89,51.48015361,7.39344164,183.05,10.37,-0.46,13.16,1,-86.00,-5.00,22.00,15.00,42.00,10.00,13884187,449
558.01,1552023264,12167.28,51.48024147,7.39351670,183.76,11.13,0.76,31.29,1,-93.00,-6.00,18.00,11.00,38.00,10.00,13884187,449
559.01,1552023265,12178.41,51.48032835,7.39363845,184.29,12.49,1.36,47.93,1,-93.00,-6.00,18.00,11.00,38.00,10.00,13884187,449
560.01,1552023266,12190.90,51.48040208,7.39378119,184.54,13.62,1.13,50.51,1,-93.00,-6.00,8.00,10.00,37.00,10.00,13884187,449
561.01,1552023267,12204.52,51.48046322,7.39392905,184.78,13.95,0.33,53.21,1,-93.00,-6.00,8.00,10.00,37.00,10.00,13884187,449
562.01,1552023268,12218.48,51.48053984,7.39410624,184.73,15.04,1.09,54.28,1,-89.00,-6.00,24.00,13.00,42.00,10.00,13884187,449
563.01,1552023269,12233.52,51.48062230,7.39430130,184.36,15.97,0.93,55.01,1,-89.00,-6.00,24.00,13.00,42.00,10.00,13884187,449
564.01,1552023270,12249.47,51.48070371,7.39450724,184.24,16.83,0.87,55.96,1,-82.00,-6.00,25.00,15.00,49.00,10.00,13884187,449
565.01,1552023271,12266.32,51.48078734,7.39472369,184.34,17.44,0.61,56.78,1,-82.00,-6.00,25.00,15.00,49.00,10.00,13884187,449
566.01,1552023272,12283.75,51.48086699,7.39494172,184.74,17.69,0.24,57.57,1,-89.00,-6.00,13.00,11.00,43.00,10.00,13884187,449
567.01,1552023273,12301.43,51.48094644,7.39516428,185.12,17.77,0.08,58.19,1,-89.00,-6.00,13.00,11.00,43.00,10.00,13884187,449
568.01,1552023274,12319.22,51.48102013,7.39538400,185.44,17.57,-0.20,58.85,1,-95.00,-7.00,11.00,7.00,38.00,10.00,13884187,449
569.01,1552023275,12336.77,51.48109740,7.39560477,185.68,17.22,-0.35,59.40,1,-95.00,-7.00,11.00,7.00,38.00,10.00,13884187,449
570.01,1552023276,12354.00,51.48117126,7.39582455,185.87,16.80,-0.42,60.34,1,-90.00,-6.00,15.00,9.00,42.00,10.00,13884187,449
571.01,1552023277,12370.79,51.48124391,7.39603914,186.01,16.53,-0.27,60.12,1,-90.00,-6.00,15.00,9.00,42.00,10.00,13884187,449
572.01,1552023278,12387.35,51.48131728,7.39624353,186.59,16.22,-0.31,59.62,1,-91.00,-6.00,14.00,8.00,41.00,10.00,13884187,449
573.01,1552023279,12403.57,51.48138732,7.39644246,187.03,15.92,-0.30,59.63,1,-91.00,-6.00,14.00,8.00,41.00,10.00,13884187,449
574.02,1552023280,12419.59,51.48145622,7.39663392,187.19,15.57,-0.35,58.75,1,-97.00,-7.00,12.00,8.00,36.00,10.00,13884187,449
575.01,1552023281,12435.06,51.48152415,7.39682523,187.05,15.19,-0.38,58.25,1,-97.00,-7.00,12.00,8.00,36.00,10.00,13884187,449
576.01,1552023282,12450.24,51.48159263,7.39700578,186.94,14.85,-0.34,57.47,1,-97.00,-7.00,12.00,8.00,36.00,10.00,13884187,449
577.01,1552023283,12465.11,51.48166230,7.39718730,186.83,14.40,-0.44,56.64,1,-102.00,-9.00,4.00,6.00,32.00,10.00,13884187,449
578.01,1552023284,12479.52,51.48173091,7.39735550,186.72,13.94,-0.46,56.31,1,-102.00,-9.00,4.00,6.00,32.00,10.00,13884187,449
579.01,1552023285,12493.43,51.48179711,7.39751689,186.49,13.75,-0.19,55.59,1,-99.00,-8.00,8.00,9.00,34.00,10.00,13884187,449
580.01,1552023286,12507.18,51.48186673,7.39767439,186.26,13.47,-0.28,54.94,1,-99.00,-8.00,8.00,9.00,34.00,10.00,13884187,449
581.01,1552023287,12520.66,51.48193509,7.39782650,185.99,13.34,-0.13,53.95,1,-99.00,-7.00,8.00,9.00,34.00,10.00,13884187,449
582.01,1552023288,12534.00,51.48200416,7.39797350,185.62,13.19,-0.15,52.97,1,-99.00,-7.00,8.00,9.00,34.00,10.00,13884187,449
583.01,1552023289,12547.17,51.48208081,7.39812038,185.46,12.76,-0.43,51.70,1,-91.00,-7.00,13.00,10.00,42.00,10.00,13884187,449
584.01,1552023290,12559.94,51.48214648,7.39824436,185.19,11.26,-1.50,50.39,1,-91.00,-7.00,13.00,10.00,42.00,10.00,13884187,449
585.01,1552023291,12571.20,51.48220714,7.39835207,184.87,9.67,-1.59,48.48,1,-94.00,-8.00,7.00,9.00,40.00,10.00,13884187,449
586.01,1552023292,12580.87,51.48225992,7.39843390,184.94,7.67,-2.00,46.33,1,-94.00,-8.00,7.00,9.00,40.00,10.00,13884187,449
587.01,1552023293,12588.54,51.48230799,7.39850197,185.11,5.96,-1.70,44.55,1,-97.00,-9.00,5.00,9.00,37.00,10.00,13884187,449
588.01,1552023294,12594.50,51.48233366,7.39853893,185.14,3.67,-2.30,44.16,1,-97.00,-9.00,5.00,9.00,37.00,10.00,13884187,449
589.01,1552023295,12598.16,51.48235968,7.39856993,185.16,2.04,-1.63,42.57,1,-95.00,-8.00,7.00,9.00,37.00,10.00,13884187,449
590.01,1552023296,12600.20,51.48235983,7.39857005,185.19,0.28,-1.77,42.57,1,-95.00,-8.00,7.00,9.00,37.00,10.00,13884187,449
591.01,1552023297,12600.48,51.48235983,7.39857005,185.20,0.00,-0.28,42.57,1,-94.00,-9.00,5.00,9.00,37.00,10.00,13884187,449
592.01,1552023298,12600.48,51.48235983,7.39857005,185.19,0.00,0.00,42.57,1,-94.00,-9.00,5.00,9.00,37.00,10.00,13884187,449
593.01,1552023299,12600.48,51.48235983,7.39857005,185.19,0.00,0.00,42.57,1,-95.00,-8.00,7.00,9.00,37.00,10.00,13884187,449
594.01,1552023300,12600.48,51.48235983,7.39857005,185.19,0.00,0.00,42.57,1,-95.00,-8.00,7.00,9.00,37.00,10.00,13884187,449
595.02,1552023301,12600.48,51.48235983,7.39857005,185.18,0.00,0.00,42.57,1,-94.00,-8.00,5.00,9.00,37.00,10.00,13884187,449
596.01,1552023302,12600.48,51.48235983,7.39857005,185.17,0.00,0.00,42.57,1,-94.00,-8.00,5.00,9.00,37.00,10.00,13884187,449
597.01,1552023303,12600.48,51.48235983,7.39857005,185.16,0.00,0.00,42.57,1,-94.00,-8.00,5.00,9.00,37.00,10.00,13884187,449
598.01,1552023304,12600.48,51.48235983,7.39857005,185.16,0.00,0.00,42.57,1,-95.00,-9.00,3.00,8.00,38.00,10.00,13884187,449
599.01,1552023305,12600.48,51.48235983,7.39857005,185.16,0.00,0.00,42.57,1,-95.00,-9.00,3.00,8.00,38.00,10.00,13884187,449
600.01,1552023306,12600.48,51.48235983,7.39857005,185.17,0.00,0.00,42.57,1,-94.00,-7.00,6.00,12.00,38.00,10.00,13884187,449
601.01,1552023307,12600.48,51.48235983,7.39857005,185.17,0.00,0.00,42.57,1,-94.00,-7.00,6.00,12.00,38.00,10.00,13884187,449
602.01,1552023308,12600.48,51.48235983,7.39857005,185.18,0.00,0.00,42.57,1,-94.00,-8.00,6.00,8.00,37.00,10.00,13884187,449
603.01,1552023309,12600.48,51.48235983,7.39857005,185.18,0.00,0.00,42.57,1,-94.00,-8.00,6.00,8.00,37.00,10.00,13884187,449
604.01,1552023310,12600.48,51.48235983,7.39857005,185.19,0.00,0.00,42.57,1,-96.00,-8.00,4.00,12.00,35.00,10.00,13884187,449
605.01,1552023311,12600.48,51.48235983,7.39857005,185.19,0.00,0.00,42.57,1,-96.00,-8.00,4.00,12.00,35.00,10.00,13884187,449
606.01,1552023312,12600.48,51.48235983,7.39857005,185.19,0.00,0.00,42.57,1,-96.00,-8.00,2.00,11.00,36.00,10.00,13884187,449
607.01,1552023313,12600.48,51.48235983,7.39857005,185.20,0.00,0.00,42.57,1,-96.00,-8.00,2.00,11.00,36.00,10.00,13884187,449
608.01,1552023314,12600.48,51.48235983,7.39857005,185.20,0.00,0.00,42.57,1,-97.00,-9.00,4.00,10.00,37.00,10.00,13884187,449
609.01,1552023315,12600.48,51.48235983,7.39857005,185.21,0.00,0.00,42.57,1,-97.00,-9.00,4.00,10.00,37.00,10.00,13884187,449
610.01,1552023316,12600.48,51.48235983,7.39857005,185.22,0.00,0.00,42.57,1,-94.00,-7.00,8.00,9.00,38.00,10.00,13884187,449
611.01,1552023317,12600.48,51.48235983,7.39857005,185.23,0.00,0.00,42.57,1,-94.00,-7.00,8.00,9.00,38.00,10.00,13884187,449
612.01,1552023318,12600.48,51.48235983,7.39857005,185.24,0.00,0.00,42.57,1,-95.00,-8.00,6.00,12.00,37.00,10.00,13884187,449
613.01,1552023319,12600.48,51.48235983,7.39857005,185.25,0.00,0.00,42.57,1,-95.00,-8.00,6.00,12.00,37.00,10.00,13884187,449
614.01,1552023320,12600.48,51.48235983,7.39857005,185.32,0.00,0.00,59.19,1,-100.00,-10.00,4.00,7.00,35.00,10.00,13884187,449
615.01,1552023321,12600.48,51.48240794,7.39864460,185.92,0.00,0.00,41.45,1,-100.00,-10.00,4.00,7.00,35.00,10.00,13884187,449
616.02,1552023322,12600.48,51.48245463,7.39870441,186.36,7.93,0.00,40.42,1,-99.00,-10.00,5.00,6.00,36.00,10.00,13884187,449
617.01,1552023323,12608.35,51.48252122,7.39879022,186.95,9.03,1.11,39.75,1,-99.00,-10.00,5.00,6.00,36.00,10.00,13884187,449
618.01,1552023324,12617.37,51.48259079,7.39887176,187.31,10.22,1.19,38.64,1,-99.00,-10.00,5.00,6.00,36.00,10.00,13884187,449
619.01,1552023325,12627.59,51.48267036,7.39896375,187.42,10.95,0.73,37.31,1,-99.00,-12.00,-1.00,5.00,38.00,10.00,13884187,449
620.01,1552023326,12638.54,51.48275680,7.39905491,187.51,11.23,0.28,36.14,1,-99.00,-12.00,-1.00,5.00,38.00,10.00,13884187,449
621.01,1552023327,12649.78,51.48285584,7.39915546,187.62,11.95,0.72,35.44,1,-96.00,-10.00,-1.00,9.00,39.00,10.00,13884187,449
622.01,1552023328,12661.74,51.48295726,7.39925530,187.95,12.29,0.34,34.76,1,-96.00,-10.00,-1.00,9.00,39.00,10.00,13884187,449
623.01,1552023329,12674.01,51.48305312,7.39935516,188.16,13.48,1.20,34.40,1,-95.00,-13.00,-1.00,5.00,42.00,10.00,13884187,449
624.01,1552023330,12687.49,51.48315848,7.39945890,188.35,13.69,0.21,33.73,1,-95.00,-13.00,-1.00,5.00,42.00,10.00,13884187,449
625.01,1552023331,12701.15,51.48326473,7.39956556,188.44,13.75,0.06,34.34,1,-87.00,-7.00,2.00,6.00,46.00,5.00,13884186,448
626.01,1552023332,12714.92,51.48337103,7.39967772,188.45,14.12,0.37,34.74,1,-87.00,-7.00,2.00,6.00,46.00,5.00,13884186,448
627.01,1552023333,12729.03,51.48348038,7.39979362,188.38,14.39,0.27,35.28,1,-95.00,-9.00,7.00,7.00,36.00,5.00,13884186,448
628.01,1552023334,12743.42,51.48358462,7.39991182,187.73,14.68,0.30,35.96,1,-95.00,-9.00,7.00,7.00,36.00,5.00,13884186,448
629.01,1552023335,12758.09,51.48368564,7.40002772,187.01,14.63,-0.05,36.40,1,-94.00,-7.00,7.00,8.00,39.00,5.00,13884186,448
630.01,1552023336,12772.74,51.48379030,7.40014843,186.14,14.93,0.30,36.71,1,-94.00,-7.00,7.00,8.00,39.00,5.00,13884186,448
631.01,1552023337,12787.68,51.48389830,7.40027384,185.25,15.14,0.21,36.81,1,-87.00,-6.00,19.00,13.00,44.00,5.00,13884186,448
632.01,1552023338,12802.79,51.48400510,7.40040530,184.50,15.01,-0.13,37.69,1,-87.00,-6.00,19.00,13.00,44.00,5.00,13884186,448
633.01,1552023339,12817.82,51.48411147,7.40053786,183.89,15.04,0.03,38.06,1,-96.00,-8.00,4.00,10.00,36.00,5.00,13884186,448
634.01,1552023340,12832.87,51.48422462,7.40068362,183.58,14.94,-0.10,38.97,1,-96.00,-8.00,4.00,10.00,36.00,5.00,13884186,448
635.01,1552023341,12847.79,51.48434033,7.40083094,183.78,15.03,0.09,39.66,1,-94.00,-7.00,11.00,6.00,38.00,5.00,13884186,448
636.01,1552023342,12862.82,51.48444254,7.40096993,184.05,15.13,0.10,40.30,1,-94.00,-7.00,11.00,6.00,38.00,5.00,13884186,448
637.02,1552023343,12878.05,51.48454981,7.40111555,184.38,15.05,-0.08,40.76,1,-93.00,-7.00,8.00,12.00,39.00,5.00,13884186,448
638.01,1552023344,12892.98,51.48465482,7.40125765,184.78,14.73,-0.32,41.16,1,-93.00,-7.00,8.00,12.00,39.00,5.00,13884186,448
639.01,1552023345,12907.72,51.48475712,7.40140332,185.09,14.60,-0.13,41.53,1,-93.00,-7.00,8.00,12.00,39.00,5.00,13884186,448
640.01,1552023346,12922.32,51.48485840,7.40154651,185.47,14.45,-0.14,41.57,1,-93.00,-6.00,9.00,7.00,37.00,5.00,13884186,448
641.01,1552023347,12936.77,51.48495943,7.40168765,185.89,14.55,0.10,41.53,1,-93.00,-6.00,9.00,7.00,37.00,5.00,13884186,448
642.01,1552023348,12951.32,51.48505629,7.40182627,186.08,14.46,-0.09,42.26,1,-95.00,-9.00,10.00,5.00,40.00,5.00,13884186,448
643.01,1552023349,12965.78,51.48514085,7.40195937,185.98,14.16,-0.30,43.11,1,-95.00,-9.00,10.00,5.00,40.00,5.00,13884186,448
644.01,1552023350,12979.92,51.48523054,7.40210141,185.99,13.94,-0.22,44.42,1,-87.00,-6.00,14.00,10.00,43.00,5.00,13884186,448
645.01,1552023351,12993.88,51.48531837,7.40224562,185.85,13.19,-0.75,45.49,1,-87.00,-6.00,14.00,10.00,43.00,5.00,13884186,448
646.01,1552023352,13007.05,51.48539454,7.40237780,185.64,12.07,-1.12,46.58,1,-89.00,-6.00,11.00,10.00,42.00,5.00,13884186,448
647.01,1552023353,13019.13,51.48546114,7.40249760,185.20,10.98,-1.10,47.50,1,-89.00,-6.00,11.00,10.00,42.00,5.00,13884186,448
648.01,1552023354,13030.11,51.48552059,7.40260898,184.70,9.33,-1.65,48.48,1,-93.00,-7.00,10.00,7.00,39.00,5.00,13884186,448
649.01,1552023355,13039.44,51.48557040,7.40270408,184.11,7.31,-2.01,49.20,1,-93.00,-7.00,10.00,7.00,39.00,5.00,13884186,448
650.01,1552023356,13046.76,51.48561465,7.40276112,183.60,6.80,-0.51,34.26,1,-91.00,-7.00,8.00,8.00,41.00,5.00,13884186,448
651.01,1552023357,13053.55,51.48567600,7.40276948,183.25,7.75,0.95,0.24,1,-91.00,-7.00,8.00,8.00,41.00,5.00,13884186,448
652.01,1552023358,13061.31,51.48572212,7.40274697,182.68,7.88,0.13,341.94,1,-90.00,-7.00,12.00,8.00,42.00,5.00,13884186,448
653.01,1552023359,13069.18,51.48576585,7.40269594,182.36,8.43,0.55,326.26,1,-90.00,-7.00,12.00,8.00,42.00,5.00,13884186,448
654.01,1552023360,13077.62,51.48582356,7.40262652,182.29,9.35,0.92,324.26,1,-88.00,-6.00,13.00,11.00,41.00,5.00,13884186,448
655.01,1552023361,13086.97,51.48589757,7.40253585,182.55,10.61,1.25,323.57,1,-88.00,-6.00,13.00,11.00,41.00,5.00,13884186,448
656.01,1552023362,13097.59,51.48596717,7.40244762,182.73,11.43,0.83,324.97,1,-93.00,-6.00,7.00,6.00,39.00,5.00,13884186,448
657.01,1552023363,13109.00,51.48605148,7.40235094,183.01,12.31,0.87,325.92,1,-93.00,-6.00,7.00,6.00,39.00,5.00,13884186,448
658.02,1552023364,13121.44,51.48614886,7.40225131,183.46,11.91,-0.39,327.25,1,-94.00,-7.00,2.00,7.00,37.00,5.00,13884186,448
659.01,1552023365,13133.26,51.48624863,7.40215591,183.69,12.15,0.24,328.36,1,-94.00,-7.00,2.00,7.00,37.00,5.00,13884186,448
660.01,1552023366,13145.41,51.48635216,7.40206968,183.81,12.66,0.51,330.58,1,-94.00,-7.00,2.00,7.00,37.00,5.00,13884186,448
661.01,1552023367,13158.05,51.48645797,7.40198958,183.87,12.71,0.05,333.25,1,-90.00,-7.00,1.00,10.00,39.00,5.00,13884186,448
662.01,1552023368,13170.77,51.48656599,7.40191697,184.04,12.83,0.12,335.55,1,-90.00,-7.00,1.00,10.00,39.00,5.00,13884186,448
663.01,1552023369,13183.63,51.48667891,7.40184604,184.49,13.01,0.18,337.79,1,-92.00,-6.00,-5.00,8.00,40.00,5.00,13884186,448
664.01,1552023370,13196.63,51.48678748,7.40178943,184.94,13.10,0.09,340.55,1,-92.00,-6.00,-5.00,8.00,40.00,5.00,13884186,448
665.01,1552023371,13209.74,51.48689511,7.40174409,185.22,13.04,-0.06,343.21,1,-99.00,-11.00,-3.00,7.00,40.00,5.00,13884186,448
666.01,1552023372,13222.78,51.48700784,7.40170692,185.43,13.12,0.07,345.81,1,-99.00,-11.00,-3.00,7.00,40.00,5.00,13884186,448
667.01,1552023373,13235.88,51.48711856,7.40168101,185.32,13.29,0.17,348.04,1,-93.00,-8.00,-4.00,6.00,40.00,16.00,12895513,313
668.01,1552023374,13249.16,51.48723793,7.40166238,185.21,13.57,0.29,350.53,1,-93.00,-8.00,-4.00,6.00,40.00,16.00,12895513,313
669.01,1552023375,13262.73,51.48735984,7.40165391,184.85,13.65,0.08,352.98,1,-90.00,-9.00,-2.00,8.00,44.00,16.00,12895513,313
670.01,1552023376,13276.39,51.48749132,7.40165080,184.52,13.72,0.06,355.11,1,-90.00,-9.00,-2.00,8.00,44.00,16.00,12895513,313
671.01,1552023377,13290.12,51.48761914,7.40165252,184.25,13.53,-0.18,356.44,1,-86.00,-7.00,6.00,11.00,46.00,16.00,12895513,313
672.01,1552023378,13303.65,51.48775217,7.40165166,184.27,13.42,-0.11,357.38,1,-86.00,-7.00,6.00,11.00,46.00,16.00,12895513,313
673.01,1552023379,13317.06,51.48787928,7.40165855,184.21,13.62,0.20,358.45,1,-87.00,-9.00,10.00,11.00,48.00,16.00,12895513,313
674.01,1552023380,13330.69,51.48800536,7.40166518,184.04,13.57,-0.05,358.98,1,-87.00,-9.00,10.00,11.00,48.00,16.00,12895513,313
675.01,1552023381,13344.21,51.48813125,7.40167123,183.90,13.56,-0.02,359.44,1,-85.00,-7.00,2.00,6.00,48.00,4.00,13828123,451
676.01,1552023382,13357.80,51.48825466,7.40168263,183.65,13.43,-0.13,0.38,1,-85.00,-7.00,2.00,6.00,48.00,4.00,13828123,451
677.01,1552023383,13371.23,51.48837585,7.40169261,183.17,13.46,0.03,0.34,1,-83.00,-6.00,16.00,11.00,49.00,4.00,13828123,451
678.01,1552023384,13384.69,51.48849325,7.40169981,182.64,13.42,-0.04,359.90,1,-83.00,-6.00,16.00,11.00,49.00,4.00,13828123,451
679.02,1552023385,13398.21,51.48860959,7.40170461,182.05,13.13,-0.29,359.49,1,-87.00,-7.00,16.00,10.00,45.00,4.00,13828123,451
680.01,1552023386,13411.23,51.48872981,7.40170877,181.33,13.31,0.18,359.97,1,-87.00,-7.00,16.00,10.00,45.00,4.00,13828123,451
681.01,1552023387,13424.55,51.48884597,7.40171227,180.60,13.09,-0.22,0.12,1,-87.00,-7.00,16.00,10.00,45.00,4.00,13828123,451
682.01,1552023388,13437.64,51.48895837,7.40171424,179.96,12.67,-0.42,0.36,1,-87.00,-7.00,13.00,10.00,45.00,4.00,13828123,451
683.01,1552023389,13450.32,51.48906450,7.40171762,179.47,11.55,-1.13,0.90,1,-87.00,-7.00,13.00,10.00,45.00,4.00,13828123,451
684.01,1552023390,13461.86,51.48915735,7.40172497,179.05,9.48,-2.07,1.83,1,-85.00,-8.00,3.00,7.00,48.00,4.00,13828123,451
685.01,1552023391,13471.35,51.48923801,7.40173197,178.55,7.89,-1.58,1.26,1,-85.00,-8.00,3.00,7.00,48.00,4.00,13828123,451
686.01,1552023392,13479.25,51.48930069,7.40173866,178.12,6.32,-1.58,3.36,1,-85.00,-10.00,4.00,12.00,51.00,4.00,13828123,451
687.01,1552023393,13485.55,51.48935483,7.40179577,177.42,5.94,-0.38,36.52,1,-85.00,-10.00,4.00,12.00,51.00,4.00,13828123,451
688.01,1552023394,13491.50,51.48939599,7.40189065,176.40,7.01,1.07,60.42,1,-88.00,-12.00,-9.00,8.00,48.00,4.00,13828123,451
689.01,1552023395,13498.50,51.48941064,7.40199862,175.47,8.03,1.03,82.71,1,-88.00,-12.00,-9.00,8.00,48.00,4.00,13828123,451
690.01,1552023396,13506.54,51.48940536,7.40211274,174.81,8.86,0.82,96.47,1,-85.00,-10.00,3.00,7.00,52.00,4.00,13828123,451
691.01,1552023397,13515.39,51.48939974,7.40225468,174.41,10.21,1.35,94.44,1,-85.00,-10.00,3.00,7.00,52.00,4.00,13828123,451
692.01,1552023398,13525.59,51.48939334,7.40240823,174.01,11.17,0.96,93.58,1,-87.00,-10.00,8.00,9.00,50.00,4.00,13828123,451
693.01,1552023399,13536.79,51.48938974,7.40257769,173.88,11.94,0.77,92.41,1,-87.00,-10.00,8.00,9.00,50.00,4.00,13828123,451
694.01,1552023400,13548.72,51.48938394,7.40275716,173.87,12.42,0.48,91.53,1,-88.00,-10.00,7.00,8.00,48.00,4.00,13828123,451
695.01,1552023401,13561.15,51.48938254,7.40295176,174.05,13.32,0.90,91.02,1,-88.00,-10.00,7.00,8.00,48.00,4.00,13828123,451
696.01,1552023402,13574.47,51.48938201,7.40315377,174.42,14.00,0.68,91.47,1,-84.00,-8.00,6.00,8.00,50.00,2.00,13828121,450
697.01,1552023403,13588.47,51.48937944,7.40336380,174.80,14.69,0.69,90.68,1,-84.00,-8.00,6.00,8.00,50.00,2.00,13828121,450
698.01,1552023404,13603.15,51.48937915,7.40357593,175.06,14.23,-0.46,91.24,1,-82.00,-7.00,13.00,12.00,51.00,2.00,13828121,450
699.01,1552023405,13617.37,51.48937794,7.40378049,175.24,13.74,-0.49,90.40,1,-82.00,-7.00,13.00,12.00,51.00,2.00,13828121,450
700.02,1552023406,13631.22,51.48937686,7.40397125,175.22,13.32,-0.42,90.17,1,-78.00,-7.00,9.00,6.00,55.00,2.00,13828121,450
701.01,1552023407,13644.43,51.48937586,7.40416606,175.15,13.49,0.18,90.94,1,-78.00,-7.00,9.00,6.00,55.00,2.00,13828121,450
702.01,1552023408,13657.92,51.48937583,7.40435922,175.17,13.81,0.32,91.25,1,-78.00,-7.00,9.00,6.00,55.00,2.00,13828121,450
703.01,1552023409,13671.74,51.48937442,7.40455423,175.19,14.01,0.20,91.04,1,-78.00,-7.00,17.00,10.00,55.00,2.00,13828121,450
704.01,1552023410,13685.75,51.48937321,7.40474681,175.18,13.85,-0.16,90.41,1,-78.00,-7.00,17.00,10.00,55.00,2.00,13828121,450
705.01,1552023411,13699.59,51.48937419,7.40493885,175.21,13.38,-0.47,89.73,1,-76.00,-6.00,21.00,15.00,55.00,2.00,13828121,450
706.01,1552023412,13712.97,51.48937535,7.40512487,175.33,12.89,-0.50,89.13,1,-76.00,-6.00,21.00,15.00,55.00,2.00,13828121,450
707.01,1552023413,13725.86,51.48938012,7.40530995,175.44,12.70,-0.19,88.26,1,-70.00,-6.00,18.00,12.00,62.00,2.00,13828121,450
708.01,1552023414,13738.56,51.48938975,7.40549749,175.71,12.44,-0.26,86.16,1,-70.00,-6.00,18.00,12.00,62.00,2.00,13828121,450
709.01,1552023415,13751.01,51.48940521,7.40568630,176.14,12.27,-0.17,84.05,1,-70.00,-7.00,19.00,12.00,63.00,2.00,13828121,450
710.01,1552023416,13763.28,51.48942385,7.40584884,177.06,11.92,-0.35,82.98,1,-70.00,-7.00,19.00,12.00,63.00,2.00,13828121,450
711.01,1552023417,13775.20,51.48944590,7.40601829,178.21,12.00,0.08,81.53,1,-75.00,-8.00,9.00,15.00,58.00,2.00,13828121,450
712.01,1552023418,13787.20,51.48947207,7.40619124,179.32,12.06,0.06,79.49,1,-75.00,-8.00,9.00,15.00,58.00,2.00,13828121,450
713.01,1552023419,13799.27,51.48949741,7.40636347,180.12,12.00,-0.06,78.81,1,-76.00,-8.00,4.00,8.00,56.00,2.00,13828121,450
714.01,1552023420,13811.27,51.48952402,7.40653425,180.89,12.15,0.15,78.22,1,-76.00,-8.00,4.00,8.00,56.00,2.00,13828121,450
715.01,1552023421,13823.42,51.48955584,7.40671390,181.49,12.54,0.39,78.13,1,-74.00,-8.00,8.00,15.00,60.00,2.00,13828121,450
716.01,1552023422,13835.96,51.48958356,7.40688530,181.62,12.42,-0.12,78.06,1,-74.00,-8.00,8.00,15.00,60.00,2.00,13828121,450
717.01,1552023423,13848.37,51.48961313,7.40705888,181.56,12.38,-0.04,78.52,1,-74.00,-7.00,8.00,6.00,58.00,2.00,13828121,450
718.01,1552023424,13860.75,51.48964403,7.40723750,181.46,12.46,0.08,78.46,1,-74.00,-7.00,8.00,6.00,58.00,2.00,13828121,450
719.01,1552023425,13873.22,51.48967022,7.40740220,181.52,12.50,0.04,78.12,1,-78.00,-9.00,0.00,7.00,56.00,2.00,13828121,450
720.01,1552023426,13885.71,51.48969754,7.40757731,181.53,12.61,0.11,77.95,1,-78.00,-9.00,0.00,7.00,56.00,2.00,13828121,450
721.02,1552023427,13898.40,51.48972503,7.40775257,181.62,12.69,0.08,78.32,1,-71.00,-7.00,2.00,6.00,60.00,7.00,13821978,171
722.01,1552023428,13910.95,51.48975262,7.40793791,181.47,12.90,0.21,78.68,1,-71.00,-7.00,2.00,6.00,60.00,7.00,13821978,171
723.01,1552023429,13923.90,51.48977800,7.40812888,181.33,12.95,0.05,78.42,1,-71.00,-7.00,2.00,6.00,60.00,7.00,13821978,171
724.01,1552023430,13936.84,51.48979931,7.40830123,180.85,12.85,-0.11,78.73,1,-70.00,-6.00,14.00,11.00,61.00,7.00,13821978,171
725.01,1552023431,13949.64,51.48982167,7.40847785,179.95,12.93,0.09,77.93,1,-70.00,-6.00,14.00,11.00,61.00,7.00,13821978,171
726.01,1552023432,13962.62,51.48984421,7.40865462,178.98,13.25,0.31,77.30,1,-72.00,-7.00,14.00,11.00,59.00,7.00,13821978,171
727.01,1552023433,13975.86,51.48986823,7.40883541,177.84,13.25,0.00,77.67,1,-72.00,-7.00,14.00,11.00,59.00,7.00,13821978,171
728.01,1552023434,13989.11,51.48989215,7.40902205,176.51,13.25,-0.00,77.72,1,-70.00,-5.00,18.00,11.00,61.00,7.00,13821978,171
729.01,1552023435,14002.37,51.48991787,7.40921427,175.17,13.25,0.01,77.70,1,-70.00,-5.00,18.00,11.00,61.00,7.00,13821978,171
730.01,1552023436,14015.62,51.48994270,7.40940357,173.79,13.31,0.06,77.69,1,-67.00,-7.00,23.00,12.00,63.00,7.00,13821978,171
731.01,1552023437,14028.93,51.48996465,7.40958118,172.70,13.10,-0.20,78.13,1,-67.00,-7.00,23.00,12.00,63.00,7.00,13821978,171
732.01,1552023438,14042.03,51.48998933,7.40976517,171.70,12.73,-0.37,78.09,1,-71.00,-7.00,17.00,15.00,63.00,7.00,13821978,171
733.01,1552023439,14054.76,51.49001166,7.40994115,170.79,12.44,-0.29,77.35,1,-71.00,-7.00,17.00,15.00,63.00,7.00,13821978,171
734.01,1552023440,14067.19,51.49003516,7.41011578,169.94,12.28,-0.16,77.81,1,-76.00,-6.00,19.00,12.00,56.00,7.00,13821978,171
735.01,1552023441,14079.48,51.49005975,7.41028603,169.26,11.69,-0.58,78.42,1,-76.00,-6.00,19.00,12.00,56.00,7.00,13821978,171
736.01,1552023442,14091.17,51.49008395,7.41044817,168.84,11.25,-0.44,79.14,1,-74.00,-6.00,18.00,12.00,58.00,7.00,13821978,171
737.01,1552023443,14102.42,51.49010598,7.41059691,168.70,10.95,-0.30,79.10,1,-74.00,-6.00,18.00,12.00,58.00,7.00,13821978,171
738.01,1552023444,14113.37,51.49013110,7.41076493,168.50,10.79,-0.15,78.36,1,-81.00,-7.00,21.00,10.00,50.00,7.00,13821978,171
739.01,1552023445,14124.15,51.49015386,7.41092019,168.66,10.72,-0.08,77.89,1,-81.00,-7.00,21.00,10.00,50.00,7.00,13821978,171
