0.09,1552367999,0.00,51.44998471,7.48826040,253.49,9.52,0.00,170.21,1,-98.00,-8.00,11.00,14.00,29.00,7.00,13415170,315
1.07,1552368000,9.26,51.44989738,7.48829474,253.66,9.82,0.31,170.81,1,-98.00,-8.00,11.00,14.00,29.00,7.00,13415170,315
2.07,1552368001,19.07,51.44980047,7.48832336,253.99,10.76,0.95,171.76,1,-97.00,-6.00,13.00,9.00,29.00,7.00,13415170,315
3.07,1552368002,29.84,51.44970032,7.48835101,254.06,11.63,0.87,172.42,1,-97.00,-6.00,13.00,9.00,29.00,7.00,13415170,315
4.07,1552368003,41.47,51.44959597,7.48837371,253.56,12.13,0.50,173.97,1,-100.00,-9.00,11.00,14.00,27.00,7.00,13415170,315
5.07,1552368004,53.60,51.44949169,7.48838938,252.92,12.62,0.49,175.44,1,-100.00,-9.00,11.00,14.00,27.00,7.00,13415170,315
6.07,1552368005,66.22,51.44937229,7.48840202,252.32,13.04,0.42,176.95,1,-100.00,-8.00,10.00,14.00,28.00,7.00,13415170,315
7.07,1552368006,79.26,51.44925669,7.48840691,251.47,13.40,0.36,178.51,1,-100.00,-8.00,10.00,14.00,28.00,7.00,13415170,315
8.08,1552368007,92.79,51.44913630,7.48840352,250.99,13.60,0.19,180.37,1,-101.00,-7.00,10.00,11.00,24.00,7.00,13415170,315
9.07,1552368008,106.25,51.44900802,7.48839141,250.52,13.85,0.25,182.85,1,-101.00,-7.00,10.00,11.00,24.00,7.00,13415170,315
10.07,1552368009,120.10,51.44888482,7.48836844,249.90,14.10,0.26,185.04,1,-101.00,-7.00,10.00,11.00,24.00,7.00,13415170,315
11.07,1552368010,134.20,51.44875290,7.48833549,249.65,14.24,0.13,187.72,1,-104.00,-8.00,5.00,8.00,24.00,7.00,13415170,315
12.07,1552368011,148.44,51.44862637,7.48829162,249.63,14.29,0.05,190.51,1,-104.00,-8.00,5.00,8.00,24.00,7.00,13415170,315
13.07,1552368012,162.72,51.44849792,7.48824154,249.81,14.51,0.23,192.02,1,-106.00,-12.00,4.00,7.00,25.00,7.00,13415170,315
14.07,1552368013,177.24,51.44836669,7.48818936,249.91,14.94,0.43,192.84,1,-106.00,-12.00,4.00,7.00,25.00,7.00,13415170,315
15.07,1552368014,192.20,51.44823508,7.48813412,250.23,15.29,0.35,192.98,1,-107.00,-10.00,2.00,10.00,23.00,7.00,13415170,315
16.07,1552368015,207.48,51.44810021,7.48807725,250.67,15.47,0.18,192.84,1,-107.00,-10.00,2.00,10.00,23.00,7.00,13415170,315
17.07,1552368016,222.96,51.44795851,7.48801497,251.09,15.81,0.34,192.41,1,-110.00,-11.00,-1.00,7.00,19.00,7.00,13415170,315
18.07,1552368017,238.77,51.44781779,7.48796062,251.27,15.33,-0.49,192.27,1,-110.00,-11.00,-1.00,7.00,19.00,7.00,13415170,315
19.07,1552368018,254.10,51.44768857,7.48791796,250.94,14.20,-1.12,189.58,1,-112.00,-11.00,1.00,6.00,19.00,7.00,13415170,315
20.07,1552368019,268.31,51.44756412,7.48789568,251.76,15.28,1.07,186.98,1,-112.00,-11.00,1.00,6.00,19.00,7.00,13415170,315
21.07,1552368020,283.63,51.44743330,7.48787836,252.62,15.16,-0.12,185.09,1,-112.00,-12.00,-2.00,6.00,18.00,7.00,13415170,315
22.07,1552368021,298.77,51.44730496,7.48790168,253.88,15.19,0.03,178.43,1,-112.00,-12.00,-2.00,6.00,18.00,7.00,13415170,315
23.07,1552368022,313.92,51.44716502,7.48793643,255.00,15.67,0.48,171.83,1,-110.00,-14.00,-3.00,5.00,22.00,7.00,13415170,315
24.07,1552368023,329.60,51.44701488,7.48797110,256.03,15.85,0.18,170.53,1,-110.00,-14.00,-3.00,5.00,22.00,7.00,13415170,315
25.07,1552368024,345.41,51.44687333,7.48801693,256.83,16.14,0.30,168.33,1,-112.00,-15.00,-3.00,6.00,22.00,7.00,13415170,315
26.07,1552368025,361.56,51.44672996,7.48808008,257.93,16.22,0.08,166.16,1,-112.00,-15.00,-3.00,6.00,22.00,7.00,13415170,315
27.07,1552368026,377.80,51.44659707,7.48814796,258.59,16.36,0.13,163.79,1,-109.00,-11.00,1.00,7.00,20.00,7.00,13415170,315
28.07,1552368027,394.15,51.44645390,7.48823628,259.47,16.66,0.31,160.38,1,-109.00,-11.00,1.00,7.00,20.00,7.00,13415170,315
29.08,1552368028,410.95,51.44632033,7.48834235,260.35,16.55,-0.11,156.84,1,-106.00,-9.00,8.00,11.00,23.00,7.00,13415170,315
30.07,1552368029,427.36,51.44618294,7.48847298,261.30,16.88,0.33,152.90,1,-106.00,-9.00,8.00,11.00,23.00,7.00,13415170,315
31.07,1552368030,444.22,51.44607325,7.48863391,262.50,15.00,-1.88,139.35,1,-106.00,-9.00,8.00,11.00,23.00,7.00,13415170,315
32.07,1552368031,459.23,51.44598267,7.48877667,263.64,14.84,-0.16,138.38,1,-103.00,-9.00,11.00,9.00,26.00,7.00,13415170,315
33.07,1552368032,474.09,51.44588171,7.48893711,264.54,15.17,0.33,137.21,1,-103.00,-9.00,11.00,9.00,26.00,7.00,13415170,315
34.07,1552368033,489.25,51.44578528,7.48910238,265.26,15.24,0.07,135.16,1,-107.00,-9.00,7.00,7.00,22.00,7.00,13415170,315
35.07,1552368034,504.48,51.44569048,7.48927628,265.85,15.38,0.13,133.25,1,-107.00,-9.00,7.00,7.00,22.00,7.00,13415170,315
36.07,1552368035,519.85,51.44559583,7.48945482,266.54,15.35,-0.03,131.76,1,-106.00,-9.00,4.00,6.00,23.00,7.00,13415170,315
37.07,1552368036,535.22,51.44550553,7.48964018,267.27,15.41,0.06,129.99,1,-106.00,-9.00,4.00,6.00,23.00,7.00,13415170,315
38.07,1552368037,550.62,51.44541965,7.48982336,267.90,15.50,0.10,128.83,1,-104.00,-9.00,6.00,10.00,24.00,7.00,13415170,315
39.07,1552368038,566.16,51.44534581,7.48999332,268.84,14.48,-1.02,127.51,1,-104.00,-9.00,6.00,10.00,24.00,7.00,13415170,315
40.07,1552368039,580.61,51.44526532,7.49016895,269.91,14.38,-0.10,126.73,1,-109.00,-10.00,0.00,6.00,21.00,7.00,13415170,315
41.07,1552368040,594.99,51.44519254,7.49033409,270.53,14.31,-0.07,127.14,1,-109.00,-10.00,0.00,6.00,21.00,7.00,13415170,315
42.07,1552368041,609.31,51.44511834,7.49050222,271.36,13.47,-0.85,126.49,1,-106.00,-10.00,1.00,5.00,23.00,7.00,13415170,315
43.07,1552368042,622.78,51.44503898,7.49067386,272.11,12.97,-0.49,125.87,1,-106.00,-10.00,1.00,5.00,23.00,7.00,13415170,315
44.07,1552368043,635.76,51.44497277,7.49082549,272.75,12.85,-0.12,125.57,1,-108.00,-15.00,-1.00,4.00,24.00,7.00,13415170,315
45.07,1552368044,648.62,51.44490403,7.49098113,273.16,12.77,-0.08,125.80,1,-108.00,-15.00,-1.00,4.00,24.00,7.00,13415170,315
46.07,1552368045,661.37,51.44483626,7.49113067,273.72,12.28,-0.50,126.72,1,-109.00,-11.00,-2.00,5.00,21.00,24.00,13417219,440
47.07,1552368046,673.65,51.44477165,7.49127501,273.59,11.68,-0.60,126.29,1,-109.00,-11.00,-2.00,5.00,21.00,24.00,13417219,440
48.07,1552368047,685.34,51.44472001,7.49139186,273.28,8.91,-2.77,126.63,1,-112.00,-10.00,-1.00,6.00,18.00,24.00,13417219,440
49.07,1552368048,694.24,51.44467991,7.49147359,273.01,6.59,-2.32,127.11,1,-112.00,-10.00,-1.00,6.00,18.00,24.00,13417219,440
50.08,1552368049,700.89,51.44464952,7.49153866,272.40,4.51,-2.06,127.19,1,-113.00,-11.00,0.00,5.00,17.00,24.00,13417219,440
51.07,1552368050,705.36,51.44463273,7.49157473,272.36,2.42,-2.11,126.85,1,-113.00,-11.00,0.00,5.00,17.00,24.00,13417219,440
52.07,1552368051,707.78,51.44463273,7.49157473,272.36,0.00,-2.42,126.85,1,-113.00,-11.00,0.00,5.00,17.00,24.00,13417219,440
53.07,1552368052,707.78,51.44463273,7.49157473,272.36,0.00,0.00,126.85,1,-109.00,-10.00,2.00,6.00,20.00,24.00,13417219,440
54.07,1552368053,707.78,51.44463273,7.49157473,272.37,0.00,0.00,126.85,1,-109.00,-10.00,2.00,6.00,20.00,24.00,13417219,440
55.07,1552368054,707.78,51.44463273,7.49157473,272.39,0.00,0.00,126.85,1,-111.00,-11.00,4.00,5.00,18.00,24.00,13417219,440
56.07,1552368055,707.78,51.44463273,7.49157473,272.40,0.00,0.00,126.85,1,-111.00,-11.00,4.00,5.00,18.00,24.00,13417219,440
57.07,1552368056,707.78,51.44463273,7.49157473,272.42,0.00,0.00,126.85,1,-111.00,-10.00,1.00,6.00,19.00,24.00,13417219,440
58.07,1552368057,707.78,51.44463273,7.49157473,272.44,0.00,0.00,126.85,1,-111.00,-10.00,1.00,6.00,19.00,24.00,13417219,440
59.07,1552368058,707.78,51.44463273,7.49157473,272.45,0.00,0.00,126.85,1,-112.00,-11.00,-1.00,5.00,18.00,24.00,13417219,440
60.07,1552368059,707.78,51.44463273,7.49157473,272.47,0.00,0.00,126.85,1,-112.00,-11.00,-1.00,5.00,18.00,24.00,13417219,440
61.07,1552368060,707.78,51.44463273,7.49157473,272.48,0.00,0.00,126.85,1,-114.00,-12.00,-1.00,6.00,18.00,24.00,13417219,440
62.07,1552368061,707.78,51.44463273,7.49157473,272.57,0.00,0.00,117.40,1,-114.00,-12.00,-1.00,6.00,18.00,24.00,13417219,440
63.07,1552368062,707.78,51.44459869,7.49166204,273.64,0.00,0.00,120.44,1,-111.00,-13.00,-2.00,6.00,21.00,24.00,13417219,440
64.07,1552368063,707.78,51.44455960,7.49170524,274.48,4.99,0.00,145.67,1,-111.00,-13.00,-2.00,6.00,21.00,24.00,13417219,440
65.07,1552368064,712.79,51.44450289,7.49172621,274.94,6.49,1.49,168.73,1,-110.00,-13.00,-2.00,6.00,22.00,24.00,13417219,440
66.07,1552368065,719.27,51.44445303,7.49169772,275.00,7.50,1.02,196.64,1,-110.00,-13.00,-2.00,6.00,22.00,24.00,13417219,440
67.07,1552368066,726.76,51.44438744,7.49163983,274.89,8.65,1.15,212.66,1,-107.00,-11.00,3.00,5.00,24.00,24.00,13417219,440
68.07,1552368067,735.41,51.44430350,7.49156796,274.96,9.70,1.05,214.61,1,-107.00,-11.00,3.00,5.00,24.00,24.00,13417219,440
69.07,1552368068,745.11,51.44422801,7.49148494,274.87,10.22,0.52,215.74,1,-102.00,-9.00,1.00,4.00,27.00,24.00,13417219,440
70.07,1552368069,755.32,51.44414721,7.49139076,274.77,11.40,1.19,216.45,1,-102.00,-9.00,1.00,4.00,27.00,24.00,13417219,440
71.08,1552368070,766.84,51.44405726,7.49128080,274.74,12.73,1.32,216.87,1,-104.00,-13.00,2.00,5.00,28.00,24.00,13417219,440
72.07,1552368071,779.46,51.44395556,7.49116126,274.93,14.03,1.31,216.48,1,-104.00,-13.00,2.00,5.00,28.00,24.00,13417219,440
73.07,1552368072,793.51,51.44384919,7.49103834,275.09,14.96,0.92,216.16,1,-104.00,-13.00,2.00,5.00,28.00,24.00,13417219,440
74.07,1552368073,808.45,51.44373916,7.49091308,275.20,16.00,1.05,216.94,1,-103.00,-14.00,3.00,7.00,30.00,24.00,13417219,440
75.07,1552368074,824.45,51.44361529,7.49077460,275.19,15.56,-0.44,216.57,1,-103.00,-14.00,3.00,7.00,30.00,24.00,13417219,440
76.07,1552368075,840.01,51.44350007,7.49064364,274.96,15.73,0.17,216.68,1,-107.00,-12.00,1.00,5.00,26.00,24.00,13417219,440
77.07,1552368076,855.75,51.44338153,7.49050432,274.57,16.03,0.30,216.40,1,-107.00,-12.00,1.00,5.00,26.00,24.00,13417219,440
78.07,1552368077,871.79,51.44326742,7.49036730,274.31,15.88,-0.15,216.68,1,-105.00,-13.00,0.00,5.00,28.00,24.00,13417219,440
79.06,1552368078,887.60,51.44315044,7.49022904,273.88,15.67,-0.21,216.75,1,-105.00,-13.00,0.00,5.00,28.00,24.00,13417219,440
80.07,1552368079,903.35,51.44303619,7.49009244,273.61,15.50,-0.17,216.47,1,-109.00,-13.00,-2.00,5.00,24.00,24.00,13417219,440
81.07,1552368080,918.83,51.44292427,7.48995904,273.44,15.41,-0.09,216.80,1,-109.00,-13.00,-2.00,5.00,24.00,24.00,13417219,440
82.07,1552368081,934.24,51.44281577,7.48982714,273.27,15.85,0.44,216.30,1,-108.00,-11.00,1.00,6.00,22.00,24.00,13417219,440
83.07,1552368082,950.09,51.44271025,7.48969799,272.92,15.54,-0.31,216.94,1,-108.00,-11.00,1.00,6.00,22.00,24.00,13417219,440
84.07,1552368083,965.64,51.44259707,7.48956153,272.22,15.84,0.30,217.36,1,-104.00,-9.00,7.00,5.00,24.00,24.00,13417219,440
85.07,1552368084,981.45,51.44248824,7.48942467,271.94,15.94,0.11,217.56,1,-104.00,-9.00,7.00,5.00,24.00,24.00,13417219,440
86.07,1552368085,997.41,51.44237711,7.48928255,271.99,15.68,-0.26,218.16,1,-93.00,-5.00,16.00,7.00,32.00,24.00,13417219,440
87.06,1552368086,1013.04,51.44226575,7.48914230,272.12,15.72,0.04,218.71,1,-93.00,-5.00,16.00,7.00,32.00,24.00,13417219,440
88.07,1552368087,1028.81,51.44215999,7.48900227,272.09,15.56,-0.16,218.36,1,-99.00,-7.00,6.00,11.00,26.00,24.00,13417219,440
89.07,1552368088,1044.36,51.44203889,7.48884136,272.14,17.07,1.51,219.70,1,-99.00,-7.00,6.00,11.00,26.00,24.00,13417219,440
90.07,1552368089,1061.43,51.44194266,7.48870825,272.23,14.67,-2.40,221.42,1,-98.00,-8.00,-9.00,3.00,29.00,24.00,13417219,440
91.07,1552368090,1076.10,51.44184663,7.48857301,272.67,13.83,-0.84,222.83,1,-98.00,-8.00,-9.00,3.00,29.00,24.00,13417219,440
92.07,1552368091,1090.02,51.44173525,7.48839484,272.75,16.16,2.31,224.41,1,-99.00,-10.00,-2.00,11.00,30.00,24.00,13417219,440
93.07,1552368092,1106.08,51.44163543,7.48821993,273.58,15.78,-0.38,226.45,1,-99.00,-10.00,-2.00,11.00,30.00,24.00,13417219,440
94.07,1552368093,1121.91,51.44154558,7.48804335,274.62,16.10,0.31,228.15,1,-99.00,-10.00,-2.00,11.00,30.00,24.00,13417219,440
95.07,1552368094,1137.96,51.44145482,7.48786248,275.54,15.67,-0.42,229.74,1,-98.00,-11.00,6.00,10.00,31.00,24.00,13417219,440
96.07,1552368095,1153.63,51.44137290,7.48768362,276.10,15.96,0.28,230.92,1,-98.00,-11.00,6.00,10.00,31.00,24.00,13417219,440
97.07,1552368096,1169.59,51.44129043,7.48750606,276.36,15.28,-0.68,231.83,1,-99.00,-8.00,7.00,7.00,28.00,24.00,13417219,440
98.07,1552368097,1184.87,51.44121025,7.48732706,276.71,15.17,-0.11,232.37,1,-99.00,-8.00,7.00,7.00,28.00,24.00,13417219,440
99.07,1552368098,1200.03,51.44112820,7.48714991,276.86,14.99,-0.18,233.18,1,-93.00,-6.00,16.00,8.00,34.00,24.00,13417219,440
100.07,1552368099,1215.02,51.44104345,7.48696801,276.64,15.17,0.18,232.51,1,-93.00,-6.00,16.00,8.00,34.00,24.00,13417219,440
101.07,1552368100,1230.19,51.44096163,7.48678787,276.10,15.56,0.39,232.67,1,-90.00,-5.00,8.00,13.00,35.00,24.00,13417219,440
102.07,1552368101,1245.74,51.44087704,7.48660147,276.12,15.77,0.21,233.12,1,-90.00,-5.00,8.00,13.00,35.00,24.00,13417219,440
103.07,1552368102,1261.51,51.44079143,7.48641301,276.24,15.29,-0.49,233.03,1,-93.00,-7.00,11.00,12.00,34.00,24.00,13417219,440
104.07,1552368103,1276.82,51.44070546,7.48622053,276.48,14.90,-0.38,233.38,1,-93.00,-7.00,11.00,12.00,34.00,24.00,13417219,440
105.07,1552368104,1291.72,51.44062445,7.48604816,276.26,14.70,-0.21,233.04,1,-94.00,-7.00,12.00,11.00,33.00,24.00,13417219,440
106.07,1552368105,1306.42,51.44054204,7.48586983,276.36,15.21,0.51,232.41,1,-94.00,-7.00,12.00,11.00,33.00,24.00,13417219,440
107.07,1552368106,1321.63,51.44045621,7.48568116,276.56,15.19,-0.02,233.26,1,-95.00,-7.00,13.00,8.00,33.00,24.00,13417219,440
108.07,1552368107,1336.81,51.44037539,7.48550095,277.03,15.13,-0.06,233.29,1,-95.00,-7.00,13.00,8.00,33.00,24.00,13417219,440
109.07,1552368108,1351.92,51.44029420,7.48532182,277.75,15.07,-0.05,233.85,1,-92.00,-6.00,15.00,9.00,35.00,24.00,13417219,440
110.06,1552368109,1366.97,51.44021341,7.48514164,278.26,15.41,0.34,233.89,1,-92.00,-6.00,15.00,9.00,35.00,24.00,13417219,440
111.07,1552368110,1382.42,51.44013285,7.48496675,278.78,15.16,-0.25,233.03,1,-88.00,-6.00,14.00,8.00,37.00,24.00,13417219,440
112.07,1552368111,1397.58,51.44005101,7.48479198,279.26,15.13,-0.03,232.71,1,-88.00,-6.00,14.00,8.00,37.00,24.00,13417219,440
113.07,1552368112,1412.70,51.43996785,7.48462186,279.71,15.14,0.01,233.33,1,-93.00,-6.00,9.00,15.00,32.00,24.00,13417219,440
114.07,1552368113,1427.85,51.43988461,7.48444220,280.22,15.24,0.09,233.60,1,-93.00,-6.00,9.00,15.00,32.00,24.00,13417219,440
115.07,1552368114,1443.20,51.43980098,7.48425867,280.39,15.64,0.41,233.39,1,-92.00,-6.00,16.00,9.00,34.00,24.00,13417219,440
116.07,1552368115,1458.73,51.43971506,7.48407656,280.85,15.66,0.02,232.89,1,-92.00,-6.00,16.00,9.00,34.00,24.00,13417219,440
117.07,1552368116,1474.39,51.43963259,7.48389987,281.21,15.99,0.33,232.74,1,-92.00,-6.00,16.00,9.00,34.00,24.00,13417219,440
118.07,1552368117,1490.40,51.43954957,7.48372328,281.24,15.40,-0.59,234.08,1,-100.00,-8.00,5.00,7.00,27.00,24.00,13417219,440
119.07,1552368118,1505.80,51.43947063,7.48353780,281.08,15.10,-0.30,234.72,1,-100.00,-8.00,5.00,7.00,27.00,24.00,13417219,440
120.07,1552368119,1520.88,51.43939374,7.48334433,280.84,15.12,0.03,235.97,1,-97.00,-9.00,10.00,7.00,30.00,21.00,13523715,6
121.07,1552368120,1536.00,51.43931590,7.48314682,280.64,15.12,0.00,236.95,1,-97.00,-9.00,10.00,7.00,30.00,21.00,13523715,6
122.07,1552368121,1551.14,51.43923900,7.48293745,280.76,15.78,0.66,238.41,1,-96.00,-8.00,4.00,10.00,33.00,21.00,13523715,6
123.07,1552368122,1566.91,51.43915894,7.48272919,281.10,16.17,0.39,238.91,1,-96.00,-8.00,4.00,10.00,33.00,21.00,13523715,6
124.07,1552368123,1583.07,51.43908379,7.48251785,281.86,14.94,-1.24,239.84,1,-95.00,-6.00,-1.00,6.00,31.00,20.00,13417219,6
125.07,1552368124,1598.02,51.43901411,7.48230587,282.29,15.36,0.42,241.02,1,-95.00,-6.00,-1.00,6.00,31.00,20.00,13417219,6
126.07,1552368125,1613.40,51.43894710,7.48209952,283.37,15.86,0.50,241.71,1,-94.00,-6.00,13.00,13.00,32.00,20.00,13417219,440
127.07,1552368126,1629.25,51.43887877,7.48189286,284.09,15.68,-0.18,240.85,1,-94.00,-6.00,13.00,13.00,32.00,20.00,13417219,440
128.07,1552368127,1644.90,51.43881065,7.48168348,284.76,14.89,-0.78,241.43,1,-100.00,-7.00,8.00,8.00,28.00,20.00,13417219,440
129.07,1552368128,1659.81,51.43874455,7.48148862,285.80,15.75,0.86,241.90,1,-100.00,-7.00,8.00,8.00,28.00,20.00,13417219,440
130.07,1552368129,1675.56,51.43867716,7.48129212,286.81,15.46,-0.30,241.37,1,-95.00,-7.00,11.00,15.00,31.00,20.00,13417219,440
131.07,1552368130,1691.03,51.43860574,7.48108878,288.10,15.55,0.09,240.92,1,-95.00,-7.00,11.00,15.00,31.00,20.00,13417219,440
132.07,1552368131,1706.56,51.43853617,7.48089031,289.26,15.53,-0.02,241.85,1,-90.00,-6.00,7.00,15.00,37.00,20.00,13417219,440
133.07,1552368132,1722.09,51.43846104,7.48068633,290.48,15.84,0.31,241.31,1,-90.00,-6.00,7.00,15.00,37.00,20.00,13417219,440
134.07,1552368133,1737.91,51.43839221,7.48049200,291.54,16.65,0.81,240.67,1,-93.00,-7.00,13.00,11.00,34.00,20.00,13417219,440
135.07,1552368134,1754.58,51.43831525,7.48027972,292.27,16.03,-0.62,241.59,1,-93.00,-7.00,13.00,11.00,34.00,20.00,13417219,440
136.07,1552368135,1770.74,51.43824115,7.48007951,292.58,15.95,-0.09,241.24,1,-98.00,-8.00,5.00,9.00,29.00,20.00,13417219,440
137.07,1552368136,1786.58,51.43817172,7.47988614,292.73,15.00,-0.96,240.51,1,-98.00,-8.00,5.00,9.00,29.00,20.00,13417219,440
138.07,1552368137,1801.56,51.43810116,7.47967939,292.29,15.11,0.12,241.01,1,-98.00,-8.00,5.00,9.00,29.00,20.00,13417219,440
139.07,1552368138,1816.69,51.43802610,7.47945587,291.67,16.43,1.32,240.12,1,-98.00,-9.00,2.00,10.00,31.00,20.00,13417219,440
140.07,1552368139,1833.12,51.43795689,7.47925504,291.49,15.24,-1.19,240.73,1,-98.00,-9.00,2.00,10.00,31.00,20.00,13417219,440
141.07,1552368140,1848.36,51.43789496,7.47906209,291.33,13.83,-1.42,242.27,1,-93.00,-8.00,7.00,10.00,35.00,20.00,13417219,440
142.07,1552368141,1862.19,51.43782918,7.47886715,291.06,13.00,-0.83,241.44,1,-93.00,-8.00,7.00,10.00,35.00,20.00,13417219,440
143.07,1552368142,1875.21,51.43776924,7.47869432,290.58,12.63,-0.37,241.82,1,-86.00,-7.00,9.00,9.00,42.00,20.00,13417219,440
144.07,1552368143,1887.83,51.43770093,7.47849934,290.46,12.97,0.34,241.55,1,-86.00,-7.00,9.00,9.00,42.00,20.00,13417219,440
145.07,1552368144,1900.80,51.43763483,7.47829458,290.89,13.33,0.36,242.13,1,-90.00,-7.00,7.00,9.00,38.00,18.00,13523715,6
146.07,1552368145,1914.13,51.43757075,7.47810298,291.34,13.67,0.34,241.52,1,-90.00,-7.00,7.00,9.00,38.00,18.00,13523715,6
147.07,1552368146,1927.79,51.43750674,7.47790596,291.87,14.04,0.36,242.48,1,-90.00,-8.00,1.00,11.00,37.00,18.00,13523715,6
148.07,1552368147,1941.83,51.43744369,7.47771466,292.00,12.60,-1.44,241.60,1,-90.00,-8.00,1.00,11.00,37.00,18.00,13523715,6
149.07,1552368148,1954.43,51.43738017,7.47752093,291.82,13.34,0.73,241.72,1,-89.00,-7.00,14.00,7.00,39.00,18.00,13523715,6
150.07,1552368149,1967.78,51.43732105,7.47733137,291.87,14.17,0.83,242.16,1,-89.00,-7.00,14.00,7.00,39.00,18.00,13523715,6
151.07,1552368150,1981.93,51.43726125,7.47713319,291.21,13.34,-0.83,243.98,1,-87.00,-6.00,13.00,15.00,39.00,18.00,13523715,6
152.07,1552368151,1995.28,51.43721032,7.47693981,291.07,13.34,0.00,247.17,1,-87.00,-6.00,13.00,15.00,39.00,18.00,13523715,6
153.07,1552368152,2008.61,51.43717312,7.47676663,291.31,12.79,-0.55,250.15,1,-90.00,-7.00,11.00,10.00,37.00,18.00,13523715,6
154.07,1552368153,2021.41,51.43716417,7.47660245,291.61,12.05,-0.74,262.69,1,-90.00,-7.00,11.00,10.00,37.00,18.00,13523715,6
155.07,1552368154,2033.47,51.43717407,7.47642721,291.49,10.69,-1.36,276.34,1,-90.00,-6.00,9.00,11.00,37.00,18.00,13523715,6
156.07,1552368155,2044.16,51.43719071,7.47626623,291.52,9.95,-0.74,280.06,1,-90.00,-6.00,9.00,11.00,37.00,18.00,13523715,6
157.08,1552368156,2054.20,51.43723736,7.47617247,291.24,8.13,-1.81,310.31,1,-91.00,-7.00,14.00,15.00,33.00,18.00,13523715,6
158.07,1552368157,2062.26,51.43733421,7.47609808,291.39,8.48,0.36,339.81,1,-91.00,-7.00,14.00,15.00,33.00,18.00,13523715,6
159.07,1552368158,2070.73,51.43742037,7.47610524,292.14,7.85,-0.64,4.95,1,-91.00,-7.00,14.00,15.00,33.00,18.00,13523715,6
160.07,1552368159,2078.59,51.43752323,7.47619850,292.31,10.25,2.41,33.21,1,-94.00,-6.00,13.00,14.00,33.00,18.00,13523715,6
161.07,1552368160,2088.84,51.43759583,7.47633069,292.00,10.56,0.31,50.46,1,-94.00,-6.00,13.00,14.00,33.00,18.00,13523715,6
162.07,1552368161,2099.39,51.43766887,7.47646972,291.62,11.77,1.21,51.78,1,-96.00,-7.00,13.00,13.00,31.00,18.00,13523715,6
163.07,1552368162,2111.17,51.43774340,7.47661685,291.28,12.78,1.00,53.29,1,-96.00,-7.00,13.00,13.00,31.00,18.00,13523715,6
164.07,1552368163,2123.95,51.43781527,7.47677553,290.90,14.59,1.81,53.73,1,-95.00,-7.00,9.00,9.00,32.00,18.00,13523715,6
165.07,1552368164,2138.55,51.43789069,7.47695072,290.73,15.78,1.19,54.57,1,-95.00,-7.00,9.00,9.00,32.00,18.00,13523715,6
166.07,1552368165,2154.32,51.43798083,7.47715108,290.72,17.12,1.33,55.14,1,-93.00,-7.00,13.00,15.00,33.00,18.00,13523715,6
167.07,1552368166,2171.44,51.43807889,7.47736475,290.75,18.22,1.10,55.51,1,-93.00,-7.00,13.00,15.00,33.00,18.00,13523715,6
168.07,1552368167,2189.67,51.43817457,7.47759305,290.90,19.30,1.09,56.19,1,-98.00,-12.00,6.00,9.00,32.00,18.00,13523715,6
169.07,1552368168,2208.96,51.43827596,7.47783582,290.94,20.38,1.07,56.40,1,-98.00,-12.00,6.00,9.00,32.00,18.00,13523715,6
170.07,1552368169,2229.35,51.43837794,7.47808314,290.76,20.81,0.44,56.77,1,-96.00,-7.00,10.00,8.00,29.00,18.00,13523715,6
171.07,1552368170,2250.15,51.43847590,7.47833521,291.20,21.71,0.89,57.52,1,-96.00,-7.00,10.00,8.00,29.00,18.00,13523715,6
172.07,1552368171,2271.85,51.43857999,7.47861007,291.52,22.47,0.77,59.40,1,-101.00,-9.00,2.00,9.00,25.00,18.00,13523715,6
173.07,1552368172,2294.32,51.43869736,7.47889814,291.47,23.64,1.17,56.81,1,-101.00,-9.00,2.00,9.00,25.00,18.00,13523715,6
174.07,1552368173,2317.96,51.43882301,7.47919708,291.56,24.47,0.83,56.35,1,-101.00,-9.00,5.00,9.00,26.00,18.00,13523715,6
175.07,1552368174,2342.43,51.43894872,7.47949591,291.56,24.95,0.49,56.01,1,-101.00,-9.00,5.00,9.00,26.00,18.00,13523715,6
176.07,1552368175,2367.38,51.43907645,7.47979092,291.31,24.54,-0.42,55.52,1,-109.00,-11.00,2.00,6.00,23.00,18.00,13523715,6
177.07,1552368176,2391.94,51.43920308,7.48007928,291.10,24.20,-0.33,55.05,1,-109.00,-11.00,2.00,6.00,23.00,18.00,13523715,6
178.08,1552368177,2416.39,51.43933021,7.48035169,290.87,23.83,-0.36,54.05,1,-110.00,-16.00,-4.00,5.00,25.00,18.00,13523715,6
179.07,1552368178,2440.03,51.43945586,7.48061130,290.78,23.25,-0.58,52.84,1,-110.00,-16.00,-4.00,5.00,25.00,18.00,13523715,6
180.07,1552368179,2463.28,51.43958438,7.48087984,290.65,23.21,-0.04,52.80,1,-110.00,-16.00,-4.00,5.00,25.00,18.00,13523715,6
181.07,1552368180,2486.43,51.43971565,7.48114651,290.72,23.46,0.25,51.78,1,-102.00,-8.00,6.00,10.00,25.00,22.00,13417219,440
182.07,1552368181,2509.89,51.43984585,7.48140937,290.74,23.51,0.05,51.05,1,-102.00,-8.00,6.00,10.00,25.00,22.00,13417219,440
183.07,1552368182,2533.45,51.43998317,7.48166768,290.78,23.31,-0.21,49.96,1,-102.00,-8.00,19.00,10.00,24.00,22.00,13417219,440
184.07,1552368183,2556.76,51.44012120,7.48190737,290.83,22.51,-0.79,47.52,1,-102.00,-8.00,19.00,10.00,24.00,22.00,13417219,440
185.07,1552368184,2579.23,51.44026290,7.48213630,290.59,22.34,-0.18,45.47,1,-107.00,-10.00,-1.00,4.00,24.00,22.00,13417219,440
186.07,1552368185,2601.56,51.44040894,7.48236016,290.42,22.31,-0.02,43.42,1,-107.00,-10.00,-1.00,4.00,24.00,22.00,13417219,440
187.07,1552368186,2623.94,51.44056105,7.48258418,289.92,22.27,-0.04,42.94,1,-108.00,-12.00,-3.00,5.00,24.00,22.00,13417219,440
188.07,1552368187,2646.22,51.44070637,7.48279384,289.21,22.41,0.14,41.84,1,-108.00,-12.00,-3.00,5.00,24.00,22.00,13417219,440
189.07,1552368188,2668.58,51.44087020,7.48301076,288.29,23.00,0.59,39.28,1,-112.00,-10.00,-9.00,9.00,12.00,85.00,13067273,440
190.07,1552368189,2691.56,51.44103027,7.48321641,287.33,23.37,0.37,37.91,1,-112.00,-10.00,-9.00,9.00,12.00,85.00,13067273,440
191.07,1552368190,2714.95,51.44118565,7.48341559,286.64,23.19,-0.18,37.07,1,-115.00,-11.00,-8.00,7.00,21.00,85.00,13067273,288
192.07,1552368191,2738.16,51.44135519,7.48360758,286.25,23.34,0.15,35.09,1,-115.00,-11.00,-8.00,7.00,21.00,85.00,13067273,288
193.07,1552368192,2761.46,51.44152486,7.48379057,285.71,23.24,-0.10,33.20,1,-117.00,-10.00,4.00,5.00,11.00,85.00,13067273,288
194.07,1552368193,2784.70,51.44170438,7.48397166,285.08,23.44,0.20,31.71,1,-117.00,-10.00,4.00,5.00,11.00,85.00,13067273,288
195.07,1552368194,2808.16,51.44188263,7.48413781,284.73,23.26,-0.18,29.70,1,-118.00,-10.00,3.00,5.00,10.00,85.00,13067273,288
196.07,1552368195,2831.42,51.44204861,7.48429193,284.03,23.22,-0.04,27.81,1,-118.00,-10.00,3.00,5.00,10.00,85.00,13067273,288
197.07,1552368196,2854.64,51.44222470,7.48444422,283.14,23.33,0.11,26.80,1,-119.00,-10.00,0.00,7.00,9.00,20.00,13415170,288
198.07,1552368197,2877.97,51.44240595,7.48459964,282.08,23.60,0.28,25.95,1,-119.00,-10.00,0.00,7.00,9.00,20.00,13415170,288
199.07,1552368198,2901.57,51.44258981,7.48474782,281.02,23.49,-0.12,25.64,1,-108.00,-13.00,-5.00,7.00,25.00,20.00,13415170,315
200.07,1552368199,2925.06,51.44277842,7.48489548,279.89,23.46,-0.03,24.80,1,-108.00,-13.00,-5.00,7.00,25.00,20.00,13415170,315
201.07,1552368200,2948.51,51.44296569,7.48503300,278.98,23.29,-0.16,24.46,1,-108.00,-13.00,-5.00,7.00,25.00,20.00,13415170,315
202.07,1552368201,2971.83,51.44315287,7.48517072,277.76,22.83,-0.46,23.62,1,-108.00,-15.00,-7.00,4.00,24.00,20.00,13415170,315
203.07,1552368202,2994.62,51.44334073,7.48529968,276.47,22.54,-0.30,22.99,1,-108.00,-15.00,-7.00,4.00,24.00,20.00,13415170,315
204.07,1552368203,3017.24,51.44352364,7.48542727,275.25,22.04,-0.49,23.10,1,-112.00,-15.00,-9.00,5.00,22.00,20.00,13415170,315
205.07,1552368204,3039.26,51.44369993,7.48554881,274.09,21.26,-0.79,22.16,1,-112.00,-15.00,-9.00,5.00,22.00,20.00,13415170,315
206.07,1552368205,3060.46,51.44387124,7.48566695,272.94,20.60,-0.66,22.03,1,-111.00,-15.00,-6.00,7.00,24.00,20.00,13415170,315
207.07,1552368206,3081.06,51.44404022,7.48577188,271.91,20.04,-0.56,21.26,1,-111.00,-15.00,-6.00,7.00,24.00,20.00,13415170,315
208.07,1552368207,3101.12,51.44419769,7.48587483,270.79,18.48,-1.56,22.44,1,-109.00,-11.00,-5.00,8.00,21.00,20.00,13415170,315
209.07,1552368208,3119.60,51.44434415,7.48597793,269.94,16.53,-1.95,24.31,1,-109.00,-11.00,-5.00,8.00,21.00,20.00,13415170,315
210.07,1552368209,3136.11,51.44446883,7.48608382,269.24,15.23,-1.30,28.07,1,-119.00,-21.00,-6.00,1.00,30.00,33.00,13246977,156
211.07,1552368210,3151.34,51.44456341,7.48622780,269.01,14.78,-0.44,45.23,1,-119.00,-21.00,-6.00,1.00,30.00,33.00,13246977,156
212.07,1552368211,3166.12,51.44464814,7.48637862,268.98,13.68,-1.10,49.14,1,-109.00,-16.00,-8.00,4.00,25.00,15.00,13415170,315
213.06,1552368212,3179.77,51.44469369,7.48657557,269.07,13.32,-0.36,71.68,1,-109.00,-16.00,-8.00,4.00,25.00,15.00,13415170,315
214.07,1552368213,3193.18,51.44470739,7.48676870,269.46,13.38,0.06,86.44,1,-120.00,-16.00,-7.00,3.00,18.00,15.00,13415170,315
215.07,1552368214,3206.55,51.44471205,7.48696787,269.76,12.80,-0.58,89.76,1,-120.00,-16.00,-7.00,3.00,18.00,15.00,13415170,315
216.07,1552368215,3219.38,51.44466939,7.48714446,270.08,12.64,-0.16,112.50,1,-121.00,-19.00,-10.00,2.00,18.00,15.00,13415170,315
217.07,1552368216,3232.02,51.44458594,7.48731529,270.20,13.81,1.17,131.21,1,-121.00,-19.00,-10.00,2.00,18.00,15.00,13415170,315
218.07,1552368217,3245.84,51.44448909,7.48742894,269.89,13.79,-0.02,144.85,1,-121.00,-19.00,-11.00,1.00,18.00,15.00,13415170,315
219.07,1552368218,3259.64,51.44437801,7.48749396,269.59,13.55,-0.24,159.47,1,-121.00,-19.00,-11.00,1.00,18.00,15.00,13415170,315
220.08,1552368219,3273.30,51.44425979,7.48754801,269.57,13.40,-0.15,162.06,1,-121.00,-20.00,-12.00,1.00,19.00,15.00,13415170,315
221.07,1552368220,3286.57,51.44413483,7.48751631,269.36,13.62,0.22,189.69,1,-121.00,-20.00,-12.00,1.00,19.00,15.00,13415170,315
222.07,1552368221,3300.20,51.44401632,7.48743872,269.01,13.81,0.19,204.24,1,-121.00,-20.00,-12.00,1.00,19.00,15.00,13415170,315
223.07,1552368222,3313.98,51.44391826,7.48732258,268.37,14.51,0.70,217.86,1,-123.00,-21.00,-15.00,1.00,18.00,15.00,13415170,315
224.07,1552368223,3328.47,51.44384359,7.48717053,267.40,14.04,-0.47,234.60,1,-123.00,-21.00,-15.00,1.00,18.00,15.00,13415170,315
225.07,1552368224,3342.54,51.44379531,7.48698750,266.82,14.30,0.26,250.85,1,-121.00,-20.00,-15.00,1.00,17.00,15.00,13415170,315
226.07,1552368225,3356.82,51.44377728,7.48679869,266.46,14.54,0.24,264.98,1,-121.00,-20.00,-15.00,1.00,17.00,15.00,13415170,315
227.07,1552368226,3371.38,51.44376538,7.48658413,265.80,15.44,0.90,266.34,1,-121.00,-20.00,-15.00,1.00,18.00,15.00,13415170,315
228.07,1552368227,3386.80,51.44375411,7.48636130,265.23,16.23,0.79,267.08,1,-121.00,-20.00,-15.00,1.00,18.00,15.00,13415170,315
229.07,1552368228,3402.97,51.44374289,7.48609462,265.22,17.68,1.46,267.81,1,-117.00,-15.00,-2.00,2.00,22.00,81.00,13067273,288
230.07,1552368229,3420.70,51.44373252,7.48581061,265.45,19.33,1.64,266.98,1,-117.00,-15.00,-2.00,2.00,22.00,81.00,13067273,288
231.07,1552368230,3439.97,51.44372411,7.48552999,265.93,20.69,1.37,267.40,1,-119.00,-11.00,2.00,6.00,8.00,82.00,13067273,288
232.07,1552368231,3460.64,51.44371599,7.48523275,265.95,19.38,-1.32,268.12,1,-119.00,-11.00,2.00,6.00,8.00,82.00,13067273,288
233.07,1552368232,3480.04,51.44370675,7.48491576,266.01,21.28,1.90,267.40,1,-113.00,-10.00,0.00,7.00,14.00,67.00,13177857,26
234.07,1552368233,3501.34,51.44370024,7.48456967,266.58,24.74,3.46,267.77,1,-113.00,-10.00,0.00,7.00,14.00,67.00,13177857,26
235.07,1552368234,3526.08,51.44369535,7.48421263,266.52,25.40,0.66,268.13,1,-112.00,-16.00,-6.00,3.00,21.00,67.00,13177857,26
236.07,1552368235,3551.46,51.44369013,7.48383693,266.40,26.33,0.93,268.74,1,-112.00,-16.00,-6.00,3.00,21.00,67.00,13177857,26
237.07,1552368236,3577.92,51.44368322,7.48343741,266.29,26.96,0.63,268.40,1,-108.00,-15.00,-10.00,7.00,25.00,67.00,13177857,26
238.07,1552368237,3604.86,51.44367338,7.48304514,266.45,26.57,-0.39,267.97,1,-108.00,-15.00,-10.00,7.00,25.00,67.00,13177857,26
239.07,1552368238,3631.46,51.44366394,7.48265194,266.51,26.91,0.34,267.48,1,-110.00,-14.00,-8.00,4.00,22.00,67.00,13177857,26
240.07,1552368239,3658.37,51.44365468,7.48226030,266.45,27.45,0.54,267.23,1,-110.00,-14.00,-8.00,4.00,22.00,67.00,13177857,26
241.08,1552368240,3686.06,51.44364603,7.48185670,265.99,27.92,0.47,266.90,1,-110.00,-14.00,-8.00,5.00,23.00,67.00,13177857,26
242.07,1552368241,3713.71,51.44363202,7.48145837,265.69,28.36,0.44,266.42,1,-110.00,-14.00,-8.00,5.00,23.00,67.00,13177857,26
243.07,1552368242,3742.10,51.44361901,7.48106709,265.49,28.76,0.39,265.53,1,-110.00,-14.00,-8.00,5.00,23.00,67.00,13177857,26
244.07,1552368243,3770.83,51.44359873,7.48065906,265.33,28.95,0.20,264.99,1,-109.00,-14.00,-5.00,4.00,24.00,67.00,13177857,26
245.07,1552368244,3799.75,51.44358128,7.48026434,264.93,28.36,-0.60,264.01,1,-109.00,-14.00,-5.00,4.00,24.00,67.00,13177857,26
246.07,1552368245,3828.19,51.44355285,7.47986641,264.54,27.90,-0.45,263.06,1,-110.00,-14.00,-5.00,4.00,22.00,67.00,13177857,26
247.07,1552368246,3856.07,51.44352572,7.47947700,264.04,27.35,-0.55,262.72,1,-110.00,-14.00,-5.00,4.00,22.00,67.00,13177857,26
248.07,1552368247,3883.33,51.44349743,7.47909045,263.47,27.05,-0.30,262.29,1,-109.00,-12.00,-4.00,7.00,23.00,67.00,13177857,26
249.07,1552368248,3910.36,51.44346746,7.47870417,262.99,26.74,-0.32,262.12,1,-109.00,-12.00,-4.00,7.00,23.00,67.00,13177857,26
250.07,1552368249,3937.10,51.44343819,7.47832340,262.56,26.52,-0.22,262.67,1,-107.00,-11.00,-3.00,6.00,23.00,67.00,13177857,26
251.06,1552368250,3963.51,51.44340813,7.47794325,262.11,26.59,0.07,263.03,1,-107.00,-11.00,-3.00,6.00,23.00,67.00,13177857,26
252.07,1552368251,3990.24,51.44337714,7.47755804,261.69,26.95,0.35,262.56,1,-106.00,-10.00,-4.00,9.00,25.00,67.00,13177857,26
253.07,1552368252,4017.16,51.44334543,7.47716070,261.11,27.33,0.38,262.10,1,-106.00,-10.00,-4.00,9.00,25.00,67.00,13177857,26
254.07,1552368253,4044.48,51.44331153,7.47676937,260.46,27.90,0.58,261.80,1,-108.00,-15.00,-4.00,5.00,26.00,67.00,13177857,26
255.07,1552368254,4072.41,51.44327426,7.47635905,259.71,28.53,0.63,261.58,1,-108.00,-15.00,-4.00,5.00,26.00,67.00,13177857,26
256.07,1552368255,4100.89,51.44323693,7.47595144,258.74,28.98,0.45,261.27,1,-106.00,-11.00,-4.00,6.00,25.00,67.00,13177857,26
257.07,1552368256,4129.84,51.44319716,7.47553855,257.77,29.04,0.06,261.18,1,-106.00,-11.00,-4.00,6.00,25.00,67.00,13177857,26
258.07,1552368257,4158.92,51.44315297,7.47513348,256.79,28.58,-0.47,260.57,1,-108.00,-11.00,-3.00,6.00,23.00,67.00,13177857,26
259.07,1552368258,4187.50,51.44310733,7.47472603,255.91,28.41,-0.17,259.73,1,-108.00,-11.00,-3.00,6.00,23.00,67.00,13177857,26
260.07,1552368259,4215.90,51.44306122,7.47433009,255.15,28.27,-0.14,259.70,1,-109.00,-11.00,-6.00,6.00,22.00,67.00,13177857,26
261.07,1552368260,4244.20,51.44301332,7.47393297,254.32,27.72,-0.54,259.77,1,-109.00,-11.00,-6.00,6.00,22.00,67.00,13177857,26
262.08,1552368261,4272.17,51.44296579,7.47354449,253.54,27.60,-0.12,260.13,1,-116.00,-18.00,-7.00,2.00,22.00,67.00,13177857,26
263.07,1552368262,4299.55,51.44291784,7.47315402,252.68,27.76,0.16,260.00,1,-116.00,-18.00,-7.00,2.00,22.00,67.00,13177857,26
264.07,1552368263,4327.32,51.44286933,7.47276028,251.85,27.97,0.21,260.15,1,-116.00,-18.00,-7.00,2.00,22.00,67.00,13177857,26
265.07,1552368264,4355.40,51.44282096,7.47236566,251.01,27.94,-0.03,259.92,1,-114.00,-16.00,-9.00,2.00,21.00,67.00,13177857,26
266.07,1552368265,4383.34,51.44277263,7.47197274,250.07,27.68,-0.26,260.04,1,-114.00,-16.00,-9.00,2.00,21.00,67.00,13177857,26
267.07,1552368266,4411.05,51.44272046,7.47158458,249.16,27.42,-0.27,259.25,1,-117.00,-16.00,-9.00,1.00,19.00,67.00,13177857,26
268.07,1552368267,4438.47,51.44267251,7.47120741,248.11,27.17,-0.24,259.40,1,-117.00,-16.00,-9.00,1.00,19.00,67.00,13177857,26
269.07,1552368268,4465.45,51.44262296,7.47081414,246.81,26.97,-0.21,259.01,1,-121.00,-16.00,-10.00,2.00,21.00,13.00,13857025,171
270.07,1552368269,4492.42,51.44257568,7.47043273,245.44,26.85,-0.12,259.41,1,-121.00,-16.00,-10.00,2.00,21.00,13.00,13857025,171
271.07,1552368270,4519.37,51.44252729,7.47006524,244.48,26.45,-0.40,258.56,1,-122.00,-19.00,-10.00,2.00,17.00,13.00,13857025,171
272.07,1552368271,4545.82,51.44248032,7.46969363,243.91,26.33,-0.12,258.62,1,-122.00,-19.00,-10.00,2.00,17.00,13.00,13857025,171
273.07,1552368272,4572.17,51.44243316,7.46932814,243.41,26.09,-0.24,258.65,1,-120.00,-19.00,-12.00,2.00,18.00,13.00,13857025,171
274.07,1552368273,4598.23,51.44238512,7.46896289,242.80,26.14,0.05,258.26,1,-120.00,-19.00,-12.00,2.00,18.00,13.00,13857025,171
275.07,1552368274,4624.29,51.44233305,7.46858980,242.14,26.26,0.13,258.16,nan,nan,nan,nan,nan,nan,nan,nan,nan
276.07,1552368275,4650.53,51.44228181,7.46821109,241.47,26.76,0.50,258.83,nan,nan,nan,nan,nan,nan,nan,nan,nan
277.07,1552368276,4677.30,51.44223158,7.46783355,240.73,26.61,-0.15,259.03,nan,nan,nan,nan,nan,nan,nan,nan,nan
278.07,1552368277,4703.93,51.44218326,7.46745983,239.96,26.30,-0.31,258.84,nan,nan,nan,nan,nan,nan,nan,nan,nan
279.07,1552368278,4730.23,51.44213976,7.46708644,239.27,26.07,-0.23,259.21,nan,nan,nan,nan,nan,nan,nan,nan,nan
280.07,1552368279,4756.28,51.44209657,7.46671998,238.59,25.77,-0.30,260.12,nan,nan,nan,nan,nan,nan,nan,nan,nan
281.07,1552368280,4782.05,51.44205598,7.46634793,238.26,25.60,-0.17,260.28,nan,nan,nan,nan,nan,nan,nan,nan,nan
282.07,1552368281,4807.65,51.44201680,7.46598956,237.93,25.20,-0.40,260.34,nan,nan,nan,nan,nan,nan,nan,nan,nan
283.08,1552368282,4833.11,51.44197935,7.46563761,237.69,24.82,-0.38,261.18,nan,nan,nan,nan,nan,nan,nan,nan,nan
284.07,1552368283,4857.71,51.44194774,7.46527869,237.60,24.66,-0.17,262.05,nan,nan,nan,nan,nan,nan,nan,nan,nan
285.07,1552368284,4882.34,51.44191688,7.46493200,237.44,24.46,-0.20,261.41,nan,nan,nan,nan,nan,nan,nan,nan,nan
286.07,1552368285,4906.82,51.44188410,7.46458028,237.33,24.62,0.17,261.75,nan,nan,nan,nan,nan,nan,nan,nan,nan
287.06,1552368286,4931.32,51.44185302,7.46422793,237.10,25.09,0.47,262.15,nan,nan,nan,nan,nan,nan,nan,nan,nan
288.07,1552368287,4956.51,51.44182172,7.46387160,236.93,25.59,0.50,262.84,nan,nan,nan,nan,nan,nan,nan,nan,nan
289.07,1552368288,4982.09,51.44179636,7.46351054,236.74,25.45,-0.14,263.55,nan,nan,nan,nan,nan,nan,nan,nan,nan
290.07,1552368289,5007.57,51.44177168,7.46314364,236.54,25.34,-0.11,263.95,nan,nan,nan,nan,nan,nan,nan,nan,nan
291.07,1552368290,5032.88,51.44174757,7.46278976,236.21,25.01,-0.33,264.43,nan,nan,nan,nan,nan,nan,nan,nan,nan
292.07,1552368291,5057.91,51.44172647,7.46243035,235.85,24.76,-0.25,264.91,nan,nan,nan,nan,nan,nan,nan,nan,nan
293.07,1552368292,5082.65,51.44170864,7.46207454,235.33,24.18,-0.58,264.81,nan,nan,nan,nan,nan,nan,nan,nan,nan
294.07,1552368293,5106.82,51.44169012,7.46171775,235.18,23.76,-0.42,264.99,nan,nan,nan,nan,nan,nan,nan,nan,nan
295.07,1552368294,5130.58,51.44167131,7.46139179,234.81,23.11,-0.65,264.91,nan,nan,nan,nan,nan,nan,nan,nan,nan
296.07,1552368295,5153.71,51.44165560,7.46107024,234.60,22.66,-0.45,265.51,nan,nan,nan,nan,nan,nan,nan,nan,nan
297.07,1552368296,5176.35,51.44164245,7.46074461,234.54,22.37,-0.29,266.00,nan,nan,nan,nan,nan,nan,nan,nan,nan
298.07,1552368297,5198.74,51.44162795,7.46041256,234.45,22.67,0.31,266.97,nan,nan,nan,nan,nan,nan,nan,nan,nan
299.07,1552368298,5221.39,51.44161623,7.46008251,234.49,22.69,0.01,267.12,nan,nan,nan,nan,nan,nan,nan,nan,nan
300.07,1552368299,5244.10,51.44160602,7.45975743,234.43,22.59,-0.10,267.45,nan,nan,nan,nan,nan,nan,nan,nan,nan
301.07,1552368300,5266.69,51.44159839,7.45943106,234.67,21.83,-0.76,268.48,nan,nan,nan,nan,nan,nan,nan,nan,nan
302.07,1552368301,5288.52,51.44159281,7.45911946,234.87,21.25,-0.58,268.34,1,-108.00,-11.00,-11.00,5.00,31.00,12.00,13857025,171
303.07,1552368302,5309.77,51.44158622,7.45881230,235.19,20.81,-0.44,268.40,1,-108.00,-11.00,-11.00,5.00,31.00,12.00,13857025,171
304.08,1552368303,5330.74,51.44158049,7.45851219,235.40,20.91,0.10,268.85,1,-108.00,-15.00,-5.00,6.00,25.00,12.00,13857025,171
305.07,1552368304,5351.52,51.44157808,7.45822164,235.25,21.30,0.40,268.94,1,-108.00,-15.00,-5.00,6.00,25.00,12.00,13857025,171
306.07,1552368305,5372.81,51.44157756,7.45790884,234.87,21.60,0.30,269.60,1,-108.00,-15.00,-5.00,6.00,25.00,12.00,13857025,171
307.07,1552368306,5394.41,51.44157860,7.45759731,234.43,22.07,0.46,270.22,1,-110.00,-13.00,0.00,6.00,23.00,12.00,13857025,171
308.07,1552368307,5416.50,51.44158073,7.45727667,233.78,22.60,0.53,270.34,1,-110.00,-13.00,0.00,6.00,23.00,12.00,13857025,171
309.07,1552368308,5439.08,51.44158195,7.45694386,232.77,23.23,0.64,270.12,1,-113.00,-13.00,-4.00,6.00,20.00,12.00,13857025,171
310.07,1552368309,5462.36,51.44158210,7.45660502,231.66,23.01,-0.22,270.03,1,-113.00,-13.00,-4.00,6.00,20.00,12.00,13857025,171
311.07,1552368310,5485.35,51.44158221,7.45628122,231.06,22.95,-0.06,270.39,1,-113.00,-13.00,-4.00,4.00,19.00,12.00,13857025,171
312.07,1552368311,5508.30,51.44158413,7.45595842,230.86,22.99,0.04,270.43,1,-113.00,-13.00,-4.00,4.00,19.00,12.00,13857025,171
313.07,1552368312,5531.27,51.44158663,7.45562146,230.21,23.00,0.00,270.54,1,-115.00,-14.00,-4.00,4.00,18.00,12.00,13857025,171
314.07,1552368313,5554.26,51.44159339,7.45529038,229.25,22.92,-0.08,270.97,1,-115.00,-14.00,-4.00,4.00,18.00,12.00,13857025,171
315.07,1552368314,5577.16,51.44160308,7.45496109,228.35,22.41,-0.51,272.43,1,-112.00,-12.00,-3.00,5.00,19.00,12.00,13857025,171
316.07,1552368315,5599.57,51.44161174,7.45465223,227.92,22.31,-0.10,272.20,1,-112.00,-12.00,-3.00,5.00,19.00,12.00,13857025,171
317.07,1552368316,5621.99,51.44161923,7.45433127,227.89,22.40,0.09,272.12,1,-109.00,-17.00,-6.00,4.00,28.00,12.00,13857025,171
318.07,1552368317,5644.39,51.44162707,7.45400578,228.14,22.49,0.09,272.65,1,-109.00,-17.00,-6.00,4.00,28.00,12.00,13857025,171
319.06,1552368318,5666.70,51.44163911,7.45368350,228.86,22.52,0.04,273.50,1,-111.00,-14.00,-6.00,4.00,23.00,12.00,13857025,171
320.07,1552368319,5689.45,51.44165684,7.45335618,229.80,22.31,-0.21,275.14,1,-111.00,-14.00,-6.00,4.00,23.00,12.00,13857025,171
321.07,1552368320,5711.76,51.44167376,7.45302840,230.80,22.32,0.01,275.13,1,-113.00,-15.00,-6.00,4.00,23.00,12.00,13857025,171
322.08,1552368321,5734.10,51.44168838,7.45270070,231.77,22.28,-0.05,275.40,1,-113.00,-15.00,-6.00,4.00,23.00,12.00,13857025,171
323.07,1552368322,5756.20,51.44170959,7.45238349,231.73,22.35,0.08,275.85,1,-111.00,-14.00,-9.00,4.00,22.00,24.00,13246978,157
324.07,1552368323,5778.58,51.44172982,7.45207228,231.60,22.14,-0.21,276.02,1,-111.00,-14.00,-9.00,4.00,22.00,24.00,13246978,157
325.07,1552368324,5800.85,51.44175371,7.45175536,231.39,22.46,0.32,276.46,1,-111.00,-16.00,-6.00,4.00,24.00,24.00,13246978,157
326.07,1552368325,5823.16,51.44177580,7.45142928,231.47,22.69,0.23,276.53,1,-111.00,-16.00,-6.00,4.00,24.00,24.00,13246978,157
327.07,1552368326,5845.84,51.44180201,7.45110431,231.50,22.30,-0.38,277.59,1,-111.00,-16.00,-6.00,4.00,24.00,24.00,13246978,157
328.07,1552368327,5868.21,51.44182696,7.45078227,231.55,22.25,-0.05,277.53,1,-115.00,-17.00,-7.00,4.00,21.00,24.00,13246978,157
329.07,1552368328,5890.49,51.44185160,7.45046598,232.06,22.26,0.01,277.39,1,-115.00,-17.00,-7.00,4.00,21.00,24.00,13246978,157
330.07,1552368329,5912.73,51.44187719,7.45015174,232.52,21.99,-0.28,277.49,1,-114.00,-14.00,-6.00,5.00,18.00,24.00,13246978,157
331.07,1552368330,5934.72,51.44190430,7.44983291,232.47,21.59,-0.40,277.99,1,-114.00,-14.00,-6.00,5.00,18.00,24.00,13246978,157
332.07,1552368331,5956.35,51.44193354,7.44952336,232.42,21.35,-0.24,278.56,1,-117.00,-17.00,-8.00,4.00,18.00,24.00,13246978,157
333.07,1552368332,5977.68,51.44196440,7.44923615,232.14,21.36,0.01,278.70,1,-117.00,-17.00,-8.00,4.00,18.00,24.00,13246978,157
334.07,1552368333,5999.08,51.44199567,7.44893840,231.65,21.33,-0.03,279.04,1,-115.00,-14.00,-7.00,5.00,17.00,24.00,13246978,157
335.07,1552368334,6020.37,51.44202812,7.44863719,231.12,21.34,0.01,279.02,1,-115.00,-14.00,-7.00,5.00,17.00,24.00,13246978,157
336.07,1552368335,6041.58,51.44205890,7.44833689,230.56,21.62,0.28,279.61,1,-114.00,-13.00,-6.00,5.00,16.00,19.00,13857027,157
337.07,1552368336,6063.22,51.44209502,7.44803303,230.03,21.98,0.36,280.22,1,-114.00,-13.00,-6.00,5.00,16.00,19.00,13857027,157
338.07,1552368337,6085.27,51.44213130,7.44771590,229.62,22.49,0.51,280.14,1,-116.00,-18.00,-8.00,4.00,19.00,19.00,13857027,173
339.07,1552368338,6107.73,51.44217040,7.44741686,229.24,22.18,-0.31,280.69,1,-116.00,-18.00,-8.00,4.00,19.00,19.00,13857027,173
340.07,1552368339,6129.87,51.44220885,7.44710048,228.94,22.25,0.07,281.08,1,-110.00,-11.00,-4.00,7.00,19.00,19.00,13857027,173
341.07,1552368340,6152.14,51.44225247,7.44679258,228.56,22.61,0.36,281.63,1,-110.00,-11.00,-4.00,7.00,19.00,19.00,13857027,173
342.07,1552368341,6174.74,51.44229641,7.44647036,228.22,23.00,0.40,281.99,1,-105.00,-10.00,-4.00,9.00,24.00,19.00,13857027,173
343.07,1552368342,6197.75,51.44234301,7.44614955,227.88,22.77,-0.23,282.92,1,-105.00,-10.00,-4.00,9.00,24.00,19.00,13857027,173
344.07,1552368343,6220.49,51.44238920,7.44582725,227.46,22.42,-0.35,282.82,1,-106.00,-10.00,6.00,7.00,23.00,19.00,13857027,173
345.07,1552368344,6242.93,51.44243253,7.44551122,227.05,22.37,-0.05,282.88,1,-106.00,-10.00,6.00,7.00,23.00,19.00,13857027,173
346.07,1552368345,6265.46,51.44247710,7.44519942,226.85,22.45,0.08,283.30,1,-105.00,-10.00,4.00,10.00,24.00,19.00,13857027,173
347.07,1552368346,6287.76,51.44252192,7.44488186,226.69,22.95,0.50,283.56,1,-105.00,-10.00,4.00,10.00,24.00,19.00,13857027,173
348.07,1552368347,6310.71,51.44256884,7.44454989,226.67,23.27,0.31,283.09,1,-105.00,-10.00,4.00,10.00,24.00,19.00,13857027,173
349.07,1552368348,6333.96,51.44261531,7.44421725,226.76,23.31,0.04,283.41,1,-106.00,-10.00,1.00,8.00,23.00,19.00,13857027,173
350.07,1552368349,6357.29,51.44266682,7.44388468,227.02,23.52,0.21,284.01,1,-106.00,-10.00,1.00,8.00,23.00,19.00,13857027,173
351.07,1552368350,6380.79,51.44272021,7.44354509,227.13,23.57,0.05,284.15,1,-105.00,-11.00,-4.00,4.00,25.00,19.00,13857027,173
352.07,1552368351,6404.38,51.44276865,7.44321138,227.25,23.51,-0.06,284.42,1,-105.00,-11.00,-4.00,4.00,25.00,19.00,13857027,173
353.07,1552368352,6427.92,51.44281932,7.44287772,227.42,23.69,0.18,284.36,1,-106.00,-13.00,-2.00,5.00,24.00,19.00,13857027,173
354.07,1552368353,6451.63,51.44287262,7.44254441,227.58,24.02,0.33,284.87,1,-106.00,-13.00,-2.00,5.00,24.00,19.00,13857027,173
355.07,1552368354,6475.60,51.44292930,7.44221235,227.31,23.90,-0.12,285.48,1,-108.00,-15.00,-4.00,4.00,27.00,19.00,13857027,173
356.07,1552368355,6499.52,51.44299103,7.44187473,226.64,23.93,0.03,286.31,1,-108.00,-15.00,-4.00,4.00,27.00,19.00,13857027,173
357.07,1552368356,6523.57,51.44305582,7.44155108,225.62,23.95,0.03,286.90,1,-111.00,-17.00,-7.00,4.00,26.00,19.00,13857027,173
358.07,1552368357,6547.52,51.44311826,7.44122948,224.44,23.92,-0.03,287.19,1,-111.00,-17.00,-7.00,4.00,26.00,19.00,13857027,173
359.07,1552368358,6571.30,51.44318215,7.44090085,223.39,23.88,-0.04,287.65,1,-106.00,-13.00,-8.00,5.00,25.00,26.00,13246978,157
360.07,1552368359,6595.18,51.44324717,7.44058538,222.18,23.82,-0.06,287.86,1,-106.00,-13.00,-8.00,5.00,25.00,26.00,13246978,157
361.07,1552368360,6619.00,51.44331651,7.44026465,221.18,24.15,0.33,287.93,1,-106.00,-9.00,1.00,6.00,23.00,26.00,13246978,157
362.07,1552368361,6643.15,51.44338512,7.43992744,220.11,24.25,0.10,288.19,1,-106.00,-9.00,1.00,6.00,23.00,26.00,13246978,157
363.07,1552368362,6667.40,51.44345670,7.43960031,219.00,24.13,-0.12,288.94,1,-105.00,-9.00,8.00,7.00,25.00,26.00,13246978,157
364.07,1552368363,6691.54,51.44352697,7.43927027,218.02,24.09,-0.05,289.34,1,-105.00,-9.00,8.00,7.00,25.00,26.00,13246978,157
365.07,1552368364,6715.60,51.44359795,7.43895327,217.23,23.87,-0.22,289.41,1,-107.00,-11.00,8.00,7.00,26.00,26.00,13246978,157
366.07,1552368365,6739.47,51.44366735,7.43862795,216.39,23.71,-0.16,289.71,1,-107.00,-11.00,8.00,7.00,26.00,26.00,13246978,157
367.07,1552368366,6763.35,51.44373656,7.43830366,215.58,23.74,0.03,289.72,1,-104.00,-8.00,22.00,11.00,24.00,26.00,13246978,157
368.07,1552368367,6786.93,51.44380995,7.43798298,214.82,23.69,-0.05,290.19,1,-104.00,-8.00,22.00,11.00,24.00,26.00,13246978,157
369.07,1552368368,6810.61,51.44388353,7.43766235,214.04,23.80,0.11,290.88,1,-104.00,-8.00,22.00,11.00,24.00,26.00,13246978,157
370.07,1552368369,6834.42,51.44395867,7.43734004,213.25,23.83,0.03,290.89,1,-103.00,-8.00,11.00,5.00,25.00,26.00,13246978,157
371.07,1552368370,6858.25,51.44403927,7.43702208,212.57,24.37,0.54,291.30,1,-103.00,-8.00,11.00,5.00,25.00,26.00,13246978,157
372.07,1552368371,6882.62,51.44412245,7.43670010,211.91,24.59,0.22,291.42,1,-104.00,-8.00,11.00,11.00,25.00,26.00,13246978,157
373.07,1552368372,6907.21,51.44421059,7.43638222,211.25,24.55,-0.05,292.65,1,-104.00,-8.00,11.00,11.00,25.00,26.00,13246978,157
374.07,1552368373,6931.76,51.44430197,7.43605314,210.53,24.55,0.01,292.39,1,-105.00,-7.00,10.00,6.00,22.00,26.00,13246978,157
375.07,1552368374,6956.31,51.44438782,7.43573230,209.42,24.75,0.20,291.84,1,-105.00,-7.00,10.00,6.00,22.00,26.00,13246978,157
376.07,1552368375,6981.06,51.44447314,7.43541572,208.36,24.53,-0.22,293.23,1,-105.00,-15.00,8.00,6.00,27.00,26.00,13246978,157
377.07,1552368376,7005.62,51.44455910,7.43509399,207.24,24.29,-0.24,293.35,1,-105.00,-15.00,8.00,6.00,27.00,26.00,13246978,157
378.07,1552368377,7029.98,51.44465159,7.43479062,206.41,24.11,-0.18,295.05,1,-109.00,-15.00,-2.00,4.00,26.00,26.00,13246978,157
379.07,1552368378,7054.08,51.44474860,7.43447453,205.82,24.02,-0.08,294.50,1,-109.00,-15.00,-2.00,4.00,26.00,26.00,13246978,157
380.07,1552368379,7078.10,51.44484695,7.43414324,205.60,24.03,0.01,295.74,1,-114.00,-15.00,-3.00,4.00,20.00,66.00,13081346,157
381.07,1552368380,7102.13,51.44494427,7.43383697,205.24,24.15,0.12,296.12,1,-114.00,-15.00,-3.00,4.00,20.00,66.00,13081346,157
382.07,1552368381,7126.26,51.44504729,7.43353639,204.65,24.26,0.11,297.97,1,-110.00,-11.00,-5.00,6.00,24.00,34.00,13395457,111
383.07,1552368382,7150.49,51.44515187,7.43322980,203.89,24.19,-0.07,298.32,1,-110.00,-11.00,-5.00,6.00,24.00,34.00,13395457,111
384.07,1552368383,7174.68,51.44525792,7.43293507,202.97,24.10,-0.09,299.32,1,-110.00,-11.00,4.00,6.00,21.00,34.00,13395457,111
385.07,1552368384,7198.78,51.44536770,7.43264276,202.11,24.35,0.26,300.38,1,-110.00,-11.00,4.00,6.00,21.00,34.00,13395457,111
386.07,1552368385,7223.11,51.44548100,7.43234228,201.44,24.49,0.13,300.79,1,-100.00,-17.00,-2.00,5.00,36.00,34.00,13395457,111
387.07,1552368386,7247.57,51.44559929,7.43203801,201.00,24.38,-0.11,302.18,1,-100.00,-17.00,-2.00,5.00,36.00,34.00,13395457,111
388.07,1552368387,7272.14,51.44571574,7.43173855,200.64,24.38,0.00,302.86,1,-104.00,-13.00,9.00,10.00,28.00,34.00,13395457,111
389.07,1552368388,7296.35,51.44583915,7.43143735,200.59,25.21,0.84,303.46,1,-104.00,-13.00,9.00,10.00,28.00,34.00,13395457,111
390.07,1552368389,7321.54,51.44596864,7.43112447,200.14,26.55,1.34,303.65,1,-104.00,-13.00,9.00,10.00,28.00,34.00,13395457,111
391.07,1552368390,7348.12,51.44610326,7.43080333,199.83,27.39,0.83,304.15,1,-104.00,-10.00,7.00,8.00,25.00,34.00,13395457,111
392.07,1552368391,7375.50,51.44625445,7.43047812,199.21,28.11,0.73,306.49,1,-104.00,-10.00,7.00,8.00,25.00,34.00,13395457,111
393.07,1552368392,7403.59,51.44641457,7.43016435,198.63,28.84,0.73,308.77,1,-100.00,-8.00,11.00,9.00,26.00,34.00,13395457,111
394.07,1552368393,7432.43,51.44658949,7.42983496,197.54,29.91,1.07,310.36,1,-100.00,-8.00,11.00,9.00,26.00,34.00,13395457,111
395.07,1552368394,7462.34,51.44676800,7.42951301,196.48,30.37,0.46,312.34,1,-96.00,-7.00,12.00,15.00,26.00,34.00,13395457,111
396.07,1552368395,7492.74,51.44695566,7.42917567,195.46,30.82,0.45,312.52,1,-96.00,-7.00,12.00,15.00,26.00,34.00,13395457,111
397.07,1552368396,7523.49,51.44715295,7.42884148,194.57,31.78,0.96,313.91,1,-99.00,-11.00,5.00,15.00,26.00,34.00,13395457,111
398.07,1552368397,7555.30,51.44735802,7.42851057,193.92,32.15,0.37,314.96,1,-99.00,-11.00,5.00,15.00,26.00,34.00,13395457,111
399.07,1552368398,7587.45,51.44756879,7.42817880,193.39,32.00,-0.14,315.96,1,-102.00,-7.00,7.00,9.00,24.00,34.00,13395457,111
400.07,1552368399,7619.45,51.44777854,7.42786921,192.77,31.60,-0.41,316.99,1,-102.00,-7.00,7.00,9.00,24.00,34.00,13395457,111
401.07,1552368400,7651.05,51.44799001,7.42757820,192.01,31.14,-0.46,319.13,1,-98.00,-7.00,13.00,10.00,25.00,34.00,13395457,111
402.07,1552368401,7682.25,51.44820216,7.42730373,191.10,30.85,-0.28,321.19,1,-98.00,-7.00,13.00,10.00,25.00,34.00,13395457,111
403.07,1552368402,7713.07,51.44842877,7.42702834,190.39,31.15,0.30,322.67,1,-101.00,-7.00,7.00,11.00,26.00,34.00,13395457,111
404.07,1552368403,7744.19,51.44863507,7.42677245,189.21,30.23,-0.93,323.05,1,-101.00,-7.00,7.00,11.00,26.00,34.00,13395457,111
405.07,1552368404,7774.42,51.44885555,7.42651902,187.99,30.45,0.23,324.38,1,-100.00,-9.00,25.00,13.00,25.00,34.00,13395457,111
406.07,1552368405,7804.88,51.44909023,7.42626544,186.73,30.98,0.52,325.85,1,-100.00,-9.00,25.00,13.00,25.00,34.00,13395457,111
407.07,1552368406,7835.85,51.44931462,7.42603048,184.92,31.58,0.61,327.24,1,-99.00,-10.00,13.00,11.00,27.00,34.00,13395457,111
408.07,1552368407,7867.44,51.44956761,7.42579111,183.44,31.33,-0.26,329.10,1,-99.00,-10.00,13.00,11.00,27.00,34.00,13395457,111
409.07,1552368408,7898.77,51.44981238,7.42556203,182.33,31.38,0.05,329.98,1,-98.00,-7.00,10.00,8.00,25.00,34.00,13395457,111
410.07,1552368409,7930.15,51.45006340,7.42534763,181.48,31.82,0.44,331.48,1,-98.00,-7.00,10.00,8.00,25.00,34.00,13395457,111
411.07,1552368410,7962.19,51.45032675,7.42513341,180.66,32.17,0.35,332.67,1,-100.00,-7.00,11.00,14.00,25.00,34.00,13395457,111
412.07,1552368411,7994.13,51.45058570,7.42492505,180.45,32.09,-0.09,333.64,1,-100.00,-7.00,11.00,14.00,25.00,34.00,13395457,111
413.07,1552368412,8026.22,51.45084986,7.42473451,180.07,31.97,-0.11,335.94,1,-100.00,-7.00,11.00,14.00,25.00,34.00,13395457,111
414.07,1552368413,8058.22,51.45111663,7.42455227,179.87,31.62,-0.35,337.23,1,-93.00,-7.00,14.00,8.00,32.00,34.00,13395457,111
415.07,1552368414,8089.82,51.45138384,7.42437907,179.35,31.58,-0.04,338.35,1,-93.00,-7.00,14.00,8.00,32.00,34.00,13395457,111
416.07,1552368415,8121.40,51.45165059,7.42422136,179.20,31.13,-0.45,339.77,1,-94.00,-7.00,8.00,8.00,32.00,34.00,13395457,111
417.07,1552368416,8152.56,51.45191370,7.42406691,178.94,31.13,-0.00,340.73,1,-94.00,-7.00,8.00,8.00,32.00,34.00,13395457,111
418.07,1552368417,8183.82,51.45217152,7.42392607,178.56,31.22,0.09,341.07,1,-97.00,-9.00,10.00,11.00,30.00,34.00,13395457,111
419.07,1552368418,8215.01,51.45242759,7.42378823,177.39,31.00,-0.23,341.61,1,-97.00,-9.00,10.00,11.00,30.00,34.00,13395457,111
420.07,1552368419,8245.98,51.45268926,7.42366490,176.05,31.48,0.49,343.19,1,-96.00,-10.00,-5.00,6.00,35.00,34.00,13395457,111
421.07,1552368420,8277.42,51.45296207,7.42353412,174.97,31.72,0.24,343.12,1,-96.00,-10.00,-5.00,6.00,35.00,34.00,13395457,111
422.07,1552368421,8309.05,51.45323328,7.42340317,173.84,32.09,0.38,343.51,1,-87.00,-6.00,2.00,6.00,42.00,15.00,13523459,175
423.07,1552368422,8341.17,51.45350738,7.42327173,172.84,32.35,0.26,343.80,1,-87.00,-6.00,2.00,6.00,42.00,15.00,13523459,175
424.07,1552368423,8373.52,51.45378747,7.42314245,171.78,32.50,0.15,343.99,1,-91.00,-7.00,7.00,9.00,35.00,15.00,13523459,175
425.07,1552368424,8406.03,51.45407133,7.42301439,170.46,32.75,0.25,344.18,1,-91.00,-7.00,7.00,9.00,35.00,15.00,13523459,175
426.07,1552368425,8438.81,51.45435658,7.42288559,169.11,33.16,0.41,343.79,1,-91.00,-6.00,10.00,10.00,33.00,15.00,13523459,175
427.07,1552368426,8471.94,51.45464176,7.42275628,167.79,33.23,0.07,343.64,1,-91.00,-6.00,10.00,10.00,33.00,15.00,13523459,175
428.07,1552368427,8505.20,51.45493140,7.42262286,166.53,33.41,0.18,343.32,1,-88.00,-7.00,11.00,9.00,38.00,15.00,13523459,175
429.07,1552368428,8538.61,51.45522319,7.42248696,165.38,33.67,0.26,342.98,1,-88.00,-7.00,11.00,9.00,38.00,15.00,13523459,175
430.07,1552368429,8572.32,51.45551372,7.42235215,164.34,34.03,0.35,342.39,1,-88.00,-6.00,0.00,12.00,39.00,15.00,13523459,175
431.07,1552368430,8606.28,51.45581395,7.42219862,163.18,34.31,0.28,341.69,1,-88.00,-6.00,0.00,12.00,39.00,15.00,13523459,175
432.07,1552368431,8640.62,51.45610915,7.42204329,162.17,34.56,0.25,340.99,1,-87.00,-6.00,12.00,10.00,39.00,15.00,13523459,175
433.07,1552368432,8675.17,51.45640508,7.42187779,161.15,34.83,0.28,340.54,1,-87.00,-6.00,12.00,10.00,39.00,15.00,13523459,175
434.08,1552368433,8710.32,51.45669249,7.42170140,160.34,35.10,0.27,338.87,1,-94.00,-10.00,1.00,9.00,38.00,15.00,13523459,175
435.07,1552368434,8745.14,51.45698122,7.42151259,159.74,35.31,0.20,337.59,1,-94.00,-10.00,1.00,9.00,38.00,15.00,13523459,175
436.07,1552368435,8780.52,51.45726982,7.42132313,159.12,35.50,0.19,336.69,1,-94.00,-10.00,1.00,9.00,38.00,15.00,13523459,175
437.07,1552368436,8815.95,51.45756871,7.42111038,158.66,35.70,0.20,335.70,1,-90.00,-8.00,11.00,9.00,36.00,15.00,13523459,175
438.07,1552368437,8851.61,51.45786541,7.42089738,158.37,35.72,0.03,334.77,1,-90.00,-8.00,11.00,9.00,36.00,15.00,13523459,175
439.06,1552368438,8887.15,51.45815417,7.42066886,158.14,35.53,-0.19,333.46,1,-86.00,-6.00,7.00,13.00,39.00,15.00,13523459,175
440.07,1552368439,8922.86,51.45843916,7.42044031,157.90,35.67,0.14,332.71,1,-86.00,-6.00,7.00,13.00,39.00,15.00,13523459,175
441.07,1552368440,8958.54,51.45872343,7.42019549,157.58,35.89,0.22,331.69,1,-88.00,-8.00,7.00,8.00,38.00,15.00,13523459,175
442.07,1552368441,8994.40,51.45899745,7.41995486,156.72,36.14,0.24,330.69,1,-88.00,-8.00,7.00,8.00,38.00,15.00,13523459,175
443.07,1552368442,9030.57,51.45927338,7.41970048,155.74,35.65,-0.49,329.64,1,-92.00,-8.00,2.00,9.00,36.00,15.00,13523459,175
444.07,1552368443,9066.18,51.45954729,7.41943617,154.77,35.36,-0.29,328.39,1,-92.00,-8.00,2.00,9.00,36.00,15.00,13523459,175
445.07,1552368444,9101.54,51.45981695,7.41917148,153.94,35.55,0.18,327.50,1,-88.00,-8.00,5.00,11.00,39.00,15.00,13523459,175
446.07,1552368445,9137.09,51.46008130,7.41888969,153.28,35.78,0.24,326.32,1,-88.00,-8.00,5.00,11.00,39.00,15.00,13523459,175
447.07,1552368446,9172.98,51.46034449,7.41859910,152.70,35.58,-0.21,325.23,1,-88.00,-6.00,1.00,9.00,38.00,15.00,13523459,175
448.07,1552368447,9208.44,51.46060016,7.41831182,152.41,35.06,-0.52,324.39,1,-88.00,-6.00,1.00,9.00,38.00,15.00,13523459,175
449.07,1552368448,9243.50,51.46085791,7.41801173,151.93,34.96,-0.09,323.55,1,-87.00,-7.00,1.00,6.00,40.00,9.00,13395457,111
450.07,1552368449,9278.50,51.46110995,7.41770539,151.34,35.04,0.08,322.44,1,-87.00,-7.00,1.00,6.00,40.00,9.00,13395457,111
451.07,1552368450,9313.51,51.46135842,7.41739207,150.84,35.17,0.12,321.37,1,-87.00,-8.00,9.00,5.00,40.00,9.00,13395457,111
452.07,1552368451,9348.71,51.46160221,7.41708137,150.67,35.23,0.06,320.40,1,-87.00,-8.00,9.00,5.00,40.00,9.00,13395457,111
453.07,1552368452,9383.91,51.46184554,7.41674914,150.45,35.32,0.09,319.39,1,-86.00,-7.00,10.00,11.00,41.00,9.00,13395457,111
454.07,1552368453,9419.26,51.46208669,7.41641772,150.42,35.42,0.10,318.58,1,-86.00,-7.00,10.00,11.00,41.00,9.00,13395457,111
455.08,1552368454,9454.97,51.46232431,7.41607083,150.42,35.65,0.23,317.30,1,-82.00,-6.00,10.00,10.00,45.00,9.00,13395457,111
456.07,1552368455,9490.30,51.46256106,7.41572111,150.43,35.83,0.18,316.31,1,-82.00,-6.00,10.00,10.00,45.00,9.00,13395457,111
457.07,1552368456,9526.16,51.46278811,7.41536044,150.56,35.95,0.12,315.38,1,-82.00,-6.00,10.00,10.00,45.00,9.00,13395457,111
458.07,1552368457,9562.14,51.46301032,7.41500203,150.78,36.02,0.08,314.49,1,-85.00,-8.00,12.00,15.00,44.00,9.00,13395457,111
459.07,1552368458,9598.16,51.46323023,7.41462275,150.90,36.28,0.26,313.45,1,-85.00,-8.00,12.00,15.00,44.00,9.00,13395457,111
460.07,1552368459,9634.41,51.46345954,7.41422826,150.91,36.31,0.03,312.44,1,-85.00,-7.00,16.00,9.00,43.00,9.00,13395457,111
461.07,1552368460,9670.72,51.46368678,7.41383850,150.95,36.52,0.20,311.51,1,-85.00,-7.00,16.00,9.00,43.00,9.00,13395457,111
462.07,1552368461,9707.28,51.46391098,7.41343126,151.32,36.73,0.21,311.04,1,-90.00,-9.00,3.00,10.00,40.00,9.00,13395457,111
463.07,1552368462,9744.00,51.46413370,7.41302265,152.14,36.78,0.06,310.18,1,-90.00,-9.00,3.00,10.00,40.00,9.00,13395457,111
464.07,1552368463,9780.75,51.46434684,7.41261025,153.15,36.88,0.10,309.70,1,-84.00,-8.00,16.00,6.00,43.00,4.00,13395458,112
465.07,1552368464,9817.63,51.46455358,7.41220299,153.96,37.00,0.12,309.14,1,-84.00,-8.00,16.00,6.00,43.00,4.00,13395458,112
466.07,1552368465,9854.62,51.46475837,7.41180095,154.43,36.46,-0.53,308.88,1,-71.00,-5.00,37.00,11.00,55.00,4.00,13395458,112
467.07,1552368466,9891.09,51.46495870,7.41138984,154.95,35.81,-0.65,308.44,1,-71.00,-5.00,37.00,11.00,55.00,4.00,13395458,112
468.07,1552368467,9926.90,51.46515781,7.41098142,155.50,35.81,-0.00,308.42,1,-83.00,-5.00,13.00,11.00,41.00,4.00,13395458,112
469.07,1552368468,9962.70,51.46535299,7.41057867,155.86,35.42,-0.38,308.33,1,-83.00,-5.00,13.00,11.00,41.00,4.00,13395458,112
470.07,1552368469,9998.16,51.46554183,7.41018840,156.26,34.62,-0.80,308.22,1,-87.00,-6.00,16.00,10.00,39.00,4.00,13395458,112
471.07,1552368470,10032.75,51.46573049,7.40979922,156.54,34.21,-0.42,308.08,1,-87.00,-6.00,16.00,10.00,39.00,4.00,13395458,112
472.07,1552368471,10066.92,51.46592236,7.40940740,156.88,34.16,-0.05,308.07,1,-70.00,-5.00,30.00,12.00,56.00,4.00,13395458,112
473.07,1552368472,10101.09,51.46611146,7.40902158,157.34,33.98,-0.18,308.33,1,-70.00,-5.00,30.00,12.00,56.00,4.00,13395458,112
474.06,1552368473,10134.93,51.46630051,7.40863621,157.50,33.63,-0.35,308.55,1,-81.00,-6.00,22.00,15.00,44.00,4.00,13395458,112
475.07,1552368474,10168.73,51.46648929,7.40825449,157.66,33.38,-0.25,308.44,1,-81.00,-6.00,22.00,15.00,44.00,4.00,13395458,112
476.08,1552368475,10202.45,51.46666997,7.40788474,157.60,32.98,-0.39,308.65,1,-86.00,-6.00,8.00,11.00,39.00,4.00,13395458,112
477.07,1552368476,10235.13,51.46685133,7.40751616,157.43,32.58,-0.40,308.94,1,-86.00,-6.00,8.00,11.00,39.00,4.00,13395458,112
478.07,1552368477,10267.68,51.46703330,7.40715072,157.38,32.38,-0.20,309.25,1,-86.00,-6.00,8.00,11.00,39.00,4.00,13395458,112
479.07,1552368478,10300.09,51.46721954,7.40679273,157.43,32.16,-0.22,309.73,1,-80.00,-5.00,16.00,15.00,44.00,4.00,13395458,112
480.07,1552368479,10332.25,51.46740292,7.40643847,157.56,32.01,-0.15,310.01,1,-80.00,-5.00,16.00,15.00,44.00,4.00,13395458,112
481.07,1552368480,10364.23,51.46758542,7.40608616,157.70,31.97,-0.04,310.13,1,-80.00,-6.00,32.00,15.00,46.00,4.00,13395458,112
482.07,1552368481,10396.20,51.46776925,7.40573317,157.63,31.92,-0.05,310.51,1,-80.00,-6.00,32.00,15.00,46.00,4.00,13395458,112
483.07,1552368482,10428.12,51.46794830,7.40539506,157.51,31.97,0.05,310.71,1,-81.00,-5.00,16.00,11.00,44.00,4.00,13395458,112
484.07,1552368483,10460.12,51.46814160,7.40504948,157.27,32.40,0.43,311.40,1,-81.00,-5.00,16.00,11.00,44.00,4.00,13395458,112
485.07,1552368484,10492.49,51.46833983,7.40469798,157.06,32.67,0.27,312.18,1,-80.00,-5.00,20.00,11.00,46.00,4.00,13395458,112
486.07,1552368485,10525.17,51.46854411,7.40435226,157.23,33.06,0.39,313.42,1,-80.00,-5.00,20.00,11.00,46.00,4.00,13395458,112
487.07,1552368486,10558.20,51.46875441,7.40401105,157.75,33.40,0.34,314.64,1,-83.00,-7.00,19.00,15.00,42.00,4.00,13395458,112
488.07,1552368487,10591.63,51.46896315,7.40367561,158.38,33.12,-0.28,314.83,1,-83.00,-7.00,19.00,15.00,42.00,4.00,13395458,112
489.07,1552368488,10624.78,51.46916802,7.40334159,159.30,32.51,-0.61,314.60,1,-85.00,-8.00,10.00,12.00,40.00,4.00,13395458,112
490.07,1552368489,10657.30,51.46937664,7.40300381,160.64,31.59,-0.92,314.18,1,-85.00,-8.00,10.00,12.00,40.00,4.00,13395458,112
491.07,1552368490,10688.86,51.46958028,7.40267173,161.90,31.32,-0.27,314.54,1,-87.00,-5.00,3.00,6.00,37.00,18.00,13022465,205
492.07,1552368491,10720.15,51.46977990,7.40234391,163.15,31.10,-0.22,314.88,1,-87.00,-5.00,3.00,6.00,37.00,18.00,13022465,205
493.07,1552368492,10751.25,51.46997732,7.40202382,164.40,30.80,-0.31,315.06,1,-89.00,-9.00,9.00,15.00,42.00,18.00,13022465,205
494.07,1552368493,10782.05,51.47016624,7.40171573,165.24,30.66,-0.14,315.46,1,-89.00,-9.00,9.00,15.00,42.00,18.00,13022465,205
495.07,1552368494,10812.71,51.47035702,7.40140938,165.81,30.80,0.13,315.63,1,-89.00,-6.00,11.00,15.00,35.00,18.00,13022465,205
496.07,1552368495,10843.51,51.47055532,7.40109468,166.15,30.77,-0.02,315.61,1,-89.00,-6.00,11.00,15.00,35.00,18.00,13022465,205
497.08,1552368496,10874.56,51.47076162,7.40078245,166.41,31.13,0.36,316.18,1,-89.00,-7.00,12.00,15.00,35.00,18.00,13022465,205
498.07,1552368497,10905.38,51.47096288,7.40047655,166.67,31.19,0.06,316.57,1,-89.00,-7.00,12.00,15.00,35.00,18.00,13022465,205
499.07,1552368498,10936.61,51.47115866,7.40017649,167.10,31.32,0.13,317.04,1,-89.00,-7.00,12.00,15.00,35.00,18.00,13022465,205
500.07,1552368499,10967.93,51.47136590,7.39987950,167.72,31.54,0.22,317.54,1,-90.00,-6.00,5.00,15.00,34.00,18.00,13022465,205
501.07,1552368500,10999.47,51.47158180,7.39956421,168.60,31.66,0.12,317.78,1,-90.00,-6.00,5.00,15.00,34.00,18.00,13022465,205
502.07,1552368501,11031.13,51.47179342,7.39925475,169.51,31.70,0.03,317.95,1,-90.00,-9.00,11.00,11.00,40.00,18.00,13022465,205
503.07,1552368502,11062.83,51.47200579,7.39895454,169.92,31.57,-0.13,318.83,1,-90.00,-9.00,11.00,11.00,40.00,18.00,13022465,205
504.07,1552368503,11094.39,51.47220930,7.39866688,170.54,30.64,-0.93,319.08,1,-88.00,-5.00,13.00,11.00,34.00,18.00,13022465,205
505.07,1552368504,11125.00,51.47241337,7.39837700,170.82,30.49,-0.15,319.48,1,-88.00,-5.00,13.00,11.00,34.00,18.00,13022465,205
506.07,1552368505,11155.48,51.47262180,7.39808581,171.18,30.36,-0.13,319.26,1,-89.00,-5.00,8.00,12.00,33.00,18.00,13022465,205
507.07,1552368506,11185.87,51.47283442,7.39779852,171.86,30.90,0.54,319.83,1,-89.00,-5.00,8.00,12.00,33.00,18.00,13022465,205
508.06,1552368507,11216.68,51.47304567,7.39751264,172.49,30.91,0.01,320.31,1,-86.00,-8.00,13.00,15.00,37.00,18.00,13022465,205
509.07,1552368508,11247.68,51.47326049,7.39722235,172.87,30.91,-0.00,320.56,1,-86.00,-8.00,13.00,15.00,37.00,18.00,13022465,205
510.07,1552368509,11278.55,51.47347880,7.39694143,172.74,31.17,0.27,320.89,1,-83.00,-6.00,12.00,13.00,37.00,18.00,13022465,205
511.07,1552368510,11309.76,51.47369563,7.39666091,172.59,31.24,0.06,321.17,1,-83.00,-6.00,12.00,13.00,37.00,18.00,13022465,205
512.07,1552368511,11340.96,51.47391585,7.39637604,172.65,30.78,-0.46,321.23,1,-87.00,-9.00,13.00,15.00,37.00,18.00,13022465,205
513.07,1552368512,11371.77,51.47412696,7.39612038,172.90,29.59,-1.19,322.29,1,-87.00,-9.00,13.00,15.00,37.00,18.00,13022465,205
514.07,1552368513,11401.36,51.47434754,7.39586394,173.31,29.08,-0.51,323.44,1,-82.00,-6.00,13.00,15.00,40.00,18.00,13022465,205
515.07,1552368514,11430.44,51.47455969,7.39561384,173.88,28.77,-0.31,323.94,1,-82.00,-6.00,13.00,15.00,40.00,18.00,13022465,205
516.07,1552368515,11459.21,51.47476861,7.39538045,174.46,28.59,-0.17,324.96,1,-77.00,-5.00,25.00,15.00,46.00,18.00,13022465,205
517.07,1552368516,11487.80,51.47498287,7.39515371,174.96,28.52,-0.07,327.13,1,-77.00,-5.00,25.00,15.00,46.00,18.00,13022465,205
518.07,1552368517,11516.52,51.47520326,7.39493595,175.57,28.29,-0.23,329.14,1,-77.00,-7.00,19.00,13.00,47.00,18.00,13022465,205
519.07,1552368518,11544.61,51.47542661,7.39472389,176.27,27.96,-0.33,329.15,1,-77.00,-7.00,19.00,13.00,47.00,18.00,13022465,205
520.07,1552368519,11572.57,51.47564676,7.39451807,176.92,28.55,0.59,330.19,1,-77.00,-7.00,19.00,13.00,47.00,18.00,13022465,205
521.07,1552368520,11601.09,51.47585688,7.39432134,177.62,27.52,-1.03,330.01,1,-70.00,-6.00,22.00,15.00,56.00,18.00,13022465,205
522.07,1552368521,11628.61,51.47607580,7.39411936,178.41,27.11,-0.41,330.30,1,-70.00,-6.00,22.00,15.00,56.00,18.00,13022465,205
523.07,1552368522,11655.75,51.47629254,7.39393855,179.14,26.43,-0.68,332.66,1,-74.00,-7.00,25.00,11.00,56.00,18.00,13022465,205
524.07,1552368523,11682.19,51.47649801,7.39376683,179.49,25.83,-0.60,333.65,1,-74.00,-7.00,25.00,11.00,56.00,18.00,13022465,205
525.07,1552368524,11707.99,51.47670218,7.39360847,179.52,25.55,-0.28,334.62,1,-69.00,-5.00,30.00,11.00,57.00,18.00,13022465,205
526.07,1552368525,11733.57,51.47690440,7.39345846,179.48,24.30,-1.25,335.67,1,-69.00,-5.00,30.00,11.00,57.00,18.00,13022465,205
527.07,1552368526,11757.87,51.47709792,7.39332443,179.65,22.70,-1.60,337.20,1,-69.00,-7.00,24.00,15.00,55.00,18.00,13022465,205
528.07,1552368527,11780.57,51.47728126,7.39321244,180.00,21.01,-1.69,340.05,1,-69.00,-7.00,24.00,15.00,55.00,18.00,13022465,205
529.07,1552368528,11801.58,51.47744559,7.39313293,180.43,19.10,-1.91,344.10,1,-67.00,-6.00,28.00,15.00,59.00,18.00,13022465,205
530.07,1552368529,11820.68,51.47761257,7.39306504,180.59,18.66,-0.44,345.34,1,-67.00,-6.00,28.00,15.00,59.00,18.00,13022465,205
531.07,1552368530,11839.34,51.47776718,7.39301684,180.67,18.15,-0.51,348.37,1,-73.00,-6.00,29.00,15.00,53.00,18.00,13022465,205
532.07,1552368531,11857.49,51.47793385,7.39302020,180.84,17.76,-0.39,1.11,1,-73.00,-6.00,29.00,15.00,53.00,18.00,13022465,205
533.07,1552368532,11875.28,51.47808378,7.39303601,181.02,17.02,-0.73,2.97,1,-55.00,-9.00,30.00,15.00,63.00,18.00,13022465,205
534.07,1552368533,11892.29,51.47825082,7.39306582,180.56,16.66,-0.36,6.16,1,-55.00,-9.00,30.00,15.00,63.00,18.00,13022465,205
535.07,1552368534,11908.94,51.47838209,7.39314305,180.00,15.77,-0.89,19.08,1,-75.00,-5.00,26.00,15.00,51.00,18.00,13022465,205
536.07,1552368535,11924.71,51.47851786,7.39322602,179.55,15.35,-0.42,21.23,1,-75.00,-5.00,26.00,15.00,51.00,18.00,13022465,205
537.07,1552368536,11940.04,51.47864415,7.39332635,179.64,15.13,-0.22,24.93,1,-71.00,-8.00,19.00,15.00,62.00,18.00,13022465,205
538.07,1552368537,11955.19,51.47876080,7.39343338,180.13,14.85,-0.27,27.52,1,-71.00,-8.00,19.00,15.00,62.00,18.00,13022465,205
539.08,1552368538,11970.17,51.47886189,7.39354059,180.84,13.90,-0.95,30.20,1,-82.00,-7.00,17.00,9.00,46.00,18.00,13022465,205
540.07,1552368539,11983.96,51.47896535,7.39365026,181.41,12.06,-1.85,30.92,1,-82.00,-7.00,17.00,9.00,46.00,18.00,13022465,205
541.07,1552368540,11996.02,51.47906102,7.39374667,181.58,12.37,0.30,28.27,1,-82.00,-7.00,17.00,9.00,46.00,18.00,13022465,205
542.07,1552368541,12008.39,51.47917460,7.39380567,182.09,12.16,-0.21,13.46,1,-82.00,-6.00,21.00,9.00,44.00,18.00,13022465,205
543.07,1552368542,12020.53,51.47928714,7.39384266,182.49,12.10,-0.06,9.62,1,-82.00,-6.00,21.00,9.00,44.00,18.00,13022465,205
544.07,1552368543,12032.66,51.47938834,7.39381660,182.87,12.61,0.51,349.85,1,-83.00,-7.00,17.00,15.00,45.00,18.00,13022465,205
545.07,1552368544,12045.26,51.47948505,7.39377970,183.08,13.12,0.51,346.55,1,-83.00,-7.00,17.00,15.00,45.00,18.00,13022465,205
546.07,1552368545,12058.37,51.47959890,7.39372390,183.33,13.55,0.43,342.53,1,-89.00,-7.00,6.00,14.00,38.00,18.00,13022465,205
547.07,1552368546,12071.92,51.47970576,7.39365327,183.61,12.73,-0.82,339.31,1,-89.00,-7.00,6.00,14.00,38.00,18.00,13022465,205
548.07,1552368547,12084.65,51.47981144,7.39357583,183.99,11.55,-1.18,337.31,1,-94.00,-8.00,9.00,11.00,34.00,18.00,13022465,205
549.07,1552368548,12096.19,51.47990080,7.39350867,184.64,10.46,-1.09,336.41,1,-94.00,-8.00,9.00,11.00,34.00,18.00,13022465,205
550.07,1552368549,12106.68,51.47998323,7.39344870,185.15,9.49,-0.97,338.14,1,-92.00,-9.00,7.00,13.00,37.00,18.00,13022465,205
551.07,1552368550,12116.17,51.48005912,7.39342694,185.90,9.12,-0.38,353.07,1,-92.00,-9.00,7.00,13.00,37.00,18.00,13022465,205
552.07,1552368551,12125.29,51.48013417,7.39344089,186.57,8.97,-0.14,10.32,1,-93.00,-11.00,7.00,15.00,37.00,18.00,13022465,205
553.07,1552368552,12134.26,51.48020525,7.39348905,187.08,9.54,0.57,26.04,1,-93.00,-11.00,7.00,15.00,37.00,18.00,13022465,205
554.07,1552368553,12143.80,51.48026986,7.39358018,187.67,10.65,1.11,45.32,1,-95.00,-10.00,2.00,12.00,35.00,18.00,13022465,205
555.07,1552368554,12154.45,51.48032862,7.39371369,187.60,11.47,0.82,58.96,1,-95.00,-10.00,2.00,12.00,35.00,18.00,13022465,205
556.07,1552368555,12165.91,51.48038868,7.39385918,187.63,12.53,1.06,59.32,1,-96.00,-12.00,3.00,14.00,34.00,18.00,13022465,205
557.07,1552368556,12178.45,51.48045410,7.39400908,187.55,13.76,1.23,59.31,1,-96.00,-12.00,3.00,14.00,34.00,18.00,13022465,205
558.07,1552368557,12192.19,51.48052049,7.39418032,187.42,14.89,1.13,58.85,1,-95.00,-11.00,6.00,11.00,35.00,18.00,13022465,205
559.07,1552368558,12207.08,51.48059554,7.39436722,187.69,15.77,0.88,58.67,1,-95.00,-11.00,6.00,11.00,35.00,18.00,13022465,205
560.08,1552368559,12222.98,51.48067261,7.39456636,187.75,16.70,0.93,58.05,1,-95.00,-11.00,2.00,7.00,33.00,18.00,13022465,205
561.07,1552368560,12239.57,51.48075373,7.39477706,187.91,17.52,0.82,58.27,1,-95.00,-11.00,2.00,7.00,33.00,18.00,13022465,205
562.07,1552368561,12257.16,51.48084026,7.39500109,188.10,17.21,-0.31,58.25,1,-95.00,-11.00,2.00,7.00,33.00,18.00,13022465,205
563.07,1552368562,12274.30,51.48092056,7.39520854,188.19,16.93,-0.28,58.86,1,-99.00,-13.00,-1.00,5.00,36.00,11.00,13532163,205
564.07,1552368563,12291.23,51.48100173,7.39541960,187.75,16.82,-0.10,59.47,1,-99.00,-13.00,-1.00,5.00,36.00,11.00,13532163,205
565.07,1552368564,12308.06,51.48107607,7.39562153,187.51,16.44,-0.38,59.88,1,-100.00,-13.00,-1.00,6.00,32.00,11.00,13532163,200
566.07,1552368565,12324.52,51.48114873,7.39582195,187.55,16.02,-0.43,60.04,1,-100.00,-13.00,-1.00,6.00,32.00,11.00,13532163,200
567.07,1552368566,12340.48,51.48122237,7.39602026,187.71,15.75,-0.27,59.91,1,-95.00,-12.00,0.00,8.00,36.00,11.00,13532163,200
568.07,1552368567,12356.25,51.48129649,7.39621930,188.21,15.87,0.12,59.51,1,-95.00,-12.00,0.00,8.00,36.00,11.00,13532163,200
569.07,1552368568,12372.11,51.48137054,7.39642238,188.34,16.18,0.30,59.31,1,-93.00,-11.00,1.00,9.00,39.00,11.00,13532163,200
570.07,1552368569,12388.32,51.48144902,7.39662996,188.60,16.28,0.10,59.10,1,-93.00,-11.00,1.00,9.00,39.00,11.00,13532163,200
571.07,1552368570,12404.63,51.48152405,7.39682440,188.69,16.10,-0.18,58.65,1,-98.00,-10.00,-5.00,4.00,31.00,69.00,13581825,200
572.07,1552368571,12420.74,51.48159343,7.39701589,188.59,16.12,0.02,57.93,1,-98.00,-10.00,-5.00,4.00,31.00,69.00,13581825,200
573.07,1552368572,12436.83,51.48166875,7.39720460,188.64,16.21,0.09,57.20,1,-100.00,-12.00,-4.00,6.00,30.00,11.00,13022465,205
574.07,1552368573,12453.05,51.48174990,7.39739858,188.39,16.02,-0.19,56.46,1,-100.00,-12.00,-4.00,6.00,30.00,11.00,13022465,205
575.07,1552368574,12469.07,51.48183288,7.39758186,187.98,15.83,-0.19,55.53,1,-101.00,-12.00,-3.00,7.00,29.00,11.00,13022465,205
576.07,1552368575,12484.90,51.48191688,7.39776078,187.42,15.60,-0.23,54.43,1,-101.00,-12.00,-3.00,7.00,29.00,11.00,13022465,205
577.07,1552368576,12500.47,51.48200620,7.39794595,186.85,15.23,-0.37,53.32,1,-103.00,-13.00,-4.00,6.00,29.00,11.00,13022465,205
578.07,1552368577,12515.70,51.48208790,7.39811051,186.62,15.01,-0.21,52.00,1,-103.00,-13.00,-4.00,6.00,29.00,11.00,13022465,205
579.07,1552368578,12530.71,51.48217506,7.39827007,186.82,14.77,-0.25,50.24,1,-100.00,-13.00,-1.00,7.00,31.00,11.00,13022465,205
580.07,1552368579,12545.48,51.48226019,7.39841672,187.28,14.48,-0.28,48.23,1,-100.00,-13.00,-1.00,7.00,31.00,11.00,13022465,205
581.08,1552368580,12560.08,51.48235886,7.39856349,187.78,14.28,-0.20,45.78,1,-98.00,-12.00,0.00,5.00,32.00,11.00,13022465,205
582.07,1552368581,12574.24,51.48245901,7.39870418,188.07,14.04,-0.25,43.39,1,-98.00,-12.00,0.00,5.00,32.00,11.00,13022465,205
583.07,1552368582,12588.28,51.48255893,7.39883047,188.25,13.79,-0.25,41.33,1,-98.00,-12.00,0.00,5.00,32.00,11.00,13022465,205
584.07,1552368583,12602.07,51.48265829,7.39895008,188.09,13.49,-0.30,39.44,1,-100.00,-14.00,-2.00,6.00,32.00,8.00,13532163,205
585.07,1552368584,12615.54,51.48274587,7.39904715,188.30,11.93,-1.55,38.60,1,-100.00,-14.00,-2.00,6.00,32.00,8.00,13532163,205
586.07,1552368585,12627.46,51.48282855,7.39913525,188.54,12.32,0.39,37.64,1,-96.00,-9.00,2.00,6.00,33.00,8.00,13532163,200
587.07,1552368586,12639.80,51.48292754,7.39924206,188.84,13.01,0.69,37.09,1,-96.00,-9.00,2.00,6.00,33.00,8.00,13532163,200
588.07,1552368587,12652.81,51.48303317,7.39935509,189.20,14.02,1.01,35.98,1,-93.00,-8.00,22.00,8.00,34.00,8.00,13532163,200
589.07,1552368588,12666.81,51.48313514,7.39946541,189.32,14.27,0.25,35.39,1,-93.00,-8.00,22.00,8.00,34.00,8.00,13532163,200
590.07,1552368589,12681.08,51.48324942,7.39958412,189.22,14.75,0.48,34.76,1,-93.00,-9.00,9.00,15.00,35.00,8.00,13532163,200
591.07,1552368590,12695.83,51.48336137,7.39970047,189.37,14.83,0.08,33.88,1,-93.00,-9.00,9.00,15.00,35.00,8.00,13532163,200
592.07,1552368591,12710.64,51.48348930,7.39982925,189.34,15.12,0.30,34.30,1,-90.00,-7.00,11.00,11.00,36.00,8.00,13532163,200
593.07,1552368592,12725.80,51.48360242,7.39994425,189.75,14.16,-0.96,35.64,1,-90.00,-7.00,11.00,11.00,36.00,8.00,13532163,200
594.07,1552368593,12739.95,51.48371616,7.40007237,190.08,15.46,1.31,36.57,1,-94.00,-7.00,7.00,12.00,32.00,8.00,13532163,200
595.07,1552368594,12755.41,51.48383192,7.40020533,190.26,15.62,0.16,37.19,1,-94.00,-7.00,7.00,12.00,32.00,8.00,13532163,200
596.07,1552368595,12771.03,51.48393746,7.40033371,189.89,15.55,-0.07,37.79,1,-94.00,-8.00,11.00,11.00,34.00,8.00,13532163,200
597.07,1552368596,12786.58,51.48404765,7.40046850,189.58,15.47,-0.08,38.39,1,-94.00,-8.00,11.00,11.00,34.00,8.00,13532163,200
598.07,1552368597,12802.08,51.48415769,7.40060754,189.19,15.30,-0.17,39.36,1,-96.00,-8.00,5.00,11.00,31.00,8.00,13532163,200
599.07,1552368598,12817.36,51.48426778,7.40075031,188.88,15.12,-0.18,40.17,1,-96.00,-8.00,5.00,11.00,31.00,8.00,13532163,200
600.07,1552368599,12832.48,51.48437938,7.40089808,188.67,14.81,-0.31,40.90,1,-93.00,-8.00,16.00,9.00,33.00,8.00,13532163,200
601.07,1552368600,12847.28,51.48448868,7.40104475,188.64,14.79,-0.02,41.51,1,-93.00,-8.00,16.00,9.00,33.00,8.00,13532163,200
602.07,1552368601,12862.17,51.48458974,7.40118653,188.84,14.51,-0.28,41.96,1,-95.00,-7.00,6.00,8.00,31.00,8.00,13532163,200
603.07,1552368602,12876.58,51.48468864,7.40132658,189.34,14.16,-0.35,42.91,1,-95.00,-7.00,6.00,8.00,31.00,8.00,13532163,200
604.07,1552368603,12890.74,51.48478485,7.40146488,189.47,14.08,-0.08,42.52,1,-95.00,-7.00,6.00,8.00,31.00,8.00,13532163,200
605.07,1552368604,12904.82,51.48487678,7.40159595,189.52,13.95,-0.13,41.63,1,-96.00,-7.00,17.00,11.00,30.00,8.00,13532163,200
606.07,1552368605,12918.77,51.48496830,7.40172474,189.68,14.10,0.15,41.29,1,-96.00,-7.00,17.00,11.00,30.00,8.00,13532163,200
607.07,1552368606,12932.88,51.48506464,7.40186112,189.58,14.38,0.28,41.85,1,-97.00,-9.00,5.00,9.00,30.00,8.00,13532163,200
608.07,1552368607,12947.27,51.48515444,7.40199458,189.13,13.55,-0.82,43.12,1,-97.00,-9.00,5.00,9.00,30.00,8.00,13532163,200
609.06,1552368608,12960.76,51.48523985,7.40212444,188.72,12.29,-1.27,44.55,1,-94.00,-7.00,14.00,7.00,32.00,8.00,13532163,200
610.07,1552368609,12973.08,51.48531415,7.40225295,188.41,11.62,-0.66,46.19,1,-94.00,-7.00,14.00,7.00,32.00,8.00,13532163,200
611.07,1552368610,12984.70,51.48538185,7.40237460,187.85,10.90,-0.72,47.59,1,-91.00,-6.00,7.00,15.00,34.00,8.00,13532163,200
612.07,1552368611,12995.60,51.48542982,7.40247629,186.95,9.59,-1.31,48.30,1,-91.00,-6.00,7.00,15.00,34.00,8.00,13532163,200
613.07,1552368612,13005.19,51.48548360,7.40259060,185.79,8.44,-1.15,49.23,1,-93.00,-7.00,10.00,9.00,32.00,8.00,13532163,200
614.07,1552368613,13013.62,51.48552941,7.40268839,184.99,7.65,-0.78,49.75,1,-93.00,-7.00,10.00,9.00,32.00,8.00,13532163,200
615.07,1552368614,13021.28,51.48559364,7.40275622,184.32,7.28,-0.37,30.70,1,-96.00,-7.00,1.00,8.00,28.00,8.00,13532163,200
616.07,1552368615,13028.57,51.48565751,7.40278279,184.46,7.67,0.38,12.72,1,-96.00,-7.00,1.00,8.00,28.00,8.00,13532163,200
617.07,1552368616,13036.22,51.48571190,7.40276911,184.96,7.47,-0.19,351.90,1,-93.00,-6.00,6.00,8.00,32.00,8.00,13532163,200
618.07,1552368617,13043.70,51.48576299,7.40272147,185.44,8.23,0.75,329.84,1,-93.00,-6.00,6.00,8.00,32.00,8.00,13532163,200
619.06,1552368618,13051.89,51.48582226,7.40266032,185.98,8.88,0.66,326.40,1,-99.00,-8.00,7.00,11.00,28.00,8.00,13532163,200
620.07,1552368619,13060.82,51.48588056,7.40258752,185.86,9.50,0.61,324.35,1,-99.00,-8.00,7.00,11.00,28.00,8.00,13532163,200
621.07,1552368620,13070.31,51.48594985,7.40250016,185.88,10.54,1.05,323.78,1,-98.00,-7.00,16.00,8.00,27.00,8.00,13532163,200
622.07,1552368621,13080.86,51.48602421,7.40240717,185.98,11.02,0.48,324.45,1,-98.00,-7.00,16.00,8.00,27.00,8.00,13532163,200
623.08,1552368622,13091.97,51.48610544,7.40231339,186.51,10.92,-0.10,325.90,1,-97.00,-9.00,4.00,11.00,30.00,8.00,13532163,200
624.07,1552368623,13102.80,51.48617629,7.40223826,186.86,10.24,-0.69,327.31,1,-97.00,-9.00,4.00,11.00,30.00,8.00,13532163,200
625.07,1552368624,13113.03,51.48626887,7.40215287,186.80,10.71,0.47,329.37,1,-97.00,-9.00,4.00,11.00,30.00,8.00,13532163,200
626.07,1552368625,13123.75,51.48636327,7.40207281,186.71,10.77,0.06,331.57,1,-98.00,-9.00,3.00,7.00,30.00,8.00,13532163,200
627.07,1552368626,13134.52,51.48646969,7.40199049,186.42,10.80,0.03,334.23,1,-98.00,-9.00,3.00,7.00,30.00,8.00,13532163,200
628.07,1552368627,13145.33,51.48656203,7.40192553,186.61,10.49,-0.31,336.64,1,-102.00,-11.00,-2.00,8.00,28.00,8.00,13532163,200
629.07,1552368628,13155.80,51.48664428,7.40187563,186.72,10.66,0.17,337.83,1,-102.00,-11.00,-2.00,8.00,28.00,8.00,13532163,200
630.07,1552368629,13166.46,51.48672786,7.40183378,186.78,10.63,-0.03,340.24,1,-100.00,-11.00,-4.00,4.00,32.00,13.00,13254913,38
631.07,1552368630,13177.10,51.48680814,7.40180002,186.62,10.41,-0.22,342.14,1,-100.00,-11.00,-4.00,4.00,32.00,13.00,13254913,38
632.07,1552368631,13187.52,51.48689348,7.40177038,186.32,10.21,-0.20,344.20,1,-100.00,-11.00,1.00,9.00,31.00,13.00,13254913,38
633.07,1552368632,13197.74,51.48698196,7.40174625,186.05,10.14,-0.07,346.56,1,-100.00,-11.00,1.00,9.00,31.00,13.00,13254913,38
634.07,1552368633,13207.84,51.48707603,7.40172485,185.78,10.15,0.01,348.27,1,-97.00,-9.00,4.00,11.00,32.00,13.00,13254913,38
635.07,1552368634,13217.99,51.48717327,7.40170884,185.52,10.35,0.21,350.43,1,-97.00,-9.00,4.00,11.00,32.00,13.00,13254913,38
636.07,1552368635,13228.34,51.48726350,7.40169896,185.18,10.57,0.22,351.87,1,-95.00,-10.00,2.00,9.00,35.00,13.00,13254913,38
637.07,1552368636,13238.90,51.48735294,7.40169241,184.84,10.45,-0.12,353.35,1,-95.00,-10.00,2.00,9.00,35.00,13.00,13254913,38
638.07,1552368637,13249.38,51.48745239,7.40168612,184.08,10.48,0.03,355.33,1,-92.00,-8.00,3.00,8.00,37.00,13.00,13254913,38
639.07,1552368638,13259.86,51.48754776,7.40168586,183.45,10.50,0.02,356.96,1,-92.00,-8.00,3.00,8.00,37.00,13.00,13254913,38
640.07,1552368639,13270.35,51.48764169,7.40168894,183.12,10.76,0.26,357.88,1,-102.00,-11.00,-1.00,4.00,29.00,13.00,13254913,38
641.07,1552368640,13281.11,51.48774033,7.40169484,182.81,10.84,0.07,358.51,1,-102.00,-11.00,-1.00,4.00,29.00,13.00,13254913,38
642.07,1552368641,13291.97,51.48784253,7.40169749,182.72,11.18,0.34,358.91,1,-97.00,-6.00,-3.00,4.00,29.00,13.00,13254913,38
643.07,1552368642,13303.14,51.48794309,7.40170118,182.66,11.35,0.17,359.31,1,-97.00,-6.00,-3.00,4.00,29.00,13.00,13254913,38
644.08,1552368643,13314.59,51.48804773,7.40170553,182.46,11.54,0.18,0.06,1,-101.00,-10.00,4.00,9.00,29.00,13.00,13254913,38
645.07,1552368644,13326.04,51.48814751,7.40171187,182.10,11.65,0.11,0.47,1,-101.00,-10.00,4.00,9.00,29.00,13.00,13254913,38
646.07,1552368645,13337.68,51.48825400,7.40172277,181.29,11.86,0.21,1.26,1,-101.00,-10.00,4.00,9.00,29.00,13.00,13254913,38
647.07,1552368646,13349.53,51.48836109,7.40172993,180.48,12.06,0.20,1.20,1,-103.00,-9.00,2.00,9.00,25.00,13.00,13254913,38
648.07,1552368647,13361.59,51.48847587,7.40173411,179.74,11.88,-0.18,0.84,1,-103.00,-9.00,2.00,9.00,25.00,13.00,13254913,38
649.07,1552368648,13373.57,51.48857034,7.40173601,179.66,10.97,-0.90,0.20,1,-101.00,-9.00,5.00,6.00,28.00,13.00,13254913,38
650.07,1552368649,13384.46,51.48866533,7.40173574,179.61,9.88,-1.09,359.22,1,-101.00,-9.00,5.00,6.00,28.00,13.00,13254913,38
651.07,1552368650,13394.34,51.48874686,7.40173594,179.59,8.99,-0.89,359.92,1,-101.00,-9.00,0.00,9.00,27.00,13.00,13254913,38
652.07,1552368651,13403.33,51.48881519,7.40173843,179.34,7.97,-1.02,0.21,1,-101.00,-9.00,0.00,9.00,27.00,13.00,13254913,38
653.07,1552368652,13411.29,51.48888147,7.40173906,179.26,6.74,-1.23,359.39,1,-97.00,-6.00,10.00,12.00,28.00,13.00,13254913,38
654.07,1552368653,13418.03,51.48893523,7.40174027,179.78,5.35,-1.38,360.00,1,-97.00,-6.00,10.00,12.00,28.00,13.00,13254913,38
655.07,1552368654,13423.38,51.48897274,7.40174128,179.78,3.91,-1.45,0.38,1,-101.00,-7.00,25.00,7.00,27.00,13.00,13254913,38
656.07,1552368655,13427.29,51.48899988,7.40174262,179.75,2.99,-0.91,0.62,1,-101.00,-7.00,25.00,7.00,27.00,13.00,13254913,38
657.07,1552368656,13430.28,51.48902620,7.40174421,179.71,2.49,-0.50,0.08,1,-93.00,-6.00,16.00,9.00,33.00,13.00,13254913,38
658.07,1552368657,13432.77,51.48904438,7.40174448,179.67,1.73,-0.76,358.87,1,-93.00,-6.00,16.00,9.00,33.00,13.00,13254913,38
659.07,1552368658,13434.50,51.48905591,7.40174328,179.65,0.39,-1.34,358.87,1,-94.00,-6.00,10.00,8.00,32.00,13.00,13254913,38
660.07,1552368659,13434.89,51.48905591,7.40174328,179.65,0.00,-0.39,358.87,1,-94.00,-6.00,10.00,8.00,32.00,13.00,13254913,38
661.07,1552368660,13434.89,51.48905591,7.40174328,179.65,0.00,0.00,358.87,1,-100.00,-8.00,13.00,8.00,27.00,13.00,13254913,38
662.07,1552368661,13434.89,51.48905591,7.40174328,179.66,0.00,0.00,358.87,1,-100.00,-8.00,13.00,8.00,27.00,13.00,13254913,38
663.07,1552368662,13434.89,51.48905591,7.40174328,179.70,0.00,0.00,358.87,1,-97.00,-9.00,9.00,9.00,30.00,13.00,13254913,38
664.07,1552368663,13434.89,51.48905591,7.40174328,179.72,0.00,0.00,357.47,1,-97.00,-9.00,9.00,9.00,30.00,13.00,13254913,38
665.08,1552368664,13434.89,51.48914344,7.40173929,179.89,0.00,0.00,358.07,1,-96.00,-7.00,5.00,9.00,32.00,13.00,13254913,38
666.07,1552368665,13434.89,51.48919392,7.40174075,179.78,5.99,0.00,358.80,1,-96.00,-7.00,5.00,9.00,32.00,13.00,13254913,38
667.07,1552368666,13440.87,51.48925533,7.40174098,179.28,6.03,0.04,359.75,1,-96.00,-7.00,5.00,9.00,32.00,13.00,13254913,38
668.07,1552368667,13446.89,51.48930935,7.40174645,178.85,6.06,0.04,2.71,1,-85.00,-6.00,19.00,10.00,43.00,13.00,13254913,38
669.07,1552368668,13452.96,51.48934931,7.40179932,178.49,6.17,0.11,40.45,1,-85.00,-6.00,19.00,10.00,43.00,13.00,13254913,38
670.07,1552368669,13459.14,51.48938474,7.40189231,178.17,7.56,1.39,61.93,1,-90.00,-6.00,14.00,13.00,36.00,13.00,13254913,38
671.07,1552368670,13466.70,51.48940050,7.40202902,178.03,9.08,1.52,83.21,1,-90.00,-6.00,14.00,13.00,36.00,13.00,13254913,38
672.07,1552368671,13475.79,51.48940369,7.40215658,178.27,10.45,1.36,85.92,1,-100.00,-9.00,9.00,9.00,30.00,13.00,13254913,38
673.07,1552368672,13486.22,51.48940630,7.40232161,178.55,11.71,1.26,88.01,1,-100.00,-9.00,9.00,9.00,30.00,13.00,13254913,38
674.07,1552368673,13497.92,51.48941023,7.40250121,179.11,12.51,0.80,88.87,1,-102.00,-8.00,10.00,7.00,24.00,13.00,13254913,38
675.07,1552368674,13510.49,51.48941271,7.40269308,179.74,13.65,1.13,89.75,1,-102.00,-8.00,10.00,7.00,24.00,13.00,13254913,38
676.07,1552368675,13524.10,51.48941371,7.40291184,180.55,14.13,0.48,90.63,1,-102.00,-10.00,5.00,8.00,25.00,13.00,13254913,38
677.07,1552368676,13538.20,51.48940883,7.40311643,181.04,14.10,-0.03,90.96,1,-102.00,-10.00,5.00,8.00,25.00,13.00,13254913,38
678.07,1552368677,13552.31,51.48940563,7.40332306,181.05,14.17,0.08,90.14,1,-104.00,-9.00,9.00,5.00,25.00,13.00,13254913,38
679.07,1552368678,13566.48,51.48940657,7.40351452,180.95,14.12,-0.05,89.81,1,-104.00,-9.00,9.00,5.00,25.00,13.00,13254913,38
680.07,1552368679,13580.60,51.48940299,7.40371526,181.10,14.01,-0.11,90.47,1,-103.00,-10.00,-1.00,5.00,26.00,13.00,13254913,38
681.07,1552368680,13594.61,51.48939811,7.40392590,181.35,13.88,-0.13,91.40,1,-103.00,-10.00,-1.00,5.00,26.00,13.00,13254913,38
682.07,1552368681,13608.51,51.48939555,7.40411551,181.57,13.81,-0.07,91.35,1,-105.00,-11.00,1.00,5.00,25.00,13.00,13254913,38
683.07,1552368682,13622.34,51.48939502,7.40430069,181.81,13.41,-0.40,91.39,1,-105.00,-11.00,1.00,5.00,25.00,13.00,13254913,38
684.07,1552368683,13635.76,51.48939332,7.40450399,182.01,13.32,-0.09,91.62,1,-108.00,-12.00,2.00,5.00,22.00,13.00,13254913,38
685.07,1552368684,13649.08,51.48939054,7.40469966,182.22,13.14,-0.18,91.15,1,-108.00,-12.00,2.00,5.00,22.00,13.00,13254913,38
686.08,1552368685,13662.31,51.48938847,7.40488910,182.55,12.98,-0.15,91.05,1,-106.00,-14.00,-1.00,4.00,27.00,13.00,13254913,38
687.07,1552368686,13675.17,51.48938860,7.40506889,182.54,12.90,-0.08,90.23,1,-106.00,-14.00,-1.00,4.00,27.00,13.00,13254913,38
688.06,1552368687,13688.03,51.48938944,7.40524400,182.83,12.83,-0.07,89.00,1,-106.00,-14.00,-1.00,4.00,27.00,13.00,13254913,38
689.07,1552368688,13700.94,51.48939168,7.40542637,182.99,13.14,0.30,87.77,1,-108.00,-11.00,-1.00,5.00,23.00,13.00,13254913,38
690.07,1552368689,13714.06,51.48939918,7.40562311,183.21,12.79,-0.34,85.99,1,-108.00,-11.00,-1.00,5.00,23.00,13.00,13254913,38
691.07,1552368690,13726.87,51.48941241,7.40581411,183.22,12.58,-0.22,83.73,1,-109.00,-14.00,-3.00,4.00,25.00,13.00,13254913,38
692.07,1552368691,13739.45,51.48943033,7.40598374,183.39,12.59,0.01,81.75,1,-109.00,-14.00,-3.00,4.00,25.00,13.00,13254913,38
693.07,1552368692,13752.04,51.48945612,7.40616426,183.36,12.63,0.04,80.11,1,-111.00,-15.00,-5.00,3.00,24.00,13.00,13254913,38
694.07,1552368693,13764.66,51.48948140,7.40633016,184.10,12.54,-0.08,79.41,1,-111.00,-15.00,-5.00,3.00,24.00,13.00,13254913,38
695.07,1552368694,13777.21,51.48950643,7.40649635,184.61,12.58,0.04,79.01,1,-111.00,-16.00,-6.00,3.00,30.00,27.00,13532675,385
696.07,1552368695,13789.80,51.48953391,7.40667337,184.84,12.68,0.10,78.50,1,-111.00,-16.00,-6.00,3.00,30.00,27.00,13532675,385
697.07,1552368696,13802.49,51.48955959,7.40684971,184.89,12.83,0.16,78.33,1,-109.00,-17.00,-5.00,3.00,26.00,27.00,13532675,385
698.07,1552368697,13815.32,51.48958738,7.40703776,184.69,12.97,0.14,78.69,1,-109.00,-17.00,-5.00,3.00,26.00,27.00,13532675,385
699.07,1552368698,13828.23,51.48961372,7.40722409,184.38,13.15,0.18,78.22,1,-100.00,-9.00,1.00,9.00,28.00,13.00,13532163,200
700.07,1552368699,13841.38,51.48964213,7.40740932,183.89,13.30,0.15,77.62,1,-100.00,-9.00,1.00,9.00,28.00,13.00,13532163,200
701.07,1552368700,13854.68,51.48966962,7.40759169,183.31,13.21,-0.09,77.64,1,-102.00,-11.00,-7.00,9.00,27.00,13.00,13532163,200
702.07,1552368701,13867.89,51.48969717,7.40777823,182.75,13.32,0.12,78.35,1,-102.00,-11.00,-7.00,9.00,27.00,13.00,13532163,200
703.07,1552368702,13881.25,51.48972384,7.40796780,182.42,13.63,0.31,78.51,1,-111.00,-14.00,-3.00,4.00,25.00,16.00,13532163,303
704.07,1552368703,13894.89,51.48975162,7.40818260,182.75,13.82,0.18,78.16,1,-111.00,-14.00,-3.00,4.00,25.00,16.00,13532163,303
705.07,1552368704,13908.73,51.48977736,7.40837141,182.61,13.96,0.14,77.77,1,-107.00,-14.00,-5.00,4.00,27.00,16.00,13532163,200
706.07,1552368705,13922.71,51.48980210,7.40855590,182.58,14.57,0.60,76.97,1,-107.00,-14.00,-5.00,4.00,27.00,16.00,13532163,200
707.08,1552368706,13937.35,51.48983021,7.40877911,183.49,14.53,-0.03,77.32,1,-109.00,-16.00,-4.00,5.00,27.00,16.00,13532163,200
708.07,1552368707,13951.79,51.48985992,7.40900545,184.50,14.54,0.01,77.38,1,-109.00,-16.00,-4.00,5.00,27.00,16.00,13532163,200
709.07,1552368708,13966.30,51.48988570,7.40920558,185.48,14.47,-0.06,77.21,1,-109.00,-16.00,-4.00,5.00,27.00,16.00,13532163,200
710.07,1552368709,13980.74,51.48991026,7.40938145,185.52,14.27,-0.20,77.92,1,-107.00,-10.00,-1.00,6.00,23.00,16.00,13532163,200
711.07,1552368710,13995.01,51.48993926,7.40959274,185.13,14.25,-0.02,78.37,1,-107.00,-10.00,-1.00,6.00,23.00,16.00,13532163,200
712.07,1552368711,14009.25,51.48996637,7.40978903,184.08,14.25,-0.00,77.30,1,-109.00,-9.00,3.00,6.00,21.00,22.00,13254913,38
713.07,1552368712,14023.50,51.48999678,7.41000046,183.10,14.12,-0.13,78.04,1,-109.00,-9.00,3.00,6.00,21.00,22.00,13254913,38
714.07,1552368713,14037.65,51.49002240,7.41019524,181.69,13.89,-0.23,78.92,1,-113.00,-12.00,-4.00,4.00,19.00,22.00,13254913,38
715.07,1552368714,14051.56,51.49004705,7.41039747,180.93,13.77,-0.12,79.00,1,-113.00,-12.00,-4.00,4.00,19.00,22.00,13254913,38
716.07,1552368715,14065.33,51.49007073,7.41058479,180.42,13.36,-0.41,80.03,1,-111.00,-13.00,-4.00,5.00,23.00,22.00,13254913,38
717.07,1552368716,14078.68,51.49008842,7.41074542,179.39,13.08,-0.28,79.44,1,-111.00,-13.00,-4.00,5.00,23.00,22.00,13254913,38
718.07,1552368717,14091.75,51.49011298,7.41093378,178.07,12.65,-0.42,78.71,1,-112.00,-14.00,-7.00,5.00,24.00,23.00,13532675,385
719.07,1552368718,14104.39,51.49013676,7.41109619,176.45,12.22,-0.43,78.09,1,-112.00,-14.00,-7.00,5.00,24.00,23.00,13532675,385
720.07,1552368719,14116.62,51.49015560,7.41125236,174.86,11.17,-1.05,78.62,1,-113.00,-15.00,-4.00,4.00,21.00,23.00,13532675,385
