0.10,1552022710,0.00,51.45010392,7.48821274,244.74,7.10,0.00,165.15,1,-96.00,-6.00,25.00,14.00,28.00,6.00,13415170,315
1.06,1552022711,6.82,51.45003797,7.48824217,244.21,8.49,1.44,165.91,1,-97.00,-6.00,18.00,14.00,26.00,6.00,13415170,315
2.06,1552022712,15.31,51.44996115,7.48827533,243.37,9.33,0.84,167.25,1,-97.00,-6.00,18.00,14.00,26.00,6.00,13415170,315
3.07,1552022713,24.70,51.44987801,7.48830186,242.58,10.13,0.80,168.49,1,-101.00,-7.00,8.00,12.00,23.00,6.00,13415170,315
4.06,1552022714,34.77,51.44978471,7.48833052,241.92,10.55,0.43,170.26,1,-101.00,-7.00,8.00,12.00,23.00,6.00,13415170,315
5.06,1552022715,45.31,51.44968788,7.48834922,241.71,10.94,0.38,172.30,1,-101.00,-7.00,8.00,12.00,23.00,6.00,13415170,315
6.06,1552022716,56.25,51.44957839,7.48836529,241.92,11.34,0.41,174.17,1,-101.00,-7.00,11.00,13.00,26.00,6.00,13415170,315
7.06,1552022717,67.59,51.44947381,7.48837592,242.20,12.00,0.65,175.82,1,-101.00,-7.00,11.00,13.00,26.00,6.00,13415170,315
8.06,1552022718,79.59,51.44935998,7.48838472,242.59,12.37,0.38,177.41,1,-101.00,-6.00,9.00,11.00,24.00,6.00,13415170,315
9.06,1552022719,91.97,51.44924017,7.48838486,242.99,12.80,0.43,179.75,1,-101.00,-6.00,9.00,11.00,24.00,6.00,13415170,315
10.06,1552022720,104.77,51.44911568,7.48837867,243.37,13.39,0.58,181.80,1,-99.00,-7.00,10.00,9.00,25.00,6.00,13415170,315
11.06,1552022721,118.16,51.44898897,7.48836297,243.90,13.57,0.18,183.96,1,-99.00,-7.00,10.00,9.00,25.00,6.00,13415170,315
12.06,1552022722,131.74,51.44886992,7.48833718,244.69,13.97,0.40,186.68,1,-102.00,-9.00,9.00,11.00,27.00,6.00,13415170,315
13.06,1552022723,145.70,51.44873932,7.48829537,245.56,13.73,-0.25,189.26,1,-102.00,-9.00,9.00,11.00,27.00,6.00,13415170,315
14.06,1552022724,159.43,51.44860649,7.48824519,246.18,13.86,0.13,191.08,1,-102.00,-7.00,12.00,12.00,23.00,6.00,13415170,315
15.06,1552022725,173.29,51.44848169,7.48820038,246.93,14.03,0.16,191.88,1,-102.00,-7.00,12.00,12.00,23.00,6.00,13415170,315
16.06,1552022726,187.33,51.44835892,7.48815450,247.74,14.32,0.29,190.98,1,-108.00,-8.00,4.00,5.00,19.00,6.00,13415170,315
17.06,1552022727,201.65,51.44822587,7.48810275,247.98,14.61,0.29,191.71,1,-108.00,-8.00,4.00,5.00,19.00,6.00,13415170,315
18.06,1552022728,216.26,51.44809393,7.48804574,247.46,14.02,-0.59,192.86,1,-110.00,-9.00,4.00,9.00,18.00,6.00,13415170,315
19.06,1552022729,230.28,51.44796609,7.48799035,246.71,14.33,0.31,192.91,1,-110.00,-9.00,4.00,9.00,18.00,6.00,13415170,315
20.06,1552022730,244.63,51.44784479,7.48793966,246.11,14.27,-0.06,192.13,1,-112.00,-11.00,-1.00,7.00,18.00,6.00,13415170,315
21.06,1552022731,258.89,51.44772457,7.48789900,245.98,14.09,-0.19,190.41,1,-112.00,-11.00,-1.00,7.00,18.00,6.00,13415170,315
22.06,1552022732,272.98,51.44760733,7.48787249,246.29,12.95,-1.14,187.43,1,-109.00,-12.00,-2.00,5.00,22.00,22.00,13415426,265
23.06,1552022733,285.93,51.44748986,7.48785516,246.45,13.10,0.15,185.51,1,-109.00,-12.00,-2.00,5.00,22.00,22.00,13415426,265
24.06,1552022734,299.09,51.44736674,7.48784697,247.12,13.20,0.10,182.58,1,-108.00,-20.00,-9.00,5.00,34.00,22.00,13415426,265
25.06,1552022735,312.22,51.44724383,7.48785203,247.93,14.00,0.80,179.02,1,-108.00,-20.00,-9.00,5.00,34.00,22.00,13415426,265
26.06,1552022736,326.22,51.44711751,7.48787207,249.40,14.51,0.51,175.80,1,-108.00,-20.00,-9.00,5.00,34.00,22.00,13415426,265
27.06,1552022737,340.74,51.44698872,7.48791039,250.75,14.42,-0.08,172.08,1,-112.00,-14.00,-5.00,7.00,21.00,22.00,13415426,265
28.06,1552022738,355.18,51.44684678,7.48796064,252.36,14.63,0.20,169.58,1,-112.00,-14.00,-5.00,7.00,21.00,22.00,13415426,265
29.06,1552022739,369.79,51.44671483,7.48802305,253.73,14.74,0.12,166.51,1,-114.00,-13.00,-3.00,5.00,19.00,22.00,13415426,265
30.06,1552022740,384.55,51.44659051,7.48809444,254.59,14.55,-0.19,163.46,1,-114.00,-13.00,-3.00,5.00,19.00,22.00,13415426,265
31.06,1552022741,399.09,51.44647138,7.48817664,255.19,14.60,0.05,160.15,1,-110.00,-12.00,-1.00,5.00,19.00,22.00,13415426,265
32.06,1552022742,413.69,51.44635511,7.48826894,255.70,14.64,0.04,156.89,1,-110.00,-12.00,-1.00,5.00,19.00,22.00,13415426,265
33.06,1552022743,428.31,51.44624334,7.48837428,256.43,14.70,0.07,153.86,1,-109.00,-8.00,3.00,6.00,19.00,12.00,13415170,315
34.06,1552022744,443.01,51.44613634,7.48849124,257.53,14.23,-0.47,150.20,1,-109.00,-8.00,3.00,6.00,19.00,12.00,13415170,315
35.06,1552022745,457.24,51.44601808,7.48862939,258.70,14.84,0.61,147.10,1,-103.00,-8.00,10.00,13.00,23.00,12.00,13415170,315
36.06,1552022746,472.09,51.44590701,7.48877646,259.72,14.49,-0.35,143.45,1,-103.00,-8.00,10.00,13.00,23.00,12.00,13415170,315
37.06,1552022747,486.58,51.44577937,7.48895746,260.59,15.03,0.53,140.42,1,-103.00,-7.00,5.00,7.00,22.00,12.00,13415170,315
38.06,1552022748,501.61,51.44566830,7.48913844,261.56,14.94,-0.09,137.01,1,-103.00,-7.00,5.00,7.00,22.00,12.00,13415170,315
39.06,1552022749,516.54,51.44557074,7.48932956,262.74,15.06,0.13,133.88,1,-105.00,-8.00,4.00,11.00,22.00,12.00,13415170,315
40.06,1552022750,531.62,51.44548565,7.48951804,263.74,15.11,0.05,131.50,1,-105.00,-8.00,4.00,11.00,22.00,12.00,13415170,315
41.06,1552022751,546.73,51.44540613,7.48970321,264.65,14.94,-0.17,129.80,1,-104.00,-8.00,9.00,11.00,24.00,12.00,13415170,315
42.06,1552022752,561.68,51.44532510,7.48989940,265.59,15.39,0.45,128.53,1,-104.00,-8.00,9.00,11.00,24.00,12.00,13415170,315
43.06,1552022753,577.07,51.44524361,7.49009139,266.68,15.74,0.35,127.76,1,-107.00,-10.00,1.00,8.00,22.00,12.00,13415170,315
44.06,1552022754,592.80,51.44516467,7.49028607,267.61,15.38,-0.36,126.79,1,-107.00,-10.00,1.00,8.00,22.00,12.00,13415170,315
45.06,1552022755,608.19,51.44508834,7.49046273,268.50,15.14,-0.23,127.50,1,-110.00,-11.00,1.00,6.00,20.00,12.00,13415170,315
46.06,1552022756,623.32,51.44501403,7.49063229,269.09,14.11,-1.03,126.89,1,-110.00,-11.00,1.00,6.00,20.00,12.00,13415170,315
47.06,1552022757,637.50,51.44494022,7.49079575,269.61,13.72,-0.39,126.98,1,-108.00,-10.00,-3.00,5.00,20.00,12.00,13415170,315
48.06,1552022758,651.16,51.44488276,7.49093985,269.97,12.47,-1.25,126.56,1,-108.00,-10.00,-3.00,5.00,20.00,12.00,13415170,315
49.06,1552022759,663.64,51.44483262,7.49106245,270.13,10.73,-1.74,126.49,1,-108.00,-10.00,-3.00,5.00,20.00,12.00,13415170,315
50.06,1552022760,674.36,51.44483262,7.49106245,270.13,10.73,0.00,126.49,1,-108.00,-10.00,-1.00,6.00,23.00,24.00,13417219,440
51.06,1552022761,685.10,51.44474364,7.49128013,270.58,7.34,-3.39,126.72,1,-108.00,-10.00,-1.00,6.00,23.00,24.00,13417219,440
52.06,1552022762,692.45,51.44471211,7.49135919,270.91,6.04,-1.30,127.28,1,-112.00,-10.00,1.00,6.00,18.00,24.00,13417219,440
53.06,1552022763,698.49,51.44468688,7.49142278,271.20,4.95,-1.09,127.41,1,-112.00,-10.00,1.00,6.00,18.00,24.00,13417219,440
54.06,1552022764,703.44,51.44466234,7.49147956,271.46,4.89,-0.06,127.88,1,-114.00,-12.00,-1.00,5.00,17.00,24.00,13417219,440
55.06,1552022765,708.33,51.44463687,7.49153777,271.52,5.40,0.51,127.20,1,-114.00,-12.00,-1.00,5.00,17.00,24.00,13417219,440
56.06,1552022766,713.73,51.44460554,7.49160270,271.58,6.16,0.76,127.85,1,-111.00,-11.00,7.00,9.00,18.00,24.00,13417219,440
57.06,1552022767,719.88,51.44457394,7.49166361,271.30,5.53,-0.63,131.37,1,-111.00,-11.00,7.00,9.00,18.00,24.00,13417219,440
58.06,1552022768,725.41,51.44453334,7.49168326,271.53,4.99,-0.54,166.77,1,-108.00,-10.00,0.00,7.00,20.00,24.00,13417219,440
59.06,1552022769,730.41,51.44449379,7.49168312,271.67,5.93,0.94,185.22,1,-108.00,-10.00,0.00,7.00,20.00,24.00,13417219,440
60.06,1552022770,736.34,51.44444074,7.49163483,271.92,7.66,1.73,211.98,1,-108.00,-11.00,6.00,5.00,22.00,24.00,13417219,440
61.06,1552022771,744.00,51.44438472,7.49156886,272.11,8.29,0.63,215.45,1,-108.00,-11.00,6.00,5.00,22.00,24.00,13417219,440
62.06,1552022772,752.29,51.44431224,7.49148503,272.49,9.93,1.64,215.82,1,-107.00,-11.00,5.00,5.00,24.00,24.00,13417219,440
63.06,1552022773,762.22,51.44422975,7.49139868,272.82,10.90,0.97,215.44,1,-107.00,-11.00,5.00,5.00,24.00,24.00,13417219,440
64.06,1552022774,773.13,51.44414918,7.49130688,273.49,11.54,0.63,215.45,1,-105.00,-10.00,6.00,5.00,23.00,24.00,13417219,440
65.06,1552022775,784.67,51.44405441,7.49120449,274.25,12.23,0.69,215.44,1,-105.00,-10.00,6.00,5.00,23.00,24.00,13417219,440
66.06,1552022776,796.89,51.44396460,7.49110497,275.31,13.07,0.84,215.05,1,-106.00,-10.00,7.00,6.00,21.00,24.00,13417219,440
67.06,1552022777,809.96,51.44386127,7.49099133,276.34,13.75,0.69,215.36,1,-106.00,-10.00,7.00,6.00,21.00,24.00,13417219,440
68.07,1552022778,823.80,51.44376120,7.49087800,277.07,14.23,0.48,216.33,1,-107.00,-8.00,11.00,8.00,20.00,24.00,13417219,440
69.06,1552022779,837.93,51.44365508,7.49075465,276.87,14.73,0.50,216.73,1,-107.00,-8.00,11.00,8.00,20.00,24.00,13417219,440
70.06,1552022780,852.66,51.44355366,7.49063856,276.99,14.68,-0.05,216.48,1,-107.00,-8.00,11.00,8.00,20.00,24.00,13417219,440
71.06,1552022781,867.34,51.44343743,7.49050523,276.89,14.23,-0.45,216.47,1,-106.00,-9.00,9.00,9.00,22.00,24.00,13417219,440
72.06,1552022782,881.58,51.44332936,7.49038227,276.85,14.05,-0.18,216.59,1,-106.00,-9.00,9.00,9.00,22.00,24.00,13417219,440
73.06,1552022783,895.62,51.44321822,7.49025568,276.65,14.28,0.23,216.47,1,-112.00,-11.00,1.00,4.00,20.00,24.00,13417219,440
74.06,1552022784,909.90,51.44311145,7.49013373,276.39,14.15,-0.13,216.18,1,-112.00,-11.00,1.00,4.00,20.00,24.00,13417219,440
75.06,1552022785,924.05,51.44301041,7.49001511,276.47,13.77,-0.38,216.15,1,-108.00,-11.00,1.00,4.00,21.00,24.00,13417219,440
76.06,1552022786,937.82,51.44291088,7.48989644,276.92,13.30,-0.47,216.62,1,-108.00,-11.00,1.00,4.00,21.00,24.00,13417219,440
77.06,1552022787,951.12,51.44282579,7.48979162,277.25,13.00,-0.30,217.51,1,-109.00,-11.00,-1.00,7.00,21.00,24.00,13417219,440
78.06,1552022788,964.10,51.44273883,7.48968136,277.49,12.60,-0.39,218.15,1,-109.00,-11.00,-1.00,7.00,21.00,24.00,13417219,440
79.06,1552022789,976.71,51.44265552,7.48957346,277.67,12.56,-0.04,218.75,1,-107.00,-10.00,7.00,8.00,24.00,24.00,13417219,440
80.06,1552022790,989.27,51.44256816,7.48946356,278.12,12.35,-0.22,217.81,1,-107.00,-10.00,7.00,8.00,24.00,24.00,13417219,440
81.06,1552022791,1001.61,51.44247926,7.48935402,278.39,12.53,0.19,217.54,1,-102.00,-9.00,8.00,10.00,28.00,24.00,13417219,440
82.06,1552022792,1014.16,51.44238810,7.48924329,277.80,12.58,0.04,216.87,1,-102.00,-9.00,8.00,10.00,28.00,24.00,13417219,440
83.06,1552022793,1026.73,51.44230700,7.48914859,277.19,11.92,-0.65,216.31,1,-97.00,-7.00,7.00,9.00,30.00,24.00,13417219,440
84.06,1552022794,1038.66,51.44222043,7.48905094,276.93,11.76,-0.17,216.72,1,-97.00,-7.00,7.00,9.00,30.00,24.00,13417219,440
85.06,1552022795,1050.40,51.44212679,7.48893052,276.71,11.64,-0.12,218.17,1,-104.00,-9.00,5.00,6.00,25.00,24.00,13417219,440
86.06,1552022796,1062.04,51.44205232,7.48883679,276.89,10.86,-0.77,219.04,1,-104.00,-9.00,5.00,6.00,25.00,24.00,13417219,440
87.06,1552022797,1072.91,51.44197832,7.48874472,277.28,10.41,-0.46,220.49,1,-99.00,-10.00,-6.00,8.00,33.00,24.00,13417219,440
88.06,1552022798,1083.31,51.44189631,7.48863260,277.86,11.14,0.74,222.64,1,-99.00,-10.00,-6.00,8.00,33.00,24.00,13417219,440
89.06,1552022799,1094.46,51.44181424,7.48850363,278.38,11.95,0.80,224.66,1,-98.00,-11.00,-7.00,8.00,32.00,24.00,13417219,440
90.06,1552022800,1106.40,51.44172746,7.48836301,279.33,11.72,-0.23,226.39,1,-98.00,-11.00,-7.00,8.00,32.00,24.00,13417219,440
91.06,1552022801,1118.17,51.44164951,7.48822135,279.86,11.46,-0.26,227.72,1,-103.00,-10.00,-2.00,8.00,26.00,24.00,13417219,440
92.06,1552022802,1129.58,51.44157657,7.48808460,280.16,11.30,-0.16,228.32,1,-103.00,-10.00,-2.00,8.00,26.00,24.00,13417219,440
93.06,1552022803,1140.88,51.44150750,7.48795289,280.35,11.25,-0.05,229.24,1,-103.00,-10.00,-2.00,8.00,26.00,24.00,13417219,440
94.06,1552022804,1152.15,51.44144407,7.48782991,280.32,11.01,-0.24,229.89,1,-98.00,-10.00,-3.00,7.00,31.00,24.00,13417219,440
95.06,1552022805,1163.15,51.44138586,7.48770249,280.32,10.88,-0.13,231.11,1,-98.00,-10.00,-3.00,7.00,31.00,24.00,13417219,440
96.06,1552022806,1174.02,51.44132001,7.48756072,280.10,11.23,0.35,231.57,1,-97.00,-8.00,7.00,8.00,30.00,24.00,13417219,440
97.06,1552022807,1185.25,51.44125094,7.48741788,279.92,11.36,0.13,232.08,1,-97.00,-8.00,7.00,8.00,30.00,24.00,13417219,440
98.06,1552022808,1196.62,51.44118736,7.48728112,279.83,11.54,0.19,232.94,1,-95.00,-8.00,10.00,15.00,33.00,24.00,13417219,440
99.06,1552022809,1208.15,51.44112720,7.48714528,279.59,11.42,-0.12,232.91,1,-95.00,-8.00,10.00,15.00,33.00,24.00,13417219,440
100.06,1552022810,1219.58,51.44107122,7.48702339,279.16,11.70,0.28,232.04,1,-93.00,-6.00,17.00,10.00,33.00,24.00,13417219,440
101.06,1552022811,1231.30,51.44101195,7.48688993,279.32,11.88,0.18,231.98,1,-93.00,-6.00,17.00,10.00,33.00,24.00,13417219,440
102.06,1552022812,1243.15,51.44094684,7.48674566,278.88,11.73,-0.15,232.41,1,-92.00,-6.00,17.00,10.00,35.00,24.00,13417219,440
103.06,1552022813,1254.89,51.44088136,7.48660421,278.41,12.04,0.31,232.92,1,-92.00,-6.00,17.00,10.00,35.00,24.00,13417219,440
104.06,1552022814,1266.93,51.44081974,7.48646240,277.84,12.21,0.18,233.06,1,-92.00,-6.00,12.00,13.00,33.00,24.00,13417219,440
105.06,1552022815,1279.15,51.44075914,7.48632036,278.07,12.42,0.20,232.91,1,-92.00,-6.00,12.00,13.00,33.00,24.00,13417219,440
106.06,1552022816,1291.55,51.44070324,7.48619980,278.21,10.37,-2.05,231.78,1,-96.00,-8.00,8.00,7.00,32.00,24.00,13417219,440
107.06,1552022817,1301.94,51.44063985,7.48607092,277.88,10.93,0.56,232.32,1,-96.00,-8.00,8.00,7.00,32.00,24.00,13417219,440
108.06,1552022818,1312.84,51.44057288,7.48593446,278.19,12.41,1.48,232.67,1,-92.00,-7.00,10.00,10.00,35.00,24.00,13417219,440
109.06,1552022819,1325.25,51.44050501,7.48578814,278.65,12.43,0.02,233.34,1,-92.00,-7.00,10.00,10.00,35.00,24.00,13417219,440
110.06,1552022820,1337.67,51.44043681,7.48563848,279.37,12.18,-0.25,233.74,1,-95.00,-10.00,-2.00,7.00,33.00,24.00,13417219,440
111.06,1552022821,1349.86,51.44037331,7.48549943,279.96,11.97,-0.20,233.89,1,-95.00,-10.00,-2.00,7.00,33.00,24.00,13417219,440
112.07,1552022822,1361.91,51.44030963,7.48535808,280.30,11.61,-0.36,234.29,1,-95.00,-6.00,12.00,9.00,31.00,24.00,13417219,440
113.06,1552022823,1373.45,51.44024771,7.48522493,279.89,11.51,-0.11,233.39,1,-95.00,-6.00,12.00,9.00,31.00,24.00,13417219,440
114.06,1552022824,1384.96,51.44018087,7.48508662,279.59,11.84,0.33,232.80,1,-95.00,-6.00,12.00,9.00,31.00,24.00,13417219,440
115.06,1552022825,1396.81,51.44011122,7.48494456,279.26,12.30,0.46,232.31,1,-86.00,-4.00,10.00,15.00,39.00,24.00,13417219,440
116.06,1552022826,1409.11,51.44004233,7.48480790,279.49,11.89,-0.41,232.88,1,-86.00,-4.00,10.00,15.00,39.00,24.00,13417219,440
117.06,1552022827,1421.00,51.43998395,7.48468880,279.87,11.47,-0.43,232.36,1,-95.00,-8.00,18.00,12.00,32.00,24.00,13417219,440
118.06,1552022828,1432.48,51.43991520,7.48454746,279.82,11.81,0.34,232.10,1,-95.00,-8.00,18.00,12.00,32.00,24.00,13417219,440
119.06,1552022829,1444.26,51.43984946,7.48440125,279.96,11.34,-0.47,232.55,1,-94.00,-6.00,13.00,9.00,32.00,24.00,13417219,440
120.06,1552022830,1455.59,51.43978954,7.48425875,279.93,11.28,-0.05,233.67,1,-94.00,-6.00,13.00,9.00,32.00,24.00,13417219,440
121.06,1552022831,1466.89,51.43972305,7.48411081,279.91,11.68,0.40,234.01,1,-99.00,-8.00,7.00,7.00,29.00,24.00,13417219,440
122.06,1552022832,1478.59,51.43965617,7.48396387,279.74,12.65,0.97,233.50,1,-99.00,-8.00,7.00,7.00,29.00,24.00,13417219,440
123.06,1552022833,1491.23,51.43959066,7.48381842,279.53,12.84,0.19,234.36,1,-98.00,-8.00,6.00,7.00,28.00,24.00,13417219,440
124.06,1552022834,1504.07,51.43952080,7.48365223,279.20,12.44,-0.41,235.60,1,-98.00,-8.00,6.00,7.00,28.00,24.00,13417219,440
125.06,1552022835,1516.52,51.43946738,7.48351558,278.88,11.31,-1.13,236.72,1,-98.00,-9.00,-2.00,6.00,29.00,24.00,13417219,440
126.06,1552022836,1527.82,51.43941484,7.48337940,279.11,11.14,-0.17,238.09,1,-98.00,-9.00,-2.00,6.00,29.00,24.00,13417219,440
127.06,1552022837,1538.97,51.43935780,7.48322436,279.28,11.44,0.30,238.76,1,-98.00,-9.00,9.00,7.00,29.00,24.00,13417219,440
128.06,1552022838,1550.41,51.43930726,7.48307499,279.81,11.62,0.18,239.24,1,-98.00,-9.00,9.00,7.00,29.00,24.00,13417219,440
129.06,1552022839,1562.05,51.43924888,7.48291212,280.22,11.45,-0.17,240.07,1,-96.00,-8.00,3.00,8.00,31.00,24.00,13417219,440
130.06,1552022840,1573.46,51.43919034,7.48274787,280.73,10.91,-0.54,239.52,1,-96.00,-8.00,3.00,8.00,31.00,24.00,13417219,440
131.06,1552022841,1584.37,51.43913001,7.48258182,281.24,12.15,1.24,240.03,1,-94.00,-7.00,7.00,9.00,33.00,24.00,13417219,440
132.06,1552022842,1596.52,51.43906477,7.48239851,281.29,12.66,0.51,239.35,1,-94.00,-7.00,7.00,9.00,33.00,24.00,13417219,440
133.07,1552022843,1609.29,51.43900682,7.48222703,281.77,12.12,-0.54,240.26,1,-97.00,-8.00,13.00,10.00,30.00,24.00,13417219,440
134.06,1552022844,1621.31,51.43895349,7.48206640,282.49,11.89,-0.23,240.87,1,-97.00,-8.00,13.00,10.00,30.00,24.00,13417219,440
135.06,1552022845,1633.21,51.43889573,7.48189473,281.83,11.84,-0.05,240.38,1,-97.00,-8.00,13.00,10.00,30.00,24.00,13417219,440
136.06,1552022846,1645.05,51.43883908,7.48172737,281.26,12.42,0.58,240.77,1,-96.00,-8.00,11.00,10.00,30.00,24.00,13417219,440
137.06,1552022847,1657.47,51.43878427,7.48156442,280.02,13.03,0.61,241.18,1,-96.00,-8.00,11.00,10.00,30.00,24.00,13417219,440
138.06,1552022848,1670.49,51.43872971,7.48139996,279.24,13.07,0.04,240.69,1,-95.00,-7.00,16.00,10.00,32.00,24.00,13417219,440
139.06,1552022849,1683.56,51.43867223,7.48123133,278.25,13.15,0.08,241.14,1,-95.00,-7.00,16.00,10.00,32.00,24.00,13417219,440
140.06,1552022850,1696.73,51.43861695,7.48106835,277.64,12.77,-0.37,240.86,1,-96.00,-6.00,14.00,10.00,28.00,24.00,13417219,440
141.06,1552022851,1709.49,51.43856253,7.48089486,276.96,13.31,0.54,241.53,1,-96.00,-6.00,14.00,10.00,28.00,24.00,13417219,440
142.06,1552022852,1722.80,51.43850821,7.48072268,276.44,13.47,0.16,240.79,1,-95.00,-6.00,11.00,9.00,32.00,24.00,13417219,440
143.06,1552022853,1736.27,51.43845325,7.48056347,276.25,13.07,-0.40,240.12,1,-95.00,-6.00,11.00,9.00,32.00,24.00,13417219,440
144.06,1552022854,1749.34,51.43840128,7.48041459,276.09,12.38,-0.69,240.73,1,-98.00,-8.00,10.00,9.00,25.00,24.00,13417219,440
145.06,1552022855,1761.70,51.43834680,7.48024954,275.50,12.83,0.46,241.78,1,-98.00,-8.00,10.00,9.00,25.00,24.00,13417219,440
146.06,1552022856,1774.54,51.43828876,7.48006895,274.65,13.41,0.57,241.09,1,-96.00,-8.00,4.00,15.00,30.00,24.00,13417219,440
147.06,1552022857,1787.95,51.43823007,7.47989707,274.29,12.08,-1.33,241.47,1,-96.00,-8.00,4.00,15.00,30.00,24.00,13417219,440
148.06,1552022858,1800.04,51.43817824,7.47974265,274.35,11.51,-0.57,241.41,1,-97.00,-8.00,0.00,7.00,31.00,24.00,13417219,440
149.06,1552022859,1811.54,51.43812478,7.47958713,273.82,11.84,0.33,240.83,1,-97.00,-8.00,0.00,7.00,31.00,24.00,13417219,440
150.06,1552022860,1823.36,51.43806662,7.47943250,273.63,12.43,0.59,241.76,1,-97.00,-9.00,2.00,8.00,30.00,24.00,13417219,440
151.06,1552022861,1835.80,51.43801504,7.47928577,273.85,11.43,-1.00,240.82,1,-97.00,-9.00,2.00,8.00,30.00,24.00,13417219,440
152.06,1552022862,1847.24,51.43796445,7.47913257,274.33,11.64,0.20,241.33,1,-93.00,-8.00,5.00,8.00,36.00,24.00,13417219,440
153.06,1552022863,1858.86,51.43791232,7.47897773,274.62,11.29,-0.35,242.05,1,-93.00,-8.00,5.00,8.00,36.00,24.00,13417219,440
154.07,1552022864,1870.21,51.43785956,7.47881631,275.08,11.72,0.43,241.39,1,-87.00,-9.00,13.00,12.00,40.00,24.00,13417219,440
155.06,1552022865,1881.89,51.43780779,7.47865175,275.54,12.67,0.95,242.16,1,-87.00,-9.00,13.00,12.00,40.00,24.00,13417219,440
156.06,1552022866,1894.56,51.43774864,7.47847259,275.45,12.27,-0.40,242.78,1,-87.00,-9.00,13.00,12.00,40.00,24.00,13417219,440
157.06,1552022867,1906.79,51.43769584,7.47830168,275.52,12.38,0.11,242.47,1,-91.00,-7.00,3.00,8.00,35.00,19.00,13523715,6
158.06,1552022868,1919.19,51.43763926,7.47812544,275.21,12.62,0.25,241.42,1,-91.00,-7.00,3.00,8.00,35.00,19.00,13523715,6
159.06,1552022869,1931.80,51.43758508,7.47796507,274.52,11.96,-0.66,241.94,1,-91.00,-9.00,4.00,9.00,37.00,19.00,13523715,6
160.06,1552022870,1943.77,51.43753508,7.47781309,274.11,11.64,-0.32,242.70,1,-91.00,-9.00,4.00,9.00,37.00,19.00,13523715,6
161.06,1552022871,1955.39,51.43747847,7.47763494,273.96,12.40,0.76,242.57,1,-90.00,-9.00,4.00,9.00,37.00,19.00,13523715,6
162.06,1552022872,1967.80,51.43742699,7.47747884,274.61,11.83,-0.58,243.04,1,-90.00,-9.00,4.00,9.00,37.00,19.00,13523715,6
163.06,1552022873,1979.62,51.43737490,7.47731982,275.56,11.41,-0.42,242.36,1,-87.00,-6.00,8.00,10.00,39.00,19.00,13523715,6
164.06,1552022874,1991.07,51.43731346,7.47714673,276.15,12.62,1.21,239.64,1,-87.00,-6.00,8.00,10.00,39.00,19.00,13523715,6
165.06,1552022875,2003.65,51.43726028,7.47698269,276.90,11.67,-0.95,240.91,1,-88.00,-6.00,8.00,10.00,38.00,19.00,13523715,6
166.06,1552022876,2015.33,51.43721703,7.47681931,276.99,11.46,-0.21,241.98,1,-88.00,-6.00,8.00,10.00,38.00,19.00,13523715,6
167.06,1552022877,2026.80,51.43718532,7.47666291,277.03,10.84,-0.63,245.89,1,-90.00,-7.00,14.00,11.00,37.00,19.00,13523715,6
168.06,1552022878,2037.62,51.43719436,7.47649399,276.98,10.25,-0.59,271.18,1,-90.00,-7.00,14.00,11.00,37.00,19.00,13523715,6
169.06,1552022879,2047.88,51.43720506,7.47637451,277.89,9.51,-0.74,275.16,1,-91.00,-6.00,11.00,9.00,34.00,19.00,13523715,6
170.06,1552022880,2057.39,51.43721862,7.47625659,279.26,8.90,-0.62,278.14,1,-91.00,-6.00,11.00,9.00,34.00,19.00,13523715,6
171.06,1552022881,2066.29,51.43728659,7.47618474,280.47,9.19,0.29,324.55,1,-93.00,-7.00,9.00,10.00,34.00,19.00,13523715,6
172.06,1552022882,2075.48,51.43737642,7.47614084,281.54,9.46,0.27,346.68,1,-93.00,-7.00,9.00,10.00,34.00,19.00,13523715,6
173.06,1552022883,2084.94,51.43747477,7.47617499,282.53,10.19,0.73,16.23,1,-93.00,-6.00,25.00,14.00,32.00,19.00,13523715,6
174.06,1552022884,2095.13,51.43754350,7.47625481,283.57,10.54,0.35,37.37,1,-93.00,-6.00,25.00,14.00,32.00,19.00,13523715,6
175.06,1552022885,2105.66,51.43759640,7.47637842,284.50,10.06,-0.48,56.23,1,-94.00,-6.00,13.00,10.00,31.00,19.00,13523715,6
176.06,1552022886,2115.71,51.43765666,7.47651571,285.25,11.37,1.31,55.60,1,-94.00,-6.00,13.00,10.00,31.00,19.00,13523715,6
177.06,1552022887,2127.15,51.43773134,7.47668338,285.78,12.64,1.26,55.01,1,-96.00,-7.00,10.00,9.00,30.00,19.00,13523715,6
178.06,1552022888,2139.76,51.43781076,7.47686236,286.39,14.35,1.72,54.42,1,-96.00,-7.00,10.00,9.00,30.00,19.00,13523715,6
179.06,1552022889,2154.08,51.43789412,7.47704622,287.20,15.38,1.03,54.24,1,-96.00,-7.00,10.00,9.00,30.00,19.00,13523715,6
180.06,1552022890,2169.46,51.43797688,7.47722537,287.89,16.25,0.87,54.61,1,-95.00,-7.00,9.00,12.00,30.00,19.00,13523715,6
181.06,1552022891,2185.71,51.43806476,7.47741830,288.47,17.34,1.09,55.23,1,-95.00,-7.00,9.00,12.00,30.00,19.00,13523715,6
182.06,1552022892,2203.09,51.43815603,7.47762665,288.77,18.26,0.92,54.76,1,-93.00,-6.00,10.00,10.00,31.00,19.00,13523715,6
183.06,1552022893,2221.32,51.43825227,7.47784122,289.03,19.20,0.94,55.30,1,-93.00,-6.00,10.00,10.00,31.00,19.00,13523715,6
184.06,1552022894,2240.54,51.43835317,7.47806640,289.40,19.74,0.54,55.89,1,-95.00,-7.00,8.00,9.00,30.00,19.00,13523715,6
185.06,1552022895,2260.32,51.43845979,7.47831503,289.63,20.65,0.90,56.24,1,-95.00,-7.00,8.00,9.00,30.00,19.00,13523715,6
186.06,1552022896,2280.93,51.43856273,7.47855423,290.15,21.33,0.69,56.81,1,-100.00,-7.00,4.00,6.00,27.00,19.00,13523715,6
187.06,1552022897,2302.26,51.43867838,7.47880420,290.59,22.20,0.87,54.83,1,-100.00,-7.00,4.00,6.00,27.00,19.00,13523715,6
188.06,1552022898,2324.44,51.43879739,7.47906767,290.81,23.01,0.81,54.55,1,-101.00,-10.00,2.00,8.00,25.00,19.00,13523715,6
189.06,1552022899,2347.47,51.43891915,7.47933935,291.03,23.73,0.73,55.80,1,-101.00,-10.00,2.00,8.00,25.00,19.00,13523715,6
190.06,1552022900,2371.18,51.43903885,7.47962583,291.17,24.48,0.74,56.67,1,-105.00,-10.00,2.00,8.00,25.00,19.00,13523715,6
191.06,1552022901,2395.68,51.43916555,7.47991096,291.20,24.18,-0.30,55.10,1,-105.00,-10.00,2.00,8.00,25.00,19.00,13523715,6
192.06,1552022902,2419.86,51.43929709,7.48019673,291.22,23.75,-0.43,53.95,1,-107.00,-10.00,1.00,7.00,23.00,19.00,13523715,6
193.06,1552022903,2443.61,51.43942877,7.48046876,291.26,23.56,-0.19,52.82,1,-107.00,-10.00,1.00,7.00,23.00,19.00,13523715,6
194.06,1552022904,2467.15,51.43956235,7.48073375,291.03,23.40,-0.15,51.25,1,-103.00,-7.00,6.00,10.00,23.00,22.00,13417219,440
195.06,1552022905,2490.57,51.43969379,7.48099879,290.70,23.44,0.03,50.80,1,-103.00,-7.00,6.00,10.00,23.00,22.00,13417219,440
196.06,1552022906,2513.98,51.43982478,7.48126669,290.24,23.71,0.27,50.64,1,-104.00,-8.00,5.00,9.00,23.00,22.00,13417219,440
197.06,1552022907,2537.71,51.43995648,7.48153186,289.66,23.59,-0.11,49.88,1,-104.00,-8.00,5.00,9.00,23.00,22.00,13417219,440
198.06,1552022908,2561.40,51.44008299,7.48178365,289.40,22.95,-0.64,49.36,1,-104.00,-8.00,2.00,5.00,24.00,22.00,13417219,440
199.06,1552022909,2584.26,51.44022811,7.48201352,289.18,22.97,0.02,44.08,1,-104.00,-8.00,2.00,5.00,24.00,22.00,13417219,440
200.06,1552022910,2607.20,51.44037593,7.48224149,289.42,22.61,-0.36,43.21,1,-104.00,-8.00,2.00,5.00,24.00,22.00,13417219,440
201.06,1552022911,2629.81,51.44051557,7.48245552,289.38,22.50,-0.10,42.52,1,-108.00,-14.00,-3.00,5.00,25.00,22.00,13417219,440
202.06,1552022912,2652.34,51.44065875,7.48267556,288.99,22.48,-0.03,41.59,1,-108.00,-14.00,-3.00,5.00,25.00,22.00,13417219,440
203.06,1552022913,2674.88,51.44081223,7.48289385,288.60,22.62,0.14,40.51,1,-109.00,-13.00,-6.00,5.00,24.00,22.00,13417219,440
204.06,1552022914,2697.43,51.44095740,7.48310273,288.04,23.01,0.39,39.74,1,-109.00,-13.00,-6.00,5.00,24.00,22.00,13417219,440
205.07,1552022915,2720.55,51.44111052,7.48330443,287.53,23.30,0.29,37.94,1,-105.00,-11.00,2.00,6.00,25.00,22.00,13415426,265
206.06,1552022916,2743.76,51.44127677,7.48350513,287.07,23.74,0.45,36.05,1,-105.00,-11.00,2.00,6.00,25.00,22.00,13415426,265
207.06,1552022917,2767.50,51.44145595,7.48370343,286.73,24.07,0.33,34.07,1,-107.00,-13.00,-2.00,7.00,24.00,22.00,13415426,265
208.06,1552022918,2791.55,51.44163719,7.48389189,286.27,24.31,0.24,31.90,1,-107.00,-13.00,-2.00,7.00,24.00,22.00,13415426,265
209.06,1552022919,2815.86,51.44182377,7.48407164,285.63,25.11,0.80,29.40,1,-104.00,-10.00,-2.00,4.00,25.00,22.00,13415426,265
210.06,1552022920,2840.96,51.44200742,7.48425122,284.73,24.93,-0.17,28.63,1,-104.00,-10.00,-2.00,4.00,25.00,22.00,13415426,265
211.06,1552022921,2865.95,51.44219425,7.48441964,283.84,25.04,0.11,27.58,1,-109.00,-15.00,-4.00,7.00,25.00,22.00,13415426,265
212.06,1552022922,2890.94,51.44239823,7.48459179,283.30,25.12,0.08,26.71,1,-109.00,-15.00,-4.00,7.00,25.00,22.00,13415426,265
213.06,1552022923,2916.06,51.44260181,7.48475286,282.72,25.09,-0.03,25.93,1,-112.00,-14.00,-5.00,5.00,21.00,22.00,13415426,265
214.06,1552022924,2941.15,51.44280417,7.48491199,282.01,25.10,0.01,24.99,1,-112.00,-14.00,-5.00,5.00,21.00,22.00,13415426,265
215.06,1552022925,2966.25,51.44300793,7.48506059,281.06,24.65,-0.45,24.10,1,-110.00,-17.00,-7.00,4.00,26.00,22.00,13415426,265
216.06,1552022926,2990.90,51.44320606,7.48520148,280.32,24.40,-0.25,23.37,1,-110.00,-17.00,-7.00,4.00,26.00,22.00,13415426,265
217.06,1552022927,3015.33,51.44340285,7.48533957,279.73,24.32,-0.08,23.25,1,-109.00,-17.00,-8.00,4.00,26.00,22.00,13415426,265
218.06,1552022928,3039.68,51.44359651,7.48547225,279.31,23.71,-0.61,23.21,1,-109.00,-17.00,-8.00,4.00,26.00,22.00,13415426,265
219.07,1552022929,3063.51,51.44378161,7.48559731,278.51,22.06,-1.65,22.67,1,-114.00,-17.00,-9.00,3.00,22.00,22.00,13415426,265
220.07,1552022930,3085.52,51.44395291,7.48571475,277.63,20.47,-1.60,22.29,1,-114.00,-17.00,-9.00,3.00,22.00,22.00,13415426,265
221.06,1552022931,3105.93,51.44411997,7.48582442,276.75,19.07,-1.40,22.66,1,-114.00,-17.00,-9.00,3.00,22.00,22.00,13415426,265
222.06,1552022932,3124.98,51.44427208,7.48592207,276.22,17.14,-1.93,23.57,1,-108.00,-13.00,-11.00,5.00,24.00,18.00,13415170,315
223.06,1552022933,3142.10,51.44440393,7.48602102,275.95,15.65,-1.50,25.50,1,-108.00,-13.00,-11.00,5.00,24.00,18.00,13415170,315
224.06,1552022934,3157.74,51.44451438,7.48612618,275.55,14.31,-1.34,29.20,1,-106.00,-10.00,-2.00,8.00,23.00,18.00,13415170,315
225.06,1552022935,3172.06,51.44459860,7.48626997,275.05,13.53,-0.78,47.23,1,-106.00,-10.00,-2.00,8.00,23.00,18.00,13415170,315
226.06,1552022936,3185.60,51.44466228,7.48644160,274.74,13.48,-0.05,60.76,1,-109.00,-11.00,-4.00,7.00,22.00,18.00,13415170,315
227.06,1552022937,3199.10,51.44469483,7.48662675,274.15,13.38,-0.10,76.06,1,-109.00,-11.00,-4.00,7.00,22.00,18.00,13415170,315
228.06,1552022938,3212.46,51.44469660,7.48682219,273.31,13.51,0.13,91.38,1,-119.00,-16.00,-5.00,3.00,15.00,18.00,13415170,315
229.06,1552022939,3225.97,51.44466915,7.48700413,272.83,13.69,0.18,106.19,1,-119.00,-16.00,-5.00,3.00,15.00,18.00,13415170,315
230.06,1552022940,3239.63,51.44461837,7.48716420,271.91,13.94,0.25,121.78,1,-112.00,-8.00,-8.00,6.00,8.00,80.00,13067273,288
231.06,1552022941,3253.56,51.44455727,7.48732086,270.56,13.09,-0.84,123.71,1,-112.00,-8.00,-8.00,6.00,8.00,80.00,13067273,288
232.06,1552022942,3266.68,51.44445082,7.48742333,269.57,13.90,0.81,149.01,1,-111.00,-11.00,-4.00,5.00,18.00,25.00,13417219,440
233.06,1552022943,3280.59,51.44433022,7.48748308,268.87,14.09,0.19,165.12,1,-111.00,-11.00,-4.00,5.00,18.00,25.00,13417219,440
234.06,1552022944,3294.65,51.44420459,7.48748515,268.42,14.22,0.13,183.60,1,-114.00,-17.00,-7.00,3.00,19.00,25.00,13417219,440
235.06,1552022945,3308.89,51.44408089,7.48746589,268.12,14.29,0.07,187.02,1,-114.00,-17.00,-7.00,3.00,19.00,25.00,13417219,440
236.06,1552022946,3323.18,51.44397667,7.48736917,267.50,13.99,-0.30,213.42,1,-116.00,-16.00,-8.00,4.00,18.00,25.00,13417219,440
237.06,1552022947,3337.17,51.44389365,7.48723331,266.78,14.67,0.68,226.14,1,-116.00,-16.00,-8.00,4.00,18.00,25.00,13417219,440
238.06,1552022948,3351.86,51.44383205,7.48705622,265.86,14.82,0.15,241.31,1,-113.00,-16.00,-5.00,4.00,20.00,25.00,13417219,440
239.06,1552022949,3366.72,51.44377314,7.48687797,265.16,14.19,-0.63,243.49,1,-113.00,-16.00,-5.00,4.00,20.00,25.00,13417219,440
240.07,1552022950,3380.94,51.44376339,7.48664659,264.50,15.22,1.03,268.89,1,-116.00,-17.00,-9.00,3.00,22.00,25.00,13417219,440
241.06,1552022951,3396.08,51.44375825,7.48641772,264.08,15.67,0.46,269.34,1,-116.00,-17.00,-9.00,3.00,22.00,25.00,13417219,440
242.06,1552022952,3411.75,51.44375112,7.48617467,264.20,16.88,1.21,268.91,1,-116.00,-17.00,-9.00,3.00,22.00,25.00,13417219,440
243.06,1552022953,3428.65,51.44374597,7.48592985,264.34,17.76,0.88,268.43,1,-115.00,-16.00,-10.00,4.00,17.00,25.00,13417219,440
244.06,1552022954,3446.39,51.44373886,7.48566071,264.23,18.90,1.15,267.73,1,-115.00,-16.00,-10.00,4.00,17.00,25.00,13417219,440
245.07,1552022955,3465.37,51.44373745,7.48538047,263.81,19.50,0.59,267.19,1,-119.00,-18.00,-11.00,3.00,17.00,25.00,13417219,440
246.06,1552022956,3484.81,51.44373045,7.48507837,263.84,20.10,0.60,267.64,1,-119.00,-18.00,-11.00,3.00,17.00,25.00,13417219,440
247.06,1552022957,3504.89,51.44372071,7.48477950,263.49,20.86,0.76,267.84,1,-117.00,-10.00,-13.00,5.00,14.00,67.00,13417219,440
248.06,1552022958,3525.75,51.44371457,7.48447746,263.12,22.26,1.40,268.42,1,-117.00,-10.00,-13.00,5.00,14.00,67.00,13417219,440
249.06,1552022959,3547.99,51.44371467,7.48415579,263.04,23.07,0.81,269.29,1,-111.00,-14.00,-6.00,4.00,22.00,23.00,13415426,265
250.06,1552022960,3571.04,51.44371012,7.48380116,263.07,24.28,1.22,268.88,1,-111.00,-14.00,-6.00,4.00,22.00,23.00,13415426,265
251.06,1552022961,3595.37,51.44370251,7.48344420,263.27,25.07,0.78,268.17,1,-112.00,-16.00,-6.00,4.00,24.00,23.00,13415426,265
252.06,1552022962,3620.41,51.44369356,7.48307997,263.36,25.82,0.76,267.65,1,-112.00,-16.00,-6.00,4.00,24.00,23.00,13415426,265
253.06,1552022963,3646.23,51.44368336,7.48270703,263.24,26.45,0.63,267.16,1,-110.00,-12.00,0.00,6.00,20.00,23.00,13415426,265
254.06,1552022964,3672.73,51.44367066,7.48231243,262.81,27.03,0.58,266.47,1,-110.00,-12.00,0.00,6.00,20.00,23.00,13415426,265
255.06,1552022965,3699.71,51.44365889,7.48192522,262.53,27.43,0.40,266.67,1,-110.00,-12.00,-1.00,4.00,21.00,23.00,13415426,265
256.06,1552022966,3727.14,51.44364468,7.48152484,262.44,28.04,0.61,266.33,1,-110.00,-12.00,-1.00,4.00,21.00,23.00,13415426,265
257.06,1552022967,3755.18,51.44362719,7.48112135,262.19,28.50,0.46,266.07,1,-108.00,-11.00,1.00,7.00,21.00,23.00,13415426,265
258.06,1552022968,3783.68,51.44361009,7.48070898,262.07,29.02,0.52,265.71,1,-108.00,-11.00,1.00,7.00,21.00,23.00,13415426,265
259.06,1552022969,3812.70,51.44358760,7.48029026,261.94,29.49,0.47,264.38,1,-112.00,-14.00,0.00,5.00,21.00,23.00,13415426,265
260.06,1552022970,3842.22,51.44356105,7.47985977,261.80,29.99,0.50,263.40,1,-112.00,-14.00,0.00,5.00,21.00,23.00,13415426,265
261.07,1552022971,3872.34,51.44352767,7.47943167,261.50,30.47,0.48,262.79,1,-106.00,-12.00,1.00,8.00,26.00,23.00,13415426,265
262.06,1552022972,3902.65,51.44349292,7.47899559,261.08,30.81,0.34,262.68,1,-106.00,-12.00,1.00,8.00,26.00,23.00,13415426,265
263.06,1552022973,3933.53,51.44345715,7.47854887,260.71,30.83,0.01,262.92,1,-106.00,-12.00,1.00,8.00,26.00,23.00,13415426,265
264.06,1552022974,3964.29,51.44342179,7.47811119,260.39,30.33,-0.50,262.57,1,-101.00,-8.00,5.00,9.00,27.00,23.00,13415426,265
265.06,1552022975,3994.62,51.44338740,7.47768647,259.93,29.83,-0.50,263.02,1,-101.00,-8.00,5.00,9.00,27.00,23.00,13415426,265
266.06,1552022976,4024.45,51.44335215,7.47726412,259.47,29.38,-0.45,262.48,1,-102.00,-8.00,7.00,7.00,26.00,23.00,13415426,265
267.06,1552022977,4053.80,51.44331872,7.47685755,258.70,28.87,-0.51,262.31,1,-102.00,-8.00,7.00,7.00,26.00,23.00,13415426,265
268.06,1552022978,4082.70,51.44328073,7.47645277,257.76,28.37,-0.49,261.57,1,-99.00,-7.00,4.00,9.00,27.00,23.00,13415426,265
269.06,1552022979,4111.13,51.44324008,7.47604717,256.86,28.41,0.04,261.10,1,-99.00,-7.00,4.00,9.00,27.00,23.00,13415426,265
270.06,1552022980,4139.48,51.44319743,7.47564351,255.97,28.29,-0.12,260.42,1,-103.00,-9.00,7.00,7.00,25.00,23.00,13415426,265
271.06,1552022981,4167.77,51.44315310,7.47522566,254.88,28.09,-0.20,259.61,1,-103.00,-9.00,7.00,7.00,25.00,23.00,13415426,265
272.06,1552022982,4195.86,51.44310706,7.47483833,253.93,27.96,-0.13,259.04,1,-105.00,-9.00,4.00,7.00,23.00,23.00,13415426,265
273.06,1552022983,4223.82,51.44305972,7.47444587,253.16,27.94,-0.02,258.90,1,-105.00,-9.00,4.00,7.00,23.00,23.00,13415426,265
274.06,1552022984,4251.73,51.44301143,7.47404866,252.59,27.94,0.00,259.04,1,-105.00,-9.00,7.00,6.00,23.00,23.00,13415426,265
275.06,1552022985,4279.70,51.44296275,7.47365556,252.02,27.89,-0.05,258.93,1,-105.00,-9.00,7.00,6.00,23.00,23.00,13415426,265
276.06,1552022986,4307.59,51.44291427,7.47326698,251.41,27.80,-0.09,259.39,1,-102.00,-9.00,3.00,10.00,24.00,23.00,13415426,265
277.06,1552022987,4335.36,51.44286770,7.47288315,250.78,27.47,-0.33,259.36,1,-102.00,-9.00,3.00,10.00,24.00,23.00,13415426,265
278.06,1552022988,4362.86,51.44282131,7.47250317,250.02,27.23,-0.24,259.49,1,-105.00,-8.00,6.00,6.00,23.00,23.00,13415426,265
279.06,1552022989,4390.06,51.44277719,7.47212368,249.35,26.91,-0.32,259.13,1,-105.00,-8.00,6.00,6.00,23.00,23.00,13415426,265
280.06,1552022990,4417.00,51.44273243,7.47174831,248.55,26.64,-0.27,258.82,1,-106.00,-9.00,8.00,7.00,21.00,23.00,13415426,265
281.06,1552022991,4443.64,51.44268925,7.47137818,247.86,26.30,-0.33,259.02,1,-106.00,-9.00,8.00,7.00,21.00,23.00,13415426,265
282.07,1552022992,4470.10,51.44264455,7.47100911,247.06,26.11,-0.19,258.75,1,-106.00,-8.00,8.00,15.00,19.00,23.00,13415426,265
283.06,1552022993,4496.05,51.44259853,7.47064002,246.09,25.89,-0.22,258.84,1,-106.00,-8.00,8.00,15.00,19.00,23.00,13415426,265
284.06,1552022994,4521.91,51.44255400,7.47027835,245.20,25.72,-0.18,258.46,1,-106.00,-8.00,8.00,15.00,19.00,23.00,13415426,265
285.06,1552022995,4547.63,51.44250783,7.46990609,244.14,25.45,-0.26,258.14,1,-106.00,-8.00,13.00,8.00,21.00,23.00,13415426,265
286.06,1552022996,4573.11,51.44245948,7.46955747,243.01,25.58,0.13,257.83,1,-106.00,-8.00,13.00,8.00,21.00,23.00,13415426,265
287.06,1552022997,4598.67,51.44240873,7.46918602,241.99,25.58,0.00,257.69,1,-100.00,-7.00,13.00,15.00,26.00,23.00,13415426,265
288.06,1552022998,4624.30,51.44235974,7.46881993,241.07,25.81,0.23,258.32,1,-100.00,-7.00,13.00,15.00,26.00,23.00,13415426,265
289.06,1552022999,4650.06,51.44231770,7.46846337,240.19,26.20,0.39,259.21,1,-107.00,-8.00,7.00,6.00,21.00,23.00,13415426,265
290.06,1552023000,4676.26,51.44227082,7.46808014,239.25,26.74,0.54,259.36,1,-107.00,-8.00,7.00,6.00,21.00,23.00,13415426,265
291.06,1552023001,4703.00,51.44222358,7.46769818,238.26,26.75,0.01,258.81,1,-107.00,-10.00,5.00,8.00,21.00,23.00,13415426,265
292.06,1552023002,4729.75,51.44217642,7.46731553,237.26,27.16,0.41,258.27,1,-107.00,-10.00,5.00,8.00,21.00,23.00,13415426,265
293.06,1552023003,4756.91,51.44212348,7.46692822,236.33,27.77,0.61,257.62,1,-110.00,-10.00,1.00,6.00,20.00,23.00,13415426,265
294.06,1552023004,4784.70,51.44207008,7.46653370,235.48,28.40,0.63,258.35,1,-110.00,-10.00,1.00,6.00,20.00,23.00,13415426,265
295.06,1552023005,4813.10,51.44202159,7.46613099,234.65,28.84,0.44,259.20,1,-109.00,-11.00,-2.00,7.00,22.00,23.00,13415426,265
296.06,1552023006,4841.95,51.44197280,7.46572320,233.79,29.08,0.24,259.85,1,-109.00,-11.00,-2.00,7.00,22.00,23.00,13415426,265
297.06,1552023007,4871.03,51.44192952,7.46529902,233.02,29.80,0.72,260.77,1,-109.00,-11.00,-3.00,5.00,22.00,23.00,13415426,265
298.06,1552023008,4900.92,51.44188612,7.46486948,232.31,30.50,0.69,261.30,1,-109.00,-11.00,-3.00,5.00,22.00,23.00,13415426,265
299.06,1552023009,4931.30,51.44184274,7.46442903,231.73,30.94,0.44,261.57,1,-110.00,-10.00,-2.00,6.00,19.00,14.00,13415427,265
300.06,1552023010,4962.23,51.44180711,7.46399240,231.26,31.12,0.18,262.22,1,-110.00,-10.00,-2.00,6.00,19.00,14.00,13415427,265
301.06,1552023011,4993.45,51.44177158,7.46354496,230.94,31.17,0.05,262.77,1,-100.00,-19.00,-7.00,5.00,31.00,14.00,13415427,264
302.06,1552023012,5024.62,51.44174065,7.46310179,230.59,31.09,-0.07,263.27,1,-100.00,-19.00,-7.00,5.00,31.00,14.00,13415427,264
303.07,1552023013,5055.87,51.44171492,7.46266088,230.20,30.80,-0.29,264.60,1,-108.00,-10.00,7.00,8.00,20.00,14.00,13415427,264
304.06,1552023014,5086.45,51.44168938,7.46221681,229.96,30.75,-0.05,264.96,1,-108.00,-10.00,7.00,8.00,20.00,14.00,13415427,264
305.06,1552023015,5117.18,51.44166529,7.46177247,229.79,30.84,0.09,265.09,1,-108.00,-10.00,7.00,8.00,20.00,14.00,13415427,264
306.06,1552023016,5148.02,51.44164582,7.46133516,229.46,30.85,0.01,265.87,1,-101.00,-10.00,6.00,9.00,31.00,14.00,13415427,264
307.06,1552023017,5178.90,51.44162580,7.46088988,229.18,30.97,0.12,266.25,1,-101.00,-10.00,6.00,9.00,31.00,14.00,13415427,264
308.06,1552023018,5209.84,51.44160698,7.46044629,228.82,31.05,0.08,266.36,1,-101.00,-11.00,25.00,9.00,31.00,14.00,13415427,264
309.06,1552023019,5240.92,51.44159470,7.45999291,228.56,31.31,0.26,267.40,1,-101.00,-11.00,25.00,9.00,31.00,14.00,13415427,264
310.06,1552023020,5272.24,51.44158335,7.45953568,228.44,31.55,0.24,267.78,1,-101.00,-8.00,22.00,6.00,27.00,14.00,13415427,264
311.06,1552023021,5303.76,51.44157249,7.45907855,228.38,31.80,0.25,268.01,1,-101.00,-8.00,22.00,6.00,27.00,14.00,13415427,264
312.06,1552023022,5335.56,51.44156803,7.45862064,228.37,31.55,-0.25,268.81,1,-96.00,-7.00,26.00,11.00,28.00,14.00,13415427,264
313.06,1552023023,5367.14,51.44156242,7.45817645,228.17,31.24,-0.31,269.31,1,-96.00,-7.00,26.00,11.00,28.00,14.00,13415427,264
314.06,1552023024,5398.35,51.44155775,7.45772764,227.95,31.15,-0.09,269.31,1,-97.00,-7.00,25.00,5.00,29.00,14.00,13415427,264
315.06,1552023025,5429.53,51.44155346,7.45727874,227.76,31.20,0.05,269.35,1,-97.00,-7.00,25.00,5.00,29.00,14.00,13415427,264
316.06,1552023026,5460.72,51.44155501,7.45682760,227.57,31.24,0.04,269.93,1,-101.00,-8.00,21.00,8.00,28.00,14.00,13415427,264
317.06,1552023027,5491.99,51.44155605,7.45637678,227.39,31.46,0.22,270.32,1,-101.00,-8.00,21.00,8.00,28.00,14.00,13415427,264
318.06,1552023028,5523.38,51.44155798,7.45592848,227.16,31.10,-0.36,270.78,1,-105.00,-8.00,22.00,6.00,22.00,14.00,13415427,264
319.06,1552023029,5554.49,51.44156615,7.45548131,226.94,31.18,0.08,271.53,1,-105.00,-8.00,22.00,6.00,22.00,14.00,13415427,264
320.06,1552023030,5585.67,51.44157509,7.45502397,226.94,31.17,-0.01,271.90,1,-98.00,-7.00,30.00,15.00,28.00,14.00,13415427,264
321.06,1552023031,5616.84,51.44158327,7.45456166,227.56,31.14,-0.03,272.32,1,-98.00,-7.00,30.00,15.00,28.00,14.00,13415427,264
322.06,1552023032,5647.98,51.44160133,7.45410533,228.38,31.67,0.52,273.75,1,-97.00,-7.00,26.00,10.00,28.00,14.00,13415427,264
323.06,1552023033,5679.65,51.44161860,7.45365388,229.07,31.48,-0.19,274.52,1,-97.00,-7.00,26.00,10.00,28.00,14.00,13415427,264
324.07,1552023034,5711.35,51.44164359,7.45321264,229.42,30.83,-0.65,275.28,1,-98.00,-7.00,15.00,15.00,27.00,14.00,13415427,264
325.06,1552023035,5741.97,51.44166780,7.45277986,229.49,30.31,-0.53,275.48,1,-98.00,-7.00,15.00,15.00,27.00,14.00,13415427,264
326.06,1552023036,5772.27,51.44169281,7.45234481,229.48,30.26,-0.04,275.69,1,-98.00,-7.00,15.00,15.00,27.00,14.00,13415427,264
327.06,1552023037,5802.53,51.44171968,7.45191503,229.25,30.17,-0.10,275.87,1,-104.00,-9.00,13.00,7.00,24.00,14.00,13415427,264
328.06,1552023038,5832.70,51.44175249,7.45147803,229.20,30.08,-0.09,276.36,1,-104.00,-9.00,13.00,7.00,24.00,14.00,13415427,264
329.06,1552023039,5862.87,51.44178429,7.45105438,229.03,29.84,-0.23,276.71,1,-109.00,-9.00,20.00,8.00,19.00,14.00,13415427,264
330.06,1552023040,5892.65,51.44182035,7.45063119,228.80,29.76,-0.08,277.57,1,-109.00,-9.00,20.00,8.00,19.00,14.00,13415427,264
331.06,1552023041,5922.38,51.44185671,7.45020712,228.52,29.82,0.06,277.56,1,-105.00,-7.00,10.00,8.00,20.00,14.00,13415427,264
332.06,1552023042,5952.20,51.44189328,7.44977851,228.34,29.95,0.12,277.99,1,-105.00,-7.00,10.00,8.00,20.00,14.00,13415427,264
333.06,1552023043,5982.21,51.44193085,7.44935088,228.14,30.13,0.18,278.56,1,-101.00,-6.00,22.00,10.00,23.00,14.00,13415427,264
334.06,1552023044,6012.28,51.44196762,7.44892454,227.87,30.20,0.08,278.54,1,-101.00,-6.00,22.00,10.00,23.00,14.00,13415427,264
335.06,1552023045,6042.51,51.44200897,7.44849634,227.49,30.06,-0.15,279.18,1,-105.00,-8.00,25.00,14.00,24.00,14.00,13415427,264
336.06,1552023046,6072.57,51.44204948,7.44807594,227.05,29.43,-0.63,280.12,1,-105.00,-8.00,25.00,14.00,24.00,14.00,13415427,264
337.06,1552023047,6102.00,51.44209838,7.44766410,226.59,28.91,-0.52,280.75,1,-99.00,-8.00,27.00,12.00,26.00,14.00,13415427,264
338.06,1552023048,6130.87,51.44214540,7.44726029,226.10,28.60,-0.31,280.85,1,-99.00,-8.00,27.00,12.00,26.00,14.00,13415427,264
339.06,1552023049,6159.50,51.44219497,7.44685519,225.69,28.52,-0.08,281.52,1,-99.00,-5.00,29.00,10.00,25.00,14.00,13415427,264
340.06,1552023050,6188.05,51.44225050,7.44645718,225.14,28.44,-0.08,282.17,1,-99.00,-5.00,29.00,10.00,25.00,14.00,13415427,264
341.06,1552023051,6216.44,51.44230514,7.44605523,224.71,28.41,-0.04,282.07,1,-102.00,-7.00,2.00,15.00,25.00,14.00,13415427,264
342.06,1552023052,6244.84,51.44236050,7.44565787,224.30,28.42,0.01,282.63,1,-102.00,-7.00,2.00,15.00,25.00,14.00,13415427,264
343.06,1552023053,6273.26,51.44242154,7.44525944,223.72,28.39,-0.02,282.88,1,-101.00,-8.00,24.00,9.00,30.00,14.00,13415427,264
344.06,1552023054,6301.65,51.44248629,7.44486027,223.27,28.63,0.24,283.35,1,-101.00,-8.00,24.00,9.00,30.00,14.00,13415427,264
345.07,1552023055,6330.46,51.44254647,7.44445883,222.96,28.81,0.18,283.72,1,-104.00,-8.00,1.00,8.00,23.00,14.00,13415427,264
346.06,1552023056,6359.13,51.44260811,7.44405403,222.54,29.17,0.36,283.48,1,-104.00,-8.00,1.00,8.00,23.00,14.00,13415427,264
347.06,1552023057,6388.30,51.44267025,7.44364278,222.16,29.48,0.31,284.22,1,-104.00,-8.00,1.00,8.00,23.00,14.00,13415427,264
348.06,1552023058,6417.78,51.44273846,7.44323119,221.77,29.89,0.41,285.07,1,-105.00,-11.00,-7.00,1.00,29.00,14.00,13415427,264
349.06,1552023059,6447.68,51.44281268,7.44281090,221.30,30.16,0.26,285.59,1,-105.00,-11.00,-7.00,1.00,29.00,14.00,13415427,264
350.06,1552023060,6477.83,51.44288723,7.44238353,221.06,30.50,0.34,285.77,1,-105.00,-10.00,5.00,6.00,23.00,14.00,13415427,264
351.06,1552023061,6508.33,51.44296825,7.44196336,220.75,30.50,0.01,286.48,1,-105.00,-10.00,5.00,6.00,23.00,14.00,13415427,264
352.06,1552023062,6538.83,51.44304729,7.44155326,220.26,29.89,-0.61,287.07,1,-108.00,-15.00,-4.00,5.00,27.00,14.00,13415427,264
353.06,1552023063,6568.72,51.44312323,7.44114512,219.86,29.58,-0.32,287.36,1,-108.00,-15.00,-4.00,5.00,27.00,14.00,13415427,264
354.06,1552023064,6598.30,51.44320153,7.44074279,219.43,29.31,-0.26,287.72,1,-108.00,-12.00,-3.00,5.00,22.00,14.00,13415427,264
355.06,1552023065,6627.61,51.44327340,7.44034870,218.86,29.28,-0.03,287.68,1,-108.00,-12.00,-3.00,5.00,22.00,14.00,13415427,264
356.06,1552023066,6656.87,51.44334960,7.43995127,218.33,28.99,-0.29,288.26,1,-107.00,-9.00,4.00,6.00,21.00,26.00,13246978,157
357.06,1552023067,6685.89,51.44343411,7.43956633,217.38,28.85,-0.15,288.86,1,-107.00,-9.00,4.00,6.00,21.00,26.00,13246978,157
358.06,1552023068,6714.74,51.44352035,7.43917421,216.43,28.72,-0.13,289.36,1,-105.00,-9.00,5.00,8.00,23.00,26.00,13246978,157
359.06,1552023069,6743.46,51.44360284,7.43878134,215.67,28.93,0.20,289.77,1,-105.00,-9.00,5.00,8.00,23.00,26.00,13246978,157
360.06,1552023070,6772.41,51.44369005,7.43839408,214.96,29.14,0.21,289.96,1,-105.00,-8.00,4.00,8.00,23.00,26.00,13246978,157
361.06,1552023071,6801.52,51.44377820,7.43800186,214.29,29.48,0.34,289.98,1,-105.00,-8.00,4.00,8.00,23.00,26.00,13246978,157
362.06,1552023072,6831.03,51.44386996,7.43760122,213.61,29.50,0.02,289.90,1,-104.00,-11.00,2.00,5.00,26.00,26.00,13246978,157
363.06,1552023073,6860.50,51.44396816,7.43720264,212.89,29.75,0.24,291.08,1,-104.00,-11.00,2.00,5.00,26.00,26.00,13246978,157
364.06,1552023074,6890.22,51.44406540,7.43680029,212.15,30.19,0.44,291.37,1,-104.00,-8.00,4.00,11.00,24.00,26.00,13246978,157
365.06,1552023075,6920.41,51.44416682,7.43639203,211.21,30.42,0.23,291.15,1,-104.00,-8.00,4.00,11.00,24.00,26.00,13246978,157
366.07,1552023076,6951.00,51.44427521,7.43598922,210.15,30.84,0.42,292.21,1,-106.00,-9.00,1.00,4.00,22.00,26.00,13246978,157
367.06,1552023077,6981.66,51.44438563,7.43558743,209.37,31.54,0.71,293.28,1,-106.00,-9.00,1.00,4.00,22.00,26.00,13246978,157
368.06,1552023078,7013.23,51.44449864,7.43517139,208.91,31.67,0.13,293.84,1,-106.00,-9.00,1.00,4.00,22.00,26.00,13246978,157
369.06,1552023079,7044.90,51.44462401,7.43474897,208.75,31.65,-0.03,295.09,1,-106.00,-10.00,0.00,5.00,23.00,29.00,13415427,157
370.06,1552023080,7076.52,51.44475175,7.43432198,208.94,31.54,-0.11,295.78,1,-106.00,-10.00,0.00,5.00,23.00,29.00,13415427,157
371.09,1552023081,7108.88,51.44488350,7.43391033,209.39,31.44,-0.09,296.88,1,-108.00,-12.00,1.00,6.00,22.00,29.00,13415427,264
372.06,1552023082,7139.53,51.44501503,7.43350049,209.81,31.62,0.18,297.66,1,-108.00,-12.00,1.00,6.00,22.00,29.00,13415427,264
373.06,1552023083,7171.18,51.44514872,7.43310311,209.97,31.57,-0.05,298.71,1,-108.00,-12.00,-2.00,5.00,24.00,34.00,13395457,111
374.06,1552023084,7202.72,51.44528160,7.43272189,209.50,31.55,-0.02,300.03,1,-108.00,-12.00,-2.00,5.00,24.00,34.00,13395457,111
375.06,1552023085,7234.27,51.44542130,7.43234315,208.93,31.33,-0.23,301.19,1,-108.00,-11.00,1.00,8.00,22.00,34.00,13395457,111
376.06,1552023086,7265.63,51.44556864,7.43197070,208.10,31.01,-0.31,302.79,1,-108.00,-11.00,1.00,8.00,22.00,34.00,13395457,111
377.06,1552023087,7296.65,51.44572000,7.43161088,206.98,30.71,-0.30,304.15,1,-105.00,-9.00,7.00,6.00,24.00,34.00,13395457,111
378.06,1552023088,7327.45,51.44587687,7.43125711,205.82,30.30,-0.41,305.30,1,-105.00,-9.00,7.00,6.00,24.00,34.00,13395457,111
379.06,1552023089,7357.63,51.44603370,7.43090632,204.49,29.76,-0.54,306.29,1,-103.00,-9.00,4.00,11.00,25.00,34.00,13395457,111
380.06,1552023090,7387.39,51.44619983,7.43055982,203.47,29.62,-0.14,307.22,1,-103.00,-9.00,4.00,11.00,25.00,34.00,13395457,111
381.06,1552023091,7417.01,51.44636792,7.43022350,202.68,29.38,-0.24,308.64,1,-103.00,-8.00,10.00,15.00,25.00,34.00,13395457,111
382.06,1552023092,7446.39,51.44653989,7.42989898,201.95,29.33,-0.05,310.22,1,-103.00,-8.00,10.00,15.00,25.00,34.00,13395457,111
383.06,1552023093,7475.69,51.44671556,7.42957935,201.27,29.26,-0.07,311.29,1,-93.00,-7.00,10.00,15.00,31.00,34.00,13395457,111
384.06,1552023094,7504.98,51.44689498,7.42926713,200.57,29.42,0.15,312.44,1,-93.00,-7.00,10.00,15.00,31.00,34.00,13395457,111
385.06,1552023095,7534.40,51.44707615,7.42896725,199.83,29.07,-0.35,313.87,1,-92.00,-6.00,14.00,15.00,30.00,34.00,13395457,111
386.06,1552023096,7563.44,51.44725818,7.42868112,198.82,28.63,-0.44,314.94,1,-92.00,-6.00,14.00,15.00,30.00,34.00,13395457,111
387.07,1552023097,7592.31,51.44743699,7.42839838,197.50,28.10,-0.52,315.51,1,-91.00,-7.00,12.00,14.00,31.00,34.00,13395457,111
388.06,1552023098,7620.18,51.44762515,7.42811921,196.46,28.08,-0.02,316.74,1,-91.00,-7.00,12.00,14.00,31.00,34.00,13395457,111
389.06,1552023099,7648.29,51.44781064,7.42784240,195.47,28.04,-0.04,317.45,1,-91.00,-7.00,12.00,14.00,31.00,34.00,13395457,111
390.06,1552023100,7676.31,51.44800687,7.42757795,194.45,28.46,0.42,319.84,1,-93.00,-6.00,13.00,12.00,31.00,34.00,13395457,111
391.06,1552023101,7704.77,51.44819912,7.42732626,193.19,28.46,0.00,320.89,1,-93.00,-6.00,13.00,12.00,31.00,34.00,13395457,111
392.06,1552023102,7733.23,51.44840245,7.42706484,192.10,28.52,0.06,321.35,1,-98.00,-8.00,10.00,15.00,27.00,34.00,13395457,111
393.06,1552023103,7761.84,51.44861601,7.42681243,191.16,28.71,0.19,323.11,1,-98.00,-8.00,10.00,15.00,27.00,34.00,13395457,111
394.06,1552023104,7790.47,51.44883331,7.42656662,190.27,29.09,0.38,324.40,1,-96.00,-7.00,7.00,15.00,26.00,34.00,13395457,111
395.06,1552023105,7819.56,51.44903815,7.42634847,188.25,29.36,0.27,325.59,1,-96.00,-7.00,7.00,15.00,26.00,34.00,13395457,111
396.06,1552023106,7848.92,51.44925820,7.42612587,186.01,29.69,0.33,326.75,1,-95.00,-7.00,13.00,15.00,29.00,34.00,13395457,111
397.06,1552023107,7878.61,51.44948726,7.42590654,183.57,30.10,0.42,328.59,1,-95.00,-7.00,13.00,15.00,29.00,34.00,13395457,111
398.06,1552023108,7908.78,51.44972837,7.42568394,181.19,29.92,-0.18,329.61,1,-96.00,-7.00,12.00,12.00,28.00,34.00,13395457,111
399.06,1552023109,7938.67,51.44997956,7.42545448,179.71,29.66,-0.26,330.61,1,-96.00,-7.00,12.00,12.00,28.00,34.00,13395457,111
400.06,1552023110,7968.36,51.45022846,7.42525506,178.49,29.96,0.30,332.87,1,-100.00,-8.00,8.00,14.00,28.00,34.00,13395457,111
401.06,1552023111,7998.26,51.45047429,7.42505767,177.64,30.32,0.36,333.56,1,-100.00,-8.00,8.00,14.00,28.00,34.00,13395457,111
402.06,1552023112,8028.61,51.45072490,7.42486854,176.51,30.78,0.46,335.08,1,-99.00,-8.00,8.00,13.00,28.00,34.00,13395457,111
403.06,1552023113,8059.39,51.45098290,7.42469015,175.57,31.18,0.40,336.58,1,-99.00,-8.00,8.00,13.00,28.00,34.00,13395457,111
404.06,1552023114,8090.57,51.45124648,7.42452646,174.65,31.40,0.22,338.29,1,-93.00,-9.00,11.00,10.00,34.00,34.00,13395457,111
405.06,1552023115,8121.97,51.45149589,7.42436834,173.90,29.24,-2.16,338.84,1,-93.00,-9.00,11.00,10.00,34.00,34.00,13395457,111
406.06,1552023116,8151.21,51.45172797,7.42423098,173.15,27.88,-1.36,340.13,1,-96.00,-8.00,-7.00,9.00,31.00,34.00,13395457,111
407.06,1552023117,8179.09,51.45195613,7.42409493,172.49,27.59,-0.29,340.49,1,-96.00,-8.00,-7.00,9.00,31.00,34.00,13395457,111
408.07,1552023118,8206.81,51.45218024,7.42397165,171.54,27.36,-0.23,341.66,1,-96.00,-14.00,-1.00,5.00,36.00,34.00,13395457,111
409.06,1552023119,8234.04,51.45240119,7.42384982,170.53,27.17,-0.19,341.72,1,-96.00,-14.00,-1.00,5.00,36.00,34.00,13395457,111
410.06,1552023120,8261.21,51.45262433,7.42372838,169.61,27.08,-0.09,342.45,1,-96.00,-14.00,-1.00,5.00,36.00,34.00,13395457,111
411.06,1552023121,8288.37,51.45285575,7.42361400,168.97,27.05,-0.04,342.72,1,-94.00,-15.00,-3.00,7.00,41.00,34.00,13395457,111
412.06,1552023122,8315.36,51.45308465,7.42350208,168.25,27.00,-0.05,343.23,1,-94.00,-15.00,-3.00,7.00,41.00,34.00,13395457,111
413.06,1552023123,8342.34,51.45331429,7.42338991,167.49,26.93,-0.07,343.37,1,-104.00,-8.00,0.00,15.00,23.00,19.00,13395469,221
414.06,1552023124,8369.27,51.45355016,7.42327838,166.81,27.01,0.08,343.69,1,-104.00,-8.00,0.00,15.00,23.00,19.00,13395469,221
415.06,1552023125,8396.33,51.45378166,7.42317795,165.83,27.17,0.17,343.85,1,-99.00,-7.00,0.00,15.00,25.00,19.00,13395469,221
416.06,1552023126,8423.45,51.45401309,7.42307539,164.66,27.34,0.16,344.18,1,-99.00,-7.00,0.00,15.00,25.00,19.00,13395469,221
417.06,1552023127,8450.79,51.45425020,7.42296934,163.50,27.67,0.33,343.97,1,-101.00,-8.00,6.00,14.00,24.00,19.00,13395469,221
418.06,1552023128,8478.45,51.45448805,7.42286227,162.27,27.82,0.15,343.23,1,-101.00,-8.00,6.00,14.00,24.00,19.00,13395469,221
419.06,1552023129,8506.28,51.45473641,7.42274997,161.18,28.45,0.62,343.22,1,-106.00,-10.00,2.00,9.00,23.00,19.00,13395469,221
420.06,1552023130,8534.72,51.45498561,7.42263646,160.19,28.74,0.30,342.99,1,-106.00,-10.00,2.00,9.00,23.00,19.00,13395469,221
421.06,1552023131,8563.46,51.45523730,7.42251308,159.40,28.85,0.11,342.66,1,-105.00,-8.00,2.00,12.00,23.00,19.00,13395469,221
422.06,1552023132,8592.37,51.45549418,7.42238694,158.83,29.02,0.17,342.13,1,-105.00,-8.00,2.00,12.00,23.00,19.00,13395469,221
423.06,1552023133,8621.33,51.45574514,7.42226425,158.10,28.92,-0.10,342.03,1,-103.00,-8.00,-1.00,9.00,23.00,19.00,13395469,221
424.06,1552023134,8650.28,51.45599416,7.42214085,157.32,29.06,0.14,341.73,1,-103.00,-8.00,-1.00,9.00,23.00,19.00,13395469,221
425.06,1552023135,8679.31,51.45624040,7.42200244,156.48,29.28,0.22,340.23,1,-100.00,-6.00,2.00,15.00,26.00,19.00,13395469,221
426.06,1552023136,8708.62,51.45650132,7.42185647,155.68,29.62,0.34,339.56,1,-100.00,-6.00,2.00,15.00,26.00,19.00,13395469,221
427.06,1552023137,8738.24,51.45675050,7.42170332,155.14,29.81,0.19,338.69,1,-104.00,-8.00,3.00,9.00,23.00,19.00,13395469,221
428.06,1552023138,8768.02,51.45700263,7.42154509,154.76,30.29,0.48,337.74,1,-104.00,-8.00,3.00,9.00,23.00,19.00,13395469,221
429.07,1552023139,8798.46,51.45725497,7.42136972,154.58,30.44,0.15,336.59,1,-105.00,-7.00,5.00,9.00,22.00,19.00,13395469,221
430.06,1552023140,8828.75,51.45750871,7.42119242,154.43,30.79,0.36,335.92,1,-105.00,-7.00,5.00,9.00,22.00,19.00,13395469,221
431.06,1552023141,8859.55,51.45776004,7.42100299,154.38,31.15,0.36,334.84,1,-105.00,-7.00,5.00,9.00,22.00,19.00,13395469,221
432.06,1552023142,8890.73,51.45800645,7.42081263,153.94,31.42,0.27,333.81,1,-106.00,-7.00,5.00,12.00,20.00,19.00,13395469,221
433.06,1552023143,8922.15,51.45824700,7.42061446,153.20,31.41,-0.01,332.78,1,-106.00,-7.00,5.00,12.00,20.00,19.00,13395469,221
434.06,1552023144,8953.53,51.45850492,7.42040382,152.48,31.99,0.59,332.28,1,-99.00,-6.00,5.00,15.00,26.00,19.00,13395469,221
435.06,1552023145,8985.49,51.45876488,7.42018199,151.92,32.20,0.20,331.46,1,-99.00,-6.00,5.00,15.00,26.00,19.00,13395469,221
436.06,1552023146,9017.72,51.45902469,7.41995836,151.38,32.44,0.24,330.70,1,-99.00,-8.00,4.00,8.00,26.00,19.00,13395469,221
437.06,1552023147,9050.19,51.45927449,7.41972933,150.93,32.22,-0.22,329.76,1,-99.00,-8.00,4.00,8.00,26.00,19.00,13395469,221
438.06,1552023148,9082.38,51.45952850,7.41948985,150.93,32.33,0.11,328.80,1,-98.00,-5.00,17.00,11.00,28.00,19.00,13395469,221
439.06,1552023149,9114.68,51.45978297,7.41923626,151.02,32.44,0.11,327.79,1,-98.00,-5.00,17.00,11.00,28.00,19.00,13395469,221
440.06,1552023150,9147.12,51.46002782,7.41897900,151.28,32.59,0.15,326.76,1,-97.00,-5.00,14.00,11.00,29.00,19.00,13395469,221
441.06,1552023151,9179.74,51.46027249,7.41872200,151.48,32.63,0.04,326.15,1,-97.00,-5.00,14.00,11.00,29.00,19.00,13395469,221
442.06,1552023152,9212.37,51.46051233,7.41845318,151.77,32.73,0.10,324.81,1,-101.00,-7.00,13.00,9.00,25.00,19.00,13395469,221
443.06,1552023153,9245.07,51.46074724,7.41817891,151.88,32.87,0.14,323.46,1,-101.00,-7.00,13.00,9.00,25.00,19.00,13395469,221
444.06,1552023154,9277.97,51.46098363,7.41789624,151.87,32.94,0.08,322.46,1,-92.00,-5.00,35.00,9.00,34.00,19.00,13395469,221
445.06,1552023155,9310.91,51.46121676,7.41761081,151.91,33.10,0.15,321.88,1,-92.00,-5.00,35.00,9.00,34.00,19.00,13395469,221
446.06,1552023156,9344.01,51.46144677,7.41731671,151.86,33.15,0.05,321.10,1,-98.00,-6.00,8.00,15.00,27.00,19.00,13395469,221
447.06,1552023157,9377.16,51.46167721,7.41701698,151.67,33.14,-0.00,320.31,1,-98.00,-6.00,8.00,15.00,27.00,19.00,13395469,221
448.06,1552023158,9410.30,51.46190079,7.41670714,151.48,33.14,-0.00,319.50,1,-104.00,-7.00,10.00,9.00,22.00,19.00,13395469,221
449.06,1552023159,9443.44,51.46212847,7.41639098,151.54,33.26,0.12,318.87,1,-104.00,-7.00,10.00,9.00,22.00,19.00,13395469,221
450.07,1552023160,9476.86,51.46234995,7.41606428,151.77,33.34,0.08,317.59,1,-98.00,-5.00,10.00,15.00,27.00,19.00,13395469,221
451.06,1552023161,9510.00,51.46256498,7.41573233,152.01,33.37,0.04,316.28,1,-98.00,-5.00,10.00,15.00,27.00,19.00,13395469,221
452.06,1552023162,9543.38,51.46279202,7.41538876,151.86,33.46,0.08,315.30,1,-98.00,-5.00,10.00,15.00,27.00,19.00,13395469,221
453.06,1552023163,9576.87,51.46300619,7.41505073,151.65,33.20,-0.25,314.78,1,-107.00,-9.00,8.00,9.00,20.00,19.00,13395469,221
454.06,1552023164,9610.10,51.46321281,7.41471035,151.59,32.70,-0.50,313.45,1,-107.00,-9.00,8.00,9.00,20.00,19.00,13395469,221
455.06,1552023165,9642.77,51.46341739,7.41437297,151.47,32.73,0.03,312.88,1,-100.00,-7.00,34.00,12.00,24.00,19.00,13395469,221
456.06,1552023166,9675.47,51.46361572,7.41402832,151.38,32.56,-0.16,311.99,1,-100.00,-7.00,34.00,12.00,24.00,19.00,13395469,221
457.06,1552023167,9708.06,51.46381579,7.41367760,151.39,32.65,0.08,311.17,1,-108.00,-7.00,10.00,6.00,19.00,19.00,13395469,221
458.06,1552023168,9740.71,51.46401140,7.41332822,151.49,32.59,-0.05,311.13,1,-108.00,-7.00,10.00,6.00,19.00,19.00,13395469,221
459.06,1552023169,9773.34,51.46420107,7.41297202,151.52,32.76,0.17,310.78,1,-99.00,-6.00,6.00,6.00,28.00,15.00,13532430,433
460.06,1552023170,9806.07,51.46438818,7.41260498,151.89,32.76,-0.00,309.30,1,-99.00,-6.00,6.00,6.00,28.00,15.00,13532430,433
461.06,1552023171,9838.80,51.46457405,7.41224642,152.03,32.67,-0.09,308.89,1,-93.00,-5.00,11.00,15.00,26.00,4.00,13395469,221
462.06,1552023172,9871.50,51.46476201,7.41188012,152.35,32.67,-0.00,308.84,1,-93.00,-5.00,11.00,15.00,26.00,4.00,13395469,221
463.06,1552023173,9904.17,51.46494636,7.41151031,152.60,32.92,0.26,308.36,1,-111.00,-8.00,4.00,6.00,17.00,4.00,13395469,221
464.06,1552023174,9937.09,51.46512410,7.41113454,152.78,32.95,0.03,307.93,1,-111.00,-8.00,4.00,6.00,17.00,4.00,13395469,221
465.06,1552023175,9970.04,51.46530315,7.41076090,152.86,32.98,0.03,307.72,1,-115.00,-10.00,1.00,6.00,14.00,4.00,13395469,221
466.06,1552023176,10003.12,51.46548370,7.41038273,152.81,33.06,0.08,308.06,1,-115.00,-10.00,1.00,6.00,14.00,4.00,13395469,221
467.06,1552023177,10036.18,51.46566521,7.41000699,152.79,33.10,0.04,308.05,1,-84.00,-7.00,0.00,15.00,45.00,5.00,13395458,112
468.06,1552023178,10069.28,51.46585157,7.40962056,153.08,33.21,0.11,307.99,1,-84.00,-7.00,0.00,15.00,45.00,5.00,13395458,112
469.06,1552023179,10102.39,51.46603583,7.40923505,153.53,33.20,-0.01,308.29,1,-80.00,-6.00,10.00,10.00,46.00,5.00,13395458,112
470.06,1552023180,10135.52,51.46621703,7.40886078,153.83,33.23,0.03,308.26,1,-80.00,-6.00,10.00,10.00,46.00,5.00,13395458,112
471.07,1552023181,10169.01,51.46639966,7.40848393,154.10,33.36,0.13,308.52,1,-85.00,-6.00,12.00,3.00,41.00,5.00,13395458,112
472.06,1552023182,10202.20,51.46658176,7.40810529,154.43,33.36,-0.00,308.47,1,-85.00,-6.00,12.00,3.00,41.00,5.00,13395458,112
473.06,1552023183,10235.52,51.46676432,7.40772436,154.63,33.38,0.03,308.60,1,-85.00,-6.00,12.00,3.00,41.00,5.00,13395458,112
474.06,1552023184,10268.91,51.46695440,7.40734310,154.97,33.39,0.01,309.14,1,-87.00,-7.00,7.00,3.00,39.00,5.00,13395458,112
475.06,1552023185,10302.30,51.46713953,7.40697372,155.06,33.38,-0.01,309.24,1,-87.00,-7.00,7.00,3.00,39.00,5.00,13395458,112
476.06,1552023186,10335.65,51.46732558,7.40660077,155.07,33.43,0.04,309.66,1,-81.00,-6.00,20.00,12.00,42.00,5.00,13395458,112
477.06,1552023187,10369.17,51.46751586,7.40623326,155.34,33.24,-0.19,309.47,1,-81.00,-6.00,20.00,12.00,42.00,5.00,13395458,112
478.06,1552023188,10402.34,51.46771933,7.40586950,155.96,33.03,-0.20,311.42,1,-81.00,-6.00,13.00,14.00,44.00,5.00,13395458,112
479.06,1552023189,10435.38,51.46791498,7.40551741,156.63,32.05,-0.98,311.10,1,-81.00,-6.00,13.00,14.00,44.00,5.00,13395458,112
480.06,1552023190,10467.39,51.46810202,7.40517519,157.30,31.41,-0.65,311.32,1,-76.00,-4.00,19.00,10.00,47.00,5.00,13395458,112
481.06,1552023191,10498.83,51.46829215,7.40483960,158.06,31.30,-0.11,312.58,1,-76.00,-4.00,19.00,10.00,47.00,5.00,13395458,112
482.06,1552023192,10530.13,51.46848203,7.40450659,158.78,31.21,-0.09,313.40,1,-82.00,-5.00,26.00,10.00,43.00,5.00,13395458,112
483.06,1552023193,10561.34,51.46867455,7.40419337,159.39,31.10,-0.11,314.60,1,-82.00,-5.00,26.00,10.00,43.00,5.00,13395458,112
484.06,1552023194,10592.44,51.46886796,7.40388124,160.15,30.63,-0.46,314.49,1,-84.00,-6.00,16.00,12.00,41.00,5.00,13395458,112
485.06,1552023195,10623.07,51.46906069,7.40356690,160.84,30.09,-0.55,314.12,1,-84.00,-6.00,16.00,12.00,41.00,5.00,13395458,112
486.06,1552023196,10653.15,51.46924867,7.40325984,161.36,29.39,-0.70,313.75,1,-88.00,-7.00,10.00,8.00,37.00,5.00,13395458,112
487.06,1552023197,10682.60,51.46942933,7.40296176,161.74,28.26,-1.13,314.00,1,-88.00,-7.00,10.00,8.00,37.00,5.00,13395458,112
488.06,1552023198,10710.80,51.46959747,7.40267878,162.02,27.97,-0.29,314.03,1,-92.00,-9.00,-2.00,8.00,34.00,5.00,13395458,112
489.06,1552023199,10738.77,51.46976912,7.40238772,161.90,27.26,-0.70,314.22,1,-92.00,-9.00,-2.00,8.00,34.00,5.00,13395458,112
490.06,1552023200,10766.03,51.46993468,7.40210854,161.96,26.81,-0.45,314.82,1,-99.00,-12.00,-3.00,6.00,32.00,5.00,13395458,112
491.06,1552023201,10792.84,51.47010348,7.40183935,162.10,26.08,-0.73,315.05,1,-99.00,-12.00,-3.00,6.00,32.00,5.00,13395458,112
492.07,1552023202,10819.08,51.47027257,7.40157389,162.37,25.60,-0.47,315.39,1,-91.00,-6.00,8.00,15.00,34.00,17.00,13022465,205
493.06,1552023203,10844.51,51.47043609,7.40132255,162.58,25.36,-0.25,315.63,1,-91.00,-6.00,8.00,15.00,34.00,17.00,13022465,205
494.06,1552023204,10869.86,51.47060551,7.40106753,162.62,25.08,-0.28,315.69,1,-91.00,-6.00,8.00,15.00,34.00,17.00,13022465,205
495.06,1552023205,10894.97,51.47076958,7.40081656,162.65,24.92,-0.15,316.58,1,-91.00,-7.00,7.00,15.00,35.00,17.00,13022465,205
496.06,1552023206,10919.87,51.47093106,7.40057901,162.63,24.41,-0.52,317.10,1,-91.00,-7.00,7.00,15.00,35.00,17.00,13022465,205
497.06,1552023207,10944.30,51.47108566,7.40035117,162.36,23.89,-0.52,317.00,1,-92.00,-8.00,10.00,12.00,32.00,17.00,13022465,205
498.06,1552023208,10968.16,51.47124238,7.40012176,162.23,23.41,-0.48,316.66,1,-92.00,-8.00,10.00,12.00,32.00,17.00,13022465,205
499.06,1552023209,10991.58,51.47140031,7.39989071,162.62,23.26,-0.15,317.21,1,-92.00,-7.00,10.00,15.00,33.00,17.00,13022465,205
500.06,1552023210,11014.84,51.47155235,7.39966718,162.97,22.89,-0.37,317.35,1,-92.00,-7.00,10.00,15.00,33.00,17.00,13022465,205
501.06,1552023211,11037.75,51.47170291,7.39945002,163.27,22.51,-0.38,318.15,1,-91.00,-6.00,11.00,9.00,33.00,17.00,13022465,205
502.06,1552023212,11060.24,51.47185312,7.39923476,163.66,22.44,-0.07,318.12,1,-91.00,-6.00,11.00,9.00,33.00,17.00,13022465,205
503.06,1552023213,11082.73,51.47200144,7.39901963,164.06,22.52,0.07,318.50,1,-90.00,-6.00,11.00,11.00,36.00,17.00,13022465,205
504.06,1552023214,11105.22,51.47215182,7.39880289,164.50,22.59,0.08,318.70,1,-90.00,-6.00,11.00,11.00,36.00,17.00,13022465,205
505.06,1552023215,11127.81,51.47230173,7.39858549,164.77,22.76,0.17,318.32,1,-91.00,-6.00,15.00,11.00,33.00,17.00,13022465,205
506.06,1552023216,11150.57,51.47245658,7.39836489,165.01,22.88,0.12,318.27,1,-91.00,-6.00,15.00,11.00,33.00,17.00,13022465,205
507.06,1552023217,11173.43,51.47261816,7.39814436,165.39,23.17,0.29,319.16,1,-92.00,-8.00,16.00,12.00,33.00,17.00,13022465,205
508.06,1552023218,11196.68,51.47277691,7.39792655,165.70,23.20,0.03,319.76,1,-92.00,-8.00,16.00,12.00,33.00,17.00,13022465,205
509.06,1552023219,11219.81,51.47293873,7.39771410,165.91,22.93,-0.27,320.29,1,-89.00,-7.00,14.00,12.00,33.00,17.00,13022465,205
510.06,1552023220,11242.76,51.47309805,7.39750570,166.21,22.59,-0.34,320.79,1,-89.00,-7.00,14.00,12.00,33.00,17.00,13022465,205
511.06,1552023221,11265.33,51.47325594,7.39729991,166.46,22.54,-0.05,320.26,1,-88.00,-7.00,10.00,11.00,40.00,17.00,13022465,205
512.06,1552023222,11287.88,51.47340906,7.39709537,166.62,22.56,0.01,320.36,1,-88.00,-7.00,10.00,11.00,40.00,17.00,13022465,205
513.06,1552023223,11310.55,51.47356369,7.39688861,166.90,22.29,-0.27,321.10,1,-85.00,-6.00,16.00,15.00,38.00,17.00,13022465,205
514.06,1552023224,11332.79,51.47372537,7.39668299,167.51,22.36,0.07,321.51,1,-85.00,-6.00,16.00,15.00,38.00,17.00,13022465,205
515.06,1552023225,11355.10,51.47388356,7.39648242,167.87,22.25,-0.11,322.10,1,-85.00,-6.00,16.00,15.00,38.00,17.00,13022465,205
516.06,1552023226,11377.33,51.47404279,7.39628027,168.13,22.34,0.10,321.93,1,-86.00,-6.00,16.00,15.00,38.00,17.00,13022465,205
517.06,1552023227,11399.67,51.47420480,7.39608355,168.42,22.37,0.02,322.83,1,-86.00,-6.00,16.00,15.00,38.00,17.00,13022465,205
518.06,1552023228,11422.03,51.47437199,7.39588862,169.22,21.64,-0.72,323.92,1,-83.00,-9.00,29.00,12.00,45.00,17.00,13022465,205
519.06,1552023229,11443.74,51.47453254,7.39570076,170.18,21.71,0.07,324.00,1,-83.00,-9.00,29.00,12.00,45.00,17.00,13022465,205
520.06,1552023230,11465.39,51.47469708,7.39551292,171.00,21.72,0.00,323.99,1,-84.00,-6.00,15.00,12.00,37.00,17.00,13022465,205
521.06,1552023231,11487.11,51.47485236,7.39532970,171.64,22.03,0.31,324.65,1,-84.00,-6.00,15.00,12.00,37.00,17.00,13022465,205
522.06,1552023232,11509.16,51.47501881,7.39515766,172.15,22.18,0.15,326.56,1,-78.00,-6.00,28.00,15.00,47.00,17.00,13022465,205
523.06,1552023233,11531.34,51.47519576,7.39498513,172.55,22.52,0.34,329.14,1,-78.00,-6.00,28.00,15.00,47.00,17.00,13022465,205
524.06,1552023234,11553.83,51.47536703,7.39481533,172.92,23.05,0.53,329.92,1,-76.00,-7.00,27.00,14.00,50.00,17.00,13022465,205
525.06,1552023235,11576.88,51.47554137,7.39464515,172.99,23.31,0.26,329.63,1,-76.00,-7.00,27.00,14.00,50.00,17.00,13022465,205
526.06,1552023236,11600.19,51.47572161,7.39447532,173.05,23.04,-0.27,328.78,1,-71.00,-6.00,24.00,15.00,54.00,17.00,13022465,205
527.06,1552023237,11623.27,51.47590632,7.39430127,172.94,23.21,0.17,329.53,1,-71.00,-6.00,24.00,15.00,54.00,17.00,13022465,205
528.06,1552023238,11646.45,51.47609024,7.39413844,172.79,23.31,0.11,330.73,1,-75.00,-7.00,25.00,14.00,53.00,17.00,13022465,205
529.06,1552023239,11669.74,51.47627678,7.39398440,172.52,23.13,-0.18,332.53,1,-75.00,-7.00,25.00,14.00,53.00,17.00,13022465,205
530.06,1552023240,11692.87,51.47645813,7.39384171,172.21,22.64,-0.49,333.76,1,-70.00,-5.00,30.00,15.00,53.00,17.00,13022465,205
531.06,1552023241,11715.51,51.47663831,7.39370198,172.05,22.52,-0.12,334.72,1,-70.00,-5.00,30.00,15.00,53.00,17.00,13022465,205
532.06,1552023242,11738.03,51.47682222,7.39356321,172.04,22.50,-0.03,335.08,1,-73.00,-5.00,30.00,15.00,53.00,17.00,13022465,205
533.06,1552023243,11760.53,51.47700721,7.39343047,172.18,22.53,0.03,336.16,1,-73.00,-5.00,30.00,15.00,53.00,17.00,13022465,205
534.07,1552023244,11783.22,51.47718616,7.39330987,172.33,21.46,-1.06,337.36,1,-75.00,-5.00,21.00,15.00,50.00,17.00,13022465,205
535.06,1552023245,11804.54,51.47736048,7.39320834,172.83,20.19,-1.27,340.84,1,-75.00,-5.00,21.00,15.00,50.00,17.00,13022465,205
536.06,1552023246,11824.72,51.47752893,7.39313689,173.20,19.20,-1.00,346.21,1,-75.00,-5.00,21.00,15.00,50.00,17.00,13022465,205
537.06,1552023247,11843.92,51.47769657,7.39307356,173.76,18.70,-0.50,347.91,1,-72.00,-5.00,32.00,12.00,54.00,17.00,13022465,205
538.06,1552023248,11862.60,51.47787000,7.39302734,174.54,18.49,-0.20,350.57,1,-72.00,-5.00,32.00,12.00,54.00,17.00,13022465,205
539.06,1552023249,11881.11,51.47803639,7.39304289,174.89,19.09,0.59,4.19,1,-65.00,-5.00,32.00,12.00,62.00,17.00,13022465,205
540.06,1552023250,11900.21,51.47821013,7.39307428,174.93,19.01,-0.07,6.26,1,-65.00,-5.00,32.00,12.00,62.00,17.00,13022465,205
541.06,1552023251,11919.21,51.47838683,7.39312571,175.20,19.31,0.30,9.74,1,-76.00,-5.00,25.00,14.00,50.00,17.00,13022465,205
542.06,1552023252,11938.52,51.47853269,7.39325086,175.09,19.20,-0.12,26.39,1,-76.00,-5.00,25.00,14.00,50.00,17.00,13022465,205
543.06,1552023253,11957.74,51.47868496,7.39338171,174.82,18.74,-0.46,28.45,1,-78.00,-6.00,24.00,15.00,48.00,17.00,13022465,205
544.06,1552023254,11976.48,51.47883239,7.39351977,174.59,16.86,-1.88,30.87,1,-78.00,-6.00,24.00,15.00,48.00,17.00,13022465,205
545.06,1552023255,11993.32,51.47896036,7.39364714,174.89,16.17,-0.69,31.62,1,-78.00,-6.00,13.00,12.00,47.00,17.00,13022465,205
546.06,1552023256,12009.50,51.47909024,7.39376449,175.44,13.92,-2.25,28.99,1,-78.00,-6.00,13.00,12.00,47.00,17.00,13022465,205
547.06,1552023257,12023.40,51.47921003,7.39381473,176.05,12.93,-0.99,12.44,1,-83.00,-6.00,22.00,12.00,43.00,17.00,13022465,205
548.06,1552023258,12036.33,51.47931058,7.39384654,176.48,13.22,0.29,8.39,1,-83.00,-6.00,22.00,12.00,43.00,17.00,13022465,205
549.06,1552023259,12049.57,51.47940941,7.39381502,176.47,13.49,0.27,347.70,1,-84.00,-6.00,20.00,12.00,41.00,17.00,13022465,205
550.06,1552023260,12063.04,51.47951643,7.39377144,176.55,13.49,0.00,344.63,1,-84.00,-6.00,20.00,12.00,41.00,17.00,13022465,205
551.06,1552023261,12076.54,51.47963581,7.39370714,176.84,14.12,0.63,341.19,1,-92.00,-8.00,9.00,6.00,36.00,17.00,13022465,205
552.06,1552023262,12090.65,51.47974947,7.39363430,177.20,13.89,-0.24,338.60,1,-92.00,-8.00,9.00,6.00,36.00,17.00,13022465,205
553.06,1552023263,12104.54,51.47985437,7.39356045,177.26,13.51,-0.37,337.36,1,-96.00,-9.00,12.00,7.00,32.00,17.00,13022465,205
554.06,1552023264,12118.05,51.47997024,7.39348018,177.91,12.71,-0.80,338.39,1,-96.00,-9.00,12.00,7.00,32.00,17.00,13022465,205
555.06,1552023265,12130.82,51.48007089,7.39346074,178.56,10.79,-1.91,355.85,1,-86.00,-6.00,10.00,15.00,39.00,17.00,13022465,205
556.06,1552023266,12141.57,51.48015720,7.39348917,179.36,10.15,-0.64,14.87,1,-86.00,-6.00,10.00,15.00,39.00,17.00,13022465,205
557.06,1552023267,12151.71,51.48023734,7.39356071,180.15,10.98,0.83,32.93,1,-86.00,-6.00,10.00,15.00,39.00,17.00,13022465,205
558.06,1552023268,12162.69,51.48029776,7.39366703,180.57,11.65,0.67,52.21,1,-90.00,-9.00,2.00,15.00,37.00,17.00,13022465,205
559.06,1552023269,12174.35,51.48036019,7.39379343,181.46,13.24,1.59,54.03,1,-90.00,-9.00,2.00,15.00,37.00,17.00,13022465,205
560.06,1552023270,12187.59,51.48042692,7.39395181,182.58,13.90,0.66,55.79,1,-97.00,-10.00,2.00,10.00,31.00,17.00,13022465,205
561.06,1552023271,12201.48,51.48050112,7.39412879,183.73,14.99,1.10,56.36,1,-97.00,-10.00,2.00,10.00,31.00,17.00,13022465,205
562.06,1552023272,12216.45,51.48058341,7.39432973,184.38,15.79,0.79,57.01,1,-96.00,-9.00,2.00,10.00,31.00,17.00,13022465,205
563.06,1552023273,12232.27,51.48066873,7.39453663,184.71,16.80,1.02,57.69,1,-96.00,-9.00,2.00,10.00,31.00,17.00,13022465,205
564.06,1552023274,12249.07,51.48075020,7.39474414,184.85,17.44,0.63,58.02,1,-91.00,-8.00,3.00,9.00,37.00,12.00,13532162,198
565.06,1552023275,12266.51,51.48083389,7.39495337,185.22,17.71,0.27,58.77,1,-91.00,-8.00,3.00,9.00,37.00,12.00,13532162,198
566.06,1552023276,12284.23,51.48091854,7.39518327,185.28,17.81,0.10,59.38,1,-93.00,-10.00,9.00,15.00,36.00,12.00,13532162,198
567.06,1552023277,12302.04,51.48100002,7.39540225,185.62,17.67,-0.14,59.67,1,-93.00,-10.00,9.00,15.00,36.00,12.00,13532162,198
568.06,1552023278,12319.69,51.48107969,7.39561688,185.79,17.33,-0.34,59.86,1,-94.00,-9.00,4.00,12.00,34.00,12.00,13532162,198
569.06,1552023279,12337.02,51.48115521,7.39582738,186.11,16.86,-0.47,59.97,1,-94.00,-9.00,4.00,12.00,34.00,12.00,13532162,198
570.06,1552023280,12353.88,51.48123272,7.39603865,186.18,16.49,-0.37,60.36,1,-94.00,-9.00,5.00,11.00,34.00,12.00,13532162,198
571.06,1552023281,12370.37,51.48131157,7.39624874,186.62,16.22,-0.26,59.83,1,-94.00,-9.00,5.00,11.00,34.00,12.00,13532162,198
572.06,1552023282,12386.60,51.48138580,7.39645007,187.18,15.93,-0.30,59.73,1,-93.00,-9.00,3.00,7.00,35.00,12.00,13532162,198
573.06,1552023283,12402.55,51.48146761,7.39665927,187.83,15.59,-0.33,59.39,1,-93.00,-9.00,3.00,7.00,35.00,12.00,13532162,198
574.06,1552023284,12418.13,51.48153584,7.39684007,188.35,15.12,-0.47,58.60,1,-98.00,-13.00,-2.00,6.00,33.00,12.00,13532162,198
575.06,1552023285,12433.26,51.48159905,7.39700570,188.39,14.85,-0.27,58.23,1,-98.00,-13.00,-2.00,6.00,33.00,12.00,13532162,198
576.07,1552023286,12448.18,51.48166988,7.39718680,188.29,14.51,-0.35,57.63,1,-102.00,-13.00,-4.00,6.00,29.00,12.00,13532162,198
577.06,1552023287,12462.62,51.48173284,7.39734839,187.97,14.07,-0.44,56.79,1,-102.00,-13.00,-4.00,6.00,29.00,12.00,13532162,198
578.07,1552023288,12476.73,51.48179614,7.39750957,187.50,13.76,-0.30,55.94,1,-102.00,-13.00,-4.00,6.00,29.00,12.00,13532162,198
579.06,1552023289,12490.44,51.48186150,7.39766066,187.04,13.58,-0.18,54.95,1,-101.00,-12.00,-5.00,7.00,30.00,12.00,13532162,198
580.06,1552023290,12504.02,51.48193266,7.39782164,186.66,13.31,-0.27,54.08,1,-101.00,-12.00,-5.00,7.00,30.00,12.00,13532162,198
581.06,1552023291,12517.32,51.48201081,7.39798594,186.29,13.18,-0.14,53.14,1,-100.00,-11.00,-1.00,10.00,28.00,12.00,13532162,198
582.06,1552023292,12530.50,51.48209281,7.39813985,186.25,12.74,-0.44,51.90,1,-100.00,-11.00,-1.00,10.00,28.00,12.00,13532162,198
583.06,1552023293,12543.24,51.48216608,7.39826746,186.37,11.45,-1.28,50.12,1,-96.00,-11.00,0.00,8.00,29.00,12.00,13532162,198
584.06,1552023294,12554.69,51.48222632,7.39836904,186.46,9.59,-1.86,48.30,1,-96.00,-11.00,0.00,8.00,29.00,12.00,13532162,198
585.06,1552023295,12564.28,51.48227664,7.39844701,186.47,7.62,-1.97,46.38,1,-95.00,-11.00,5.00,8.00,34.00,12.00,13532162,198
586.06,1552023296,12571.91,51.48231334,7.39850541,186.09,5.95,-1.68,44.61,1,-95.00,-11.00,5.00,8.00,34.00,12.00,13532162,198
587.06,1552023297,12577.85,51.48234655,7.39855135,186.07,3.92,-2.03,43.40,1,-95.00,-11.00,2.00,7.00,33.00,12.00,13532162,198
588.06,1552023298,12581.77,51.48237262,7.39857864,186.07,1.87,-2.05,42.15,1,-95.00,-11.00,2.00,7.00,33.00,12.00,13532162,198
589.06,1552023299,12583.64,51.48238055,7.39858294,186.09,0.31,-1.56,42.15,1,-100.00,-12.00,0.00,7.00,31.00,12.00,13532162,198
590.06,1552023300,12583.95,51.48238055,7.39858294,186.09,0.00,-0.31,42.15,1,-100.00,-12.00,0.00,7.00,31.00,12.00,13532162,198
591.06,1552023301,12583.95,51.48238055,7.39858294,186.09,0.00,0.00,42.15,1,-98.00,-11.00,0.00,8.00,30.00,12.00,13532162,198
592.06,1552023302,12583.95,51.48238055,7.39858294,186.10,0.00,0.00,42.15,1,-98.00,-11.00,0.00,8.00,30.00,12.00,13532162,198
593.06,1552023303,12583.95,51.48238055,7.39858294,186.10,0.00,0.00,42.15,1,-100.00,-11.00,-1.00,7.00,29.00,12.00,13532162,198
594.06,1552023304,12583.95,51.48238055,7.39858294,186.10,0.00,0.00,42.15,1,-100.00,-11.00,-1.00,7.00,29.00,12.00,13532162,198
595.06,1552023305,12583.95,51.48238055,7.39858294,186.11,0.00,0.00,42.15,1,-99.00,-11.00,-1.00,8.00,30.00,12.00,13532162,198
596.06,1552023306,12583.95,51.48238055,7.39858294,186.12,0.00,0.00,42.15,1,-99.00,-11.00,-1.00,8.00,30.00,12.00,13532162,198
597.07,1552023307,12583.95,51.48238055,7.39858294,186.12,0.00,0.00,42.15,1,-98.00,-11.00,0.00,8.00,32.00,12.00,13532162,198
598.06,1552023308,12583.95,51.48238055,7.39858294,186.13,0.00,0.00,42.15,1,-98.00,-11.00,0.00,8.00,32.00,12.00,13532162,198
599.06,1552023309,12583.95,51.48238055,7.39858294,186.14,0.00,0.00,42.15,1,-98.00,-11.00,0.00,8.00,32.00,12.00,13532162,198
600.06,1552023310,12583.95,51.48238055,7.39858294,186.14,0.00,0.00,42.15,1,-97.00,-10.00,0.00,8.00,32.00,12.00,13532162,198
601.06,1552023311,12583.95,51.48238055,7.39858294,186.15,0.00,0.00,42.15,1,-97.00,-10.00,0.00,8.00,32.00,12.00,13532162,198
602.06,1552023312,12583.95,51.48238055,7.39858294,186.15,0.00,0.00,42.15,1,-97.00,-9.00,1.00,8.00,30.00,12.00,13532162,198
603.06,1552023313,12583.95,51.48238055,7.39858294,186.16,0.00,0.00,42.15,1,-97.00,-9.00,1.00,8.00,30.00,12.00,13532162,198
604.06,1552023314,12583.95,51.48238055,7.39858294,186.16,0.00,0.00,42.15,1,-98.00,-10.00,1.00,9.00,30.00,12.00,13532162,198
605.06,1552023315,12583.95,51.48238055,7.39858294,186.16,0.00,0.00,42.15,1,-98.00,-10.00,1.00,9.00,30.00,12.00,13532162,198
606.06,1552023316,12583.95,51.48238055,7.39858294,186.17,0.00,0.00,42.15,1,-100.00,-10.00,-1.00,8.00,30.00,12.00,13532162,198
607.06,1552023317,12583.95,51.48238055,7.39858294,186.17,0.00,0.00,42.15,1,-100.00,-10.00,-1.00,8.00,30.00,12.00,13532162,198
608.06,1552023318,12583.95,51.48238055,7.39858294,186.17,0.00,0.00,42.15,1,-101.00,-12.00,-1.00,8.00,31.00,12.00,13532162,198
609.06,1552023319,12583.95,51.48238055,7.39858294,186.18,0.00,0.00,42.15,1,-101.00,-12.00,-1.00,8.00,31.00,12.00,13532162,198
610.06,1552023320,12583.95,51.48238055,7.39858294,186.18,0.00,0.00,42.15,1,-101.00,-11.00,-1.00,8.00,30.00,12.00,13532162,198
611.06,1552023321,12583.95,51.48238055,7.39858294,186.18,0.00,0.00,42.15,1,-101.00,-11.00,-1.00,8.00,30.00,12.00,13532162,198
612.06,1552023322,12583.95,51.48238055,7.39858294,186.18,0.00,0.00,42.15,1,-100.00,-11.00,-2.00,8.00,29.00,12.00,13532162,198
613.06,1552023323,12583.95,51.48238055,7.39858294,186.22,0.00,0.00,49.08,1,-100.00,-11.00,-2.00,8.00,29.00,12.00,13532162,198
614.06,1552023324,12583.95,51.48241369,7.39863642,186.58,0.00,0.00,47.56,1,-103.00,-13.00,-2.00,7.00,30.00,12.00,13532162,198
615.06,1552023325,12583.95,51.48245776,7.39870166,186.89,7.96,0.00,44.57,1,-103.00,-13.00,-2.00,7.00,30.00,12.00,13532162,198
616.06,1552023326,12591.89,51.48251849,7.39878516,187.07,8.95,1.00,42.52,1,-104.00,-13.00,-3.00,7.00,29.00,12.00,13532162,198
617.06,1552023327,12600.85,51.48259084,7.39887639,187.24,10.28,1.32,40.50,1,-104.00,-13.00,-3.00,7.00,29.00,12.00,13532162,198
618.07,1552023328,12611.17,51.48267161,7.39897082,187.40,10.91,0.63,38.56,1,-101.00,-13.00,-2.00,7.00,32.00,12.00,13532162,198
619.06,1552023329,12622.03,51.48275329,7.39905589,187.82,11.27,0.36,37.03,1,-101.00,-13.00,-2.00,7.00,32.00,12.00,13532162,198
620.06,1552023330,12633.29,51.48285522,7.39915853,188.21,12.61,1.34,35.41,1,-101.00,-13.00,-2.00,7.00,32.00,12.00,13532162,198
621.06,1552023331,12645.93,51.48295974,7.39926203,188.82,13.16,0.55,34.62,1,-99.00,-13.00,-2.00,10.00,33.00,12.00,13532162,198
622.06,1552023332,12659.06,51.48306526,7.39936419,189.25,13.77,0.61,34.14,1,-99.00,-13.00,-2.00,10.00,33.00,12.00,13532162,198
623.06,1552023333,12672.84,51.48317866,7.39947154,189.71,13.65,-0.12,33.58,1,-98.00,-13.00,-1.00,9.00,33.00,12.00,13532162,198
624.06,1552023334,12686.49,51.48328224,7.39957412,189.92,13.87,0.22,34.26,1,-98.00,-13.00,-1.00,9.00,33.00,12.00,13532162,198
625.06,1552023335,12700.36,51.48338679,7.39968016,189.96,14.07,0.21,34.64,1,-99.00,-13.00,0.00,11.00,33.00,12.00,13532162,198
626.06,1552023336,12714.42,51.48349381,7.39979469,189.93,14.33,0.25,35.31,1,-99.00,-13.00,0.00,11.00,33.00,12.00,13532162,198
627.06,1552023337,12728.75,51.48360759,7.39991570,189.86,14.17,-0.15,35.71,1,-96.00,-9.00,4.00,8.00,33.00,8.00,13532163,200
628.06,1552023338,12742.93,51.48371578,7.40003909,189.44,14.68,0.51,35.90,1,-96.00,-9.00,4.00,8.00,33.00,8.00,13532163,200
629.06,1552023339,12757.60,51.48382820,7.40016652,188.75,15.10,0.42,35.86,1,-95.00,-8.00,4.00,7.00,33.00,8.00,13532163,200
630.06,1552023340,12772.70,51.48392221,7.40028411,188.27,15.23,0.12,36.34,1,-95.00,-8.00,4.00,7.00,33.00,8.00,13532163,200
631.06,1552023341,12787.93,51.48402071,7.40040414,187.78,15.15,-0.08,36.74,1,-98.00,-9.00,5.00,8.00,31.00,8.00,13532163,200
632.06,1552023342,12803.09,51.48412517,7.40053685,187.51,15.00,-0.14,37.55,1,-98.00,-9.00,5.00,8.00,31.00,8.00,13532163,200
633.06,1552023343,12818.08,51.48424096,7.40068249,187.28,15.09,0.09,38.42,1,-97.00,-9.00,-3.00,8.00,31.00,8.00,13532163,200
634.06,1552023344,12833.18,51.48434609,7.40082426,187.31,15.11,0.01,39.39,1,-97.00,-9.00,-3.00,8.00,31.00,8.00,13532163,200
635.06,1552023345,12848.29,51.48444801,7.40096274,187.39,15.00,-0.11,40.08,1,-94.00,-7.00,5.00,15.00,31.00,8.00,13532163,200
636.06,1552023346,12863.29,51.48454902,7.40110173,187.32,15.04,0.04,40.57,1,-94.00,-7.00,5.00,15.00,31.00,8.00,13532163,200
637.06,1552023347,12878.31,51.48465113,7.40123967,187.34,14.69,-0.35,41.15,1,-91.00,-7.00,7.00,9.00,37.00,8.00,13532163,200
638.06,1552023348,12893.01,51.48475406,7.40138676,187.53,14.61,-0.08,42.01,1,-91.00,-7.00,7.00,9.00,37.00,8.00,13532163,200
639.06,1552023349,12907.67,51.48485385,7.40153462,187.52,14.59,-0.02,41.76,1,-97.00,-9.00,1.00,7.00,31.00,8.00,13532163,200
640.06,1552023350,12922.21,51.48495585,7.40168726,187.07,14.45,-0.14,41.95,1,-97.00,-9.00,1.00,7.00,31.00,8.00,13532163,200
641.06,1552023351,12936.66,51.48504473,7.40182457,186.53,14.48,0.03,42.09,1,-97.00,-9.00,1.00,7.00,31.00,8.00,13532163,200
642.06,1552023352,12951.14,51.48513392,7.40196207,186.10,14.15,-0.34,42.93,1,-90.00,-7.00,9.00,15.00,31.00,8.00,13532163,200
643.06,1552023353,12965.29,51.48521751,7.40210315,185.68,13.93,-0.22,44.13,1,-90.00,-7.00,9.00,15.00,31.00,8.00,13532163,200
644.06,1552023354,12979.22,51.48530127,7.40224412,185.64,13.09,-0.84,45.17,1,-93.00,-8.00,8.00,15.00,31.00,8.00,13532163,200
645.06,1552023355,12992.30,51.48538176,7.40238070,185.55,12.04,-1.05,46.49,1,-93.00,-8.00,8.00,15.00,31.00,8.00,13532163,200
646.06,1552023356,13004.35,51.48545078,7.40249988,185.33,10.87,-1.17,47.69,1,-93.00,-8.00,7.00,15.00,31.00,8.00,13532163,200
647.06,1552023357,13015.22,51.48550831,7.40260309,185.38,9.30,-1.57,48.74,1,-93.00,-8.00,7.00,15.00,31.00,8.00,13532163,200
648.06,1552023358,13024.51,51.48556382,7.40270336,185.20,7.29,-2.01,49.24,1,-98.00,-8.00,6.00,8.00,28.00,8.00,13532163,200
649.06,1552023359,13031.81,51.48560820,7.40274878,184.75,6.38,-0.91,32.37,1,-98.00,-8.00,6.00,8.00,28.00,8.00,13532163,200
650.06,1552023360,13038.19,51.48567296,7.40276391,184.24,7.23,0.86,0.64,1,-96.00,-8.00,4.00,8.00,31.00,8.00,13532163,200
651.06,1552023361,13045.42,51.48572511,7.40274902,184.15,7.95,0.72,341.12,1,-96.00,-8.00,4.00,8.00,31.00,8.00,13532163,200
652.06,1552023362,13053.37,51.48578126,7.40269655,184.26,8.59,0.64,326.62,1,-99.00,-9.00,5.00,15.00,29.00,8.00,13532163,200
653.06,1552023363,13061.97,51.48584423,7.40262539,184.37,9.40,0.80,324.84,1,-99.00,-9.00,5.00,15.00,29.00,8.00,13532163,200
654.06,1552023364,13071.37,51.48590863,7.40254977,184.45,10.31,0.91,324.41,1,-98.00,-8.00,4.00,12.00,29.00,8.00,13532163,200
655.06,1552023365,13081.67,51.48598765,7.40245909,184.44,11.50,1.19,325.26,1,-98.00,-8.00,4.00,12.00,29.00,8.00,13532163,200
656.06,1552023366,13093.17,51.48607458,7.40236451,184.21,12.20,0.70,326.14,1,-97.00,-9.00,4.00,8.00,28.00,8.00,13532163,200
657.06,1552023367,13105.37,51.48617184,7.40225845,184.36,12.45,0.25,327.02,1,-97.00,-9.00,4.00,8.00,28.00,8.00,13532163,200
658.06,1552023368,13117.83,51.48626791,7.40216647,184.54,12.26,-0.19,327.98,1,-99.00,-9.00,-5.00,11.00,28.00,8.00,13532163,200
659.06,1552023369,13130.11,51.48636930,7.40207717,184.65,12.51,0.25,330.41,1,-99.00,-9.00,-5.00,11.00,28.00,8.00,13532163,200
660.07,1552023370,13142.66,51.48647685,7.40199239,184.81,12.54,0.03,333.44,1,-97.00,-10.00,-3.00,6.00,31.00,13.00,13254913,38
661.06,1552023371,13155.12,51.48658883,7.40191359,184.93,12.66,0.12,336.02,1,-97.00,-10.00,-3.00,6.00,31.00,13.00,13254913,38
662.06,1552023372,13167.80,51.48670354,7.40184716,184.90,13.16,0.50,338.14,1,-97.00,-10.00,-3.00,6.00,31.00,13.00,13254913,38
663.06,1552023373,13180.95,51.48681055,7.40179605,184.83,13.13,-0.03,340.95,1,-100.00,-11.00,-1.00,5.00,30.00,13.00,13254913,38
664.06,1552023374,13194.08,51.48691669,7.40175546,184.70,13.18,0.04,343.43,1,-100.00,-11.00,-1.00,5.00,30.00,13.00,13254913,38
665.06,1552023375,13207.26,51.48702408,7.40172666,184.42,13.04,-0.14,345.78,1,-99.00,-10.00,6.00,12.00,31.00,13.00,13254913,38
666.06,1552023376,13220.29,51.48713660,7.40170170,184.19,13.14,0.10,348.06,1,-99.00,-10.00,6.00,12.00,31.00,13.00,13254913,38
667.06,1552023377,13233.43,51.48724960,7.40168637,183.55,13.46,0.32,350.54,1,-97.00,-10.00,-4.00,6.00,34.00,13.00,13254913,38
668.06,1552023378,13246.89,51.48736884,7.40167787,182.88,13.63,0.17,353.06,1,-97.00,-10.00,-4.00,6.00,34.00,13.00,13254913,38
669.06,1552023379,13260.51,51.48749630,7.40167489,182.20,13.50,-0.13,355.39,1,-92.00,-8.00,8.00,8.00,36.00,13.00,13254913,38
670.06,1552023380,13274.02,51.48762658,7.40167676,181.95,13.27,-0.23,356.80,1,-92.00,-8.00,8.00,8.00,36.00,13.00,13254913,38
671.06,1552023381,13287.30,51.48774300,7.40167977,181.34,13.47,0.20,357.74,1,-103.00,-11.00,9.00,11.00,27.00,13.00,13254913,38
672.06,1552023382,13300.77,51.48785454,7.40168962,180.34,13.67,0.20,358.65,1,-103.00,-11.00,9.00,11.00,27.00,13.00,13254913,38
673.06,1552023383,13314.46,51.48797479,7.40169829,179.29,13.67,-0.01,359.10,1,-103.00,-10.00,-1.00,8.00,28.00,13.00,13254913,38
674.06,1552023384,13328.12,51.48809390,7.40170624,178.46,13.49,-0.18,359.49,1,-103.00,-10.00,-1.00,8.00,28.00,13.00,13254913,38
675.06,1552023385,13341.60,51.48821714,7.40171665,177.80,13.49,0.01,0.37,1,-101.00,-11.00,5.00,8.00,28.00,13.00,13254913,38
676.06,1552023386,13355.08,51.48834452,7.40172490,177.31,13.52,0.03,0.28,1,-101.00,-11.00,5.00,8.00,28.00,13.00,13254913,38
677.06,1552023387,13368.61,51.48846385,7.40173153,176.93,13.43,-0.09,359.88,1,-100.00,-8.00,10.00,9.00,26.00,13.00,13254913,38
678.06,1552023388,13382.08,51.48857869,7.40173689,176.65,13.36,-0.07,0.13,1,-100.00,-8.00,10.00,9.00,26.00,13.00,13254913,38
679.06,1552023389,13395.40,51.48870243,7.40174148,176.36,13.36,0.00,359.99,1,-101.00,-9.00,9.00,9.00,28.00,13.00,13254913,38
680.06,1552023390,13408.75,51.48881764,7.40174632,175.99,13.28,-0.08,0.11,1,-101.00,-9.00,9.00,9.00,28.00,13.00,13254913,38
681.06,1552023391,13422.03,51.48893027,7.40175070,175.56,12.56,-0.72,0.61,1,-98.00,-7.00,13.00,9.00,26.00,13.00,13254913,38
682.06,1552023392,13434.59,51.48903921,7.40175582,175.12,11.44,-1.12,1.02,1,-98.00,-7.00,13.00,9.00,26.00,13.00,13254913,38
683.07,1552023393,13446.11,51.48912965,7.40176276,174.65,9.64,-1.80,1.36,1,-94.00,-8.00,14.00,15.00,32.00,13.00,13254913,38
684.06,1552023394,13455.68,51.48921658,7.40176663,174.48,7.81,-1.84,0.86,1,-94.00,-8.00,14.00,15.00,32.00,13.00,13254913,38
685.06,1552023395,13463.49,51.48927264,7.40177370,174.27,6.44,-1.36,3.23,1,-94.00,-8.00,14.00,15.00,32.00,13.00,13254913,38
686.06,1552023396,13469.93,51.48932774,7.40182555,174.30,6.29,-0.16,36.43,1,-90.00,-7.00,22.00,11.00,36.00,13.00,13254913,38
687.06,1552023397,13476.22,51.48936812,7.40189754,174.23,7.04,0.75,50.59,1,-90.00,-7.00,22.00,11.00,36.00,13.00,13254913,38
688.06,1552023398,13483.26,51.48938533,7.40199947,174.55,7.88,0.84,80.53,1,-88.00,-11.00,13.00,15.00,44.00,13.00,13254913,38
689.06,1552023399,13491.14,51.48938377,7.40211975,175.26,9.35,1.47,95.37,1,-88.00,-11.00,13.00,15.00,44.00,13.00,13254913,38
690.06,1552023400,13500.50,51.48938120,7.40226958,175.87,10.09,0.74,93.15,1,-99.00,-7.00,10.00,9.00,26.00,13.00,13254913,38
691.06,1552023401,13510.58,51.48937690,7.40241148,176.56,11.09,1.01,92.60,1,-99.00,-7.00,10.00,9.00,26.00,13.00,13254913,38
692.06,1552023402,13521.68,51.48937330,7.40258656,176.90,11.82,0.72,92.04,1,-100.00,-7.00,10.00,9.00,24.00,13.00,13254913,38
693.06,1552023403,13533.49,51.48936931,7.40277472,176.82,12.50,0.69,91.42,1,-100.00,-7.00,10.00,9.00,24.00,13.00,13254913,38
694.06,1552023404,13546.00,51.48937383,7.40295475,177.03,13.31,0.81,91.03,1,-98.00,-7.00,12.00,10.00,28.00,13.00,13254913,38
695.06,1552023405,13559.33,51.48937845,7.40314747,177.46,14.12,0.81,91.47,1,-98.00,-7.00,12.00,10.00,28.00,13.00,13254913,38
696.06,1552023406,13573.45,51.48937734,7.40335759,177.89,14.68,0.56,91.08,1,-104.00,-8.00,10.00,8.00,23.00,13.00,13254913,38
697.06,1552023407,13588.14,51.48937659,7.40356490,178.38,14.27,-0.41,91.35,1,-104.00,-8.00,10.00,8.00,23.00,13.00,13254913,38
698.06,1552023408,13602.35,51.48932160,7.40356000,178.70,13.77,-0.50,91.03,1,-104.00,-11.00,4.00,8.00,28.00,13.00,13254913,38
699.06,1552023409,13616.14,51.48937200,7.40396720,179.46,13.55,-0.22,91.05,1,-104.00,-11.00,4.00,8.00,28.00,13.00,13254913,38
700.06,1552023410,13629.71,51.48937248,7.40415336,180.14,13.59,0.05,90.92,1,-107.00,-12.00,1.00,6.00,23.00,13.00,13254913,38
701.06,1552023411,13643.34,51.48937245,7.40435426,180.55,13.87,0.28,90.75,1,-107.00,-12.00,1.00,6.00,23.00,13.00,13254913,38
702.06,1552023412,13657.17,51.48937253,7.40455280,180.91,14.01,0.15,91.45,1,-110.00,-12.00,-1.00,7.00,21.00,13.00,13254913,38
703.06,1552023413,13671.19,51.48937147,7.40475342,181.27,13.83,-0.18,91.10,1,-110.00,-12.00,-1.00,7.00,21.00,13.00,13254913,38
704.07,1552023414,13685.09,51.48937270,7.40494456,181.79,13.49,-0.34,90.76,1,-107.00,-11.00,3.00,6.00,21.00,13.00,13254913,38
705.06,1552023415,13698.50,51.48937757,7.40513191,182.29,13.02,-0.47,89.83,1,-107.00,-11.00,3.00,6.00,21.00,13.00,13254913,38
706.06,1552023416,13711.52,51.48938631,7.40531654,182.64,12.58,-0.45,88.48,1,-107.00,-11.00,3.00,6.00,21.00,13.00,13254913,38
707.06,1552023417,13724.10,51.48939726,7.40549970,182.98,12.24,-0.34,86.62,1,-106.00,-10.00,0.00,5.00,24.00,13.00,13254913,38
708.06,1552023418,13736.35,51.48941201,7.40568115,183.14,12.00,-0.24,84.72,1,-106.00,-10.00,0.00,5.00,24.00,13.00,13254913,38
709.06,1552023419,13748.35,51.48942817,7.40585739,183.16,11.98,-0.02,82.91,1,-108.00,-14.00,-3.00,5.00,27.00,13.00,13254913,38
710.06,1552023420,13760.36,51.48944897,7.40602663,182.99,11.98,-0.00,81.16,1,-108.00,-14.00,-3.00,5.00,27.00,13.00,13254913,38
711.06,1552023421,13772.31,51.48946988,7.40618853,182.82,11.89,-0.08,79.68,1,-112.00,-16.00,-6.00,4.00,24.00,13.00,13254913,38
712.06,1552023422,13784.19,51.48949142,7.40635482,182.63,12.00,0.11,78.78,1,-112.00,-16.00,-6.00,4.00,24.00,13.00,13254913,38
713.06,1552023423,13796.18,51.48951667,7.40652500,182.36,12.20,0.20,78.23,1,-100.00,-6.00,-5.00,11.00,34.00,69.00,13067274,289
714.06,1552023424,13808.39,51.48954030,7.40669502,182.22,12.56,0.36,78.62,1,-100.00,-6.00,-5.00,11.00,34.00,69.00,13067274,289
715.06,1552023425,13820.96,51.48956380,7.40686343,182.27,12.41,-0.15,77.49,1,-100.00,-9.00,11.00,11.00,28.00,69.00,13067274,289
716.06,1552023426,13833.38,51.48958987,7.40704269,182.34,12.49,0.08,77.56,1,-100.00,-9.00,11.00,11.00,28.00,69.00,13067274,289
717.06,1552023427,13845.87,51.48962064,7.40721612,182.56,12.54,0.05,77.85,1,-102.00,-7.00,10.00,15.00,26.00,69.00,13067274,289
718.06,1552023428,13858.41,51.48965104,7.40739670,182.66,12.56,0.02,77.71,1,-102.00,-7.00,10.00,15.00,26.00,69.00,13067274,289
719.06,1552023429,13870.95,51.48967771,7.40757686,182.53,12.60,0.04,77.54,1,-101.00,-9.00,12.00,15.00,29.00,69.00,13067274,289
720.06,1552023430,13883.55,51.48969938,7.40775527,182.14,12.69,0.09,77.66,1,-101.00,-9.00,12.00,15.00,29.00,69.00,13067274,289
721.06,1552023431,13896.24,51.48972376,7.40793387,181.63,12.76,0.07,78.14,1,-104.00,-7.00,13.00,12.00,20.00,69.00,13067274,289
722.06,1552023432,13909.01,51.48974812,7.40811430,181.12,12.90,0.14,78.63,1,-104.00,-7.00,13.00,12.00,20.00,69.00,13067274,289
723.06,1552023433,13921.91,51.48977215,7.40829686,180.63,12.98,0.08,78.40,1,-107.00,-9.00,10.00,8.00,21.00,69.00,13067274,289
724.06,1552023434,13934.87,51.48979550,7.40848370,179.95,13.01,0.03,78.14,1,-107.00,-9.00,10.00,8.00,21.00,69.00,13067274,289
725.07,1552023435,13947.96,51.48981643,7.40866701,179.25,13.08,0.08,77.91,1,-104.00,-6.00,10.00,14.00,20.00,69.00,13067274,289
726.06,1552023436,13960.97,51.48983926,7.40885521,178.49,13.27,0.19,77.80,1,-104.00,-6.00,10.00,14.00,20.00,69.00,13067274,289
727.06,1552023437,13974.24,51.48986102,7.40903956,177.82,13.21,-0.07,77.79,1,-104.00,-6.00,10.00,14.00,20.00,69.00,13067274,289
728.06,1552023438,13987.46,51.48988331,7.40922427,177.21,13.23,0.03,77.63,1,-106.00,-8.00,11.00,12.00,19.00,69.00,13067274,289
729.06,1552023439,14000.69,51.48990694,7.40941305,176.43,13.29,0.05,77.31,1,-106.00,-8.00,11.00,12.00,19.00,69.00,13067274,289
730.06,1552023440,14013.98,51.48993048,7.40959786,175.61,13.09,-0.20,77.68,1,-105.00,-6.00,4.00,8.00,20.00,69.00,13067274,289
731.06,1552023441,14027.07,51.48995368,7.40977957,174.81,12.91,-0.18,77.70,1,-105.00,-6.00,4.00,8.00,20.00,69.00,13067274,289
732.06,1552023442,14039.96,51.48997666,7.40995711,173.96,12.45,-0.46,77.71,1,-103.00,-6.00,1.00,6.00,26.00,21.00,12806666,385
733.06,1552023443,14052.41,51.48999887,7.41013237,172.91,12.02,-0.43,78.68,1,-103.00,-6.00,1.00,6.00,26.00,21.00,12806666,385
734.06,1552023444,14064.44,51.49002049,7.41029435,172.11,11.66,-0.36,78.55,1,-110.00,-9.00,6.00,7.00,19.00,21.00,12806666,385
735.06,1552023445,14076.08,51.49004188,7.41045657,171.39,11.47,-0.18,78.24,1,-110.00,-9.00,6.00,7.00,19.00,21.00,12806666,385
736.06,1552023446,14087.57,51.49006334,7.41061602,170.61,10.97,-0.50,78.53,1,-107.00,-7.00,-1.00,8.00,18.00,21.00,12806666,385
737.06,1552023447,14098.54,51.49008482,7.41077072,170.11,10.69,-0.28,77.87,1,-107.00,-7.00,-1.00,8.00,18.00,21.00,12806666,385
738.06,1552023448,14109.22,51.49010571,7.41091031,169.46,10.61,-0.08,77.75,1,-112.00,-9.00,6.00,8.00,14.00,66.00,13067274,289
739.06,1552023449,14119.84,51.49012677,7.41105296,168.78,10.55,-0.06,77.74,1,-112.00,-9.00,6.00,8.00,14.00,66.00,13067274,289
