0.12,1552022713,0.02,51.44992388,7.48834036,244.33,9.02,0.00,168.43,0,-100.00,-8.00,0.00,0.00,40.00,0.00,0,67
0.12,1552022713,0.03,51.44992388,7.48834036,244.33,9.02,0.00,168.43,0,-96.00,-8.00,0.00,0.00,40.00,0.00,0,157
1.10,1552022714,8.92,51.44983970,7.48836505,244.49,10.05,0.00,169.71,0,-101.00,-9.00,0.00,0.00,41.00,0.00,0,67
1.10,1552022714,8.93,51.44983970,7.48836505,244.49,10.05,0.00,169.71,0,-99.00,-8.00,0.00,0.00,38.00,0.00,0,157
2.10,1552022715,18.90,51.44974737,7.48839298,244.55,10.39,0.00,171.02,0,-101.00,-9.00,0.00,0.00,41.00,0.00,0,67
2.10,1552022715,18.90,51.44974737,7.48839298,244.55,10.39,0.00,171.02,0,-99.00,-8.00,0.00,0.00,38.00,0.00,0,157
3.10,1552022716,29.29,51.44964150,7.48841931,244.82,10.82,0.00,172.30,0,-101.00,-9.00,0.00,0.00,41.00,0.00,0,67
3.10,1552022716,29.30,51.44964150,7.48841931,244.82,10.82,0.00,172.30,0,-99.00,-8.00,0.00,0.00,38.00,0.00,0,157
4.09,1552022717,40.10,51.44954548,7.48843776,245.09,11.48,0.00,173.92,0,-100.00,-10.00,0.00,0.00,42.00,0.00,0,67
4.10,1552022717,40.11,51.44954548,7.48843776,245.09,11.48,0.00,173.92,0,-99.00,-9.00,0.00,0.00,39.00,0.00,0,157
5.10,1552022718,51.58,51.44944640,7.48845159,245.61,11.68,0.00,174.99,0,-100.00,-10.00,0.00,0.00,42.00,0.00,0,67
5.10,1552022718,51.58,51.44944640,7.48845159,245.61,11.68,0.00,174.99,0,-99.00,-9.00,0.00,0.00,39.00,0.00,0,157
6.10,1552022719,63.26,51.44933861,7.48845747,246.00,12.51,0.00,177.33,0,-103.00,-11.00,0.00,0.00,40.00,0.00,0,67
6.10,1552022719,63.27,51.44933861,7.48845747,246.00,12.51,0.00,177.33,0,-100.00,-9.00,0.00,0.00,38.00,0.00,0,157
7.09,1552022720,75.76,51.44921802,7.48845292,246.43,12.89,0.00,179.58,0,-103.00,-11.00,0.00,0.00,40.00,0.00,0,67
7.10,1552022720,75.77,51.44921802,7.48845292,246.43,12.89,0.00,179.58,0,-100.00,-9.00,0.00,0.00,38.00,0.00,0,157
8.10,1552022721,88.67,51.44908890,7.48844047,246.92,13.37,0.00,181.49,0,-103.00,-12.00,0.00,0.00,41.00,0.00,0,67
8.10,1552022721,88.67,51.44908890,7.48844047,246.92,13.37,0.00,181.49,0,-101.00,-10.00,0.00,0.00,38.00,0.00,0,157
9.10,1552022722,102.04,51.44895993,7.48841783,246.99,13.77,0.00,183.93,0,-103.00,-12.00,0.00,0.00,41.00,0.00,0,67
9.10,1552022722,102.04,51.44895993,7.48841783,246.99,13.77,0.00,183.93,0,-101.00,-10.00,0.00,0.00,38.00,0.00,0,157
10.17,1552022723,116.90,51.44883142,7.48838435,247.24,14.11,0.00,187.15,0,-105.00,-11.00,0.00,0.00,39.00,0.00,0,67
10.18,1552022723,116.92,51.44883142,7.48838435,247.24,14.11,0.00,187.15,0,-109.00,-15.00,0.00,0.00,40.00,0.00,0,124
10.18,1552022723,116.92,51.44883142,7.48838435,247.24,14.11,0.00,187.15,0,-110.00,-15.00,0.00,0.00,38.00,0.00,0,125
10.18,1552022723,116.93,51.44883142,7.48838435,247.24,14.11,0.00,187.15,0,-102.00,-10.00,0.00,0.00,36.00,0.00,0,157
10.18,1552022723,116.95,51.44883142,7.48838435,247.24,14.11,0.00,187.15,0,-107.00,-11.00,0.00,0.00,33.00,0.00,0,451
11.10,1552022724,129.91,51.44871804,7.48834584,247.03,13.81,0.00,189.45,0,-105.00,-11.00,0.00,0.00,39.00,0.00,0,67
11.10,1552022724,129.91,51.44871804,7.48834584,247.03,13.81,0.00,189.45,0,-109.00,-15.00,0.00,0.00,40.00,0.00,0,124
11.10,1552022724,129.93,51.44871804,7.48834584,247.03,13.81,0.00,189.45,0,-110.00,-15.00,0.00,0.00,38.00,0.00,0,125
11.10,1552022724,129.94,51.44871804,7.48834584,247.03,13.81,0.00,189.45,0,-102.00,-10.00,0.00,0.00,36.00,0.00,0,157
11.10,1552022724,129.94,51.44871804,7.48834584,247.03,13.81,0.00,189.45,0,-107.00,-11.00,0.00,0.00,33.00,0.00,0,451
12.10,1552022725,143.74,51.44859191,7.48829906,246.86,13.86,0.00,190.87,0,-108.00,-12.00,0.00,0.00,36.00,0.00,0,67
12.10,1552022725,143.74,51.44859191,7.48829906,246.86,13.86,0.00,190.87,0,-110.00,-15.00,0.00,0.00,36.00,0.00,0,125
12.10,1552022725,143.75,51.44859191,7.48829906,246.86,13.86,0.00,190.87,0,-110.00,-14.00,0.00,0.00,36.00,0.00,0,195
12.10,1552022725,143.77,51.44859191,7.48829906,246.86,13.86,0.00,190.87,0,-106.00,-12.00,0.00,0.00,34.00,0.00,0,157
12.10,1552022725,143.77,51.44859191,7.48829906,246.86,13.86,0.00,190.87,0,-107.00,-12.00,0.00,0.00,34.00,0.00,0,451
13.10,1552022726,157.58,51.44846752,7.48824516,246.80,14.34,0.00,192.79,0,-108.00,-12.00,0.00,0.00,36.00,0.00,0,67
13.10,1552022726,157.60,51.44846752,7.48824516,246.80,14.34,0.00,192.79,0,-110.00,-15.00,0.00,0.00,36.00,0.00,0,125
13.10,1552022726,157.61,51.44846752,7.48824516,246.80,14.34,0.00,192.79,0,-110.00,-14.00,0.00,0.00,36.00,0.00,0,195
13.10,1552022726,157.61,51.44846752,7.48824516,246.80,14.34,0.00,192.79,0,-106.00,-12.00,0.00,0.00,34.00,0.00,0,157
13.10,1552022726,157.63,51.44846752,7.48824516,246.80,14.34,0.00,192.79,0,-107.00,-12.00,0.00,0.00,34.00,0.00,0,451
14.10,1552022727,171.94,51.44833788,7.48819131,246.66,14.41,0.00,193.66,0,-113.00,-10.00,0.00,0.00,29.00,0.00,0,125
14.10,1552022727,171.95,51.44833788,7.48819131,246.66,14.41,0.00,193.66,0,-114.00,-11.00,0.00,0.00,29.00,0.00,0,195
14.10,1552022727,171.97,51.44833788,7.48819131,246.66,14.41,0.00,193.66,0,-115.00,-13.00,0.00,0.00,29.00,0.00,0,67
14.10,1552022727,171.98,51.44833788,7.48819131,246.66,14.41,0.00,193.66,0,-108.00,-8.00,0.00,0.00,29.00,0.00,0,451
14.10,1552022727,171.98,51.44833788,7.48819131,246.66,14.41,0.00,193.66,0,-111.00,-11.00,0.00,0.00,29.00,0.00,0,452
14.10,1552022727,172.00,51.44833788,7.48819131,246.66,14.41,0.00,193.66,0,-125.00,-15.00,0.00,0.00,23.00,0.00,0,475
14.10,1552022727,172.01,51.44833788,7.48819131,246.66,14.41,0.00,193.66,0,-129.00,-18.00,0.00,0.00,22.00,0.00,0,281
15.10,1552022728,186.35,51.45129840,7.49245850,246.46,14.59,0.00,194.08,0,-113.00,-10.00,0.00,0.00,29.00,0.00,0,125
15.10,1552022728,186.36,51.45129840,7.49245850,246.46,14.59,0.00,194.08,0,-114.00,-11.00,0.00,0.00,29.00,0.00,0,195
15.10,1552022728,186.38,51.45129840,7.49245850,246.46,14.59,0.00,194.08,0,-115.00,-13.00,0.00,0.00,29.00,0.00,0,67
15.10,1552022728,186.38,51.45129840,7.49245850,246.46,14.59,0.00,194.08,0,-108.00,-8.00,0.00,0.00,29.00,0.00,0,451
15.10,1552022728,186.39,51.45129840,7.49245850,246.46,14.59,0.00,194.08,0,-111.00,-11.00,0.00,0.00,29.00,0.00,0,452
15.10,1552022728,186.40,51.45129840,7.49245850,246.46,14.59,0.00,194.08,0,-125.00,-15.00,0.00,0.00,23.00,0.00,0,475
15.10,1552022728,186.40,51.45129840,7.49245850,246.46,14.59,0.00,194.08,0,-129.00,-18.00,0.00,0.00,22.00,0.00,0,281
16.09,1552022729,200.88,51.44807858,7.48806255,247.30,14.82,0.00,193.44,0,-96.00,-13.00,0.00,0.00,45.00,0.00,0,487
17.10,1552022730,215.72,51.44794653,7.48800906,248.03,14.25,0.00,192.49,0,-96.00,-13.00,0.00,0.00,45.00,0.00,0,487
18.09,1552022731,229.95,51.44782709,7.48796410,248.29,13.61,0.00,191.91,0,-96.00,-11.00,0.00,0.00,44.00,0.00,0,487
19.09,1552022732,243.56,51.44771178,7.48793235,248.08,12.58,0.00,189.83,0,-96.00,-11.00,0.00,0.00,44.00,0.00,0,487
20.11,1552022733,256.28,51.44758704,7.48790378,248.28,13.56,0.00,187.54,0,-96.00,-13.00,0.00,0.00,46.00,0.00,0,487
21.10,1552022734,269.78,51.44746029,7.48788711,248.92,12.98,0.00,184.81,0,-96.00,-13.00,0.00,0.00,46.00,0.00,0,487
25.09,1552022738,324.48,51.44695856,7.48793774,253.10,14.24,0.00,173.18,0,-94.00,-11.00,0.00,0.00,45.00,0.00,0,487
26.09,1552022739,338.72,51.44683784,7.48798795,254.16,14.72,0.00,169.93,0,-94.00,-11.00,0.00,0.00,45.00,0.00,0,487
27.09,1552022740,353.43,51.44669989,7.48805144,254.60,14.79,0.00,166.85,0,-91.00,-13.00,0.00,0.00,50.00,0.00,0,487
28.09,1552022741,368.23,51.44656815,7.48812478,255.53,14.54,0.00,163.51,0,-91.00,-13.00,0.00,0.00,50.00,0.00,0,487
29.09,1552022742,382.77,51.44644254,7.48821856,257.03,14.55,0.00,159.51,0,-93.00,-8.00,0.00,0.00,43.00,0.00,0,487
30.10,1552022743,397.36,51.44632844,7.48832170,258.09,14.71,0.00,156.49,0,-93.00,-8.00,0.00,0.00,43.00,0.00,0,487
31.10,1552022744,412.15,51.44620166,7.48845272,258.86,14.41,0.00,152.99,0,-89.00,-8.00,0.00,0.00,47.00,0.00,0,487
32.10,1552022745,426.48,51.44608214,7.48858456,259.68,14.64,0.00,149.43,0,-89.00,-8.00,0.00,0.00,47.00,0.00,0,487
33.10,1552022746,441.11,51.44596886,7.48872324,260.66,14.80,0.00,146.18,0,-91.00,-11.00,0.00,0.00,49.00,0.00,0,487
34.09,1552022747,455.90,51.44586722,7.48886997,261.60,14.71,0.00,143.09,0,-91.00,-11.00,0.00,0.00,49.00,0.00,0,487
35.09,1552022748,470.59,51.44977750,7.48528930,262.35,14.73,0.00,139.51,0,-89.00,-8.00,0.00,0.00,47.00,0.00,0,487
36.10,1552022749,485.34,51.44568901,7.48918787,263.03,14.99,0.00,136.46,0,-89.00,-8.00,0.00,0.00,47.00,0.00,0,487
37.09,1552022750,500.32,51.44559729,7.48936872,263.72,15.27,0.00,133.68,0,-93.00,-9.00,0.00,0.00,45.00,0.00,0,487
38.10,1552022751,515.60,51.44550796,7.48955419,264.12,15.34,0.00,131.59,0,-93.00,-9.00,0.00,0.00,45.00,0.00,0,487
39.09,1552022752,530.91,51.44542146,7.48974056,264.21,15.39,0.00,130.04,0,-95.00,-11.00,0.00,0.00,45.00,0.00,0,487
40.10,1552022753,546.37,51.44534005,7.48992611,264.00,15.48,0.00,128.87,0,-95.00,-11.00,0.00,0.00,45.00,0.00,0,487
98.09,1552022811,1199.04,51.44108919,7.48702431,271.21,11.67,0.00,232.86,0,-68.00,-8.00,0.00,0.00,63.00,0.00,0,488
99.09,1552022812,1210.71,51.44102474,7.48689769,272.05,11.72,0.00,232.19,0,-68.00,-8.00,0.00,0.00,63.00,0.00,0,488
100.09,1552022813,1222.43,51.44095767,7.48676371,272.39,11.80,0.00,231.82,0,-71.00,-9.00,0.00,0.00,63.00,0.00,0,488
101.10,1552022814,1234.28,51.44088171,7.48660733,272.98,12.02,0.00,232.63,0,-71.00,-9.00,0.00,0.00,63.00,0.00,0,488
146.10,1552022859,1772.03,51.43815474,7.47977922,282.07,11.78,0.00,240.62,0,-100.00,-14.00,0.00,0.00,43.00,0.00,0,414
146.10,1552022859,1772.04,51.43815474,7.47977922,282.07,11.78,0.00,240.62,0,-102.00,-17.00,0.00,0.00,46.00,0.00,0,88
147.09,1552022860,1783.79,51.43810212,7.47963235,282.54,12.86,0.00,240.21,0,-100.00,-14.00,0.00,0.00,43.00,0.00,0,414
147.10,1552022860,1783.81,51.43810212,7.47963235,282.54,12.86,0.00,240.21,0,-102.00,-17.00,0.00,0.00,46.00,0.00,0,88
148.10,1552022861,1796.77,51.43804859,7.47948225,283.09,12.31,0.00,241.14,0,-101.00,-12.00,0.00,0.00,39.00,0.00,0,284
149.09,1552022862,1808.97,51.43798834,7.47931918,283.52,12.67,0.00,240.62,0,-101.00,-12.00,0.00,0.00,39.00,0.00,0,284
150.09,1552022863,1821.64,51.43793145,7.47915757,284.03,13.00,0.00,240.82,0,-101.00,-12.00,0.00,0.00,39.00,0.00,0,284
151.10,1552022864,1834.65,51.43787007,7.47899439,283.73,12.00,0.00,240.89,0,-102.00,-10.00,0.00,0.00,37.00,0.00,0,88
151.10,1552022864,1834.66,51.43787007,7.47899439,283.73,12.00,0.00,240.89,0,-106.00,-14.00,0.00,0.00,37.00,0.00,0,77
151.10,1552022864,1834.68,51.43787007,7.47899439,283.73,12.00,0.00,240.89,0,-107.00,-14.00,0.00,0.00,36.00,0.00,0,491
152.10,1552022865,1846.70,51.43780819,7.47881979,283.51,12.59,0.00,239.83,0,-102.00,-10.00,0.00,0.00,37.00,0.00,0,88
152.10,1552022865,1846.71,51.43780819,7.47881979,283.51,12.59,0.00,239.83,0,-106.00,-14.00,0.00,0.00,37.00,0.00,0,77
152.10,1552022865,1846.72,51.43780819,7.47881979,283.51,12.59,0.00,239.83,0,-107.00,-14.00,0.00,0.00,36.00,0.00,0,491
153.10,1552022866,1859.24,51.43775182,7.47865088,284.09,12.46,0.00,240.66,0,-98.00,-10.00,0.00,0.00,41.00,0.00,0,88
153.10,1552022866,1859.25,51.43775182,7.47865088,284.09,12.46,0.00,240.66,0,-102.00,-14.00,0.00,0.00,40.00,0.00,0,77
153.10,1552022866,1859.25,51.43775182,7.47865088,284.09,12.46,0.00,240.66,0,-102.00,-14.00,0.00,0.00,40.00,0.00,0,284
154.10,1552022867,1871.70,51.43769317,7.47847744,284.53,12.79,0.00,241.30,0,-98.00,-10.00,0.00,0.00,41.00,0.00,0,88
154.10,1552022867,1871.71,51.43769317,7.47847744,284.53,12.79,0.00,241.30,0,-102.00,-14.00,0.00,0.00,40.00,0.00,0,77
154.10,1552022867,1871.73,51.43769317,7.47847744,284.53,12.79,0.00,241.30,0,-102.00,-14.00,0.00,0.00,40.00,0.00,0,284
157.09,1552022870,1909.24,51.43753401,7.47797417,282.97,12.44,0.00,240.57,0,-99.00,-20.00,0.00,0.00,50.00,0.00,0,377
157.09,1552022870,1909.25,51.43753401,7.47797417,282.97,12.44,0.00,240.57,0,-100.00,-17.00,0.00,0.00,49.00,0.00,0,488
158.10,1552022871,1921.74,51.43748253,7.47781931,282.48,11.88,0.00,241.22,0,-99.00,-20.00,0.00,0.00,50.00,0.00,0,377
158.10,1552022871,1921.75,51.43748253,7.47781931,282.48,11.88,0.00,241.22,0,-100.00,-17.00,0.00,0.00,49.00,0.00,0,488
159.10,1552022872,1933.62,51.43743202,7.47767683,282.10,11.58,0.00,241.07,0,-103.00,-11.00,0.00,0.00,35.00,0.00,0,488
160.09,1552022873,1945.19,51.43739065,7.47754794,282.16,11.47,0.00,240.41,0,-103.00,-11.00,0.00,0.00,35.00,0.00,0,488
163.09,1552022876,1981.25,51.43724160,7.47705324,283.21,11.93,0.00,243.95,0,-102.00,-12.00,0.00,0.00,41.00,0.00,0,488
164.09,1552022877,1993.19,51.43720187,7.47688662,283.54,12.24,0.00,247.12,0,-102.00,-12.00,0.00,0.00,41.00,0.00,0,488
165.10,1552022878,2005.47,51.43717448,7.47672953,283.76,11.09,0.00,250.99,0,-102.00,-11.00,0.00,0.00,37.00,0.00,0,488
166.09,1552022879,2016.51,51.43717212,7.47654550,283.77,9.30,0.00,272.56,0,-102.00,-11.00,0.00,0.00,37.00,0.00,0,488
167.09,1552022880,2025.81,51.43718218,7.47641506,284.27,9.58,0.00,276.59,0,-99.00,-9.00,0.00,0.00,38.00,0.00,0,488
168.09,1552022881,2035.40,51.43722408,7.47628162,284.50,8.43,0.00,301.52,0,-99.00,-9.00,0.00,0.00,38.00,0.00,0,488
169.10,1552022882,2043.89,51.43729705,7.47616941,284.89,8.63,0.00,321.30,0,-95.00,-7.00,0.00,0.00,40.00,0.00,0,488
170.10,1552022883,2052.46,51.43737903,7.47610375,284.76,8.93,0.00,336.99,0,-95.00,-7.00,0.00,0.00,40.00,0.00,0,488
171.09,1552022884,2061.38,51.43745713,7.47613339,284.81,9.21,0.00,15.21,0,-95.00,-7.00,0.00,0.00,40.00,0.00,0,488
209.09,1552022922,2839.55,51.44222771,7.48443867,277.74,25.22,0.00,27.45,0,-69.00,-10.00,0.00,0.00,63.00,0.00,0,486
210.09,1552022923,2864.77,51.44241435,7.48459859,276.90,25.12,0.00,26.90,0,-69.00,-10.00,0.00,0.00,63.00,0.00,0,486
228.09,1552022941,3212.64,51.44463035,7.48717081,263.85,13.74,0.00,121.40,0,-80.00,-13.00,0.00,0.00,61.00,0.00,0,487
229.09,1552022942,3226.38,51.44454613,7.48732173,263.40,14.16,0.00,137.08,0,-80.00,-13.00,0.00,0.00,61.00,0.00,0,487
230.10,1552022943,3240.55,51.44443320,7.48744156,262.91,13.53,0.00,151.84,0,-65.00,-7.00,0.00,0.00,63.00,0.00,0,487
231.09,1552022944,3254.07,51.44432515,7.48752980,263.00,13.47,0.00,154.52,0,-65.00,-7.00,0.00,0.00,63.00,0.00,0,487
232.11,1552022945,3267.68,51.44420644,7.48752260,263.00,14.00,0.00,183.19,0,-69.00,-9.00,0.00,0.00,63.00,0.00,0,487
233.09,1552022946,3281.53,51.44408393,7.48747271,262.75,14.24,0.00,197.90,0,-69.00,-9.00,0.00,0.00,63.00,0.00,0,487
234.09,1552022947,3295.76,51.44397068,7.48737755,262.27,14.39,0.00,211.31,0,-69.00,-9.00,0.00,0.00,63.00,0.00,0,487
235.10,1552022948,3310.20,51.44387072,7.48722986,261.67,15.03,0.00,225.51,0,-68.00,-8.00,0.00,0.00,63.00,0.00,0,487
236.10,1552022949,3325.24,51.44380277,7.48705215,261.27,14.64,0.00,240.97,0,-68.00,-8.00,0.00,0.00,63.00,0.00,0,487
237.09,1552022950,3339.82,51.44377383,7.48685459,261.24,14.45,0.00,259.21,0,-66.00,-10.00,0.00,0.00,63.00,0.00,0,487
238.09,1552022951,3354.27,51.44375392,7.48663684,261.51,15.43,0.00,262.49,0,-66.00,-10.00,0.00,0.00,63.00,0.00,0,487
260.09,1552022973,3873.24,51.44345775,7.47901545,257.85,30.77,0.00,262.93,0,-87.00,-11.00,0.00,0.00,52.00,0.00,0,488
261.09,1552022974,3904.04,51.44342138,7.47856840,257.62,30.80,0.00,263.02,0,-87.00,-11.00,0.00,0.00,52.00,0.00,0,488
262.09,1552022975,3934.84,51.44338541,7.47812895,257.29,30.29,0.00,262.49,0,-82.00,-10.00,0.00,0.00,56.00,0.00,0,488
263.10,1552022976,3965.25,51.44335112,7.47769917,256.88,29.71,0.00,262.14,0,-82.00,-10.00,0.00,0.00,56.00,0.00,0,488
264.09,1552022977,3994.83,51.44331538,7.47727020,256.53,29.34,0.00,262.33,0,-78.00,-9.00,0.00,0.00,59.00,0.00,0,488
265.10,1552022978,4024.21,51.44327992,7.47685156,256.18,28.89,0.00,262.27,0,-78.00,-9.00,0.00,0.00,59.00,0.00,0,488
266.10,1552022979,4053.16,51.44324329,7.47644781,255.59,28.36,0.00,261.72,0,-79.00,-8.00,0.00,0.00,57.00,0.00,0,488
267.09,1552022980,4081.43,51.44320232,7.47603802,255.20,28.49,0.00,260.79,0,-79.00,-8.00,0.00,0.00,57.00,0.00,0,488
268.09,1552022981,4109.92,51.44315906,7.47563880,254.74,28.26,0.00,260.41,0,-79.00,-9.00,0.00,0.00,59.00,0.00,0,488
269.09,1552022982,4138.18,51.44311487,7.47522194,254.32,28.12,0.00,260.05,0,-79.00,-9.00,0.00,0.00,59.00,0.00,0,488
270.09,1552022983,4166.30,51.44306662,7.47482667,253.74,27.92,0.00,259.04,0,-83.00,-7.00,0.00,0.00,53.00,0.00,0,488
271.09,1552022984,4194.22,51.44302077,7.47443148,252.90,27.87,0.00,259.05,0,-83.00,-7.00,0.00,0.00,53.00,0.00,0,488
272.09,1552022985,4222.09,51.44297348,7.47403427,252.03,27.81,0.00,258.62,0,-104.00,-10.00,0.00,0.00,35.00,0.00,0,488
272.09,1552022985,4222.09,51.44297348,7.47403427,252.03,27.81,0.00,258.62,0,-105.00,-11.00,0.00,0.00,35.00,0.00,0,308
272.10,1552022985,4222.12,51.44297348,7.47403427,252.03,27.81,0.00,258.62,0,-109.00,-14.00,0.00,0.00,33.00,0.00,0,88
273.10,1552022986,4250.04,51.44292677,7.47364261,250.96,27.72,0.00,258.60,0,-104.00,-10.00,0.00,0.00,35.00,0.00,0,488
273.10,1552022986,4250.07,51.44292677,7.47364261,250.96,27.72,0.00,258.60,0,-105.00,-11.00,0.00,0.00,35.00,0.00,0,308
273.10,1552022986,4250.09,51.44292677,7.47364261,250.96,27.72,0.00,258.60,0,-109.00,-14.00,0.00,0.00,33.00,0.00,0,88
274.10,1552022987,4277.68,51.44287880,7.47325704,250.11,27.44,0.00,258.87,0,-104.00,-12.00,0.00,0.00,36.00,0.00,0,488
274.10,1552022987,4277.68,51.44287880,7.47325704,250.11,27.44,0.00,258.87,0,-108.00,-16.00,0.00,0.00,36.00,0.00,0,287
275.10,1552022988,4305.09,51.44283159,7.47287255,249.44,27.17,0.00,259.02,0,-104.00,-12.00,0.00,0.00,36.00,0.00,0,488
275.10,1552022988,4305.12,51.44283159,7.47287255,249.44,27.17,0.00,259.02,0,-108.00,-16.00,0.00,0.00,36.00,0.00,0,287
276.10,1552022989,4332.48,51.44278691,7.47249390,248.72,26.90,0.00,259.04,0,-112.00,-13.00,0.00,0.00,30.00,0.00,0,488
276.10,1552022989,4332.51,51.44278691,7.47249390,248.72,26.90,0.00,259.04,0,-114.00,-14.00,0.00,0.00,30.00,0.00,0,70
276.11,1552022989,4332.53,51.44278691,7.47249390,248.72,26.90,0.00,259.04,0,-115.00,-16.00,0.00,0.00,30.00,0.00,0,486
277.10,1552022990,4359.25,51.44274209,7.47211738,248.04,26.62,0.00,259.18,0,-112.00,-13.00,0.00,0.00,30.00,0.00,0,488
277.10,1552022990,4359.27,51.44274209,7.47211738,248.04,26.62,0.00,259.18,0,-114.00,-14.00,0.00,0.00,30.00,0.00,0,70
277.10,1552022990,4359.30,51.44274209,7.47211738,248.04,26.62,0.00,259.18,0,-115.00,-16.00,0.00,0.00,30.00,0.00,0,486
278.10,1552022991,4385.79,51.44269988,7.47174201,247.37,26.32,0.00,259.13,0,-112.00,-13.00,0.00,0.00,30.00,0.00,0,488
278.10,1552022991,4385.82,51.44269988,7.47174201,247.37,26.32,0.00,259.13,0,-114.00,-14.00,0.00,0.00,30.00,0.00,0,70
278.10,1552022991,4385.82,51.44269988,7.47174201,247.37,26.32,0.00,259.13,0,-115.00,-16.00,0.00,0.00,30.00,0.00,0,486
279.10,1552022992,4412.17,51.44265680,7.47136707,246.62,26.24,0.00,258.65,0,-107.00,-14.00,0.00,0.00,40.00,0.00,0,488
279.10,1552022992,4412.19,51.44265680,7.47136707,246.62,26.24,0.00,258.65,0,-108.00,-16.00,0.00,0.00,40.00,0.00,0,486
279.10,1552022992,4412.22,51.44265680,7.47136707,246.62,26.24,0.00,258.65,0,-103.00,-6.00,0.00,0.00,35.00,0.00,0,403
279.10,1552022992,4412.25,51.44265680,7.47136707,246.62,26.24,0.00,258.65,0,-123.00,-12.00,0.00,0.00,22.00,0.00,0,323
279.10,1552022992,4412.27,51.44265680,7.47136707,246.62,26.24,0.00,258.65,0,-125.00,-15.00,0.00,0.00,22.00,0.00,0,361
279.10,1552022992,4412.27,51.44265680,7.47136707,246.62,26.24,0.00,258.65,0,-126.00,-15.00,0.00,0.00,22.00,0.00,0,294
280.10,1552022993,4438.41,51.44261087,7.47099285,245.91,25.97,0.00,258.45,0,-107.00,-14.00,0.00,0.00,40.00,0.00,0,488
280.10,1552022993,4438.43,51.44261087,7.47099285,245.91,25.97,0.00,258.45,0,-108.00,-16.00,0.00,0.00,40.00,0.00,0,486
280.10,1552022993,4438.43,51.44261087,7.47099285,245.91,25.97,0.00,258.45,0,-103.00,-6.00,0.00,0.00,35.00,0.00,0,403
280.10,1552022993,4438.46,51.44261087,7.47099285,245.91,25.97,0.00,258.45,0,-123.00,-12.00,0.00,0.00,22.00,0.00,0,323
280.10,1552022993,4438.49,51.44261087,7.47099285,245.91,25.97,0.00,258.45,0,-125.00,-15.00,0.00,0.00,22.00,0.00,0,361
280.10,1552022993,4438.49,51.44261087,7.47099285,245.91,25.97,0.00,258.45,0,-126.00,-15.00,0.00,0.00,22.00,0.00,0,294
281.10,1552022994,4464.32,51.44256538,7.47062802,245.30,25.78,0.00,258.61,0,-114.00,-10.00,0.00,0.00,28.00,0.00,0,195
282.10,1552022995,4490.10,51.44251976,7.47026648,244.67,25.44,0.00,258.50,0,-114.00,-10.00,0.00,0.00,28.00,0.00,0,195
283.10,1552022996,4515.61,51.44247540,7.46990464,243.67,25.27,0.00,258.26,0,-112.00,-10.00,0.00,0.00,30.00,0.00,0,195
283.10,1552022996,4515.64,51.44247540,7.46990464,243.67,25.27,0.00,258.26,0,-116.00,-14.00,0.00,0.00,30.00,0.00,0,123
284.10,1552022997,4540.80,51.44242692,7.46954246,242.74,25.18,0.00,257.92,0,-112.00,-10.00,0.00,0.00,30.00,0.00,0,195
284.10,1552022997,4540.83,51.44242692,7.46954246,242.74,25.18,0.00,257.92,0,-116.00,-14.00,0.00,0.00,30.00,0.00,0,123
285.10,1552022998,4566.01,51.44237761,7.46918763,241.71,25.36,0.00,257.86,0,-111.00,-9.00,0.00,0.00,29.00,0.00,0,195
285.10,1552022998,4566.01,51.44237761,7.46918763,241.71,25.36,0.00,257.86,0,-116.00,-13.00,0.00,0.00,28.00,0.00,0,249
285.10,1552022998,4566.04,51.44237761,7.46918763,241.71,25.36,0.00,257.86,0,-116.00,-14.00,0.00,0.00,29.00,0.00,0,231
286.10,1552022999,4591.34,51.44232718,7.46882204,240.55,25.61,0.00,258.43,0,-111.00,-9.00,0.00,0.00,29.00,0.00,0,195
286.10,1552022999,4591.37,51.44232718,7.46882204,240.55,25.61,0.00,258.43,0,-116.00,-13.00,0.00,0.00,28.00,0.00,0,249
286.10,1552022999,4591.40,51.44232718,7.46882204,240.55,25.61,0.00,258.43,0,-116.00,-14.00,0.00,0.00,29.00,0.00,0,231
287.10,1552023000,4617.13,51.44227820,7.46845018,239.40,25.99,0.00,258.73,0,-110.00,-8.00,0.00,0.00,29.00,0.00,0,195
287.10,1552023000,4617.16,51.44227820,7.46845018,239.40,25.99,0.00,258.73,0,-115.00,-13.00,0.00,0.00,31.00,0.00,0,249
287.10,1552023000,4617.18,51.44227820,7.46845018,239.40,25.99,0.00,258.73,0,-124.00,-14.00,0.00,0.00,22.00,0.00,0,274
287.11,1552023000,4617.21,51.44227820,7.46845018,239.40,25.99,0.00,258.73,0,-125.00,-15.00,0.00,0.00,22.00,0.00,0,475
287.11,1552023000,4617.21,51.44227820,7.46845018,239.40,25.99,0.00,258.73,0,-128.00,-17.00,0.00,0.00,22.00,0.00,0,361
287.11,1552023000,4617.24,51.44227820,7.46845018,239.40,25.99,0.00,258.73,0,-104.00,-9.00,0.00,0.00,33.00,0.00,0,488
287.11,1552023000,4617.26,51.44227820,7.46845018,239.40,25.99,0.00,258.73,0,-111.00,-14.00,0.00,0.00,32.00,0.00,0,308
287.11,1552023000,4617.26,51.44227820,7.46845018,239.40,25.99,0.00,258.73,0,-101.00,-9.00,0.00,0.00,34.00,0.00,0,199
288.10,1552023001,4643.07,51.44222972,7.46807356,238.30,26.43,0.00,258.65,0,-110.00,-8.00,0.00,0.00,29.00,0.00,0,195
288.10,1552023001,4643.10,51.44222972,7.46807356,238.30,26.43,0.00,258.65,0,-115.00,-13.00,0.00,0.00,31.00,0.00,0,249
288.10,1552023001,4643.12,51.44222972,7.46807356,238.30,26.43,0.00,258.65,0,-124.00,-14.00,0.00,0.00,22.00,0.00,0,274
288.10,1552023001,4643.15,51.44222972,7.46807356,238.30,26.43,0.00,258.65,0,-125.00,-15.00,0.00,0.00,22.00,0.00,0,475
288.10,1552023001,4643.18,51.44222972,7.46807356,238.30,26.43,0.00,258.65,0,-128.00,-17.00,0.00,0.00,22.00,0.00,0,361
288.10,1552023001,4643.18,51.44222972,7.46807356,238.30,26.43,0.00,258.65,0,-104.00,-9.00,0.00,0.00,33.00,0.00,0,488
288.11,1552023001,4643.20,51.44222972,7.46807356,238.30,26.43,0.00,258.65,0,-111.00,-14.00,0.00,0.00,32.00,0.00,0,308
288.11,1552023001,4643.23,51.44222972,7.46807356,238.30,26.43,0.00,258.65,0,-101.00,-9.00,0.00,0.00,34.00,0.00,0,199
289.10,1552023002,4669.40,51.44218095,7.46769351,237.27,26.58,0.00,258.61,0,-108.00,-17.00,0.00,0.00,35.00,0.00,0,427
289.10,1552023002,4669.43,51.44218095,7.46769351,237.27,26.58,0.00,258.61,0,-108.00,-17.00,0.00,0.00,35.00,0.00,0,118
289.10,1552023002,4669.43,51.44218095,7.46769351,237.27,26.58,0.00,258.61,0,-109.00,-18.00,0.00,0.00,35.00,0.00,0,13
290.10,1552023003,4695.98,51.44213301,7.46731187,236.30,26.88,0.00,258.35,0,-108.00,-17.00,0.00,0.00,35.00,0.00,0,427
290.10,1552023003,4696.01,51.44213301,7.46731187,236.30,26.88,0.00,258.35,0,-108.00,-17.00,0.00,0.00,35.00,0.00,0,118
290.10,1552023003,4696.04,51.44213301,7.46731187,236.30,26.88,0.00,258.35,0,-109.00,-18.00,0.00,0.00,35.00,0.00,0,13
291.09,1552023004,4722.81,51.44208404,7.46692476,235.38,27.47,0.00,257.60,0,-105.00,-14.00,0.00,0.00,35.00,0.00,0,118
292.09,1552023005,4750.28,51.44203354,7.46653038,234.51,28.12,0.00,258.15,0,-105.00,-14.00,0.00,0.00,35.00,0.00,0,118
293.09,1552023006,4778.37,51.44198500,7.46612656,233.72,28.62,0.00,258.98,0,-103.00,-11.00,0.00,0.00,34.00,0.00,0,118
294.10,1552023007,4807.22,51.44194153,7.46571029,232.93,29.25,0.00,260.62,0,-103.00,-11.00,0.00,0.00,34.00,0.00,0,118
295.10,1552023008,4836.33,51.44189758,7.46528383,232.28,29.64,0.00,260.48,0,-101.00,-11.00,0.00,0.00,36.00,0.00,0,118
295.10,1552023008,4836.33,51.44189758,7.46528383,232.28,29.64,0.00,260.48,0,-105.00,-16.00,0.00,0.00,36.00,0.00,0,427
296.10,1552023009,4865.97,51.44185336,7.46484815,232.14,30.49,0.00,260.80,0,-101.00,-11.00,0.00,0.00,36.00,0.00,0,118
296.10,1552023009,4866.00,51.44185336,7.46484815,232.14,30.49,0.00,260.80,0,-105.00,-16.00,0.00,0.00,36.00,0.00,0,427
297.11,1552023010,4896.80,51.44181347,7.46441718,232.22,31.03,0.00,261.86,0,-102.00,-10.00,0.00,0.00,34.00,0.00,0,118
298.09,1552023011,4927.40,51.44177118,7.46398565,232.42,31.17,0.00,262.33,0,-102.00,-10.00,0.00,0.00,34.00,0.00,0,118
299.10,1552023012,4958.63,51.44173501,7.46355416,232.44,31.20,0.00,262.86,0,-102.00,-10.00,0.00,0.00,34.00,0.00,0,118
300.09,1552023013,4989.77,51.44169871,7.46311132,232.33,31.10,0.00,263.28,0,-104.00,-13.00,0.00,0.00,35.00,0.00,0,118
300.09,1552023013,4989.80,51.44169871,7.46311132,232.33,31.10,0.00,263.28,0,-106.00,-16.00,0.00,0.00,35.00,0.00,0,427
301.10,1552023014,5020.93,51.44166760,7.46266361,232.23,30.81,0.00,264.25,0,-104.00,-13.00,0.00,0.00,35.00,0.00,0,118
301.10,1552023014,5020.93,51.44166760,7.46266361,232.23,30.81,0.00,264.25,0,-106.00,-16.00,0.00,0.00,35.00,0.00,0,427
302.10,1552023015,5051.74,51.44164030,7.46222743,231.97,30.75,0.00,265.12,0,-104.00,-13.00,0.00,0.00,34.00,0.00,0,427
302.10,1552023015,5051.74,51.44164030,7.46222743,231.97,30.75,0.00,265.12,0,-106.00,-13.00,0.00,0.00,34.00,0.00,0,118
303.10,1552023016,5082.50,51.44161303,7.46177419,231.82,30.85,0.00,265.22,0,-104.00,-13.00,0.00,0.00,34.00,0.00,0,427
303.10,1552023016,5082.53,51.44161303,7.46177419,231.82,30.85,0.00,265.22,0,-106.00,-13.00,0.00,0.00,34.00,0.00,0,118
304.10,1552023017,5113.44,51.44159328,7.46133713,231.49,30.87,0.00,265.90,0,-104.00,-13.00,0.00,0.00,35.00,0.00,0,118
304.10,1552023017,5113.47,51.44159328,7.46133713,231.49,30.87,0.00,265.90,0,-104.00,-14.00,0.00,0.00,35.00,0.00,0,427
305.10,1552023018,5144.25,51.44157483,7.46089751,231.01,31.00,0.00,266.16,0,-104.00,-13.00,0.00,0.00,35.00,0.00,0,118
305.10,1552023018,5144.28,51.44157483,7.46089751,231.01,31.00,0.00,266.16,0,-104.00,-14.00,0.00,0.00,35.00,0.00,0,427
306.09,1552023019,5175.19,51.44155525,7.46044885,230.63,31.19,0.00,266.78,0,-103.00,-15.00,0.00,0.00,37.00,0.00,0,427
307.09,1552023020,5206.38,51.44154311,7.46000007,230.28,31.40,0.00,267.31,0,-103.00,-15.00,0.00,0.00,37.00,0.00,0,427
308.10,1552023021,5237.90,51.44153055,7.45954513,229.97,31.61,0.00,268.13,0,-102.00,-13.00,0.00,0.00,36.00,0.00,0,427
309.09,1552023022,5269.39,51.44151941,7.45909032,229.65,31.80,0.00,267.98,0,-102.00,-13.00,0.00,0.00,36.00,0.00,0,427
310.09,1552023023,5301.18,51.44151284,7.45863396,229.42,31.62,0.00,268.43,0,-99.00,-15.00,0.00,0.00,41.00,0.00,0,427
311.09,1552023024,5332.67,51.44150671,7.45818361,229.23,31.16,0.00,268.95,0,-99.00,-15.00,0.00,0.00,41.00,0.00,0,427
312.09,1552023025,5363.96,51.44150518,7.45773205,229.27,31.09,0.00,269.45,0,-97.00,-11.00,0.00,0.00,39.00,0.00,0,427
313.09,1552023026,5395.05,51.44150348,7.45727780,229.52,31.21,0.00,269.81,0,-97.00,-11.00,0.00,0.00,39.00,0.00,0,427
314.10,1552023027,5426.41,51.44150317,7.45682778,229.84,31.46,0.00,270.16,0,-97.00,-10.00,0.00,0.00,38.00,0.00,0,427
315.09,1552023028,5457.59,51.44150792,7.45636713,230.09,31.33,0.00,270.76,0,-97.00,-10.00,0.00,0.00,38.00,0.00,0,427
400.10,1552023113,7994.40,51.45072893,7.42483733,177.93,30.88,0.00,334.50,0,-97.00,-11.00,0.00,0.00,41.00,0.00,0,118
400.10,1552023113,7994.43,51.45072893,7.42483733,177.93,30.88,0.00,334.50,0,-98.00,-13.00,0.00,0.00,41.00,0.00,0,274
400.10,1552023113,7994.43,51.45072893,7.42483733,177.93,30.88,0.00,334.50,0,-98.00,-12.00,0.00,0.00,41.00,0.00,0,335
401.09,1552023114,8025.10,51.45098591,7.42465108,177.22,31.47,0.00,336.14,0,-97.00,-11.00,0.00,0.00,41.00,0.00,0,118
401.09,1552023114,8025.13,51.45098591,7.42465108,177.22,31.47,0.00,336.14,0,-98.00,-13.00,0.00,0.00,41.00,0.00,0,274
401.09,1552023114,8025.13,51.45098591,7.42465108,177.22,31.47,0.00,336.14,0,-98.00,-12.00,0.00,0.00,41.00,0.00,0,335
402.10,1552023115,8056.76,51.45123746,7.42448592,176.46,31.22,0.00,337.87,0,-94.00,-13.00,0.00,0.00,46.00,0.00,0,352
402.10,1552023115,8056.79,51.45123746,7.42448592,176.46,31.22,0.00,337.87,0,-97.00,-15.00,0.00,0.00,46.00,0.00,0,335
402.10,1552023115,8056.82,51.45123746,7.42448592,176.46,31.22,0.00,337.87,0,-97.00,-16.00,0.00,0.00,45.00,0.00,0,21
403.10,1552023116,8087.94,51.45148316,7.42433336,175.57,29.75,0.00,339.02,0,-94.00,-13.00,0.00,0.00,46.00,0.00,0,352
403.10,1552023116,8087.97,51.45148316,7.42433336,175.57,29.75,0.00,339.02,0,-97.00,-15.00,0.00,0.00,46.00,0.00,0,335
403.10,1552023116,8088.00,51.45148316,7.42433336,175.57,29.75,0.00,339.02,0,-97.00,-16.00,0.00,0.00,45.00,0.00,0,21
407.10,1552023120,8199.31,51.45241198,7.42382056,171.26,26.98,0.00,342.22,0,-95.00,-12.00,0.00,0.00,43.00,0.00,0,118
407.10,1552023120,8199.34,51.45241198,7.42382056,171.26,26.98,0.00,342.22,0,-96.00,-14.00,0.00,0.00,44.00,0.00,0,335
407.10,1552023120,8199.34,51.45241198,7.42382056,171.26,26.98,0.00,342.22,0,-96.00,-14.00,0.00,0.00,43.00,0.00,0,195
408.10,1552023121,8226.26,51.45263620,7.42371183,169.58,27.04,0.00,342.82,0,-95.00,-12.00,0.00,0.00,43.00,0.00,0,118
408.10,1552023121,8226.29,51.45263620,7.42371183,169.58,27.04,0.00,342.82,0,-96.00,-14.00,0.00,0.00,44.00,0.00,0,335
408.10,1552023121,8226.32,51.45263620,7.42371183,169.58,27.04,0.00,342.82,0,-96.00,-14.00,0.00,0.00,43.00,0.00,0,195
409.10,1552023122,8253.41,51.45285794,7.42360335,167.71,27.13,0.00,343.19,0,-92.00,-10.00,0.00,0.00,45.00,0.00,0,118
409.10,1552023122,8253.44,51.45285794,7.42360335,167.71,27.13,0.00,343.19,0,-93.00,-11.00,0.00,0.00,45.00,0.00,0,352
409.10,1552023122,8253.47,51.45285794,7.42360335,167.71,27.13,0.00,343.19,0,-93.00,-13.00,0.00,0.00,45.00,0.00,0,335
410.10,1552023123,8280.46,51.45308650,7.42350000,165.67,27.14,0.00,343.47,0,-92.00,-10.00,0.00,0.00,45.00,0.00,0,118
410.10,1552023123,8280.49,51.45308650,7.42350000,165.67,27.14,0.00,343.47,0,-93.00,-11.00,0.00,0.00,45.00,0.00,0,352
410.10,1552023123,8280.51,51.45308650,7.42350000,165.67,27.14,0.00,343.47,0,-93.00,-13.00,0.00,0.00,45.00,0.00,0,335
411.09,1552023124,8307.54,51.45332039,7.42338960,164.18,26.95,0.00,343.72,0,-88.00,-14.00,0.00,0.00,52.00,0.00,0,335
412.09,1552023125,8334.49,51.45354644,7.42328506,162.70,27.20,0.00,343.93,0,-88.00,-14.00,0.00,0.00,52.00,0.00,0,335
413.10,1552023126,8361.72,51.45377175,7.42318088,161.24,27.22,0.00,343.89,0,-93.00,-10.00,0.00,0.00,45.00,0.00,0,78
413.10,1552023126,8361.75,51.45377175,7.42318088,161.24,27.22,0.00,343.89,0,-93.00,-11.00,0.00,0.00,46.00,0.00,0,335
413.10,1552023126,8361.77,51.45377175,7.42318088,161.24,27.22,0.00,343.89,0,-94.00,-10.00,0.00,0.00,44.00,0.00,0,274
414.10,1552023127,8389.05,51.45400346,7.42307315,159.91,27.43,0.00,344.12,0,-93.00,-10.00,0.00,0.00,45.00,0.00,0,78
414.10,1552023127,8389.08,51.45400346,7.42307315,159.91,27.43,0.00,344.12,0,-93.00,-11.00,0.00,0.00,46.00,0.00,0,335
414.10,1552023127,8389.10,51.45400346,7.42307315,159.91,27.43,0.00,344.12,0,-94.00,-10.00,0.00,0.00,44.00,0.00,0,274
415.10,1552023128,8416.40,51.45424145,7.42296185,158.88,27.69,0.00,343.99,0,-92.00,-12.00,0.00,0.00,47.00,0.00,0,352
415.10,1552023128,8416.42,51.45424145,7.42296185,158.88,27.69,0.00,343.99,0,-92.00,-12.00,0.00,0.00,46.00,0.00,0,335
415.10,1552023128,8416.42,51.45424145,7.42296185,158.88,27.69,0.00,343.99,0,-93.00,-11.00,0.00,0.00,45.00,0.00,0,13
416.10,1552023129,8444.09,51.45448411,7.42284944,157.97,28.08,0.00,343.71,0,-92.00,-12.00,0.00,0.00,47.00,0.00,0,352
416.10,1552023129,8444.09,51.45448411,7.42284944,157.97,28.08,0.00,343.71,0,-92.00,-12.00,0.00,0.00,46.00,0.00,0,335
416.10,1552023129,8444.12,51.45448411,7.42284944,157.97,28.08,0.00,343.71,0,-93.00,-11.00,0.00,0.00,45.00,0.00,0,13
417.10,1552023130,8472.17,51.45472926,7.42273413,157.15,28.59,0.00,343.65,0,-90.00,-10.00,0.00,0.00,47.00,0.00,0,352
417.10,1552023130,8472.17,51.45472926,7.42273413,157.15,28.59,0.00,343.65,0,-91.00,-10.00,0.00,0.00,46.00,0.00,0,13
417.10,1552023130,8472.20,51.45472926,7.42273413,157.15,28.59,0.00,343.65,0,-91.00,-12.00,0.00,0.00,47.00,0.00,0,78
418.10,1552023131,8500.77,51.45497101,7.42262278,156.12,28.75,0.00,343.23,0,-90.00,-10.00,0.00,0.00,47.00,0.00,0,352
418.10,1552023131,8500.77,51.45497101,7.42262278,156.12,28.75,0.00,343.23,0,-91.00,-10.00,0.00,0.00,46.00,0.00,0,13
418.10,1552023131,8500.79,51.45497101,7.42262278,156.12,28.75,0.00,343.23,0,-91.00,-12.00,0.00,0.00,47.00,0.00,0,78
419.10,1552023132,8529.60,51.45522225,7.42250281,155.39,28.80,0.00,342.90,0,-91.00,-14.00,0.00,0.00,49.00,0.00,0,335
419.10,1552023132,8529.63,51.45522225,7.42250281,155.39,28.80,0.00,342.90,0,-91.00,-11.00,0.00,0.00,47.00,0.00,0,13
419.10,1552023132,8529.63,51.45522225,7.42250281,155.39,28.80,0.00,342.90,0,-92.00,-12.00,0.00,0.00,48.00,0.00,0,352
420.10,1552023133,8558.31,51.45547248,7.42238412,154.72,28.76,0.00,342.59,0,-91.00,-14.00,0.00,0.00,49.00,0.00,0,335
420.10,1552023133,8558.31,51.45547248,7.42238412,154.72,28.76,0.00,342.59,0,-91.00,-11.00,0.00,0.00,47.00,0.00,0,13
420.10,1552023133,8558.34,51.45547248,7.42238412,154.72,28.76,0.00,342.59,0,-92.00,-12.00,0.00,0.00,48.00,0.00,0,352
421.10,1552023134,8587.08,51.45572464,7.42225285,154.37,28.87,0.00,342.08,0,-87.00,-12.00,0.00,0.00,51.00,0.00,0,195
421.10,1552023134,8587.10,51.45572464,7.42225285,154.37,28.87,0.00,342.08,0,-88.00,-11.00,0.00,0.00,50.00,0.00,0,13
421.10,1552023134,8587.10,51.45572464,7.42225285,154.37,28.87,0.00,342.08,0,-89.00,-13.00,0.00,0.00,50.00,0.00,0,335
422.10,1552023135,8615.92,51.45597710,7.42212177,154.06,29.09,0.00,341.17,0,-87.00,-12.00,0.00,0.00,51.00,0.00,0,195
422.10,1552023135,8615.95,51.45597710,7.42212177,154.06,29.09,0.00,341.17,0,-88.00,-11.00,0.00,0.00,50.00,0.00,0,13
422.10,1552023135,8615.98,51.45597710,7.42212177,154.06,29.09,0.00,341.17,0,-89.00,-13.00,0.00,0.00,50.00,0.00,0,335
423.10,1552023136,8645.01,51.45624097,7.42197069,154.16,29.35,0.00,340.02,0,-92.00,-13.00,0.00,0.00,46.00,0.00,0,13
423.10,1552023136,8645.01,51.45624097,7.42197069,154.16,29.35,0.00,340.02,0,-92.00,-14.00,0.00,0.00,47.00,0.00,0,251
424.09,1552023137,8674.33,51.45649124,7.42182605,154.14,29.50,0.00,339.54,0,-92.00,-13.00,0.00,0.00,46.00,0.00,0,13
424.10,1552023137,8674.36,51.45649124,7.42182605,154.14,29.50,0.00,339.54,0,-92.00,-14.00,0.00,0.00,47.00,0.00,0,251
430.10,1552023143,8856.30,51.45798436,7.42079202,151.52,31.35,0.00,333.77,0,-89.00,-11.00,0.00,0.00,49.00,0.00,0,352
430.10,1552023143,8856.33,51.45798436,7.42079202,151.52,31.35,0.00,333.77,0,-91.00,-12.00,0.00,0.00,48.00,0.00,0,449
431.10,1552023144,8887.65,51.45823997,7.42059048,151.16,31.70,0.00,333.00,0,-89.00,-11.00,0.00,0.00,49.00,0.00,0,352
431.10,1552023144,8887.68,51.45823997,7.42059048,151.16,31.70,0.00,333.00,0,-91.00,-12.00,0.00,0.00,48.00,0.00,0,449
434.10,1552023147,8983.64,51.45900489,7.41993818,150.55,32.31,0.00,330.87,0,-85.00,-7.00,0.00,0.00,54.00,0.00,0,348
434.10,1552023147,8983.67,51.45900489,7.41993818,150.55,32.31,0.00,330.87,0,-83.00,-7.00,0.00,0.00,52.00,0.00,0,305
435.10,1552023148,9016.11,51.45925730,7.41971102,150.41,32.35,0.00,329.97,0,-85.00,-7.00,0.00,0.00,54.00,0.00,0,348
435.10,1552023148,9016.14,51.45925730,7.41971102,150.41,32.35,0.00,329.97,0,-83.00,-7.00,0.00,0.00,52.00,0.00,0,305
436.09,1552023149,9048.26,51.45950362,7.41947011,150.22,32.41,0.00,328.76,0,-88.00,-10.00,0.00,0.00,54.00,0.00,0,249
437.09,1552023150,9080.64,51.45975862,7.41922578,150.21,32.51,0.00,327.79,0,-88.00,-10.00,0.00,0.00,54.00,0.00,0,249
438.10,1552023151,9113.21,51.46000646,7.41896702,150.30,32.67,0.00,326.97,0,-84.00,-9.00,0.00,0.00,54.00,0.00,0,192
438.10,1552023151,9113.24,51.46000646,7.41896702,150.30,32.67,0.00,326.97,0,-87.00,-10.00,0.00,0.00,52.00,0.00,0,424
439.10,1552023152,9146.01,51.46025819,7.41870508,150.59,32.66,0.00,326.27,0,-84.00,-9.00,0.00,0.00,54.00,0.00,0,192
439.10,1552023152,9146.01,51.46025819,7.41870508,150.59,32.66,0.00,326.27,0,-87.00,-10.00,0.00,0.00,52.00,0.00,0,424
440.10,1552023153,9178.57,51.46049340,7.41844179,150.44,32.97,0.00,325.24,0,-87.00,-11.00,0.00,0.00,56.00,0.00,0,375
440.10,1552023153,9178.57,51.46049340,7.41844179,150.44,32.97,0.00,325.24,0,-87.00,-11.00,0.00,0.00,55.00,0.00,0,192
440.10,1552023153,9178.60,51.46049340,7.41844179,150.44,32.97,0.00,325.24,0,-89.00,-12.00,0.00,0.00,54.00,0.00,0,487
441.10,1552023154,9211.54,51.46073476,7.41815870,150.29,32.89,0.00,323.60,0,-87.00,-11.00,0.00,0.00,56.00,0.00,0,375
441.10,1552023154,9211.57,51.46073476,7.41815870,150.29,32.89,0.00,323.60,0,-87.00,-11.00,0.00,0.00,55.00,0.00,0,192
441.10,1552023154,9211.57,51.46073476,7.41815870,150.29,32.89,0.00,323.60,0,-89.00,-12.00,0.00,0.00,54.00,0.00,0,487
442.10,1552023155,9244.43,51.46097277,7.41787460,150.37,33.00,0.00,322.68,0,-82.00,-9.00,0.00,0.00,59.00,0.00,0,233
442.10,1552023155,9244.46,51.46097277,7.41787460,150.37,33.00,0.00,322.68,0,-79.00,-10.00,0.00,0.00,58.00,0.00,0,305
442.10,1552023155,9244.46,51.46097277,7.41787460,150.37,33.00,0.00,322.68,0,-83.00,-10.00,0.00,0.00,57.00,0.00,0,487
443.10,1552023156,9277.40,51.46121427,7.41757394,150.44,33.00,0.00,321.75,0,-82.00,-9.00,0.00,0.00,59.00,0.00,0,233
443.10,1552023156,9277.43,51.46121427,7.41757394,150.44,33.00,0.00,321.75,0,-79.00,-10.00,0.00,0.00,58.00,0.00,0,305
443.10,1552023156,9277.46,51.46121427,7.41757394,150.44,33.00,0.00,321.75,0,-83.00,-10.00,0.00,0.00,57.00,0.00,0,487
444.10,1552023157,9310.46,51.46144904,7.41727957,150.46,33.00,0.00,321.25,0,-85.00,-11.00,0.00,0.00,58.00,0.00,0,233
444.10,1552023157,9310.46,51.46144904,7.41727957,150.46,33.00,0.00,321.25,0,-86.00,-14.00,0.00,0.00,59.00,0.00,0,348
444.10,1552023157,9310.50,51.46144904,7.41727957,150.46,33.00,0.00,321.25,0,-83.00,-12.00,0.00,0.00,57.00,0.00,0,487
444.10,1552023157,9310.53,51.46144904,7.41727957,150.46,33.00,0.00,321.25,0,-84.00,-13.00,0.00,0.00,58.00,0.00,0,305
445.10,1552023158,9343.56,51.46167973,7.41697460,150.48,33.14,0.00,320.28,0,-85.00,-11.00,0.00,0.00,58.00,0.00,0,233
445.10,1552023158,9343.59,51.46167973,7.41697460,150.48,33.14,0.00,320.28,0,-86.00,-14.00,0.00,0.00,59.00,0.00,0,348
445.10,1552023158,9343.59,51.46167973,7.41697460,150.48,33.14,0.00,320.28,0,-83.00,-12.00,0.00,0.00,57.00,0.00,0,487
445.10,1552023158,9343.63,51.46167973,7.41697460,150.48,33.14,0.00,320.28,0,-84.00,-13.00,0.00,0.00,58.00,0.00,0,305
446.10,1552023159,9376.83,51.46191119,7.41666800,150.58,33.16,0.00,319.31,0,-88.00,-10.00,0.00,0.00,54.00,0.00,0,233
446.11,1552023159,9376.87,51.46191119,7.41666800,150.58,33.16,0.00,319.31,0,-92.00,-13.00,0.00,0.00,53.00,0.00,0,348
446.11,1552023159,9376.90,51.46191119,7.41666800,150.58,33.16,0.00,319.31,0,-85.00,-11.00,0.00,0.00,55.00,0.00,0,305
446.11,1552023159,9376.93,51.46191119,7.41666800,150.58,33.16,0.00,319.31,0,-86.00,-11.00,0.00,0.00,54.00,0.00,0,487
447.10,1552023160,9409.73,51.46213641,7.41635075,150.82,33.34,0.00,318.65,0,-88.00,-10.00,0.00,0.00,54.00,0.00,0,233
447.10,1552023160,9409.76,51.46213641,7.41635075,150.82,33.34,0.00,318.65,0,-92.00,-13.00,0.00,0.00,53.00,0.00,0,348
447.10,1552023160,9409.80,51.46213641,7.41635075,150.82,33.34,0.00,318.65,0,-85.00,-11.00,0.00,0.00,55.00,0.00,0,305
447.10,1552023160,9409.83,51.46213641,7.41635075,150.82,33.34,0.00,318.65,0,-86.00,-11.00,0.00,0.00,54.00,0.00,0,487
448.10,1552023161,9443.07,51.46235704,7.41603623,150.84,33.50,0.00,317.66,0,-88.00,-10.00,0.00,0.00,54.00,0.00,0,233
448.10,1552023161,9443.07,51.46235704,7.41603623,150.84,33.50,0.00,317.66,0,-92.00,-13.00,0.00,0.00,53.00,0.00,0,348
448.10,1552023161,9443.10,51.46235704,7.41603623,150.84,33.50,0.00,317.66,0,-85.00,-11.00,0.00,0.00,55.00,0.00,0,305
448.10,1552023161,9443.14,51.46235704,7.41603623,150.84,33.50,0.00,317.66,0,-86.00,-11.00,0.00,0.00,54.00,0.00,0,487
453.10,1552023166,9609.63,51.46338429,7.41435962,150.77,32.69,0.00,312.84,0,-93.00,-12.00,0.00,0.00,51.00,0.00,0,348
453.10,1552023166,9609.66,51.46338429,7.41435962,150.77,32.69,0.00,312.84,0,-89.00,-8.00,0.00,0.00,48.00,0.00,0,305
454.10,1552023167,9642.28,51.46358151,7.41401501,150.93,32.53,0.00,312.12,0,-93.00,-12.00,0.00,0.00,51.00,0.00,0,348
454.10,1552023167,9642.32,51.46358151,7.41401501,150.93,32.53,0.00,312.12,0,-89.00,-8.00,0.00,0.00,48.00,0.00,0,305
459.10,1552023172,9805.64,51.46452911,7.41222163,151.45,32.72,0.00,308.76,0,-85.00,-10.00,0.00,0.00,57.00,0.00,0,376
460.09,1552023173,9838.23,51.46471757,7.41184574,151.51,32.83,0.00,308.55,0,-85.00,-10.00,0.00,0.00,57.00,0.00,0,376
461.10,1552023174,9871.10,51.46490369,7.41147664,151.47,32.90,0.00,308.35,0,-97.00,-9.00,0.00,0.00,43.00,0.00,0,376
461.10,1552023174,9871.10,51.46490369,7.41147664,151.47,32.90,0.00,308.35,0,-103.00,-12.00,0.00,0.00,40.00,0.00,0,97
461.10,1552023174,9871.13,51.46490369,7.41147664,151.47,32.90,0.00,308.35,0,-95.00,-9.00,0.00,0.00,42.00,0.00,0,194
461.10,1552023174,9871.13,51.46490369,7.41147664,151.47,32.90,0.00,308.35,0,-102.00,-16.00,0.00,0.00,41.00,0.00,0,487
462.10,1552023175,9904.04,51.46508815,7.41110525,151.48,32.87,0.00,307.79,0,-97.00,-9.00,0.00,0.00,43.00,0.00,0,376
462.10,1552023175,9904.04,51.46508815,7.41110525,151.48,32.87,0.00,307.79,0,-103.00,-12.00,0.00,0.00,40.00,0.00,0,97
462.10,1552023175,9904.07,51.46508815,7.41110525,151.48,32.87,0.00,307.79,0,-95.00,-9.00,0.00,0.00,42.00,0.00,0,194
462.10,1552023175,9904.10,51.46508815,7.41110525,151.48,32.87,0.00,307.79,0,-102.00,-16.00,0.00,0.00,41.00,0.00,0,487
463.09,1552023176,9936.84,51.46527241,7.41073447,151.48,32.98,0.00,308.08,0,-101.00,-13.00,0.00,0.00,41.00,0.00,0,192
464.09,1552023177,9969.82,51.46545730,7.41036294,151.44,33.03,0.00,308.10,0,-101.00,-13.00,0.00,0.00,41.00,0.00,0,192
482.10,1552023195,10559.99,51.46886011,7.40389112,155.15,30.76,0.00,314.89,0,-88.00,-9.00,0.00,0.00,52.00,0.00,0,233
482.10,1552023195,10560.02,51.46886011,7.40389112,155.15,30.76,0.00,314.89,0,-92.00,-14.00,0.00,0.00,52.00,0.00,0,376
482.10,1552023195,10560.05,51.46886011,7.40389112,155.15,30.76,0.00,314.89,0,-77.00,-8.00,0.00,0.00,59.00,0.00,0,286
483.10,1552023196,10590.75,51.46905128,7.40357903,155.55,29.85,0.00,314.16,0,-88.00,-9.00,0.00,0.00,52.00,0.00,0,233
483.10,1552023196,10590.78,51.46905128,7.40357903,155.55,29.85,0.00,314.16,0,-92.00,-14.00,0.00,0.00,52.00,0.00,0,376
483.10,1552023196,10590.81,51.46905128,7.40357903,155.55,29.85,0.00,314.16,0,-77.00,-8.00,0.00,0.00,59.00,0.00,0,286
484.09,1552023197,10620.57,51.46923937,7.40326204,156.26,29.17,0.00,313.61,0,-79.00,-8.00,0.00,0.00,58.00,0.00,0,286
485.10,1552023198,10649.85,51.46941672,7.40296740,157.21,28.48,0.00,313.45,0,-79.00,-8.00,0.00,0.00,58.00,0.00,0,286
486.10,1552023199,10678.25,51.46959059,7.40267069,158.48,27.92,0.00,314.08,0,-91.00,-9.00,0.00,0.00,49.00,0.00,0,233
486.10,1552023199,10678.28,51.46959059,7.40267069,158.48,27.92,0.00,314.08,0,-84.00,-10.00,0.00,0.00,55.00,0.00,0,286
487.10,1552023200,10706.17,51.46975040,7.40238919,159.80,27.24,0.00,314.07,0,-91.00,-9.00,0.00,0.00,49.00,0.00,0,233
487.10,1552023200,10706.20,51.46975040,7.40238919,159.80,27.24,0.00,314.07,0,-84.00,-10.00,0.00,0.00,55.00,0.00,0,286
488.10,1552023201,10733.61,51.46990625,7.40211007,160.72,26.47,0.00,314.54,0,-91.00,-8.00,0.00,0.00,48.00,0.00,0,233
489.10,1552023202,10759.97,51.47006745,7.40184126,161.47,26.06,0.00,315.50,0,-91.00,-8.00,0.00,0.00,48.00,0.00,0,233
490.09,1552023203,10785.92,51.47022824,7.40157950,162.18,25.27,0.00,315.41,0,-91.00,-8.00,0.00,0.00,48.00,0.00,0,233
491.09,1552023204,10811.11,51.47038342,7.40132702,162.53,25.00,0.00,315.26,0,-92.00,-11.00,0.00,0.00,51.00,0.00,0,233
491.09,1552023204,10811.11,51.47038342,7.40132702,162.53,25.00,0.00,315.26,0,-88.00,-12.00,0.00,0.00,54.00,0.00,0,286
492.10,1552023205,10836.21,51.47054132,7.40107752,162.78,24.91,0.00,315.54,0,-92.00,-11.00,0.00,0.00,51.00,0.00,0,233
492.10,1552023205,10836.24,51.47054132,7.40107752,162.78,24.91,0.00,315.54,0,-88.00,-12.00,0.00,0.00,54.00,0.00,0,286
493.09,1552023206,10861.10,51.47070125,7.40082628,162.93,25.09,0.00,316.21,0,-87.00,-8.00,0.00,0.00,50.00,0.00,0,286
494.09,1552023207,10886.19,51.47086770,7.40057946,163.21,24.79,0.00,316.56,0,-87.00,-8.00,0.00,0.00,50.00,0.00,0,286
495.10,1552023208,10911.05,51.47103038,7.40033900,163.69,23.90,0.00,317.02,0,-91.00,-11.00,0.00,0.00,49.00,0.00,0,286
496.09,1552023209,10934.87,51.47118765,7.40010606,164.30,23.51,0.00,316.76,0,-91.00,-11.00,0.00,0.00,49.00,0.00,0,286
497.10,1552023210,10958.40,51.47134501,7.39986814,164.98,23.14,0.00,317.03,0,-94.00,-12.00,0.00,0.00,47.00,0.00,0,286
498.10,1552023211,10981.54,51.47149821,7.39964639,165.53,22.85,0.00,318.00,0,-94.00,-12.00,0.00,0.00,47.00,0.00,0,286
499.10,1552023212,11004.49,51.47164502,7.39943161,165.71,22.72,0.00,318.57,0,-94.00,-12.00,0.00,0.00,46.00,0.00,0,307
500.09,1552023213,11027.09,51.47179548,7.39921390,165.96,22.29,0.00,318.27,0,-94.00,-12.00,0.00,0.00,46.00,0.00,0,307
501.09,1552023214,11049.39,51.47195202,7.39899355,166.52,22.22,0.00,318.40,0,-94.00,-10.00,0.00,0.00,49.00,0.00,0,233
502.09,1552023215,11071.60,51.47210406,7.39877691,167.15,22.58,0.00,318.53,0,-94.00,-10.00,0.00,0.00,49.00,0.00,0,233
514.09,1552023227,11344.90,51.47401030,7.39625655,171.45,22.64,0.00,322.12,0,-94.00,-8.00,0.00,0.00,45.00,0.00,0,249
515.10,1552023228,11367.63,51.47417246,7.39605851,172.05,22.28,0.00,323.05,0,-94.00,-8.00,0.00,0.00,45.00,0.00,0,249
528.09,1552023241,11660.78,51.47642221,7.39380768,177.24,22.70,0.00,333.70,0,-77.00,-13.00,0.00,0.00,63.00,0.00,0,307
529.10,1552023242,11683.57,51.47660226,7.39367189,176.95,22.18,0.00,334.99,0,-77.00,-13.00,0.00,0.00,63.00,0.00,0,307
532.10,1552023245,11750.43,51.47715951,7.39327974,176.72,21.57,0.00,338.05,0,-88.00,-9.00,0.00,0.00,53.00,0.00,0,48
532.10,1552023245,11750.46,51.47715951,7.39327974,176.72,21.57,0.00,338.05,0,-79.00,-9.00,0.00,0.00,60.00,0.00,0,307
533.10,1552023246,11771.83,51.47734283,7.39317462,176.89,20.56,0.00,340.88,0,-88.00,-9.00,0.00,0.00,53.00,0.00,0,48
533.10,1552023246,11771.85,51.47734283,7.39317462,176.89,20.56,0.00,340.88,0,-79.00,-9.00,0.00,0.00,60.00,0.00,0,307
534.10,1552023247,11792.39,51.47751591,7.39309962,177.05,19.71,0.00,345.62,0,-88.00,-9.00,0.00,0.00,53.00,0.00,0,48
534.10,1552023247,11792.39,51.47751591,7.39309962,177.05,19.71,0.00,345.62,0,-79.00,-9.00,0.00,0.00,60.00,0.00,0,307
535.10,1552023248,11812.10,51.47767908,7.39305655,177.34,19.26,0.00,352.11,0,-85.00,-8.00,0.00,0.00,54.00,0.00,0,48
535.10,1552023248,11812.12,51.47767908,7.39305655,177.34,19.26,0.00,352.11,0,-75.00,-8.00,0.00,0.00,62.00,0.00,0,307
536.10,1552023249,11831.42,51.47784282,7.39302701,177.47,18.96,0.00,353.92,0,-85.00,-8.00,0.00,0.00,54.00,0.00,0,48
536.10,1552023249,11831.44,51.47784282,7.39302701,177.47,18.96,0.00,353.92,0,-75.00,-8.00,0.00,0.00,62.00,0.00,0,307
537.09,1552023250,11850.30,51.47800442,7.39301730,177.24,18.98,0.00,357.36,0,-69.00,-11.00,0.00,0.00,63.00,0.00,0,308
538.09,1552023251,11869.28,51.47817319,7.39307484,176.79,18.93,0.00,12.31,0,-69.00,-11.00,0.00,0.00,63.00,0.00,0,308
539.10,1552023252,11888.34,51.47834439,7.39314372,176.37,19.09,0.00,14.56,0,-80.00,-13.00,0.00,0.00,62.00,0.00,0,308
540.10,1552023253,11907.32,51.47852114,7.39323863,175.70,18.80,0.00,18.10,0,-80.00,-13.00,0.00,0.00,62.00,0.00,0,308
549.10,1552023262,12043.22,51.47964103,7.39372700,177.70,14.04,0.00,342.06,0,-96.00,-7.00,0.00,0.00,42.00,0.00,0,223
550.09,1552023263,12057.20,51.47976445,7.39364370,178.12,14.35,0.00,339.39,0,-96.00,-7.00,0.00,0.00,42.00,0.00,0,223
551.10,1552023264,12071.56,51.47987517,7.39355726,178.76,13.53,0.00,337.77,0,-87.00,-6.00,0.00,0.00,50.00,0.00,0,223
552.09,1552023265,12085.07,51.47998486,7.39348225,179.50,12.22,0.00,339.11,0,-87.00,-6.00,0.00,0.00,50.00,0.00,0,223
560.09,1552023273,12183.56,51.48059650,7.39429477,180.21,16.02,0.00,56.07,0,-82.00,-6.00,0.00,0.00,56.00,0.00,0,223
561.09,1552023274,12199.58,51.48067162,7.39448802,180.59,16.79,0.00,56.64,0,-82.00,-6.00,0.00,0.00,56.00,0.00,0,223
570.09,1552023283,12353.74,51.48136590,7.39641498,182.85,15.91,0.00,59.84,0,-90.00,-11.00,0.00,0.00,53.00,0.00,0,108
571.09,1552023284,12369.65,51.48144627,7.39662420,183.61,15.56,0.00,59.04,0,-90.00,-11.00,0.00,0.00,53.00,0.00,0,108
619.10,1552023332,12610.16,51.48293669,7.39921924,182.95,11.97,0.00,35.59,0,-90.00,-7.00,0.00,0.00,49.00,0.00,0,223
620.09,1552023333,12622.08,51.48305380,7.39934056,182.84,13.76,0.00,34.62,0,-90.00,-7.00,0.00,0.00,49.00,0.00,0,223
621.09,1552023334,12635.84,51.48315483,7.39943996,182.49,13.20,0.00,33.92,0,-94.00,-8.00,0.00,0.00,45.00,0.00,0,223
622.09,1552023335,12649.04,51.48326504,7.39954698,182.54,13.77,0.00,34.18,0,-94.00,-8.00,0.00,0.00,45.00,0.00,0,223
625.10,1552023338,12691.10,51.48358907,7.39988139,183.46,14.34,0.00,36.12,0,-98.00,-7.00,0.00,0.00,41.00,0.00,0,223
625.10,1552023338,12691.12,51.48358907,7.39988139,183.46,14.34,0.00,36.12,0,-95.00,-9.00,0.00,0.00,44.00,0.00,0,409
626.09,1552023339,12705.43,51.48370484,7.40000557,184.03,14.64,0.00,36.32,0,-98.00,-7.00,0.00,0.00,41.00,0.00,0,223
626.10,1552023339,12705.44,51.48370484,7.40000557,184.03,14.64,0.00,36.32,0,-95.00,-9.00,0.00,0.00,44.00,0.00,0,409
627.10,1552023340,12720.08,51.48381328,7.40012839,184.53,14.98,0.00,36.12,0,-96.00,-6.00,0.00,0.00,42.00,0.00,0,223
627.10,1552023340,12720.10,51.48381328,7.40012839,184.53,14.98,0.00,36.12,0,-92.00,-7.00,0.00,0.00,44.00,0.00,0,409
628.10,1552023341,12735.10,51.48392841,7.40026214,184.72,14.63,0.00,36.72,0,-96.00,-6.00,0.00,0.00,42.00,0.00,0,223
628.10,1552023341,12735.12,51.48392841,7.40026214,184.72,14.63,0.00,36.72,0,-92.00,-7.00,0.00,0.00,44.00,0.00,0,409
629.10,1552023342,12749.74,51.48404379,7.40039899,184.87,14.95,0.00,37.15,0,-102.00,-9.00,0.00,0.00,39.00,0.00,0,48
630.09,1552023343,12764.62,51.48415253,7.40053360,185.00,14.78,0.00,38.08,0,-102.00,-9.00,0.00,0.00,39.00,0.00,0,48
635.10,1552023348,12838.60,51.48465849,7.40122864,184.49,14.76,0.00,41.67,0,-105.00,-11.00,0.00,0.00,37.00,0.00,0,330
635.10,1552023348,12838.61,51.48465849,7.40122864,184.49,14.76,0.00,41.67,0,-106.00,-12.00,0.00,0.00,37.00,0.00,0,167
635.10,1552023348,12838.63,51.48465849,7.40122864,184.49,14.76,0.00,41.67,0,-104.00,-8.00,0.00,0.00,33.00,0.00,0,291
636.10,1552023349,12853.35,51.48475450,7.40136933,184.29,14.61,0.00,42.18,0,-105.00,-11.00,0.00,0.00,37.00,0.00,0,330
636.10,1552023349,12853.36,51.48475450,7.40136933,184.29,14.61,0.00,42.18,0,-106.00,-12.00,0.00,0.00,37.00,0.00,0,167
636.10,1552023349,12853.36,51.48475450,7.40136933,184.29,14.61,0.00,42.18,0,-104.00,-8.00,0.00,0.00,33.00,0.00,0,291
637.10,1552023350,12868.06,51.48484863,7.40150984,184.10,14.31,0.00,42.39,0,-104.00,-10.00,0.00,0.00,37.00,0.00,0,48
637.10,1552023350,12868.07,51.48484863,7.40150984,184.10,14.31,0.00,42.39,0,-101.00,-9.00,0.00,0.00,37.00,0.00,0,291
638.10,1552023351,12882.33,51.48494025,7.40164892,183.82,14.46,0.00,41.66,0,-104.00,-10.00,0.00,0.00,37.00,0.00,0,48
638.10,1552023351,12882.33,51.48494025,7.40164892,183.82,14.46,0.00,41.66,0,-101.00,-9.00,0.00,0.00,37.00,0.00,0,291
639.10,1552023352,12896.81,51.48503454,7.40178856,183.65,14.44,0.00,42.52,0,-104.00,-10.00,0.00,0.00,37.00,0.00,0,48
639.10,1552023352,12896.81,51.48503454,7.40178856,183.65,14.44,0.00,42.52,0,-101.00,-9.00,0.00,0.00,37.00,0.00,0,291
640.09,1552023353,12911.16,51.48512720,7.40192641,183.54,14.23,0.00,43.18,0,-101.00,-9.00,0.00,0.00,37.00,0.00,0,291
640.10,1552023353,12911.17,51.48512720,7.40192641,183.54,14.23,0.00,43.18,0,-103.00,-10.00,0.00,0.00,35.00,0.00,0,163
641.12,1552023354,12925.68,51.48521357,7.40206845,183.31,13.82,0.00,44.45,0,-101.00,-9.00,0.00,0.00,37.00,0.00,0,291
641.12,1552023354,12925.70,51.48521357,7.40206845,183.31,13.82,0.00,44.45,0,-103.00,-10.00,0.00,0.00,35.00,0.00,0,163
642.10,1552023355,12939.23,51.48529916,7.40221598,183.23,12.91,0.00,45.79,0,-101.00,-9.00,0.00,0.00,40.00,0.00,0,167
642.10,1552023355,12939.24,51.48529916,7.40221598,183.23,12.91,0.00,45.79,0,-95.00,-6.00,0.00,0.00,41.00,0.00,0,291
643.10,1552023356,12952.14,51.48537348,7.40234624,182.83,12.16,0.00,46.82,0,-101.00,-9.00,0.00,0.00,40.00,0.00,0,167
643.10,1552023356,12952.15,51.48537348,7.40234624,182.83,12.16,0.00,46.82,0,-95.00,-6.00,0.00,0.00,41.00,0.00,0,291
644.10,1552023357,12964.29,51.48543985,7.40247467,182.05,10.88,0.00,47.79,0,-95.00,-7.00,0.00,0.00,43.00,0.00,0,167
644.10,1552023357,12964.30,51.48543985,7.40247467,182.05,10.88,0.00,47.79,0,-92.00,-6.00,0.00,0.00,43.00,0.00,0,291
645.10,1552023358,12975.17,51.48549053,7.40258579,181.06,9.23,0.00,48.72,0,-95.00,-7.00,0.00,0.00,43.00,0.00,0,167
645.10,1552023358,12975.17,51.48549053,7.40258579,181.06,9.23,0.00,48.72,0,-92.00,-6.00,0.00,0.00,43.00,0.00,0,291
646.10,1552023359,12984.40,51.48553495,7.40268267,180.48,7.24,0.00,49.53,0,-98.00,-7.00,0.00,0.00,41.00,0.00,0,223
646.10,1552023359,12984.40,51.48553495,7.40268267,180.48,7.24,0.00,49.53,0,-98.00,-9.00,0.00,0.00,39.00,0.00,0,46
647.10,1552023360,12991.64,51.48559009,7.40273995,180.00,6.86,0.00,28.64,0,-98.00,-7.00,0.00,0.00,41.00,0.00,0,223
647.10,1552023360,12991.65,51.48559009,7.40273995,180.00,6.86,0.00,28.64,0,-98.00,-9.00,0.00,0.00,39.00,0.00,0,46
650.10,1552023363,13013.77,51.48576182,7.40268482,179.89,8.50,0.00,326.19,0,-101.00,-9.00,0.00,0.00,40.00,0.00,0,223
650.10,1552023363,13013.77,51.48576182,7.40268482,179.89,8.50,0.00,326.19,0,-101.00,-9.00,0.00,0.00,39.00,0.00,0,188
651.10,1552023364,13022.22,51.48582552,7.40261706,180.19,9.51,0.00,324.59,0,-101.00,-9.00,0.00,0.00,40.00,0.00,0,223
651.10,1552023364,13022.23,51.48582552,7.40261706,180.19,9.51,0.00,324.59,0,-101.00,-9.00,0.00,0.00,39.00,0.00,0,188
652.10,1552023365,13031.75,51.48589765,7.40253485,180.57,10.45,0.00,324.53,0,-104.00,-9.00,0.00,0.00,36.00,0.00,0,48
652.10,1552023365,13031.76,51.48589765,7.40253485,180.57,10.45,0.00,324.53,0,-106.00,-11.00,0.00,0.00,36.00,0.00,0,93
652.10,1552023365,13031.76,51.48589765,7.40253485,180.57,10.45,0.00,324.53,0,-103.00,-11.00,0.00,0.00,35.00,0.00,0,419
653.10,1552023366,13042.19,51.48597916,7.40244304,181.11,11.51,0.00,325.35,0,-104.00,-9.00,0.00,0.00,36.00,0.00,0,48
653.10,1552023366,13042.20,51.48597916,7.40244304,181.11,11.51,0.00,325.35,0,-106.00,-11.00,0.00,0.00,36.00,0.00,0,93
653.10,1552023366,13042.20,51.48597916,7.40244304,181.11,11.51,0.00,325.35,0,-103.00,-11.00,0.00,0.00,35.00,0.00,0,419
654.10,1552023367,13053.72,51.48606461,7.40235108,181.37,12.27,0.00,326.67,0,-99.00,-8.00,0.00,0.00,40.00,0.00,0,93
654.10,1552023367,13053.74,51.48606461,7.40235108,181.37,12.27,0.00,326.67,0,-102.00,-9.00,0.00,0.00,38.00,0.00,0,48
654.10,1552023367,13053.75,51.48606461,7.40235108,181.37,12.27,0.00,326.67,0,-104.00,-11.00,0.00,0.00,37.00,0.00,0,330
654.10,1552023367,13053.76,51.48606461,7.40235108,181.37,12.27,0.00,326.67,0,-103.00,-8.00,0.00,0.00,34.00,0.00,0,419
654.10,1552023367,13053.76,51.48606461,7.40235108,181.37,12.27,0.00,326.67,0,-106.00,-10.00,0.00,0.00,33.00,0.00,0,293
655.10,1552023368,13065.99,51.48615221,7.40225983,181.68,12.42,0.00,327.62,0,-99.00,-8.00,0.00,0.00,40.00,0.00,0,93
655.10,1552023368,13066.01,51.48615221,7.40225983,181.68,12.42,0.00,327.62,0,-102.00,-9.00,0.00,0.00,38.00,0.00,0,48
655.10,1552023368,13066.01,51.48615221,7.40225983,181.68,12.42,0.00,327.62,0,-104.00,-11.00,0.00,0.00,37.00,0.00,0,330
655.10,1552023368,13066.02,51.48615221,7.40225983,181.68,12.42,0.00,327.62,0,-103.00,-8.00,0.00,0.00,34.00,0.00,0,419
655.10,1552023368,13066.03,51.48615221,7.40225983,181.68,12.42,0.00,327.62,0,-106.00,-10.00,0.00,0.00,33.00,0.00,0,293
656.10,1552023369,13078.41,51.48624600,7.40216758,181.90,11.85,0.00,329.03,0,-98.00,-8.00,0.00,0.00,42.00,0.00,0,166
656.10,1552023369,13078.42,51.48624600,7.40216758,181.90,11.85,0.00,329.03,0,-99.00,-9.00,0.00,0.00,41.00,0.00,0,330
656.10,1552023369,13078.42,51.48624600,7.40216758,181.90,11.85,0.00,329.03,0,-100.00,-8.00,0.00,0.00,40.00,0.00,0,93
656.10,1552023369,13078.44,51.48624600,7.40216758,181.90,11.85,0.00,329.03,0,-99.00,-10.00,0.00,0.00,40.00,0.00,0,293
656.10,1552023369,13078.45,51.48624600,7.40216758,181.90,11.85,0.00,329.03,0,-100.00,-10.00,0.00,0.00,39.00,0.00,0,419
657.10,1552023370,13090.27,51.48634574,7.40207488,182.06,12.47,0.00,331.29,0,-98.00,-8.00,0.00,0.00,42.00,0.00,0,166
657.10,1552023370,13090.28,51.48634574,7.40207488,182.06,12.47,0.00,331.29,0,-99.00,-9.00,0.00,0.00,41.00,0.00,0,330
657.10,1552023370,13090.29,51.48634574,7.40207488,182.06,12.47,0.00,331.29,0,-100.00,-8.00,0.00,0.00,40.00,0.00,0,93
657.10,1552023370,13090.30,51.48634574,7.40207488,182.06,12.47,0.00,331.29,0,-99.00,-10.00,0.00,0.00,40.00,0.00,0,293
657.10,1552023370,13090.30,51.48634574,7.40207488,182.06,12.47,0.00,331.29,0,-100.00,-10.00,0.00,0.00,39.00,0.00,0,419
658.11,1552023371,13102.86,51.48644826,7.40199606,181.97,12.55,0.00,333.73,0,-98.00,-8.00,0.00,0.00,41.00,0.00,0,93
658.11,1552023371,13102.86,51.48644826,7.40199606,181.97,12.55,0.00,333.73,0,-99.00,-9.00,0.00,0.00,42.00,0.00,0,166
658.11,1552023371,13102.87,51.48644826,7.40199606,181.97,12.55,0.00,333.73,0,-103.00,-12.00,0.00,0.00,40.00,0.00,0,48
658.11,1552023371,13102.88,51.48644826,7.40199606,181.97,12.55,0.00,333.73,0,-95.00,-8.00,0.00,0.00,42.00,0.00,0,293
658.11,1552023371,13102.88,51.48644826,7.40199606,181.97,12.55,0.00,333.73,0,-98.00,-9.00,0.00,0.00,40.00,0.00,0,419
659.10,1552023372,13115.27,51.48655575,7.40192358,182.02,12.47,0.00,335.70,0,-98.00,-8.00,0.00,0.00,41.00,0.00,0,93
659.10,1552023372,13115.28,51.48655575,7.40192358,182.02,12.47,0.00,335.70,0,-99.00,-9.00,0.00,0.00,42.00,0.00,0,166
659.10,1552023372,13115.29,51.48655575,7.40192358,182.02,12.47,0.00,335.70,0,-103.00,-12.00,0.00,0.00,40.00,0.00,0,48
659.10,1552023372,13115.29,51.48655575,7.40192358,182.02,12.47,0.00,335.70,0,-95.00,-8.00,0.00,0.00,42.00,0.00,0,293
659.10,1552023372,13115.31,51.48655575,7.40192358,182.02,12.47,0.00,335.70,0,-98.00,-9.00,0.00,0.00,40.00,0.00,0,419
660.10,1552023373,13127.82,51.48665769,7.40186197,181.97,12.99,0.00,337.80,0,-98.00,-8.00,0.00,0.00,41.00,0.00,0,93
660.10,1552023373,13127.83,51.48665769,7.40186197,181.97,12.99,0.00,337.80,0,-99.00,-9.00,0.00,0.00,42.00,0.00,0,166
660.11,1552023373,13127.85,51.48665769,7.40186197,181.97,12.99,0.00,337.80,0,-103.00,-12.00,0.00,0.00,40.00,0.00,0,48
660.11,1552023373,13127.85,51.48665769,7.40186197,181.97,12.99,0.00,337.80,0,-95.00,-8.00,0.00,0.00,42.00,0.00,0,293
660.11,1552023373,13127.86,51.48665769,7.40186197,181.97,12.99,0.00,337.80,0,-98.00,-9.00,0.00,0.00,40.00,0.00,0,419
661.10,1552023374,13140.74,51.48676474,7.40181304,181.72,12.98,0.00,340.93,0,-98.00,-9.00,0.00,0.00,42.00,0.00,0,48
661.10,1552023374,13140.74,51.48676474,7.40181304,181.72,12.98,0.00,340.93,0,-99.00,-9.00,0.00,0.00,41.00,0.00,0,93
661.10,1552023374,13140.75,51.48676474,7.40181304,181.72,12.98,0.00,340.93,0,-101.00,-12.00,0.00,0.00,42.00,0.00,0,428
661.10,1552023374,13140.76,51.48676474,7.40181304,181.72,12.98,0.00,340.93,0,-96.00,-8.00,0.00,0.00,40.00,0.00,0,419
661.10,1552023374,13140.76,51.48676474,7.40181304,181.72,12.98,0.00,340.93,0,-99.00,-12.00,0.00,0.00,42.00,0.00,0,405
662.10,1552023375,13153.70,51.48688355,7.40176776,181.32,13.05,0.00,343.45,0,-98.00,-9.00,0.00,0.00,42.00,0.00,0,48
662.10,1552023375,13153.71,51.48688355,7.40176776,181.32,13.05,0.00,343.45,0,-99.00,-9.00,0.00,0.00,41.00,0.00,0,93
662.10,1552023375,13153.72,51.48688355,7.40176776,181.32,13.05,0.00,343.45,0,-101.00,-12.00,0.00,0.00,42.00,0.00,0,428
662.10,1552023375,13153.72,51.48688355,7.40176776,181.32,13.05,0.00,343.45,0,-96.00,-8.00,0.00,0.00,40.00,0.00,0,419
662.10,1552023375,13153.74,51.48688355,7.40176776,181.32,13.05,0.00,343.45,0,-99.00,-12.00,0.00,0.00,42.00,0.00,0,405
663.10,1552023376,13166.80,51.48700436,7.40173433,181.14,12.97,0.00,345.73,0,-98.00,-8.00,0.00,0.00,42.00,0.00,0,93
663.10,1552023376,13166.81,51.48700436,7.40173433,181.14,12.97,0.00,345.73,0,-101.00,-13.00,0.00,0.00,44.00,0.00,0,428
664.10,1552023377,13179.71,51.48713030,7.40170474,181.15,13.25,0.00,347.97,0,-98.00,-8.00,0.00,0.00,42.00,0.00,0,93
664.10,1552023377,13179.72,51.48713030,7.40170474,181.15,13.25,0.00,347.97,0,-101.00,-13.00,0.00,0.00,44.00,0.00,0,428
665.10,1552023378,13192.95,51.48725347,7.40168472,181.16,13.46,0.00,350.59,0,-93.00,-6.00,0.00,0.00,45.00,0.00,0,93
665.10,1552023378,13192.96,51.48725347,7.40168472,181.16,13.46,0.00,350.59,0,-96.00,-9.00,0.00,0.00,44.00,0.00,0,330
665.10,1552023378,13192.96,51.48725347,7.40168472,181.16,13.46,0.00,350.59,0,-84.00,-6.00,0.00,0.00,51.00,0.00,0,409
666.10,1552023379,13206.42,51.48736314,7.40168009,180.72,13.45,0.00,353.13,0,-93.00,-6.00,0.00,0.00,45.00,0.00,0,93
666.10,1552023379,13206.42,51.48736314,7.40168009,180.72,13.45,0.00,353.13,0,-96.00,-9.00,0.00,0.00,44.00,0.00,0,330
666.10,1552023379,13206.44,51.48736314,7.40168009,180.72,13.45,0.00,353.13,0,-84.00,-6.00,0.00,0.00,51.00,0.00,0,409
677.09,1552023390,13354.50,51.48872328,7.40173807,174.52,13.35,0.00,0.17,0,-92.00,-9.00,0.00,0.00,49.00,0.00,0,427
678.10,1552023391,13367.87,51.48883828,7.40173936,173.98,13.16,0.00,0.30,0,-92.00,-9.00,0.00,0.00,49.00,0.00,0,427
679.10,1552023392,13381.12,51.48895479,7.40174395,173.30,12.61,0.00,0.62,0,-84.00,-7.00,0.00,0.00,55.00,0.00,0,94
679.10,1552023392,13381.13,51.48895479,7.40174395,173.30,12.61,0.00,0.62,0,-88.00,-6.00,0.00,0.00,51.00,0.00,0,427
680.10,1552023393,13393.72,51.48906053,7.40174689,172.66,11.38,0.00,0.78,0,-84.00,-7.00,0.00,0.00,55.00,0.00,0,94
680.10,1552023393,13393.73,51.48906053,7.40174689,172.66,11.38,0.00,0.78,0,-88.00,-6.00,0.00,0.00,51.00,0.00,0,427
681.10,1552023394,13405.02,51.48915377,7.40175415,172.08,9.41,0.00,1.66,0,-84.00,-7.00,0.00,0.00,55.00,0.00,0,94
681.10,1552023394,13405.03,51.48915377,7.40175415,172.08,9.41,0.00,1.66,0,-88.00,-6.00,0.00,0.00,51.00,0.00,0,427
698.10,1552023411,13587.15,51.48940006,7.40413400,171.27,13.50,0.00,90.37,0,-76.00,-9.00,0.00,0.00,63.00,0.00,0,95
698.10,1552023411,13587.16,51.48940006,7.40413400,171.27,13.50,0.00,90.37,0,-81.00,-9.00,0.00,0.00,59.00,0.00,0,426
699.09,1552023412,13600.64,51.48939831,7.40433352,171.71,13.85,0.00,90.88,0,-76.00,-9.00,0.00,0.00,63.00,0.00,0,95
699.10,1552023412,13600.65,51.48939831,7.40433352,171.71,13.85,0.00,90.88,0,-81.00,-9.00,0.00,0.00,59.00,0.00,0,426
700.11,1552023413,13614.69,51.48939604,7.40453592,172.22,13.95,0.00,90.42,0,-76.00,-9.00,0.00,0.00,63.00,0.00,0,95
700.11,1552023413,13614.71,51.48939604,7.40453592,172.22,13.95,0.00,90.42,0,-82.00,-8.00,0.00,0.00,57.00,0.00,0,426
701.10,1552023414,13628.44,51.48939358,7.40473783,172.75,13.78,0.00,90.41,0,-76.00,-9.00,0.00,0.00,63.00,0.00,0,95
701.10,1552023414,13628.46,51.48939358,7.40473783,172.75,13.78,0.00,90.41,0,-82.00,-8.00,0.00,0.00,57.00,0.00,0,426
702.10,1552023415,13642.22,51.48939408,7.40493074,173.34,13.30,0.00,89.94,0,-76.00,-9.00,0.00,0.00,63.00,0.00,0,95
702.10,1552023415,13642.24,51.48939408,7.40493074,173.34,13.30,0.00,89.94,0,-82.00,-8.00,0.00,0.00,57.00,0.00,0,426
