86.79,1552627622,1035.73,51.44206147,7.48888456,274.21,15.20,0.00,219.76,0,-87.00,-10.00,0.00,0.00,48.00,0.00,0,431
87.79,1552627623,1050.92,51.44195571,7.48873571,274.51,14.35,0.00,220.66,0,-87.00,-10.00,0.00,0.00,48.00,0.00,0,431
88.79,1552627624,1065.28,51.44185872,7.48858897,274.69,14.86,0.00,223.36,0,-82.00,-9.00,0.00,0.00,52.00,0.00,0,431
89.79,1552627625,1080.14,51.44176344,7.48843669,274.95,14.85,0.00,224.77,0,-82.00,-9.00,0.00,0.00,52.00,0.00,0,431
90.79,1552627626,1094.99,51.44167521,7.48828399,275.17,14.31,0.00,226.87,0,-78.00,-9.00,0.00,0.00,56.00,0.00,0,431
91.80,1552627627,1109.40,51.44159360,7.48812634,275.54,14.18,0.00,228.19,0,-78.00,-9.00,0.00,0.00,56.00,0.00,0,431
107.79,1552627643,1344.69,51.44029992,7.48540278,276.88,14.67,0.00,232.54,0,-83.00,-9.00,0.00,0.00,52.00,0.00,0,430
108.79,1552627644,1359.35,51.44022742,7.48524489,276.37,14.54,0.00,232.20,0,-83.00,-9.00,0.00,0.00,52.00,0.00,0,430
109.79,1552627645,1373.90,51.44014792,7.48506789,276.06,15.02,0.00,232.75,0,-78.00,-7.00,0.00,0.00,56.00,0.00,0,430
110.80,1552627646,1388.97,51.44007157,7.48490237,275.90,14.68,0.00,232.33,0,-78.00,-7.00,0.00,0.00,56.00,0.00,0,430
111.79,1552627647,1403.61,51.43999006,7.48473123,275.79,15.02,0.00,232.21,0,-75.00,-6.00,0.00,0.00,58.00,0.00,0,430
112.79,1552627648,1418.62,51.43990629,7.48455284,275.95,14.95,0.00,232.76,0,-75.00,-6.00,0.00,0.00,58.00,0.00,0,430
113.79,1552627649,1433.56,51.43982013,7.48436535,276.54,15.23,0.00,232.58,0,-86.00,-11.00,0.00,0.00,51.00,0.00,0,431
113.79,1552627649,1433.56,51.43982013,7.48436535,276.54,15.23,0.00,232.58,0,-113.00,-18.00,0.00,0.00,35.00,0.00,0,16
114.79,1552627650,1448.79,51.43973970,7.48419025,277.49,15.59,0.00,233.50,0,-86.00,-11.00,0.00,0.00,51.00,0.00,0,431
114.79,1552627650,1448.80,51.43973970,7.48419025,277.49,15.59,0.00,233.50,0,-113.00,-18.00,0.00,0.00,35.00,0.00,0,16
115.79,1552627651,1464.40,51.43965375,7.48400412,278.19,15.66,0.00,233.01,0,-83.00,-13.00,0.00,0.00,55.00,0.00,0,431
115.79,1552627651,1464.40,51.43965375,7.48400412,278.19,15.66,0.00,233.01,0,-110.00,-19.00,0.00,0.00,39.00,0.00,0,16
116.79,1552627652,1480.07,51.43956794,7.48381871,278.66,15.60,0.00,232.45,0,-83.00,-13.00,0.00,0.00,55.00,0.00,0,431
116.79,1552627652,1480.07,51.43956794,7.48381871,278.66,15.60,0.00,232.45,0,-110.00,-19.00,0.00,0.00,39.00,0.00,0,16
119.80,1552627655,1527.64,51.43932602,7.48323608,280.82,15.59,0.00,237.91,0,-113.00,-19.00,0.00,0.00,37.00,0.00,0,215
120.79,1552627656,1543.15,51.43925558,7.48304585,282.10,15.35,0.00,237.74,0,-113.00,-19.00,0.00,0.00,37.00,0.00,0,215
121.79,1552627657,1558.50,51.43918702,7.48285349,282.73,15.32,0.00,238.43,0,-113.00,-19.00,0.00,0.00,37.00,0.00,0,215
136.80,1552627672,1800.01,51.43812628,7.47974037,285.88,16.72,0.00,240.80,0,-110.00,-9.00,0.00,0.00,26.00,0.00,0,38
136.80,1552627672,1800.03,51.43812628,7.47974037,285.88,16.72,0.00,240.80,0,-114.00,-15.00,0.00,0.00,27.00,0.00,0,395
137.80,1552627673,1816.76,51.43805543,7.47953577,285.32,16.43,0.00,241.51,0,-110.00,-9.00,0.00,0.00,26.00,0.00,0,38
137.80,1552627673,1816.78,51.43805543,7.47953577,285.32,16.43,0.00,241.51,0,-114.00,-15.00,0.00,0.00,27.00,0.00,0,395
138.79,1552627674,1833.11,51.43798342,7.47932477,284.82,16.61,0.00,241.54,0,-109.00,-9.00,0.00,0.00,26.00,0.00,0,38
138.79,1552627674,1833.11,51.43798342,7.47932477,284.82,16.61,0.00,241.54,0,-115.00,-16.00,0.00,0.00,27.00,0.00,0,395
139.79,1552627675,1849.71,51.43791389,7.47910859,284.34,16.19,0.00,241.88,0,-109.00,-9.00,0.00,0.00,26.00,0.00,0,38
139.79,1552627675,1849.73,51.43791389,7.47910859,284.34,16.19,0.00,241.88,0,-115.00,-16.00,0.00,0.00,27.00,0.00,0,395
140.79,1552627676,1865.92,51.43784772,7.47889725,283.62,15.78,0.00,242.42,0,-109.00,-9.00,0.00,0.00,26.00,0.00,0,38
140.79,1552627676,1865.92,51.43784772,7.47889725,283.62,15.78,0.00,242.42,0,-114.00,-14.00,0.00,0.00,26.00,0.00,0,70
140.79,1552627676,1865.92,51.43784772,7.47889725,283.62,15.78,0.00,242.42,0,-115.00,-16.00,0.00,0.00,27.00,0.00,0,395
141.79,1552627677,1881.70,51.43778106,7.47868930,283.25,15.67,0.00,242.14,0,-109.00,-9.00,0.00,0.00,26.00,0.00,0,38
141.79,1552627677,1881.70,51.43778106,7.47868930,283.25,15.67,0.00,242.14,0,-114.00,-14.00,0.00,0.00,26.00,0.00,0,70
141.79,1552627677,1881.70,51.43778106,7.47868930,283.25,15.67,0.00,242.14,0,-115.00,-16.00,0.00,0.00,27.00,0.00,0,395
142.80,1552627678,1897.48,51.43771080,7.47847872,282.25,15.95,0.00,241.34,0,-109.00,-9.00,0.00,0.00,26.00,0.00,0,38
142.80,1552627678,1897.48,51.43771080,7.47847872,282.25,15.95,0.00,241.34,0,-111.00,-11.00,0.00,0.00,25.00,0.00,0,70
143.79,1552627679,1913.31,51.43764052,7.47826305,281.82,15.57,0.00,241.43,0,-109.00,-9.00,0.00,0.00,26.00,0.00,0,38
143.79,1552627679,1913.31,51.43764052,7.47826305,281.82,15.57,0.00,241.43,0,-111.00,-11.00,0.00,0.00,25.00,0.00,0,70
144.79,1552627680,1928.88,51.43757506,7.47806636,282.07,16.05,0.00,242.14,0,-109.00,-9.00,0.00,0.00,26.00,0.00,0,38
144.79,1552627680,1928.88,51.43757506,7.47806636,282.07,16.05,0.00,242.14,0,-111.00,-11.00,0.00,0.00,25.00,0.00,0,70
145.79,1552627681,1944.93,51.43751119,7.47787330,282.52,15.69,0.00,242.05,0,-110.00,-10.00,0.00,0.00,25.00,0.00,0,70
145.79,1552627681,1944.93,51.43751119,7.47787330,282.52,15.69,0.00,242.05,0,-110.00,-9.00,0.00,0.00,25.00,0.00,0,38
146.79,1552627682,1960.63,51.43744490,7.47766083,282.56,15.56,0.00,242.29,0,-110.00,-10.00,0.00,0.00,25.00,0.00,0,70
146.79,1552627682,1960.63,51.43744490,7.47766083,282.56,15.56,0.00,242.29,0,-110.00,-9.00,0.00,0.00,25.00,0.00,0,38
147.79,1552627683,1976.19,51.43738408,7.47746236,282.60,15.71,0.00,241.69,0,-110.00,-10.00,0.00,0.00,25.00,0.00,0,38
147.79,1552627683,1976.19,51.43738408,7.47746236,282.60,15.71,0.00,241.69,0,-111.00,-12.00,0.00,0.00,25.00,0.00,0,70
148.79,1552627684,1991.89,51.43732150,7.47726617,282.59,15.22,0.00,241.32,0,-110.00,-10.00,0.00,0.00,25.00,0.00,0,38
148.79,1552627684,1991.89,51.43732150,7.47726617,282.59,15.22,0.00,241.32,0,-111.00,-12.00,0.00,0.00,25.00,0.00,0,70
149.79,1552627685,2007.12,51.43725988,7.47706894,282.39,14.66,0.00,241.69,0,-111.00,-10.00,0.00,0.00,25.00,0.00,0,38
149.79,1552627685,2007.12,51.43725988,7.47706894,282.39,14.66,0.00,241.69,0,-111.00,-11.00,0.00,0.00,25.00,0.00,0,70
150.79,1552627686,2021.77,51.43720915,7.47687137,282.78,14.56,0.00,244.75,0,-111.00,-10.00,0.00,0.00,25.00,0.00,0,38
150.79,1552627686,2021.77,51.43720915,7.47687137,282.78,14.56,0.00,244.75,0,-111.00,-11.00,0.00,0.00,25.00,0.00,0,70
151.79,1552627687,2036.33,51.43719640,7.47668312,283.56,13.32,0.00,260.05,0,-111.00,-11.00,0.00,0.00,25.00,0.00,0,70
151.79,1552627687,2036.33,51.43719640,7.47668312,283.56,13.32,0.00,260.05,0,-113.00,-11.00,0.00,0.00,24.00,0.00,0,38
152.79,1552627688,2049.64,51.43720399,7.47650767,284.40,11.82,0.00,273.03,0,-111.00,-11.00,0.00,0.00,25.00,0.00,0,70
152.79,1552627688,2049.64,51.43720399,7.47650767,284.40,11.82,0.00,273.03,0,-113.00,-11.00,0.00,0.00,24.00,0.00,0,38
153.79,1552627689,2061.46,51.43723593,7.47636572,285.44,9.93,0.00,292.47,0,-113.00,-13.00,0.00,0.00,26.00,0.00,0,70
154.79,1552627690,2071.40,51.43730018,7.47624259,286.50,9.46,0.00,313.52,0,-113.00,-13.00,0.00,0.00,26.00,0.00,0,70
197.79,1552627733,2983.00,51.44308391,7.48512093,276.28,25.00,0.00,23.41,0,-75.00,-7.00,0.00,0.00,58.00,0.00,0,429
198.79,1552627734,3008.00,51.44328961,7.48526716,275.87,24.90,0.00,23.19,0,-75.00,-7.00,0.00,0.00,58.00,0.00,0,429
233.79,1552627769,3614.84,51.44371281,7.48333364,264.18,23.16,0.00,268.47,0,-80.00,-14.00,0.00,0.00,61.00,0.00,0,430
234.79,1552627770,3638.05,51.44370838,7.48299335,264.40,23.39,0.00,268.20,0,-80.00,-14.00,0.00,0.00,61.00,0.00,0,430
235.79,1552627771,3661.41,51.44369942,7.48265540,264.62,23.64,0.00,267.91,0,-83.00,-11.00,0.00,0.00,54.00,0.00,0,430
236.79,1552627772,3685.03,51.44368980,7.48231761,264.82,23.97,0.00,267.60,0,-83.00,-11.00,0.00,0.00,54.00,0.00,0,430
237.79,1552627773,3709.02,51.44367533,7.48197255,265.02,24.45,0.00,266.38,0,-82.00,-9.00,0.00,0.00,52.00,0.00,0,430
238.79,1552627774,3733.47,51.44366298,7.48162053,265.14,24.68,0.00,266.06,0,-82.00,-9.00,0.00,0.00,52.00,0.00,0,430
239.79,1552627775,3758.15,51.44364973,7.48126465,265.12,24.78,0.00,265.78,0,-95.00,-11.00,0.00,0.00,42.00,0.00,0,429
240.79,1552627776,3782.92,51.44363373,7.48090451,265.12,24.91,0.00,265.47,0,-95.00,-11.00,0.00,0.00,42.00,0.00,0,429
258.79,1552627794,4210.69,51.44310613,7.47482987,258.14,22.29,0.00,258.85,0,-107.00,-19.00,0.00,0.00,43.00,0.00,0,112
259.79,1552627795,4232.94,51.44306593,7.47450720,257.29,22.45,0.00,258.98,0,-107.00,-19.00,0.00,0.00,43.00,0.00,0,112
260.79,1552627796,4255.37,51.44302625,7.47419054,256.33,23.11,0.00,259.07,0,-129.00,-19.00,0.00,0.00,20.00,0.00,0,159
260.79,1552627796,4255.39,51.44302625,7.47419054,256.33,23.11,0.00,259.07,0,-129.00,-20.00,0.00,0.00,20.00,0.00,0,16
261.79,1552627797,4278.50,51.44298637,7.47387117,255.28,23.18,0.00,259.04,0,-129.00,-19.00,0.00,0.00,20.00,0.00,0,159
261.79,1552627797,4278.50,51.44298637,7.47387117,255.28,23.18,0.00,259.04,0,-129.00,-20.00,0.00,0.00,20.00,0.00,0,16
276.51,1552627811,4643.95,51.44233341,7.46901044,244.43,28.56,0.00,258.41,0,-111.00,-9.00,0.00,0.00,25.00,0.00,0,430
276.51,1552627811,4643.98,51.44233341,7.46901044,244.43,28.56,0.00,258.41,0,-114.00,-13.00,0.00,0.00,24.00,0.00,0,397
276.51,1552627811,4643.98,51.44233341,7.46901044,244.43,28.56,0.00,258.41,0,-116.00,-12.00,0.00,0.00,22.00,0.00,0,72
277.51,1552627812,4672.51,51.44228208,7.46860451,243.83,28.98,0.00,258.85,0,-111.00,-9.00,0.00,0.00,25.00,0.00,0,430
277.51,1552627812,4672.54,51.44228208,7.46860451,243.83,28.98,0.00,258.85,0,-114.00,-13.00,0.00,0.00,24.00,0.00,0,397
277.51,1552627812,4672.54,51.44228208,7.46860451,243.83,28.98,0.00,258.85,0,-116.00,-12.00,0.00,0.00,22.00,0.00,0,72
280.51,1552627815,4760.22,51.44212868,7.46736504,241.25,29.39,0.00,259.35,0,-106.00,-13.00,0.00,0.00,32.00,0.00,0,229
281.51,1552627816,4789.61,51.44207809,7.46694732,240.25,29.49,0.00,259.46,0,-106.00,-13.00,0.00,0.00,32.00,0.00,0,229
282.51,1552627817,4819.10,51.44203172,7.46652628,239.23,29.65,0.00,259.97,0,-104.00,-14.00,0.00,0.00,35.00,0.00,0,229
283.51,1552627818,4848.76,51.44198605,7.46610598,238.41,29.85,0.00,260.29,0,-104.00,-14.00,0.00,0.00,35.00,0.00,0,229
284.51,1552627819,4878.60,51.44194024,7.46568077,237.65,30.17,0.00,260.81,0,-100.00,-12.00,0.00,0.00,37.00,0.00,0,229
284.51,1552627819,4878.60,51.44194024,7.46568077,237.65,30.17,0.00,260.81,0,-105.00,-16.00,0.00,0.00,37.00,0.00,0,51
285.51,1552627820,4908.77,51.44189960,7.46524691,236.96,30.56,0.00,261.13,0,-100.00,-12.00,0.00,0.00,37.00,0.00,0,229
285.51,1552627820,4908.77,51.44189960,7.46524691,236.96,30.56,0.00,261.13,0,-105.00,-16.00,0.00,0.00,37.00,0.00,0,51
286.51,1552627821,4939.37,51.44185934,7.46481253,236.27,30.68,0.00,261.72,0,-100.00,-14.00,0.00,0.00,40.00,0.00,0,229
286.51,1552627821,4939.40,51.44185934,7.46481253,236.27,30.68,0.00,261.72,0,-102.00,-17.00,0.00,0.00,40.00,0.00,0,51
286.51,1552627821,4939.40,51.44185934,7.46481253,236.27,30.68,0.00,261.72,0,-103.00,-17.00,0.00,0.00,39.00,0.00,0,54
286.51,1552627821,4939.40,51.44185934,7.46481253,236.27,30.68,0.00,261.72,0,-111.00,-10.00,0.00,0.00,25.00,0.00,0,118
286.51,1552627821,4939.43,51.44185934,7.46481253,236.27,30.68,0.00,261.72,0,-112.00,-11.00,0.00,0.00,24.00,0.00,0,430
286.51,1552627821,4939.43,51.44185934,7.46481253,236.27,30.68,0.00,261.72,0,-113.00,-10.00,0.00,0.00,23.00,0.00,0,72
287.51,1552627822,4970.04,51.44182440,7.46437513,235.74,30.90,0.00,262.21,0,-100.00,-14.00,0.00,0.00,40.00,0.00,0,229
287.51,1552627822,4970.07,51.44182440,7.46437513,235.74,30.90,0.00,262.21,0,-102.00,-17.00,0.00,0.00,40.00,0.00,0,51
287.51,1552627822,4970.07,51.44182440,7.46437513,235.74,30.90,0.00,262.21,0,-103.00,-17.00,0.00,0.00,39.00,0.00,0,54
287.51,1552627822,4970.07,51.44182440,7.46437513,235.74,30.90,0.00,262.21,0,-111.00,-10.00,0.00,0.00,25.00,0.00,0,118
287.51,1552627822,4970.11,51.44182440,7.46437513,235.74,30.90,0.00,262.21,0,-112.00,-11.00,0.00,0.00,24.00,0.00,0,430
287.51,1552627822,4970.11,51.44182440,7.46437513,235.74,30.90,0.00,262.21,0,-113.00,-10.00,0.00,0.00,23.00,0.00,0,72
288.52,1552627823,5001.10,51.44178856,7.46393309,235.16,31.02,0.00,262.67,0,-103.00,-11.00,0.00,0.00,33.00,0.00,0,229
288.52,1552627823,5001.10,51.44178856,7.46393309,235.16,31.02,0.00,262.67,0,-106.00,-14.00,0.00,0.00,33.00,0.00,0,449
288.52,1552627823,5001.13,51.44178856,7.46393309,235.16,31.02,0.00,262.67,0,-107.00,-14.00,0.00,0.00,33.00,0.00,0,51
288.52,1552627823,5001.13,51.44178856,7.46393309,235.16,31.02,0.00,262.67,0,-110.00,-9.00,0.00,0.00,24.00,0.00,0,72
288.52,1552627823,5001.13,51.44178856,7.46393309,235.16,31.02,0.00,262.67,0,-111.00,-9.00,0.00,0.00,25.00,0.00,0,118
288.52,1552627823,5001.16,51.44178856,7.46393309,235.16,31.02,0.00,262.67,0,-114.00,-13.00,0.00,0.00,25.00,0.00,0,157
289.51,1552627824,5031.93,51.44175484,7.46348828,234.39,31.29,0.00,263.25,0,-103.00,-11.00,0.00,0.00,33.00,0.00,0,229
289.51,1552627824,5031.96,51.44175484,7.46348828,234.39,31.29,0.00,263.25,0,-106.00,-14.00,0.00,0.00,33.00,0.00,0,449
289.51,1552627824,5031.96,51.44175484,7.46348828,234.39,31.29,0.00,263.25,0,-107.00,-14.00,0.00,0.00,33.00,0.00,0,51
289.51,1552627824,5031.96,51.44175484,7.46348828,234.39,31.29,0.00,263.25,0,-110.00,-9.00,0.00,0.00,24.00,0.00,0,72
289.51,1552627824,5031.99,51.44175484,7.46348828,234.39,31.29,0.00,263.25,0,-111.00,-9.00,0.00,0.00,25.00,0.00,0,118
289.51,1552627824,5031.99,51.44175484,7.46348828,234.39,31.29,0.00,263.25,0,-114.00,-13.00,0.00,0.00,25.00,0.00,0,157
290.52,1552627825,5063.41,51.44172211,7.46304164,233.71,31.58,0.00,263.56,0,-103.00,-11.00,0.00,0.00,33.00,0.00,0,229
290.52,1552627825,5063.44,51.44172211,7.46304164,233.71,31.58,0.00,263.56,0,-106.00,-14.00,0.00,0.00,33.00,0.00,0,449
290.52,1552627825,5063.44,51.44172211,7.46304164,233.71,31.58,0.00,263.56,0,-107.00,-14.00,0.00,0.00,33.00,0.00,0,51
290.52,1552627825,5063.47,51.44172211,7.46304164,233.71,31.58,0.00,263.56,0,-110.00,-9.00,0.00,0.00,24.00,0.00,0,72
290.52,1552627825,5063.47,51.44172211,7.46304164,233.71,31.58,0.00,263.56,0,-111.00,-9.00,0.00,0.00,25.00,0.00,0,118
290.52,1552627825,5063.50,51.44172211,7.46304164,233.71,31.58,0.00,263.56,0,-114.00,-13.00,0.00,0.00,25.00,0.00,0,157
291.51,1552627826,5094.83,51.44169061,7.46259045,233.39,31.89,0.00,263.66,0,-104.00,-13.00,0.00,0.00,35.00,0.00,0,449
291.51,1552627826,5094.83,51.44169061,7.46259045,233.39,31.89,0.00,263.66,0,-105.00,-14.00,0.00,0.00,35.00,0.00,0,229
291.51,1552627826,5094.86,51.44169061,7.46259045,233.39,31.89,0.00,263.66,0,-106.00,-12.00,0.00,0.00,32.00,0.00,0,54
292.51,1552627827,5126.69,51.44166631,7.46213753,233.10,31.50,0.00,264.64,0,-104.00,-13.00,0.00,0.00,35.00,0.00,0,449
292.51,1552627827,5126.72,51.44166631,7.46213753,233.10,31.50,0.00,264.64,0,-105.00,-14.00,0.00,0.00,35.00,0.00,0,229
292.51,1552627827,5126.72,51.44166631,7.46213753,233.10,31.50,0.00,264.64,0,-106.00,-12.00,0.00,0.00,32.00,0.00,0,54
293.51,1552627828,5158.18,51.44164104,7.46168774,232.80,31.27,0.00,265.55,0,-97.00,-12.00,0.00,0.00,40.00,0.00,0,449
293.51,1552627828,5158.18,51.44164104,7.46168774,232.80,31.27,0.00,265.55,0,-100.00,-13.00,0.00,0.00,39.00,0.00,0,229
294.51,1552627829,5189.45,51.44162128,7.46123906,232.39,31.15,0.00,265.78,0,-97.00,-12.00,0.00,0.00,40.00,0.00,0,449
294.51,1552627829,5189.45,51.44162128,7.46123906,232.39,31.15,0.00,265.78,0,-100.00,-13.00,0.00,0.00,39.00,0.00,0,229
295.51,1552627830,5220.59,51.44160274,7.46079310,231.96,31.12,0.00,266.44,0,-94.00,-13.00,0.00,0.00,44.00,0.00,0,449
295.51,1552627830,5220.59,51.44160274,7.46079310,231.96,31.12,0.00,266.44,0,-97.00,-16.00,0.00,0.00,45.00,0.00,0,229
295.51,1552627830,5220.63,51.44160274,7.46079310,231.96,31.12,0.00,266.44,0,-99.00,-20.00,0.00,0.00,47.00,0.00,0,132
296.51,1552627831,5251.71,51.44158841,7.46034352,231.45,31.17,0.00,266.91,0,-94.00,-13.00,0.00,0.00,44.00,0.00,0,449
296.51,1552627831,5251.71,51.44158841,7.46034352,231.45,31.17,0.00,266.91,0,-97.00,-16.00,0.00,0.00,45.00,0.00,0,229
296.51,1552627831,5251.71,51.44158841,7.46034352,231.45,31.17,0.00,266.91,0,-99.00,-20.00,0.00,0.00,47.00,0.00,0,132
297.51,1552627832,5282.88,51.44157524,7.45989495,230.84,31.28,0.00,267.41,0,-92.00,-9.00,0.00,0.00,42.00,0.00,0,449
297.51,1552627832,5282.88,51.44157524,7.45989495,230.84,31.28,0.00,267.41,0,-97.00,-11.00,0.00,0.00,39.00,0.00,0,54
298.51,1552627833,5314.16,51.44156211,7.45944685,230.29,31.37,0.00,267.50,0,-92.00,-9.00,0.00,0.00,42.00,0.00,0,449
298.51,1552627833,5314.16,51.44156211,7.45944685,230.29,31.37,0.00,267.50,0,-97.00,-11.00,0.00,0.00,39.00,0.00,0,54
299.51,1552627834,5345.53,51.44155497,7.45899428,229.83,31.72,0.00,268.39,0,-91.00,-9.00,0.00,0.00,45.00,0.00,0,54
299.51,1552627834,5345.53,51.44155497,7.45899428,229.83,31.72,0.00,268.39,0,-95.00,-15.00,0.00,0.00,46.00,0.00,0,448
299.51,1552627834,5345.57,51.44155497,7.45899428,229.83,31.72,0.00,268.39,0,-88.00,-6.00,0.00,0.00,44.00,0.00,0,72
300.51,1552627835,5377.26,51.44154787,7.45853657,229.40,31.95,0.00,268.73,0,-91.00,-9.00,0.00,0.00,45.00,0.00,0,54
300.51,1552627835,5377.29,51.44154787,7.45853657,229.40,31.95,0.00,268.73,0,-95.00,-15.00,0.00,0.00,46.00,0.00,0,448
300.51,1552627835,5377.29,51.44154787,7.45853657,229.40,31.95,0.00,268.73,0,-88.00,-6.00,0.00,0.00,44.00,0.00,0,72
301.51,1552627836,5409.21,51.44154574,7.45807519,228.94,32.20,0.00,269.40,0,-87.00,-7.00,0.00,0.00,47.00,0.00,0,54
301.51,1552627836,5409.21,51.44154574,7.45807519,228.94,32.20,0.00,269.40,0,-92.00,-14.00,0.00,0.00,47.00,0.00,0,55
302.51,1552627837,5441.41,51.44154313,7.45761118,228.57,32.46,0.00,269.63,0,-87.00,-7.00,0.00,0.00,47.00,0.00,0,54
302.51,1552627837,5441.44,51.44154313,7.45761118,228.57,32.46,0.00,269.63,0,-92.00,-14.00,0.00,0.00,47.00,0.00,0,55
307.51,1552627842,5604.90,51.44155473,7.45525853,226.21,32.61,0.00,271.48,0,-86.00,-6.00,0.00,0.00,46.00,0.00,0,449
308.51,1552627843,5637.54,51.44156752,7.45478924,225.82,32.57,0.00,272.30,0,-86.00,-6.00,0.00,0.00,46.00,0.00,0,449
309.52,1552627844,5670.24,51.44158558,7.45432367,225.50,32.18,0.00,273.62,0,-91.00,-10.00,0.00,0.00,46.00,0.00,0,449
310.51,1552627845,5702.26,51.44160356,7.45386150,225.24,32.23,0.00,274.03,0,-91.00,-10.00,0.00,0.00,46.00,0.00,0,449
311.51,1552627846,5734.46,51.44162733,7.45340242,225.05,32.11,0.00,274.85,0,-91.00,-10.00,0.00,0.00,46.00,0.00,0,449
341.51,1552627876,6633.30,51.44319193,7.44077297,219.14,30.37,0.00,287.60,0,-83.00,-6.00,0.00,0.00,50.00,0.00,0,74
341.51,1552627876,6633.33,51.44319193,7.44077297,219.14,30.37,0.00,287.60,0,-72.00,-7.00,0.00,0.00,63.00,0.00,0,56
342.51,1552627877,6663.67,51.44327713,7.44035664,218.65,30.66,0.00,287.87,0,-83.00,-6.00,0.00,0.00,50.00,0.00,0,74
342.51,1552627877,6663.70,51.44327713,7.44035664,218.65,30.66,0.00,287.87,0,-72.00,-7.00,0.00,0.00,63.00,0.00,0,56
366.51,1552627901,7459.05,51.44643583,7.43012185,194.07,37.12,0.00,309.36,0,-91.00,-9.00,0.00,0.00,46.00,0.00,0,70
367.51,1552627902,7496.17,51.44664847,7.42972512,192.84,36.49,0.00,310.89,0,-91.00,-9.00,0.00,0.00,46.00,0.00,0,70
368.51,1552627903,7532.66,51.44686054,7.42935801,191.34,35.99,0.00,312.77,0,-96.00,-9.00,0.00,0.00,42.00,0.00,0,70
369.51,1552627904,7568.65,51.44708311,7.42898773,189.99,35.74,0.00,314.20,0,-96.00,-9.00,0.00,0.00,42.00,0.00,0,70
370.51,1552627905,7604.39,51.44730221,7.42862256,188.75,35.70,0.00,314.92,0,-100.00,-11.00,0.00,0.00,41.00,0.00,0,70
371.51,1552627906,7640.08,51.44753826,7.42826782,187.73,35.49,0.00,316.82,0,-100.00,-11.00,0.00,0.00,41.00,0.00,0,70
372.52,1552627907,7675.75,51.44777622,7.42792410,186.91,35.67,0.00,318.00,0,-112.00,-10.00,0.00,0.00,25.00,0.00,0,312
372.52,1552627907,7675.75,51.44777622,7.42792410,186.91,35.67,0.00,318.00,0,-103.00,-10.00,0.00,0.00,37.00,0.00,0,70
373.51,1552627908,7711.27,51.44802082,7.42758436,186.04,35.86,0.00,319.33,0,-112.00,-10.00,0.00,0.00,25.00,0.00,0,312
373.51,1552627908,7711.27,51.44802082,7.42758436,186.04,35.86,0.00,319.33,0,-103.00,-10.00,0.00,0.00,37.00,0.00,0,70
374.51,1552627909,7747.13,51.44827273,7.42725866,185.05,35.67,0.00,321.22,0,-112.00,-10.00,0.00,0.00,25.00,0.00,0,312
374.51,1552627909,7747.17,51.44827273,7.42725866,185.05,35.67,0.00,321.22,0,-103.00,-10.00,0.00,0.00,37.00,0.00,0,70
375.52,1552627910,7782.98,51.44851921,7.42694340,184.12,35.91,0.00,322.18,0,-107.00,-7.00,0.00,0.00,25.00,0.00,0,312
375.52,1552627910,7783.02,51.44851921,7.42694340,184.12,35.91,0.00,322.18,0,-109.00,-8.00,0.00,0.00,24.00,0.00,0,40
375.52,1552627910,7783.02,51.44851921,7.42694340,184.12,35.91,0.00,322.18,0,-100.00,-8.00,0.00,0.00,36.00,0.00,0,70
376.51,1552627911,7818.75,51.44877921,7.42664255,183.23,35.98,0.00,324.13,0,-107.00,-7.00,0.00,0.00,25.00,0.00,0,312
376.51,1552627911,7818.75,51.44877921,7.42664255,183.23,35.98,0.00,324.13,0,-109.00,-8.00,0.00,0.00,24.00,0.00,0,40
376.51,1552627911,7818.79,51.44877921,7.42664255,183.23,35.98,0.00,324.13,0,-100.00,-8.00,0.00,0.00,36.00,0.00,0,70
379.51,1552627914,7926.98,51.44959697,7.42580350,180.10,36.50,0.00,328.86,0,-109.00,-8.00,0.00,0.00,25.00,0.00,0,312
379.51,1552627914,7926.98,51.44959697,7.42580350,180.10,36.50,0.00,328.86,0,-109.00,-9.00,0.00,0.00,25.00,0.00,0,40
379.51,1552627914,7927.02,51.44959697,7.42580350,180.10,36.50,0.00,328.86,0,-117.00,-14.00,0.00,0.00,23.00,0.00,0,157
380.51,1552627915,7963.52,51.44987106,7.42555279,178.95,36.93,0.00,329.96,0,-109.00,-8.00,0.00,0.00,25.00,0.00,0,312
380.51,1552627915,7963.52,51.44987106,7.42555279,178.95,36.93,0.00,329.96,0,-109.00,-9.00,0.00,0.00,25.00,0.00,0,40
380.51,1552627915,7963.52,51.44987106,7.42555279,178.95,36.93,0.00,329.96,0,-117.00,-14.00,0.00,0.00,23.00,0.00,0,157
381.51,1552627916,8000.49,51.45015652,7.42531213,177.43,37.73,0.00,332.29,0,-109.00,-9.00,0.00,0.00,26.00,0.00,0,40
381.51,1552627916,8000.49,51.45015652,7.42531213,177.43,37.73,0.00,332.29,0,-113.00,-14.00,0.00,0.00,27.00,0.00,0,27
381.51,1552627916,8000.49,51.45015652,7.42531213,177.43,37.73,0.00,332.29,0,-115.00,-14.00,0.00,0.00,25.00,0.00,0,157
381.51,1552627916,8000.53,51.45015652,7.42531213,177.43,37.73,0.00,332.29,0,-128.00,-18.00,0.00,0.00,20.00,0.00,0,377
381.51,1552627916,8000.53,51.45015652,7.42531213,177.43,37.73,0.00,332.29,0,0.00,0.00,0.00,0.00,63.00,0.00,0,398
381.51,1552627916,8000.53,51.45015652,7.42531213,177.43,37.73,0.00,332.29,0,0.00,0.00,0.00,0.00,63.00,0.00,0,24
381.52,1552627916,8000.57,51.45015652,7.42531213,177.43,37.73,0.00,332.29,0,0.00,0.00,0.00,0.00,63.00,0.00,0,61
381.52,1552627916,8000.57,51.45015652,7.42531213,177.43,37.73,0.00,332.29,0,0.00,0.00,0.00,0.00,63.00,0.00,0,27
382.51,1552627917,8038.22,51.45044462,7.42507186,176.26,37.26,0.00,333.29,0,-109.00,-9.00,0.00,0.00,26.00,0.00,0,40
382.51,1552627917,8038.22,51.45044462,7.42507186,176.26,37.26,0.00,333.29,0,-113.00,-14.00,0.00,0.00,27.00,0.00,0,27
382.51,1552627917,8038.22,51.45044462,7.42507186,176.26,37.26,0.00,333.29,0,-115.00,-14.00,0.00,0.00,25.00,0.00,0,157
382.51,1552627917,8038.26,51.45044462,7.42507186,176.26,37.26,0.00,333.29,0,-128.00,-18.00,0.00,0.00,20.00,0.00,0,377
382.51,1552627917,8038.26,51.45044462,7.42507186,176.26,37.26,0.00,333.29,0,0.00,0.00,0.00,0.00,63.00,0.00,0,398
382.51,1552627917,8038.26,51.45044462,7.42507186,176.26,37.26,0.00,333.29,0,0.00,0.00,0.00,0.00,63.00,0.00,0,24
382.52,1552627917,8038.30,51.45044462,7.42507186,176.26,37.26,0.00,333.29,0,0.00,0.00,0.00,0.00,63.00,0.00,0,61
382.52,1552627917,8038.30,51.45044462,7.42507186,176.26,37.26,0.00,333.29,0,0.00,0.00,0.00,0.00,63.00,0.00,0,27
383.51,1552627918,8075.41,51.45074857,7.42484575,175.32,36.90,0.00,335.18,0,-108.00,-11.00,0.00,0.00,28.00,0.00,0,40
383.51,1552627918,8075.41,51.45074857,7.42484575,175.32,36.90,0.00,335.18,0,-111.00,-13.00,0.00,0.00,28.00,0.00,0,157
383.51,1552627918,8075.44,51.45074857,7.42484575,175.32,36.90,0.00,335.18,0,-114.00,-13.00,0.00,0.00,25.00,0.00,0,94
384.51,1552627919,8112.34,51.45105014,7.42464021,174.06,36.82,0.00,336.94,0,-108.00,-11.00,0.00,0.00,28.00,0.00,0,40
384.51,1552627919,8112.34,51.45105014,7.42464021,174.06,36.82,0.00,336.94,0,-111.00,-13.00,0.00,0.00,28.00,0.00,0,157
384.51,1552627919,8112.34,51.45105014,7.42464021,174.06,36.82,0.00,336.94,0,-114.00,-13.00,0.00,0.00,25.00,0.00,0,94
385.51,1552627920,8149.13,51.45136376,7.42443809,172.88,36.94,0.00,338.07,0,-110.00,-13.00,0.00,0.00,29.00,0.00,0,377
385.51,1552627920,8149.13,51.45136376,7.42443809,172.88,36.94,0.00,338.07,0,-110.00,-15.00,0.00,0.00,31.00,0.00,0,119
385.51,1552627920,8149.13,51.45136376,7.42443809,172.88,36.94,0.00,338.07,0,-108.00,-12.00,0.00,0.00,30.00,0.00,0,40
386.51,1552627921,8186.06,51.45167381,7.42423885,171.93,36.82,0.00,338.92,0,-110.00,-13.00,0.00,0.00,29.00,0.00,0,377
386.51,1552627921,8186.06,51.45167381,7.42423885,171.93,36.82,0.00,338.92,0,-110.00,-15.00,0.00,0.00,31.00,0.00,0,119
386.51,1552627921,8186.10,51.45167381,7.42423885,171.93,36.82,0.00,338.92,0,-108.00,-12.00,0.00,0.00,30.00,0.00,0,40
387.51,1552627922,8222.92,51.45198579,7.42405727,170.56,36.80,0.00,340.16,0,-99.00,-9.00,0.00,0.00,35.00,0.00,0,119
387.51,1552627922,8222.92,51.45198579,7.42405727,170.56,36.80,0.00,340.16,0,-101.00,-8.00,0.00,0.00,32.00,0.00,0,377
387.51,1552627922,8222.92,51.45198579,7.42405727,170.56,36.80,0.00,340.16,0,-91.00,-10.00,0.00,0.00,48.00,0.00,0,230
387.51,1552627922,8222.96,51.45198579,7.42405727,170.56,36.80,0.00,340.16,0,-93.00,-8.00,0.00,0.00,46.00,0.00,0,376
388.51,1552627923,8259.68,51.45230378,7.42388567,168.85,36.97,0.00,341.35,0,-99.00,-9.00,0.00,0.00,35.00,0.00,0,119
388.51,1552627923,8259.68,51.45230378,7.42388567,168.85,36.97,0.00,341.35,0,-101.00,-8.00,0.00,0.00,32.00,0.00,0,377
388.51,1552627923,8259.72,51.45230378,7.42388567,168.85,36.97,0.00,341.35,0,-91.00,-10.00,0.00,0.00,48.00,0.00,0,230
388.51,1552627923,8259.72,51.45230378,7.42388567,168.85,36.97,0.00,341.35,0,-93.00,-8.00,0.00,0.00,46.00,0.00,0,376
389.51,1552627924,8296.66,51.45261412,7.42372071,167.31,37.04,0.00,341.77,0,-89.00,-5.00,0.00,0.00,42.00,0.00,0,119
389.51,1552627924,8296.66,51.45261412,7.42372071,167.31,37.04,0.00,341.77,0,-80.00,-6.00,0.00,0.00,54.00,0.00,0,230
390.51,1552627925,8333.70,51.45293087,7.42356545,165.81,37.22,0.00,342.73,0,-89.00,-5.00,0.00,0.00,42.00,0.00,0,119
390.51,1552627925,8333.70,51.45293087,7.42356545,165.81,37.22,0.00,342.73,0,-80.00,-6.00,0.00,0.00,54.00,0.00,0,230
391.51,1552627926,8370.91,51.45325069,7.42341039,164.50,37.18,0.00,343.15,0,-85.00,-5.00,0.00,0.00,46.00,0.00,0,119
391.51,1552627926,8370.91,51.45325069,7.42341039,164.50,37.18,0.00,343.15,0,-80.00,-6.00,0.00,0.00,56.00,0.00,0,230
392.51,1552627927,8408.10,51.45357025,7.42325867,163.31,37.19,0.00,343.48,0,-85.00,-5.00,0.00,0.00,46.00,0.00,0,119
392.51,1552627927,8408.13,51.45357025,7.42325867,163.31,37.19,0.00,343.48,0,-80.00,-6.00,0.00,0.00,56.00,0.00,0,230
393.52,1552627928,8445.48,51.45388975,7.42311872,162.08,37.09,0.00,343.76,0,-87.00,-6.00,0.00,0.00,45.00,0.00,0,40
393.52,1552627928,8445.51,51.45388975,7.42311872,162.08,37.09,0.00,343.76,0,-93.00,-11.00,0.00,0.00,44.00,0.00,0,119
393.52,1552627928,8445.51,51.45388975,7.42311872,162.08,37.09,0.00,343.76,0,-79.00,-6.00,0.00,0.00,57.00,0.00,0,230
393.52,1552627928,8445.51,51.45388975,7.42311872,162.08,37.09,0.00,343.76,0,-80.00,-8.00,0.00,0.00,57.00,0.00,0,70
394.51,1552627929,8482.39,51.45421427,7.42297352,161.16,36.87,0.00,343.91,0,-87.00,-6.00,0.00,0.00,45.00,0.00,0,40
394.51,1552627929,8482.42,51.45421427,7.42297352,161.16,36.87,0.00,343.91,0,-93.00,-11.00,0.00,0.00,44.00,0.00,0,119
394.51,1552627929,8482.42,51.45421427,7.42297352,161.16,36.87,0.00,343.91,0,-79.00,-6.00,0.00,0.00,57.00,0.00,0,230
394.51,1552627929,8482.42,51.45421427,7.42297352,161.16,36.87,0.00,343.91,0,-80.00,-8.00,0.00,0.00,57.00,0.00,0,70
395.51,1552627930,8519.26,51.45453042,7.42283297,160.08,36.73,0.00,343.69,0,-87.00,-6.00,0.00,0.00,45.00,0.00,0,40
395.51,1552627930,8519.29,51.45453042,7.42283297,160.08,36.73,0.00,343.69,0,-93.00,-11.00,0.00,0.00,44.00,0.00,0,119
395.51,1552627930,8519.29,51.45453042,7.42283297,160.08,36.73,0.00,343.69,0,-79.00,-6.00,0.00,0.00,57.00,0.00,0,230
395.51,1552627930,8519.29,51.45453042,7.42283297,160.08,36.73,0.00,343.69,0,-80.00,-8.00,0.00,0.00,57.00,0.00,0,70
396.51,1552627931,8556.10,51.45484878,7.42269171,159.05,36.57,0.00,343.40,0,-83.00,-6.00,0.00,0.00,50.00,0.00,0,40
396.51,1552627931,8556.10,51.45484878,7.42269171,159.05,36.57,0.00,343.40,0,-86.00,-9.00,0.00,0.00,49.00,0.00,0,119
396.52,1552627931,8556.13,51.45484878,7.42269171,159.05,36.57,0.00,343.40,0,-78.00,-7.00,0.00,0.00,59.00,0.00,0,70
396.52,1552627931,8556.13,51.45484878,7.42269171,159.05,36.57,0.00,343.40,0,-79.00,-8.00,0.00,0.00,58.00,0.00,0,230
397.51,1552627932,8592.56,51.45516623,7.42255036,157.91,36.37,0.00,343.12,0,-83.00,-6.00,0.00,0.00,50.00,0.00,0,40
397.51,1552627932,8592.60,51.45516623,7.42255036,157.91,36.37,0.00,343.12,0,-86.00,-9.00,0.00,0.00,49.00,0.00,0,119
397.51,1552627932,8592.60,51.45516623,7.42255036,157.91,36.37,0.00,343.12,0,-78.00,-7.00,0.00,0.00,59.00,0.00,0,70
397.51,1552627932,8592.60,51.45516623,7.42255036,157.91,36.37,0.00,343.12,0,-79.00,-8.00,0.00,0.00,58.00,0.00,0,230
398.51,1552627933,8628.97,51.45547753,7.42239510,157.16,36.14,0.00,342.36,0,-84.00,-6.00,0.00,0.00,48.00,0.00,0,40
398.51,1552627933,8628.97,51.45547753,7.42239510,157.16,36.14,0.00,342.36,0,-87.00,-8.00,0.00,0.00,47.00,0.00,0,119
398.51,1552627933,8629.00,51.45547753,7.42239510,157.16,36.14,0.00,342.36,0,-76.00,-8.00,0.00,0.00,61.00,0.00,0,70
398.51,1552627933,8629.00,51.45547753,7.42239510,157.16,36.14,0.00,342.36,0,-78.00,-10.00,0.00,0.00,61.00,0.00,0,230
399.51,1552627934,8665.11,51.45578902,7.42223523,156.58,36.05,0.00,341.61,0,-84.00,-6.00,0.00,0.00,48.00,0.00,0,40
399.51,1552627934,8665.11,51.45578902,7.42223523,156.58,36.05,0.00,341.61,0,-87.00,-8.00,0.00,0.00,47.00,0.00,0,119
399.51,1552627934,8665.11,51.45578902,7.42223523,156.58,36.05,0.00,341.61,0,-76.00,-8.00,0.00,0.00,61.00,0.00,0,70
399.51,1552627934,8665.14,51.45578902,7.42223523,156.58,36.05,0.00,341.61,0,-78.00,-10.00,0.00,0.00,61.00,0.00,0,230
400.51,1552627935,8701.08,51.45609546,7.42206633,156.23,35.97,0.00,340.87,0,-89.00,-9.00,0.00,0.00,46.00,0.00,0,40
401.51,1552627936,8737.05,51.45640174,7.42189759,156.04,36.05,0.00,339.89,0,-89.00,-9.00,0.00,0.00,46.00,0.00,0,40
402.51,1552627937,8773.14,51.45669977,7.42171288,155.90,36.09,0.00,338.72,0,-87.00,-8.00,0.00,0.00,47.00,0.00,0,40
403.51,1552627938,8809.23,51.45699977,7.42152762,155.69,35.95,0.00,337.76,0,-87.00,-8.00,0.00,0.00,47.00,0.00,0,40
404.51,1552627939,8845.18,51.45729677,7.42132249,155.53,36.10,0.00,336.49,0,-88.00,-9.00,0.00,0.00,47.00,0.00,0,40
405.51,1552627940,8881.28,51.45758901,7.42110832,155.36,36.18,0.00,335.34,0,-88.00,-9.00,0.00,0.00,47.00,0.00,0,40
410.51,1552627945,9062.61,51.45903212,7.41993358,153.71,36.66,0.00,331.06,0,-89.00,-13.00,0.00,0.00,49.00,0.00,0,39
411.51,1552627946,9099.27,51.45930993,7.41967025,153.57,36.79,0.00,329.58,0,-89.00,-13.00,0.00,0.00,49.00,0.00,0,39
412.51,1552627947,9136.05,51.45959530,7.41939918,153.86,37.33,0.00,329.58,0,-90.00,-12.00,0.00,0.00,49.00,0.00,0,39
412.51,1552627947,9136.05,51.45959530,7.41939918,153.86,37.33,0.00,329.58,0,-95.00,-11.00,0.00,0.00,42.00,0.00,0,93
413.51,1552627948,9173.38,51.45988430,7.41912441,154.08,37.16,0.00,329.62,0,-90.00,-12.00,0.00,0.00,49.00,0.00,0,39
413.51,1552627948,9173.42,51.45988430,7.41912441,154.08,37.16,0.00,329.62,0,-95.00,-11.00,0.00,0.00,42.00,0.00,0,93
414.52,1552627949,9210.83,51.46016037,7.41884193,154.39,36.42,0.00,327.52,0,-87.00,-12.00,0.00,0.00,50.00,0.00,0,39
415.51,1552627950,9246.93,51.46043028,7.41854774,154.81,36.13,0.00,325.66,0,-87.00,-12.00,0.00,0.00,50.00,0.00,0,39
416.51,1552627951,9283.10,51.46069570,7.41824584,154.96,36.14,0.00,324.16,0,-87.00,-12.00,0.00,0.00,50.00,0.00,0,39
419.51,1552627954,9391.71,51.46149161,7.41728306,155.25,36.39,0.00,320.90,0,-91.00,-12.00,0.00,0.00,47.00,0.00,0,39
419.51,1552627954,9391.74,51.46149161,7.41728306,155.25,36.39,0.00,320.90,0,-95.00,-20.00,0.00,0.00,51.00,0.00,0,289
419.51,1552627954,9391.74,51.46149161,7.41728306,155.25,36.39,0.00,320.90,0,-98.00,-15.00,0.00,0.00,44.00,0.00,0,377
420.52,1552627955,9428.24,51.46175336,7.41694534,155.53,36.52,0.00,319.94,0,-91.00,-12.00,0.00,0.00,47.00,0.00,0,39
420.52,1552627955,9428.28,51.46175336,7.41694534,155.53,36.52,0.00,319.94,0,-95.00,-20.00,0.00,0.00,51.00,0.00,0,289
420.52,1552627955,9428.31,51.46175336,7.41694534,155.53,36.52,0.00,319.94,0,-98.00,-15.00,0.00,0.00,44.00,0.00,0,377
421.51,1552627956,9464.58,51.46200348,7.41659732,155.79,36.62,0.00,318.83,0,-83.00,-12.00,0.00,0.00,54.00,0.00,0,93
422.51,1552627957,9501.24,51.46224940,7.41624920,155.95,36.84,0.00,317.93,0,-83.00,-12.00,0.00,0.00,54.00,0.00,0,93
427.51,1552627962,9681.90,51.46336697,7.41441308,154.82,36.12,0.00,311.34,0,-93.00,-11.00,0.00,0.00,43.00,0.00,0,119
428.51,1552627963,9718.10,51.46358510,7.41401805,154.40,36.23,0.00,310.78,0,-93.00,-11.00,0.00,0.00,43.00,0.00,0,119
429.51,1552627964,9754.25,51.46379712,7.41364006,153.64,36.43,0.00,310.77,0,-90.00,-12.00,0.00,0.00,52.00,0.00,0,230
430.51,1552627965,9790.76,51.46401699,7.41323813,152.95,36.64,0.00,310.56,0,-90.00,-12.00,0.00,0.00,52.00,0.00,0,230
431.51,1552627966,9827.33,51.46423246,7.41282286,152.52,36.94,0.00,309.90,0,-98.00,-9.00,0.00,0.00,36.00,0.00,0,93
431.51,1552627966,9827.37,51.46423246,7.41282286,152.52,36.94,0.00,309.90,0,-86.00,-8.00,0.00,0.00,50.00,0.00,0,132
432.51,1552627967,9864.27,51.46444620,7.41241381,152.28,37.02,0.00,309.08,0,-98.00,-9.00,0.00,0.00,36.00,0.00,0,93
432.51,1552627967,9864.30,51.46444620,7.41241381,152.28,37.02,0.00,309.08,0,-86.00,-8.00,0.00,0.00,50.00,0.00,0,132
433.51,1552627968,9901.32,51.46465367,7.41200348,152.18,36.98,0.00,308.65,0,-99.00,-7.00,0.00,0.00,34.00,0.00,0,93
433.51,1552627968,9901.36,51.46465367,7.41200348,152.18,36.98,0.00,308.65,0,-104.00,-11.00,0.00,0.00,32.00,0.00,0,120
433.51,1552627968,9901.36,51.46465367,7.41200348,152.18,36.98,0.00,308.65,0,-105.00,-12.00,0.00,0.00,32.00,0.00,0,119
433.51,1552627968,9901.36,51.46465367,7.41200348,152.18,36.98,0.00,308.65,0,-94.00,-11.00,0.00,0.00,46.00,0.00,0,431
433.51,1552627968,9901.36,51.46465367,7.41200348,152.18,36.98,0.00,308.65,0,-96.00,-12.00,0.00,0.00,43.00,0.00,0,376
434.51,1552627969,9938.34,51.46486123,7.41159546,151.92,36.98,0.00,308.24,0,-99.00,-7.00,0.00,0.00,34.00,0.00,0,93
434.51,1552627969,9938.34,51.46486123,7.41159546,151.92,36.98,0.00,308.24,0,-104.00,-11.00,0.00,0.00,32.00,0.00,0,120
434.51,1552627969,9938.34,51.46486123,7.41159546,151.92,36.98,0.00,308.24,0,-105.00,-12.00,0.00,0.00,32.00,0.00,0,119
434.51,1552627969,9938.38,51.46486123,7.41159546,151.92,36.98,0.00,308.24,0,-94.00,-11.00,0.00,0.00,46.00,0.00,0,431
434.51,1552627969,9938.38,51.46486123,7.41159546,151.92,36.98,0.00,308.24,0,-96.00,-12.00,0.00,0.00,43.00,0.00,0,376
435.52,1552627970,9975.43,51.46506928,7.41118078,151.86,36.29,0.00,308.22,0,-101.00,-8.00,0.00,0.00,32.00,0.00,0,93
436.51,1552627971,10011.61,51.46527250,7.41077240,152.09,35.76,0.00,308.35,0,-101.00,-8.00,0.00,0.00,32.00,0.00,0,93
437.51,1552627972,10047.38,51.46547457,7.41035462,152.34,35.63,0.00,308.28,0,-101.00,-8.00,0.00,0.00,32.00,0.00,0,93
438.51,1552627973,10082.97,51.46567111,7.40995545,152.82,35.50,0.00,307.94,0,-103.00,-9.00,0.00,0.00,32.00,0.00,0,93
438.51,1552627973,10083.01,51.46567111,7.40995545,152.82,35.50,0.00,307.94,0,-105.00,-9.00,0.00,0.00,31.00,0.00,0,377
438.51,1552627973,10083.01,51.46567111,7.40995545,152.82,35.50,0.00,307.94,0,-95.00,-10.00,0.00,0.00,44.00,0.00,0,132
438.51,1552627973,10083.01,51.46567111,7.40995545,152.82,35.50,0.00,307.94,0,-98.00,-13.00,0.00,0.00,44.00,0.00,0,386
439.51,1552627974,10118.48,51.46587059,7.40955783,153.46,35.61,0.00,308.13,0,-103.00,-9.00,0.00,0.00,32.00,0.00,0,93
439.51,1552627974,10118.48,51.46587059,7.40955783,153.46,35.61,0.00,308.13,0,-105.00,-9.00,0.00,0.00,31.00,0.00,0,377
439.51,1552627974,10118.48,51.46587059,7.40955783,153.46,35.61,0.00,308.13,0,-95.00,-10.00,0.00,0.00,44.00,0.00,0,132
439.51,1552627974,10118.51,51.46587059,7.40955783,153.46,35.61,0.00,308.13,0,-98.00,-13.00,0.00,0.00,44.00,0.00,0,386
442.51,1552627977,10225.96,51.46647754,7.40833382,154.10,36.04,0.00,308.37,0,-94.00,-10.00,0.00,0.00,43.00,0.00,0,377
442.51,1552627977,10226.00,51.46647754,7.40833382,154.10,36.04,0.00,308.37,0,-100.00,-16.00,0.00,0.00,43.00,0.00,0,93
442.51,1552627977,10226.00,51.46647754,7.40833382,154.10,36.04,0.00,308.37,0,-91.00,-14.00,0.00,0.00,54.00,0.00,0,376
442.51,1552627977,10226.00,51.46647754,7.40833382,154.10,36.04,0.00,308.37,0,-97.00,-19.00,0.00,0.00,53.00,0.00,0,431
443.51,1552627978,10262.04,51.46667714,7.40793063,154.35,35.44,0.00,308.64,0,-94.00,-10.00,0.00,0.00,43.00,0.00,0,377
443.51,1552627978,10262.04,51.46667714,7.40793063,154.35,35.44,0.00,308.64,0,-100.00,-16.00,0.00,0.00,43.00,0.00,0,93
443.51,1552627978,10262.04,51.46667714,7.40793063,154.35,35.44,0.00,308.64,0,-91.00,-14.00,0.00,0.00,54.00,0.00,0,376
443.51,1552627978,10262.07,51.46667714,7.40793063,154.35,35.44,0.00,308.64,0,-97.00,-19.00,0.00,0.00,53.00,0.00,0,431
444.51,1552627979,10297.48,51.46686960,7.40754401,154.55,34.37,0.00,308.97,0,-99.00,-12.00,0.00,0.00,38.00,0.00,0,93
444.51,1552627979,10297.48,51.46686960,7.40754401,154.55,34.37,0.00,308.97,0,-103.00,-15.00,0.00,0.00,38.00,0.00,0,458
444.51,1552627979,10297.51,51.46686960,7.40754401,154.55,34.37,0.00,308.97,0,-104.00,-16.00,0.00,0.00,37.00,0.00,0,417
444.51,1552627979,10297.51,51.46686960,7.40754401,154.55,34.37,0.00,308.97,0,-90.00,-11.00,0.00,0.00,51.00,0.00,0,386
444.51,1552627979,10297.51,51.46686960,7.40754401,154.55,34.37,0.00,308.97,0,-94.00,-14.00,0.00,0.00,50.00,0.00,0,57
445.51,1552627980,10331.84,51.46706164,7.40716932,154.62,33.77,0.00,309.11,0,-99.00,-12.00,0.00,0.00,38.00,0.00,0,93
445.51,1552627980,10331.87,51.46706164,7.40716932,154.62,33.77,0.00,309.11,0,-103.00,-15.00,0.00,0.00,38.00,0.00,0,458
445.51,1552627980,10331.87,51.46706164,7.40716932,154.62,33.77,0.00,309.11,0,-104.00,-16.00,0.00,0.00,37.00,0.00,0,417
445.51,1552627980,10331.87,51.46706164,7.40716932,154.62,33.77,0.00,309.11,0,-90.00,-11.00,0.00,0.00,51.00,0.00,0,386
445.51,1552627980,10331.87,51.46706164,7.40716932,154.62,33.77,0.00,309.11,0,-94.00,-14.00,0.00,0.00,50.00,0.00,0,57
446.51,1552627981,10365.61,51.46725116,7.40679892,154.62,33.38,0.00,309.41,0,-90.00,-6.00,0.00,0.00,41.00,0.00,0,93
446.51,1552627981,10365.61,51.46725116,7.40679892,154.62,33.38,0.00,309.41,0,-88.00,-10.00,0.00,0.00,52.00,0.00,0,386
447.51,1552627982,10398.98,51.46744219,7.40642045,154.76,33.30,0.00,309.64,0,-90.00,-6.00,0.00,0.00,41.00,0.00,0,93
447.51,1552627982,10399.02,51.46744219,7.40642045,154.76,33.30,0.00,309.64,0,-88.00,-10.00,0.00,0.00,52.00,0.00,0,386
448.51,1552627983,10432.32,51.46763693,7.40605598,154.90,33.11,0.00,310.15,0,-103.00,-15.00,0.00,0.00,37.00,0.00,0,119
448.51,1552627983,10432.32,51.46763693,7.40605598,154.90,33.11,0.00,310.15,0,-89.00,-8.00,0.00,0.00,49.00,0.00,0,386
448.51,1552627983,10432.32,51.46763693,7.40605598,154.90,33.11,0.00,310.15,0,-93.00,-10.00,0.00,0.00,47.00,0.00,0,69
449.51,1552627984,10465.43,51.46783331,7.40568550,155.25,33.14,0.00,310.59,0,-103.00,-15.00,0.00,0.00,37.00,0.00,0,119
449.51,1552627984,10465.43,51.46783331,7.40568550,155.25,33.14,0.00,310.59,0,-89.00,-8.00,0.00,0.00,49.00,0.00,0,386
449.51,1552627984,10465.43,51.46783331,7.40568550,155.25,33.14,0.00,310.59,0,-93.00,-10.00,0.00,0.00,47.00,0.00,0,69
450.51,1552627985,10498.53,51.46802620,7.40531448,155.76,33.10,0.00,310.70,0,-92.00,-7.00,0.00,0.00,41.00,0.00,0,93
450.51,1552627985,10498.57,51.46802620,7.40531448,155.76,33.10,0.00,310.70,0,-97.00,-12.00,0.00,0.00,40.00,0.00,0,39
450.51,1552627985,10498.57,51.46802620,7.40531448,155.76,33.10,0.00,310.70,0,-98.00,-12.00,0.00,0.00,40.00,0.00,0,119
450.51,1552627985,10498.57,51.46802620,7.40531448,155.76,33.10,0.00,310.70,0,-90.00,-10.00,0.00,0.00,50.00,0.00,0,386
451.51,1552627986,10531.67,51.46822338,7.40496269,156.04,33.25,0.00,311.61,0,-92.00,-7.00,0.00,0.00,41.00,0.00,0,93
451.51,1552627986,10531.67,51.46822338,7.40496269,156.04,33.25,0.00,311.61,0,-97.00,-12.00,0.00,0.00,40.00,0.00,0,39
451.51,1552627986,10531.67,51.46822338,7.40496269,156.04,33.25,0.00,311.61,0,-98.00,-12.00,0.00,0.00,40.00,0.00,0,119
451.51,1552627986,10531.70,51.46822338,7.40496269,156.04,33.25,0.00,311.61,0,-90.00,-10.00,0.00,0.00,50.00,0.00,0,386
452.51,1552627987,10564.92,51.46842462,7.40460552,156.33,33.59,0.00,311.81,0,-101.00,-10.00,0.00,0.00,34.00,0.00,0,39
452.51,1552627987,10564.92,51.46842462,7.40460552,156.33,33.59,0.00,311.81,0,-106.00,-14.00,0.00,0.00,34.00,0.00,0,377
452.51,1552627987,10564.92,51.46842462,7.40460552,156.33,33.59,0.00,311.81,0,-106.00,-14.00,0.00,0.00,34.00,0.00,0,119
453.51,1552627988,10598.48,51.46862463,7.40425104,156.43,33.77,0.00,312.34,0,-101.00,-10.00,0.00,0.00,34.00,0.00,0,39
453.51,1552627988,10598.48,51.46862463,7.40425104,156.43,33.77,0.00,312.34,0,-106.00,-14.00,0.00,0.00,34.00,0.00,0,377
453.51,1552627988,10598.48,51.46862463,7.40425104,156.43,33.77,0.00,312.34,0,-106.00,-14.00,0.00,0.00,34.00,0.00,0,119
454.51,1552627989,10632.25,51.46883179,7.40390066,156.46,33.66,0.00,312.96,0,-102.00,-12.00,0.00,0.00,35.00,0.00,0,74
454.51,1552627989,10632.25,51.46883179,7.40390066,156.46,33.66,0.00,312.96,0,-106.00,-14.00,0.00,0.00,34.00,0.00,0,120
454.51,1552627989,10632.28,51.46883179,7.40390066,156.46,33.66,0.00,312.96,0,-107.00,-16.00,0.00,0.00,34.00,0.00,0,119
455.51,1552627990,10665.98,51.46903962,7.40354893,156.50,33.44,0.00,313.03,0,-102.00,-12.00,0.00,0.00,35.00,0.00,0,74
455.51,1552627990,10666.01,51.46903962,7.40354893,156.50,33.44,0.00,313.03,0,-106.00,-14.00,0.00,0.00,34.00,0.00,0,120
455.51,1552627990,10666.01,51.46903962,7.40354893,156.50,33.44,0.00,313.03,0,-107.00,-16.00,0.00,0.00,34.00,0.00,0,119
456.52,1552627991,10699.55,51.46924881,7.40319563,156.44,33.43,0.00,313.50,0,-105.00,-14.00,0.00,0.00,34.00,0.00,0,417
456.52,1552627991,10699.58,51.46924881,7.40319563,156.44,33.43,0.00,313.50,0,-106.00,-15.00,0.00,0.00,34.00,0.00,0,120
456.52,1552627991,10699.58,51.46924881,7.40319563,156.44,33.43,0.00,313.50,0,-107.00,-16.00,0.00,0.00,34.00,0.00,0,119
456.52,1552627991,10699.58,51.46924881,7.40319563,156.44,33.43,0.00,313.50,0,-100.00,-17.00,0.00,0.00,45.00,0.00,0,386
456.52,1552627991,10699.58,51.46924881,7.40319563,156.44,33.43,0.00,313.50,0,-101.00,-17.00,0.00,0.00,45.00,0.00,0,376
457.51,1552627992,10732.82,51.46945248,7.40284329,156.80,33.20,0.00,313.89,0,-105.00,-14.00,0.00,0.00,34.00,0.00,0,417
457.51,1552627992,10732.82,51.46945248,7.40284329,156.80,33.20,0.00,313.89,0,-106.00,-15.00,0.00,0.00,34.00,0.00,0,120
457.51,1552627992,10732.82,51.46945248,7.40284329,156.80,33.20,0.00,313.89,0,-107.00,-16.00,0.00,0.00,34.00,0.00,0,119
457.51,1552627992,10732.85,51.46945248,7.40284329,156.80,33.20,0.00,313.89,0,-100.00,-17.00,0.00,0.00,45.00,0.00,0,386
457.51,1552627992,10732.85,51.46945248,7.40284329,156.80,33.20,0.00,313.89,0,-101.00,-17.00,0.00,0.00,45.00,0.00,0,376
458.51,1552627993,10766.02,51.46966165,7.40250339,157.46,33.61,0.00,314.57,0,-105.00,-14.00,0.00,0.00,34.00,0.00,0,417
458.51,1552627993,10766.02,51.46966165,7.40250339,157.46,33.61,0.00,314.57,0,-106.00,-15.00,0.00,0.00,34.00,0.00,0,120
458.51,1552627993,10766.06,51.46966165,7.40250339,157.46,33.61,0.00,314.57,0,-107.00,-16.00,0.00,0.00,34.00,0.00,0,119
458.51,1552627993,10766.06,51.46966165,7.40250339,157.46,33.61,0.00,314.57,0,-100.00,-17.00,0.00,0.00,45.00,0.00,0,386
458.51,1552627993,10766.06,51.46966165,7.40250339,157.46,33.61,0.00,314.57,0,-101.00,-17.00,0.00,0.00,45.00,0.00,0,376
459.51,1552627994,10799.64,51.46987593,7.40215754,158.35,33.31,0.00,314.77,0,-106.00,-15.00,0.00,0.00,35.00,0.00,0,146
459.51,1552627994,10799.64,51.46987593,7.40215754,158.35,33.31,0.00,314.77,0,-107.00,-14.00,0.00,0.00,33.00,0.00,0,119
459.51,1552627994,10799.64,51.46987593,7.40215754,158.35,33.31,0.00,314.77,0,-107.00,-15.00,0.00,0.00,34.00,0.00,0,120
459.51,1552627994,10799.67,51.46987593,7.40215754,158.35,33.31,0.00,314.77,0,-102.00,-17.00,0.00,0.00,44.00,0.00,0,386
459.51,1552627994,10799.67,51.46987593,7.40215754,158.35,33.31,0.00,314.77,0,-105.00,-19.00,0.00,0.00,44.00,0.00,0,376
460.51,1552627995,10832.95,51.47008674,7.40182371,159.00,33.05,0.00,315.74,0,-106.00,-15.00,0.00,0.00,35.00,0.00,0,146
460.51,1552627995,10832.95,51.47008674,7.40182371,159.00,33.05,0.00,315.74,0,-107.00,-14.00,0.00,0.00,33.00,0.00,0,119
460.51,1552627995,10832.98,51.47008674,7.40182371,159.00,33.05,0.00,315.74,0,-107.00,-15.00,0.00,0.00,34.00,0.00,0,120
460.51,1552627995,10832.98,51.47008674,7.40182371,159.00,33.05,0.00,315.74,0,-102.00,-17.00,0.00,0.00,44.00,0.00,0,386
460.51,1552627995,10832.98,51.47008674,7.40182371,159.00,33.05,0.00,315.74,0,-105.00,-19.00,0.00,0.00,44.00,0.00,0,376
461.51,1552627996,10865.96,51.47029175,7.40149843,159.43,31.91,0.00,316.18,0,-98.00,-10.00,0.00,0.00,40.00,0.00,0,386
461.51,1552627996,10865.96,51.47029175,7.40149843,159.43,31.91,0.00,316.18,0,-103.00,-14.00,0.00,0.00,40.00,0.00,0,376
462.51,1552627997,10897.88,51.47050032,7.40118651,159.85,31.19,0.00,317.45,0,-98.00,-10.00,0.00,0.00,40.00,0.00,0,386
462.51,1552627997,10897.91,51.47050032,7.40118651,159.85,31.19,0.00,317.45,0,-103.00,-14.00,0.00,0.00,40.00,0.00,0,376
463.51,1552627998,10929.07,51.47071104,7.40088196,160.55,30.47,0.00,318.52,0,-99.00,-9.00,0.00,0.00,39.00,0.00,0,386
463.51,1552627998,10929.07,51.47071104,7.40088196,160.55,30.47,0.00,318.52,0,-105.00,-14.00,0.00,0.00,39.00,0.00,0,137
464.51,1552627999,10959.54,51.47091298,7.40058985,161.36,29.69,0.00,317.96,0,-99.00,-9.00,0.00,0.00,39.00,0.00,0,386
464.51,1552627999,10959.54,51.47091298,7.40058985,161.36,29.69,0.00,317.96,0,-105.00,-14.00,0.00,0.00,39.00,0.00,0,137
467.51,1552628002,11046.77,51.47147713,7.39973709,163.73,27.78,0.00,316.79,0,-102.00,-10.00,0.00,0.00,33.00,0.00,0,120
467.51,1552628002,11046.77,51.47147713,7.39973709,163.73,27.78,0.00,316.79,0,-102.00,-10.00,0.00,0.00,37.00,0.00,0,57
467.51,1552628002,11046.77,51.47147713,7.39973709,163.73,27.78,0.00,316.79,0,-108.00,-15.00,0.00,0.00,36.00,0.00,0,431
468.51,1552628003,11074.52,51.47165603,7.39947207,164.51,26.79,0.00,317.97,0,-102.00,-10.00,0.00,0.00,33.00,0.00,0,120
468.51,1552628003,11074.55,51.47165603,7.39947207,164.51,26.79,0.00,317.97,0,-102.00,-10.00,0.00,0.00,37.00,0.00,0,57
468.51,1552628003,11074.55,51.47165603,7.39947207,164.51,26.79,0.00,317.97,0,-108.00,-15.00,0.00,0.00,36.00,0.00,0,431
469.51,1552628004,11101.32,51.47182643,7.39921797,165.15,26.14,0.00,318.50,0,-105.00,-11.00,0.00,0.00,35.00,0.00,0,57
469.51,1552628004,11101.32,51.47182643,7.39921797,165.15,26.14,0.00,318.50,0,-109.00,-15.00,0.00,0.00,35.00,0.00,0,163
470.51,1552628005,11127.46,51.47199463,7.39897087,165.53,25.43,0.00,318.37,0,-105.00,-11.00,0.00,0.00,35.00,0.00,0,57
470.51,1552628005,11127.46,51.47199463,7.39897087,165.53,25.43,0.00,318.37,0,-109.00,-15.00,0.00,0.00,35.00,0.00,0,163
471.51,1552628006,11152.88,51.47215997,7.39872732,165.85,25.02,0.00,318.75,0,-110.00,-14.00,0.00,0.00,34.00,0.00,0,57
472.51,1552628007,11177.87,51.47233104,7.39848648,166.28,24.97,0.00,319.07,0,-110.00,-14.00,0.00,0.00,34.00,0.00,0,57
473.51,1552628008,11202.87,51.47250114,7.39824862,166.86,24.58,0.00,319.52,0,-109.00,-14.00,0.00,0.00,34.00,0.00,0,57
473.51,1552628008,11202.87,51.47250114,7.39824862,166.86,24.58,0.00,319.52,0,-110.00,-15.00,0.00,0.00,35.00,0.00,0,392
474.52,1552628009,11227.54,51.47266598,7.39801827,167.38,24.49,0.00,319.65,0,-109.00,-14.00,0.00,0.00,34.00,0.00,0,57
474.52,1552628009,11227.54,51.47266598,7.39801827,167.38,24.49,0.00,319.65,0,-110.00,-15.00,0.00,0.00,35.00,0.00,0,392
475.51,1552628010,11251.94,51.47283132,7.39779409,167.96,24.28,0.00,320.07,0,-104.00,-11.00,0.00,0.00,36.00,0.00,0,392
475.51,1552628010,11251.94,51.47283132,7.39779409,167.96,24.28,0.00,320.07,0,-107.00,-12.00,0.00,0.00,34.00,0.00,0,57
476.51,1552628011,11276.22,51.47300093,7.39756843,168.25,24.18,0.00,320.19,0,-104.00,-11.00,0.00,0.00,36.00,0.00,0,392
476.51,1552628011,11276.24,51.47300093,7.39756843,168.25,24.18,0.00,320.19,0,-107.00,-12.00,0.00,0.00,34.00,0.00,0,57
477.52,1552628012,11300.54,51.47316920,7.39734753,168.38,24.11,0.00,320.45,0,-103.00,-10.00,0.00,0.00,36.00,0.00,0,392
477.52,1552628012,11300.57,51.47316920,7.39734753,168.38,24.11,0.00,320.45,0,-108.00,-14.00,0.00,0.00,34.00,0.00,0,57
478.51,1552628013,11324.51,51.47333903,7.39712391,168.36,24.04,0.00,320.76,0,-103.00,-10.00,0.00,0.00,36.00,0.00,0,392
478.51,1552628013,11324.51,51.47333903,7.39712391,168.36,24.04,0.00,320.76,0,-108.00,-14.00,0.00,0.00,34.00,0.00,0,57
479.51,1552628014,11348.58,51.47350397,7.39690877,168.32,23.94,0.00,321.04,0,-103.00,-10.00,0.00,0.00,36.00,0.00,0,392
479.51,1552628014,11348.60,51.47350397,7.39690877,168.32,23.94,0.00,321.04,0,-108.00,-14.00,0.00,0.00,34.00,0.00,0,57
488.51,1552628023,11565.33,51.47507796,7.39506025,173.35,24.57,0.00,327.66,0,-111.00,-12.00,0.00,0.00,26.00,0.00,0,120
488.51,1552628023,11565.33,51.47507796,7.39506025,173.35,24.57,0.00,327.66,0,-116.00,-14.00,0.00,0.00,23.00,0.00,0,417
488.51,1552628023,11565.33,51.47507796,7.39506025,173.35,24.57,0.00,327.66,0,-115.00,-11.00,0.00,0.00,21.00,0.00,0,312
489.51,1552628024,11589.88,51.47525716,7.39488987,174.40,24.40,0.00,329.86,0,-111.00,-12.00,0.00,0.00,26.00,0.00,0,120
489.51,1552628024,11589.88,51.47525716,7.39488987,174.40,24.40,0.00,329.86,0,-116.00,-14.00,0.00,0.00,23.00,0.00,0,417
489.51,1552628024,11589.90,51.47525716,7.39488987,174.40,24.40,0.00,329.86,0,-115.00,-11.00,0.00,0.00,21.00,0.00,0,312
490.51,1552628025,11614.28,51.47545329,7.39470290,175.56,25.05,0.00,330.01,0,-110.00,-9.00,0.00,0.00,25.00,0.00,0,312
490.51,1552628025,11614.30,51.47545329,7.39470290,175.56,25.05,0.00,330.01,0,-112.00,-18.00,0.00,0.00,32.00,0.00,0,449
490.51,1552628025,11614.30,51.47545329,7.39470290,175.56,25.05,0.00,330.01,0,-113.00,-21.00,0.00,0.00,33.00,0.00,0,186
491.51,1552628026,11639.32,51.47564690,7.39451812,176.47,24.90,0.00,329.84,0,-110.00,-9.00,0.00,0.00,25.00,0.00,0,312
491.51,1552628026,11639.35,51.47564690,7.39451812,176.47,24.90,0.00,329.84,0,-112.00,-18.00,0.00,0.00,32.00,0.00,0,449
491.51,1552628026,11639.35,51.47564690,7.39451812,176.47,24.90,0.00,329.84,0,-113.00,-21.00,0.00,0.00,33.00,0.00,0,186
492.51,1552628027,11664.27,51.47582922,7.39434450,177.08,24.03,0.00,329.72,0,-108.00,-11.00,0.00,0.00,29.00,0.00,0,449
492.51,1552628027,11664.27,51.47582922,7.39434450,177.08,24.03,0.00,329.72,0,-108.00,-8.00,0.00,0.00,26.00,0.00,0,312
492.51,1552628027,11664.29,51.47582922,7.39434450,177.08,24.03,0.00,329.72,0,-111.00,-13.00,0.00,0.00,27.00,0.00,0,378
493.51,1552628028,11688.25,51.47601383,7.39416886,177.60,23.62,0.00,330.71,0,-108.00,-11.00,0.00,0.00,29.00,0.00,0,449
493.51,1552628028,11688.27,51.47601383,7.39416886,177.60,23.62,0.00,330.71,0,-108.00,-8.00,0.00,0.00,26.00,0.00,0,312
493.51,1552628028,11688.27,51.47601383,7.39416886,177.60,23.62,0.00,330.71,0,-111.00,-13.00,0.00,0.00,27.00,0.00,0,378
501.51,1552628036,11866.94,51.47744679,7.39312502,178.18,19.69,0.00,343.76,0,-113.00,-13.00,0.00,0.00,26.00,0.00,0,120
501.51,1552628036,11866.96,51.47744679,7.39312502,178.18,19.69,0.00,343.76,0,-113.00,-12.00,0.00,0.00,25.00,0.00,0,312
501.51,1552628036,11866.96,51.47744679,7.39312502,178.18,19.69,0.00,343.76,0,-113.00,-14.00,0.00,0.00,26.00,0.00,0,378
502.51,1552628037,11886.63,51.47763165,7.39306222,178.24,19.43,0.00,349.51,0,-113.00,-13.00,0.00,0.00,26.00,0.00,0,120
502.51,1552628037,11886.63,51.47763165,7.39306222,178.24,19.43,0.00,349.51,0,-113.00,-12.00,0.00,0.00,25.00,0.00,0,312
502.51,1552628037,11886.65,51.47763165,7.39306222,178.24,19.43,0.00,349.51,0,-113.00,-14.00,0.00,0.00,26.00,0.00,0,378
503.51,1552628038,11906.06,51.47781558,7.39302821,178.26,18.56,0.00,355.88,0,-110.00,-11.00,0.00,0.00,28.00,0.00,0,120
503.51,1552628038,11906.06,51.47781558,7.39302821,178.26,18.56,0.00,355.88,0,-111.00,-13.00,0.00,0.00,28.00,0.00,0,378
503.51,1552628038,11906.08,51.47781558,7.39302821,178.26,18.56,0.00,355.88,0,-114.00,-12.00,0.00,0.00,24.00,0.00,0,312
504.51,1552628039,11924.64,51.47798435,7.39302003,178.36,18.79,0.00,358.53,0,-110.00,-11.00,0.00,0.00,28.00,0.00,0,120
504.51,1552628039,11924.64,51.47798435,7.39302003,178.36,18.79,0.00,358.53,0,-111.00,-13.00,0.00,0.00,28.00,0.00,0,378
504.51,1552628039,11924.64,51.47798435,7.39302003,178.36,18.79,0.00,358.53,0,-114.00,-12.00,0.00,0.00,24.00,0.00,0,312
505.51,1552628040,11943.39,51.47815313,7.39302854,178.38,18.44,0.00,2.27,0,-105.00,-9.00,0.00,0.00,30.00,0.00,0,120
506.51,1552628041,11961.83,51.47832160,7.39310790,178.25,18.41,0.00,16.40,0,-105.00,-9.00,0.00,0.00,30.00,0.00,0,120
538.51,1552628073,12446.23,51.48140787,7.39655927,185.57,15.50,0.00,59.48,0,-86.00,-12.00,0.00,0.00,55.00,0.00,0,52
538.51,1552628073,12446.23,51.48140787,7.39655927,185.57,15.50,0.00,59.48,0,-87.00,-12.00,0.00,0.00,54.00,0.00,0,431
539.51,1552628074,12461.73,51.48148062,7.39674818,185.57,15.12,0.00,58.75,0,-86.00,-12.00,0.00,0.00,55.00,0.00,0,52
539.51,1552628074,12461.73,51.48148062,7.39674818,185.57,15.12,0.00,58.75,0,-87.00,-12.00,0.00,0.00,54.00,0.00,0,431
540.52,1552628075,12476.92,51.48154948,7.39692696,185.53,14.69,0.00,58.30,0,-90.00,-13.00,0.00,0.00,52.00,0.00,0,52
541.51,1552628076,12491.54,51.48161914,7.39710191,185.41,14.35,0.00,57.63,0,-90.00,-13.00,0.00,0.00,52.00,0.00,0,52
542.51,1552628077,12505.90,51.48168858,7.39726878,185.33,13.88,0.00,56.99,0,-90.00,-13.00,0.00,0.00,52.00,0.00,0,52
543.51,1552628078,12519.79,51.48176231,7.39743915,184.91,13.54,0.00,56.21,0,-107.00,-11.00,0.00,0.00,30.00,0.00,0,312
543.51,1552628078,12519.80,51.48176231,7.39743915,184.91,13.54,0.00,56.21,0,-96.00,-12.00,0.00,0.00,46.00,0.00,0,52
543.51,1552628078,12519.80,51.48176231,7.39743915,184.91,13.54,0.00,56.21,0,-99.00,-14.00,0.00,0.00,44.00,0.00,0,163
544.52,1552628079,12533.38,51.48182741,7.39758592,184.46,12.96,0.00,55.54,0,-107.00,-11.00,0.00,0.00,30.00,0.00,0,312
544.52,1552628079,12533.40,51.48182741,7.39758592,184.46,12.96,0.00,55.54,0,-96.00,-12.00,0.00,0.00,46.00,0.00,0,52
544.52,1552628079,12533.41,51.48182741,7.39758592,184.46,12.96,0.00,55.54,0,-99.00,-14.00,0.00,0.00,44.00,0.00,0,163
545.51,1552628080,12546.28,51.48189145,7.39773435,184.46,12.61,0.00,54.50,0,-89.00,-10.00,0.00,0.00,51.00,0.00,0,52
546.51,1552628081,12558.90,51.48195935,7.39788185,184.26,12.19,0.00,53.40,0,-89.00,-10.00,0.00,0.00,51.00,0.00,0,52
547.51,1552628082,12571.10,51.48201658,7.39801082,184.25,11.71,0.00,52.49,0,-104.00,-12.00,0.00,0.00,34.00,0.00,0,448
547.51,1552628082,12571.11,51.48201658,7.39801082,184.25,11.71,0.00,52.49,0,-90.00,-9.00,0.00,0.00,48.00,0.00,0,52
548.51,1552628083,12582.82,51.48208165,7.39814140,184.04,11.24,0.00,51.19,0,-104.00,-12.00,0.00,0.00,34.00,0.00,0,448
548.51,1552628083,12582.82,51.48208165,7.39814140,184.04,11.24,0.00,51.19,0,-90.00,-9.00,0.00,0.00,48.00,0.00,0,52
549.51,1552628084,12594.04,51.48214178,7.39825619,184.30,10.65,0.00,50.15,0,-96.00,-10.00,0.00,0.00,39.00,0.00,0,448
550.51,1552628085,12604.70,51.48220183,7.39836255,184.70,9.69,0.00,48.47,0,-96.00,-10.00,0.00,0.00,39.00,0.00,0,448
551.51,1552628086,12614.41,51.48225902,7.39845267,185.24,7.91,0.00,46.77,0,-95.00,-10.00,0.00,0.00,41.00,0.00,0,448
552.51,1552628087,12622.29,51.48230589,7.39852081,185.82,6.18,0.00,44.96,0,-95.00,-10.00,0.00,0.00,41.00,0.00,0,448
553.51,1552628088,12628.47,51.48234309,7.39857216,185.86,4.09,0.00,44.26,0,-96.00,-10.00,0.00,0.00,40.00,0.00,0,448
554.51,1552628089,12632.56,51.48236524,7.39860047,185.89,1.86,0.00,43.75,0,-96.00,-10.00,0.00,0.00,40.00,0.00,0,448
555.51,1552628090,12634.41,51.48236524,7.39860047,185.90,0.00,0.00,43.75,0,-97.00,-10.00,0.00,0.00,39.00,0.00,0,448
556.51,1552628091,12634.41,51.48236524,7.39860047,185.90,0.00,0.00,43.75,0,-97.00,-10.00,0.00,0.00,39.00,0.00,0,448
557.51,1552628092,12634.41,51.48236524,7.39860047,185.90,0.00,0.00,43.75,0,-101.00,-12.00,0.00,0.00,37.00,0.00,0,448
558.51,1552628093,12634.41,51.48236524,7.39860047,185.90,0.00,0.00,43.75,0,-101.00,-12.00,0.00,0.00,37.00,0.00,0,448
559.51,1552628094,12634.41,51.48236524,7.39860047,185.90,0.00,0.00,43.75,0,-102.00,-13.00,0.00,0.00,37.00,0.00,0,448
560.51,1552628095,12634.41,51.48236524,7.39860047,185.89,0.00,0.00,43.75,0,-102.00,-13.00,0.00,0.00,37.00,0.00,0,448
561.52,1552628096,12634.41,51.48236524,7.39860047,185.89,0.00,0.00,43.75,0,-101.00,-12.00,0.00,0.00,38.00,0.00,0,448
562.51,1552628097,12634.41,51.48236524,7.39860047,185.88,0.00,0.00,43.75,0,-101.00,-12.00,0.00,0.00,38.00,0.00,0,448
563.51,1552628098,12634.41,51.48236524,7.39860047,185.88,0.00,0.00,43.75,0,-101.00,-12.00,0.00,0.00,38.00,0.00,0,448
564.51,1552628099,12634.41,51.48236524,7.39860047,185.87,0.00,0.00,43.75,0,-100.00,-11.00,0.00,0.00,38.00,0.00,0,448
565.51,1552628100,12634.41,51.48236524,7.39860047,185.87,0.00,0.00,43.75,0,-100.00,-11.00,0.00,0.00,38.00,0.00,0,448
566.51,1552628101,12634.41,51.48236524,7.39860047,185.86,0.00,0.00,43.75,0,-99.00,-11.00,0.00,0.00,38.00,0.00,0,448
567.51,1552628102,12634.41,51.48236524,7.39860047,185.86,0.00,0.00,43.75,0,-99.00,-11.00,0.00,0.00,38.00,0.00,0,448
568.51,1552628103,12634.41,51.48236524,7.39860047,185.86,0.00,0.00,43.75,0,-100.00,-11.00,0.00,0.00,38.00,0.00,0,448
569.51,1552628104,12634.41,51.48236524,7.39860047,185.87,0.00,0.00,43.75,0,-100.00,-11.00,0.00,0.00,38.00,0.00,0,448
570.51,1552628105,12634.41,51.48236524,7.39860047,185.87,0.00,0.00,43.75,0,-100.00,-11.00,0.00,0.00,37.00,0.00,0,448
571.51,1552628106,12634.41,51.48236524,7.39860047,185.88,0.00,0.00,43.75,0,-100.00,-11.00,0.00,0.00,37.00,0.00,0,448
572.51,1552628107,12634.41,51.48236524,7.39860047,185.88,0.00,0.00,43.75,0,-100.00,-11.00,0.00,0.00,36.00,0.00,0,448
573.51,1552628108,12634.41,51.48236524,7.39860047,185.89,0.00,0.00,43.75,0,-100.00,-11.00,0.00,0.00,36.00,0.00,0,448
574.51,1552628109,12634.41,51.48236524,7.39860047,185.89,0.00,0.00,43.75,0,-100.00,-10.00,0.00,0.00,36.00,0.00,0,448
575.51,1552628110,12634.41,51.48236524,7.39860047,185.90,0.00,0.00,43.75,0,-100.00,-10.00,0.00,0.00,36.00,0.00,0,448
576.51,1552628111,12634.41,51.48236524,7.39860047,185.90,0.00,0.00,43.75,0,-100.00,-11.00,0.00,0.00,37.00,0.00,0,448
577.51,1552628112,12634.41,51.48236524,7.39860047,185.91,0.00,0.00,43.75,0,-100.00,-11.00,0.00,0.00,37.00,0.00,0,448
578.51,1552628113,12634.41,51.48236524,7.39860047,185.91,0.00,0.00,43.75,0,-100.00,-11.00,0.00,0.00,37.00,0.00,0,448
579.51,1552628114,12634.41,51.48236524,7.39860047,185.92,0.00,0.00,43.75,0,-100.00,-11.00,0.00,0.00,37.00,0.00,0,448
580.51,1552628115,12634.41,51.48236524,7.39860047,185.92,0.00,0.00,43.75,0,-100.00,-11.00,0.00,0.00,37.00,0.00,0,448
581.51,1552628116,12634.41,51.48236524,7.39860047,185.93,0.00,0.00,43.75,0,-100.00,-11.00,0.00,0.00,37.00,0.00,0,448
582.52,1552628117,12634.41,51.48236524,7.39860047,185.94,0.00,0.00,43.75,0,-100.00,-11.00,0.00,0.00,38.00,0.00,0,448
583.51,1552628118,12634.41,51.48236524,7.39860047,185.94,0.00,0.00,43.75,0,-100.00,-11.00,0.00,0.00,38.00,0.00,0,448
584.51,1552628119,12634.41,51.48236524,7.39860047,186.02,0.00,0.00,51.14,0,-100.00,-11.00,0.00,0.00,38.00,0.00,0,448
585.51,1552628120,12634.41,51.48236524,7.39860047,187.04,0.00,0.00,39.96,0,-100.00,-11.00,0.00,0.00,38.00,0.00,0,448
586.51,1552628121,12634.42,51.48246838,7.39873706,187.92,7.84,0.00,39.11,0,-100.00,-11.00,0.00,0.00,38.00,0.00,0,448
587.51,1552628122,12642.27,51.48252658,7.39880696,188.61,9.21,0.00,38.33,0,-100.00,-10.00,0.00,0.00,36.00,0.00,0,448
588.52,1552628123,12651.52,51.48259672,7.39889284,189.17,10.22,0.00,37.36,0,-100.00,-10.00,0.00,0.00,36.00,0.00,0,448
589.51,1552628124,12661.70,51.48266906,7.39897777,189.47,10.83,0.00,36.61,0,-99.00,-9.00,0.00,0.00,36.00,0.00,0,448
590.51,1552628125,12672.51,51.48274829,7.39906726,189.71,10.63,0.00,35.80,0,-99.00,-9.00,0.00,0.00,36.00,0.00,0,448
591.51,1552628126,12683.15,51.48283780,7.39916125,189.94,11.54,0.00,35.28,0,-95.00,-8.00,0.00,0.00,40.00,0.00,0,448
592.51,1552628127,12694.69,51.48293445,7.39926190,189.91,12.43,0.00,34.63,0,-95.00,-8.00,0.00,0.00,40.00,0.00,0,448
593.51,1552628128,12707.12,51.48303341,7.39936109,189.85,13.14,0.00,34.01,0,-99.00,-13.00,0.00,0.00,39.00,0.00,0,449
594.51,1552628129,12720.26,51.48313237,7.39946225,189.86,13.52,0.00,33.34,0,-99.00,-13.00,0.00,0.00,39.00,0.00,0,449
595.51,1552628130,12733.77,51.48323601,7.39956857,189.98,13.74,0.00,33.28,0,-95.00,-12.00,0.00,0.00,42.00,0.00,0,449
596.51,1552628131,12747.52,51.48334157,7.39967728,190.09,14.05,0.00,33.93,0,-95.00,-12.00,0.00,0.00,42.00,0.00,0,449
597.51,1552628132,12761.59,51.48344967,7.39978858,189.83,14.14,0.00,33.85,0,-95.00,-12.00,0.00,0.00,43.00,0.00,0,449
598.51,1552628133,12775.70,51.48355519,7.39989880,189.45,13.86,0.00,34.51,0,-95.00,-12.00,0.00,0.00,43.00,0.00,0,449
599.51,1552628134,12789.55,51.48366213,7.40000714,188.87,13.54,0.00,34.88,0,-96.00,-13.00,0.00,0.00,44.00,0.00,0,449
600.51,1552628135,12803.10,51.48376128,7.40011420,188.46,13.37,0.00,35.47,0,-96.00,-13.00,0.00,0.00,44.00,0.00,0,449
610.51,1552628145,12938.58,51.48471186,7.40137337,187.13,13.72,0.00,42.53,0,-100.00,-9.00,0.00,0.00,35.00,0.00,0,313
611.51,1552628146,12952.30,51.48480027,7.40150607,187.12,14.01,0.00,41.76,0,-100.00,-9.00,0.00,0.00,35.00,0.00,0,313
612.51,1552628147,12966.31,51.48489452,7.40164266,187.00,14.37,0.00,41.53,0,-99.00,-10.00,0.00,0.00,36.00,0.00,0,313
613.51,1552628148,12980.68,51.48498907,7.40178395,186.86,14.71,0.00,41.42,0,-99.00,-10.00,0.00,0.00,36.00,0.00,0,313
614.51,1552628149,12995.39,51.48508510,7.40192610,186.48,14.79,0.00,42.38,0,-98.00,-9.00,0.00,0.00,37.00,0.00,0,313
614.51,1552628149,12995.41,51.48508510,7.40192610,186.48,14.79,0.00,42.38,0,-102.00,-12.00,0.00,0.00,36.00,0.00,0,171
614.51,1552628149,12995.41,51.48508510,7.40192610,186.48,14.79,0.00,42.38,0,-102.00,-14.00,0.00,0.00,36.00,0.00,0,451
615.51,1552628150,13010.20,51.48517686,7.40207354,185.94,14.68,0.00,43.84,0,-98.00,-9.00,0.00,0.00,37.00,0.00,0,313
615.51,1552628150,13010.20,51.48517686,7.40207354,185.94,14.68,0.00,43.84,0,-102.00,-12.00,0.00,0.00,36.00,0.00,0,171
615.51,1552628150,13010.20,51.48517686,7.40207354,185.94,14.68,0.00,43.84,0,-102.00,-14.00,0.00,0.00,36.00,0.00,0,451
616.51,1552628151,13024.86,51.48527001,7.40223225,185.52,14.60,0.00,45.27,0,-98.00,-9.00,0.00,0.00,36.00,0.00,0,313
616.51,1552628151,13024.86,51.48527001,7.40223225,185.52,14.60,0.00,45.27,0,-102.00,-13.00,0.00,0.00,36.00,0.00,0,171
617.51,1552628152,13039.47,51.48535104,7.40238266,185.29,14.01,0.00,46.82,0,-98.00,-9.00,0.00,0.00,36.00,0.00,0,313
617.51,1552628152,13039.48,51.48535104,7.40238266,185.29,14.01,0.00,46.82,0,-102.00,-13.00,0.00,0.00,36.00,0.00,0,171
629.51,1552628164,13168.97,51.48625613,7.40216545,185.25,12.14,0.00,327.85,0,-100.00,-8.00,0.00,0.00,35.00,0.00,0,451
630.51,1552628165,13181.11,51.48635060,7.40208139,185.55,12.56,0.00,330.32,0,-100.00,-8.00,0.00,0.00,35.00,0.00,0,451
631.51,1552628166,13193.69,51.48645902,7.40199605,185.89,13.04,0.00,332.53,0,-98.00,-9.00,0.00,0.00,37.00,0.00,0,451
631.51,1552628166,13193.69,51.48645902,7.40199605,185.89,13.04,0.00,332.53,0,-101.00,-11.00,0.00,0.00,36.00,0.00,0,313
632.51,1552628167,13206.72,51.48657837,7.40191336,186.21,13.53,0.00,335.16,0,-98.00,-9.00,0.00,0.00,37.00,0.00,0,451
632.51,1552628167,13206.72,51.48657837,7.40191336,186.21,13.53,0.00,335.16,0,-101.00,-11.00,0.00,0.00,36.00,0.00,0,313
633.51,1552628168,13220.24,51.48669860,7.40184616,186.42,13.95,0.00,337.89,0,-100.00,-10.00,0.00,0.00,36.00,0.00,0,313
633.51,1552628168,13220.24,51.48669860,7.40184616,186.42,13.95,0.00,337.89,0,-98.00,-9.00,0.00,0.00,37.00,0.00,0,451
634.51,1552628169,13234.18,51.48682038,7.40178618,186.38,13.98,0.00,340.41,0,-100.00,-10.00,0.00,0.00,36.00,0.00,0,313
634.51,1552628169,13234.18,51.48682038,7.40178618,186.38,13.98,0.00,340.41,0,-98.00,-9.00,0.00,0.00,37.00,0.00,0,451
635.51,1552628170,13248.18,51.48694113,7.40174309,186.01,13.82,0.00,343.32,0,-98.00,-9.00,0.00,0.00,38.00,0.00,0,313
635.51,1552628170,13248.18,51.48694113,7.40174309,186.01,13.82,0.00,343.32,0,-99.00,-11.00,0.00,0.00,38.00,0.00,0,451
635.51,1552628170,13248.18,51.48694113,7.40174309,186.01,13.82,0.00,343.32,0,-103.00,-12.00,0.00,0.00,36.00,0.00,0,481
636.51,1552628171,13261.98,51.48706077,7.40170607,185.79,13.53,0.00,345.85,0,-98.00,-9.00,0.00,0.00,38.00,0.00,0,313
636.51,1552628171,13262.00,51.48706077,7.40170607,185.79,13.53,0.00,345.85,0,-99.00,-11.00,0.00,0.00,38.00,0.00,0,451
636.51,1552628171,13262.00,51.48706077,7.40170607,185.79,13.53,0.00,345.85,0,-103.00,-12.00,0.00,0.00,36.00,0.00,0,481
637.51,1552628172,13275.51,51.48718579,7.40167481,185.75,13.58,0.00,348.55,0,-98.00,-12.00,0.00,0.00,40.00,0.00,0,451
638.51,1552628173,13289.10,51.48730808,7.40165724,185.25,13.64,0.00,351.16,0,-98.00,-12.00,0.00,0.00,40.00,0.00,0,451
639.51,1552628174,13302.73,51.48743661,7.40164683,184.76,13.61,0.00,353.58,0,-96.00,-10.00,0.00,0.00,41.00,0.00,0,451
640.51,1552628175,13316.36,51.48755973,7.40164347,184.47,13.49,0.00,355.78,0,-96.00,-10.00,0.00,0.00,41.00,0.00,0,451
643.51,1552628178,13356.89,51.48792013,7.40166339,182.85,13.52,0.00,359.11,0,-93.00,-10.00,0.00,0.00,43.00,0.00,0,451
644.51,1552628179,13370.42,51.48804278,7.40167866,182.24,13.34,0.00,359.67,0,-93.00,-10.00,0.00,0.00,43.00,0.00,0,451
645.52,1552628180,13383.83,51.48815798,7.40169379,182.00,13.33,0.00,0.51,0,-89.00,-8.00,0.00,0.00,45.00,0.00,0,451
646.51,1552628181,13397.09,51.48828051,7.40170691,181.62,13.41,0.00,1.08,0,-89.00,-8.00,0.00,0.00,45.00,0.00,0,451
647.51,1552628182,13410.50,51.48840496,7.40172041,180.99,13.52,0.00,0.63,0,-89.00,-8.00,0.00,0.00,45.00,0.00,0,451
654.51,1552628189,13492.35,51.48910629,7.40176422,176.19,6.79,0.00,0.88,0,-89.00,-11.00,0.00,0.00,48.00,0.00,0,450
655.51,1552628190,13499.14,51.48916372,7.40176619,175.89,6.14,0.00,1.00,0,-89.00,-11.00,0.00,0.00,48.00,0.00,0,450
656.51,1552628191,13505.29,51.48921858,7.40176894,175.75,5.92,0.00,0.58,0,-91.00,-15.00,0.00,0.00,51.00,0.00,0,450
657.51,1552628192,13511.20,51.48928012,7.40176867,175.66,6.61,0.00,0.12,0,-91.00,-15.00,0.00,0.00,51.00,0.00,0,450
658.51,1552628193,13517.82,51.48933630,7.40179000,175.81,6.60,0.00,15.83,0,-87.00,-9.00,0.00,0.00,48.00,0.00,0,450
659.51,1552628194,13524.42,51.48937811,7.40184691,175.63,6.63,0.00,43.93,0,-87.00,-9.00,0.00,0.00,48.00,0.00,0,450
660.51,1552628195,13531.06,51.48939792,7.40193210,175.36,7.57,0.00,71.80,0,-84.00,-7.00,0.00,0.00,49.00,0.00,0,450
661.51,1552628196,13538.62,51.48940204,7.40203578,175.06,8.76,0.00,87.48,0,-84.00,-7.00,0.00,0.00,49.00,0.00,0,450
662.51,1552628197,13547.39,51.48940834,7.40216845,174.58,9.84,0.00,88.39,0,-83.00,-8.00,0.00,0.00,50.00,0.00,0,450
663.51,1552628198,13557.25,51.48941005,7.40232607,174.18,10.93,0.00,88.98,0,-83.00,-8.00,0.00,0.00,50.00,0.00,0,450
664.51,1552628199,13568.18,51.48940882,7.40249262,173.94,11.73,0.00,89.55,0,-88.00,-8.00,0.00,0.00,46.00,0.00,0,450
665.51,1552628200,13579.91,51.48940579,7.40267459,173.85,12.57,0.00,90.03,0,-88.00,-8.00,0.00,0.00,46.00,0.00,0,450
683.51,1552628218,13826.76,51.48946646,7.40624829,176.16,14.00,0.00,80.88,0,-107.00,-19.00,0.00,0.00,41.00,0.00,0,377
684.51,1552628219,13840.77,51.48949264,7.40644082,176.94,14.09,0.00,79.80,0,-107.00,-19.00,0.00,0.00,41.00,0.00,0,377
685.51,1552628220,13854.86,51.48952272,7.40664818,177.65,14.31,0.00,79.14,0,-118.00,-20.00,0.00,0.00,28.00,0.00,0,159
685.51,1552628220,13854.87,51.48952272,7.40664818,177.65,14.31,0.00,79.14,0,-110.00,-19.00,0.00,0.00,37.00,0.00,0,377
685.51,1552628220,13854.87,51.48952272,7.40664818,177.65,14.31,0.00,79.14,0,-119.00,-19.00,0.00,0.00,26.00,0.00,0,59
686.51,1552628221,13869.17,51.48955271,7.40684868,178.32,14.40,0.00,78.66,0,-118.00,-20.00,0.00,0.00,28.00,0.00,0,159
686.51,1552628221,13869.17,51.48955271,7.40684868,178.32,14.40,0.00,78.66,0,-110.00,-19.00,0.00,0.00,37.00,0.00,0,377
686.51,1552628221,13869.17,51.48955271,7.40684868,178.32,14.40,0.00,78.66,0,-119.00,-19.00,0.00,0.00,26.00,0.00,0,59
687.52,1552628222,13883.64,51.48958149,7.40704694,178.70,14.56,0.00,77.96,0,-119.00,-19.00,0.00,0.00,26.00,0.00,0,59
687.52,1552628222,13883.66,51.48958149,7.40704694,178.70,14.56,0.00,77.96,0,-119.00,-19.00,0.00,0.00,26.00,0.00,0,377
687.52,1552628222,13883.66,51.48958149,7.40704694,178.70,14.56,0.00,77.96,0,-119.00,-20.00,0.00,0.00,27.00,0.00,0,159
688.51,1552628223,13898.14,51.48961492,7.40725914,179.39,14.50,0.00,77.87,0,-119.00,-19.00,0.00,0.00,26.00,0.00,0,59
688.51,1552628223,13898.14,51.48961492,7.40725914,179.39,14.50,0.00,77.87,0,-119.00,-19.00,0.00,0.00,26.00,0.00,0,377
688.51,1552628223,13898.14,51.48961492,7.40725914,179.39,14.50,0.00,77.87,0,-119.00,-20.00,0.00,0.00,27.00,0.00,0,159
689.52,1552628224,13912.69,51.48964359,7.40745902,179.87,14.70,0.00,78.73,0,-119.00,-19.00,0.00,0.00,26.00,0.00,0,59
689.52,1552628224,13912.70,51.48964359,7.40745902,179.87,14.70,0.00,78.73,0,-119.00,-19.00,0.00,0.00,26.00,0.00,0,377
689.52,1552628224,13912.70,51.48964359,7.40745902,179.87,14.70,0.00,78.73,0,-119.00,-20.00,0.00,0.00,27.00,0.00,0,159
690.51,1552628225,13927.33,51.48967135,7.40765792,180.22,14.39,0.00,78.95,0,-119.00,-19.00,0.00,0.00,26.00,0.00,0,59
690.51,1552628225,13927.35,51.48967135,7.40765792,180.22,14.39,0.00,78.95,0,-119.00,-19.00,0.00,0.00,26.00,0.00,0,377
690.51,1552628225,13927.35,51.48967135,7.40765792,180.22,14.39,0.00,78.95,0,-119.00,-20.00,0.00,0.00,27.00,0.00,0,159
691.51,1552628226,13941.69,51.48969801,7.40785074,180.45,13.07,0.00,78.34,0,-119.00,-19.00,0.00,0.00,26.00,0.00,0,59
691.51,1552628226,13941.69,51.48969801,7.40785074,180.45,13.07,0.00,78.34,0,-119.00,-19.00,0.00,0.00,26.00,0.00,0,377
691.51,1552628226,13941.70,51.48969801,7.40785074,180.45,13.07,0.00,78.34,0,-119.00,-20.00,0.00,0.00,27.00,0.00,0,159
692.51,1552628227,13954.80,51.48972400,7.40804390,180.53,13.63,0.00,78.03,0,-116.00,-12.00,0.00,0.00,29.00,0.00,0,59
692.51,1552628227,13954.80,51.48972400,7.40804390,180.53,13.63,0.00,78.03,0,-120.00,-20.00,0.00,0.00,29.00,0.00,0,377
692.51,1552628227,13954.82,51.48972400,7.40804390,180.53,13.63,0.00,78.03,0,-76.00,-7.00,0.00,0.00,58.00,0.00,0,171
692.51,1552628227,13954.82,51.48972400,7.40804390,180.53,13.63,0.00,78.03,0,-77.00,-9.00,0.00,0.00,57.00,0.00,0,450
692.51,1552628227,13954.82,51.48972400,7.40804390,180.53,13.63,0.00,78.03,0,-90.00,-8.00,0.00,0.00,44.00,0.00,0,52
692.51,1552628227,13954.83,51.48972400,7.40804390,180.53,13.63,0.00,78.03,0,-94.00,-11.00,0.00,0.00,42.00,0.00,0,38
693.51,1552628228,13968.44,51.48975011,7.40824865,180.90,12.12,0.00,77.87,0,-116.00,-12.00,0.00,0.00,29.00,0.00,0,59
693.51,1552628228,13968.44,51.48975011,7.40824865,180.90,12.12,0.00,77.87,0,-120.00,-20.00,0.00,0.00,29.00,0.00,0,377
693.51,1552628228,13968.45,51.48975011,7.40824865,180.90,12.12,0.00,77.87,0,-76.00,-7.00,0.00,0.00,58.00,0.00,0,171
693.51,1552628228,13968.45,51.48975011,7.40824865,180.90,12.12,0.00,77.87,0,-77.00,-9.00,0.00,0.00,57.00,0.00,0,450
693.51,1552628228,13968.45,51.48975011,7.40824865,180.90,12.12,0.00,77.87,0,-90.00,-8.00,0.00,0.00,44.00,0.00,0,52
693.51,1552628228,13968.46,51.48975011,7.40824865,180.90,12.12,0.00,77.87,0,-94.00,-11.00,0.00,0.00,42.00,0.00,0,38
694.00,1552628229,13974.33,51.48977530,7.40842902,181.34,12.29,0.00,77.54,0,-123.00,-19.00,0.00,0.00,25.00,0.00,0,377
694.00,1552628229,13974.33,51.48977530,7.40842902,181.34,12.29,0.00,77.54,0,-124.00,-19.00,0.00,0.00,25.00,0.00,0,59
694.00,1552628229,13974.33,51.48977530,7.40842902,181.34,12.29,0.00,77.54,0,-74.00,-6.00,0.00,0.00,58.00,0.00,0,171
694.00,1552628229,13974.33,51.48977530,7.40842902,181.34,12.29,0.00,77.54,0,-82.00,-12.00,0.00,0.00,56.00,0.00,0,450
694.00,1552628229,13974.33,51.48977530,7.40842902,181.34,12.29,0.00,77.54,0,-87.00,-16.00,0.00,0.00,56.00,0.00,0,452
694.00,1552628229,13974.33,51.48977530,7.40842902,181.34,12.29,0.00,77.54,0,-93.00,-10.00,0.00,0.00,42.00,0.00,0,38
694.00,1552628229,13974.34,51.48977530,7.40842902,181.34,12.29,0.00,77.54,0,-94.00,-10.00,0.00,0.00,42.00,0.00,0,34
694.00,1552628229,13974.34,51.48977530,7.40842902,181.34,12.29,0.00,77.54,0,-97.00,-14.00,0.00,0.00,42.00,0.00,0,52
695.00,1552628230,13986.65,51.48980101,7.40860124,181.59,12.14,0.00,76.80,0,-123.00,-19.00,0.00,0.00,25.00,0.00,0,377
695.00,1552628230,13986.65,51.48980101,7.40860124,181.59,12.14,0.00,76.80,0,-124.00,-19.00,0.00,0.00,25.00,0.00,0,59
695.00,1552628230,13986.66,51.48980101,7.40860124,181.59,12.14,0.00,76.80,0,-74.00,-6.00,0.00,0.00,58.00,0.00,0,171
695.00,1552628230,13986.66,51.48980101,7.40860124,181.59,12.14,0.00,76.80,0,-82.00,-12.00,0.00,0.00,56.00,0.00,0,450
695.00,1552628230,13986.66,51.48980101,7.40860124,181.59,12.14,0.00,76.80,0,-87.00,-16.00,0.00,0.00,56.00,0.00,0,452
695.00,1552628230,13986.67,51.48980101,7.40860124,181.59,12.14,0.00,76.80,0,-93.00,-10.00,0.00,0.00,42.00,0.00,0,38
695.00,1552628230,13986.67,51.48980101,7.40860124,181.59,12.14,0.00,76.80,0,-94.00,-10.00,0.00,0.00,42.00,0.00,0,34
695.00,1552628230,13986.67,51.48980101,7.40860124,181.59,12.14,0.00,76.80,0,-97.00,-14.00,0.00,0.00,42.00,0.00,0,52
696.00,1552628231,13998.77,51.48983034,7.40877295,181.71,12.09,0.00,76.32,0,-101.00,-18.00,0.00,0.00,47.00,0.00,0,17
696.00,1552628231,13998.77,51.48983034,7.40877295,181.71,12.09,0.00,76.32,0,-101.00,-18.00,0.00,0.00,47.00,0.00,0,377
696.00,1552628231,13998.77,51.48983034,7.40877295,181.71,12.09,0.00,76.32,0,-102.00,-19.00,0.00,0.00,47.00,0.00,0,59
697.00,1552628232,14010.86,51.48985899,7.40894702,181.88,11.73,0.00,75.99,0,-101.00,-18.00,0.00,0.00,47.00,0.00,0,17
697.00,1552628232,14010.86,51.48985899,7.40894702,181.88,11.73,0.00,75.99,0,-101.00,-18.00,0.00,0.00,47.00,0.00,0,377
697.00,1552628232,14010.87,51.48985899,7.40894702,181.88,11.73,0.00,75.99,0,-102.00,-19.00,0.00,0.00,47.00,0.00,0,59
700.00,1552628235,14046.52,51.48992784,7.40944051,180.79,12.02,0.00,79.96,0,-111.00,-20.00,0.00,0.00,38.00,0.00,0,59
700.00,1552628235,14046.54,51.48992784,7.40944051,180.79,12.02,0.00,79.96,0,-109.00,-18.00,0.00,0.00,39.00,0.00,0,377
701.00,1552628236,14058.56,51.48994513,7.40959774,180.32,12.16,0.00,79.53,0,-111.00,-20.00,0.00,0.00,38.00,0.00,0,59
701.00,1552628236,14058.56,51.48994513,7.40959774,180.32,12.16,0.00,79.53,0,-109.00,-18.00,0.00,0.00,39.00,0.00,0,377
