0.11,1552540790,0.00,51.45008309,7.48827031,249.14,9.26,0.00,162.10,1,-98.00,-11.00,12.00,12.00,45.00,6.00,28371201,66
1.10,1552540791,9.19,51.44999346,7.48830699,248.21,10.31,1.06,163.92,1,-100.00,-10.00,22.00,8.00,41.00,6.00,28371201,66
2.10,1552540792,19.50,51.44990388,7.48834260,247.15,11.11,0.79,165.60,1,-100.00,-10.00,22.00,8.00,41.00,6.00,28371201,66
3.10,1552540793,30.61,51.44979729,7.48837318,246.48,10.98,-0.13,167.51,1,-102.00,-10.00,18.00,12.00,40.00,6.00,28371201,66
4.11,1552540794,41.60,51.44968917,7.48840219,245.72,10.98,0.00,169.71,1,-102.00,-10.00,18.00,12.00,40.00,6.00,28371201,66
5.10,1552540795,52.56,51.44958252,7.48842343,245.02,11.74,0.76,171.67,1,-100.00,-11.00,20.00,10.00,43.00,6.00,28371201,66
6.10,1552540796,64.29,51.44945672,7.48844638,244.71,12.52,0.78,172.98,1,-100.00,-11.00,20.00,10.00,43.00,6.00,28371201,66
7.11,1552540797,76.84,51.44935468,7.48845357,244.61,12.72,0.20,175.21,1,-101.00,-11.00,17.00,11.00,41.00,6.00,28371201,66
8.10,1552540798,89.55,51.44924657,7.48845051,244.71,12.90,0.18,177.47,1,-101.00,-11.00,17.00,11.00,41.00,6.00,28371201,66
9.11,1552540799,102.46,51.44913283,7.48844102,244.98,13.09,0.19,179.43,1,-102.00,-11.00,16.00,7.00,40.00,6.00,28371201,66
10.11,1552540800,115.56,51.44901257,7.48842885,245.31,13.51,0.42,181.60,1,-102.00,-11.00,16.00,7.00,40.00,6.00,28371201,66
11.11,1552540801,129.08,51.44888342,7.48840347,245.68,14.13,0.61,183.82,1,-103.00,-9.00,20.00,10.00,38.00,6.00,28371201,66
12.11,1552540802,143.21,51.44875245,7.48836661,246.31,14.49,0.37,186.65,1,-103.00,-9.00,20.00,10.00,38.00,6.00,28371201,66
13.12,1552540803,157.84,51.44862491,7.48832239,246.83,14.06,-0.43,189.12,1,-103.00,-10.00,6.00,10.00,38.00,6.00,28371201,66
14.11,1552540804,171.76,51.44850680,7.48827868,247.22,13.95,-0.11,190.93,1,-103.00,-10.00,6.00,10.00,38.00,6.00,28371201,66
15.11,1552540805,185.73,51.44838125,7.48822959,247.77,14.09,0.13,191.63,1,-103.00,-10.00,6.00,10.00,38.00,6.00,28371201,66
16.11,1552540806,199.80,51.44824530,7.48816515,248.44,13.85,-0.24,192.42,1,-109.00,-11.00,2.00,8.00,34.00,6.00,28371201,66
17.11,1552540807,213.65,51.44812151,7.48810552,248.97,14.31,0.46,192.84,1,-109.00,-11.00,2.00,8.00,34.00,6.00,28371201,66
18.10,1552540808,227.92,51.44799805,7.48804470,249.38,14.31,0.00,193.45,1,-108.00,-11.00,-2.00,6.00,34.00,9.00,27771909,125
19.10,1552540809,242.22,51.44788435,7.48799027,250.05,14.22,-0.10,192.65,1,-108.00,-11.00,-2.00,6.00,34.00,9.00,27771909,125
20.11,1552540810,256.48,51.44774327,7.48793886,250.55,14.53,0.31,190.50,1,-107.00,-10.00,0.00,8.00,34.00,9.00,27771909,125
21.11,1552540811,271.00,51.44762331,7.48790752,251.26,13.85,-0.68,188.49,1,-107.00,-10.00,0.00,8.00,34.00,9.00,27771909,125
22.11,1552540812,284.88,51.44748723,7.48788462,251.48,14.25,0.39,185.43,1,-106.00,-10.00,2.00,8.00,35.00,9.00,27771909,125
23.11,1552540813,299.13,51.44735486,7.48787786,252.10,14.52,0.27,182.71,1,-106.00,-10.00,2.00,8.00,35.00,9.00,27771909,125
24.11,1552540814,313.63,51.44722592,7.48788476,252.95,14.76,0.23,180.18,1,-104.00,-9.00,22.00,10.00,36.00,9.00,27771909,125
25.11,1552540815,328.39,51.44709794,7.48790698,253.78,15.06,0.30,176.77,1,-104.00,-9.00,22.00,10.00,36.00,9.00,27771909,125
26.11,1552540816,343.44,51.44695824,7.48794195,254.26,15.48,0.42,173.50,1,-104.00,-8.00,19.00,9.00,36.00,9.00,27771909,125
27.11,1552540817,358.92,51.44681788,7.48799278,254.75,15.82,0.34,170.69,1,-104.00,-8.00,19.00,9.00,36.00,9.00,27771909,125
28.11,1552540818,374.73,51.44668230,7.48805618,255.16,15.90,0.08,167.64,1,-105.00,-10.00,18.00,8.00,36.00,9.00,27771909,125
29.11,1552540819,390.62,51.44655001,7.48813197,255.27,16.08,0.18,164.24,1,-105.00,-10.00,18.00,8.00,36.00,9.00,27771909,125
30.11,1552540820,406.71,51.44641669,7.48822072,255.22,16.46,0.39,160.62,1,-106.00,-11.00,2.00,8.00,37.00,9.00,27771909,125
31.11,1552540821,423.18,51.44627516,7.48833954,255.12,16.61,0.14,157.09,1,-106.00,-11.00,2.00,8.00,37.00,9.00,27771909,125
32.11,1552540822,439.78,51.44614103,7.48847316,255.11,16.12,-0.49,153.11,1,-108.00,-12.00,3.00,9.00,33.00,9.00,27771909,125
33.11,1552540823,455.92,51.44602034,7.48861593,255.20,16.18,0.06,149.44,1,-108.00,-12.00,3.00,9.00,33.00,9.00,27771909,125
34.12,1552540824,472.26,51.44590988,7.48876859,255.29,15.99,-0.19,145.40,1,-102.00,-9.00,4.00,8.00,38.00,9.00,27771909,125
35.11,1552540825,488.07,51.44580434,7.48893130,256.12,15.94,-0.04,141.46,1,-102.00,-9.00,4.00,8.00,38.00,9.00,27771909,125
36.11,1552540826,504.02,51.44570910,7.48910358,257.29,16.10,0.15,137.77,1,-102.00,-9.00,4.00,8.00,38.00,9.00,27771909,125
37.11,1552540827,520.11,51.44561263,7.48929171,258.88,16.44,0.34,134.98,1,-104.00,-9.00,-1.00,5.00,36.00,9.00,27771909,125
38.11,1552540828,536.57,51.44550844,7.48949807,260.56,16.38,-0.06,132.17,1,-104.00,-9.00,-1.00,5.00,36.00,9.00,27771909,125
39.11,1552540829,552.95,51.44542334,7.48969392,262.21,15.83,-0.55,130.36,1,-105.00,-9.00,-2.00,5.00,36.00,9.00,27771909,125
40.11,1552540830,568.77,51.44534589,7.48987546,263.77,15.22,-0.61,129.50,1,-105.00,-9.00,-2.00,5.00,36.00,9.00,27771909,125
41.11,1552540831,583.99,51.44527051,7.49005606,265.35,14.66,-0.56,128.64,1,-103.00,-10.00,0.00,6.00,38.00,13.00,28371201,66
42.11,1552540832,598.65,51.44519333,7.49023365,266.87,14.66,0.00,128.49,1,-103.00,-10.00,0.00,6.00,38.00,13.00,28371201,66
43.11,1552540833,613.31,51.44512052,7.49040486,267.88,14.42,-0.24,127.83,1,-105.00,-9.00,6.00,7.00,35.00,13.00,28371201,66
44.11,1552540834,627.73,51.44504880,7.49057454,268.87,13.73,-0.69,127.00,1,-105.00,-9.00,6.00,7.00,35.00,13.00,28371201,66
45.11,1552540835,641.46,51.44498270,7.49073673,269.45,13.72,-0.01,126.65,1,-108.00,-10.00,4.00,9.00,33.00,13.00,28371201,66
46.11,1552540836,655.17,51.44490884,7.49090236,270.14,14.00,0.28,126.30,1,-108.00,-10.00,4.00,9.00,33.00,13.00,28371201,66
47.11,1552540837,669.16,51.44483977,7.49105701,270.63,13.28,-0.72,126.89,1,-109.00,-11.00,3.00,10.00,33.00,13.00,28371201,66
48.11,1552540838,682.43,51.44477459,7.49120424,271.03,11.76,-1.52,127.49,1,-109.00,-11.00,3.00,10.00,33.00,13.00,28371201,66
49.11,1552540839,694.20,51.44472110,7.49132723,271.55,9.56,-2.20,127.36,1,-114.00,-11.00,3.00,5.00,28.00,13.00,28371201,66
50.11,1552540840,703.75,51.44467689,7.49142862,272.19,7.55,-2.01,127.17,1,-114.00,-11.00,3.00,5.00,28.00,13.00,28371201,66
51.10,1552540841,711.30,51.44464041,7.49151204,272.75,5.63,-1.92,127.03,1,-111.00,-10.00,7.00,6.00,31.00,6.00,27771907,124
52.10,1552540842,716.90,51.44461630,7.49156670,272.81,3.84,-1.80,127.68,1,-111.00,-10.00,7.00,6.00,31.00,6.00,27771907,124
53.10,1552540843,720.76,51.44460053,7.49160167,272.90,1.51,-2.32,126.60,1,-110.00,-9.00,4.00,6.00,30.00,6.00,27771907,124
54.11,1552540844,722.27,51.44460053,7.49160167,272.91,0.00,-1.51,126.60,1,-110.00,-9.00,4.00,6.00,30.00,6.00,27771907,124
55.11,1552540845,722.27,51.44460053,7.49160167,272.92,0.00,0.00,126.60,1,-106.00,-6.00,9.00,11.00,32.00,6.00,27771907,124
56.10,1552540846,722.27,51.44460053,7.49160167,272.92,0.00,0.00,126.60,1,-106.00,-6.00,9.00,11.00,32.00,6.00,27771907,124
57.10,1552540847,722.27,51.44460053,7.49160167,272.93,0.00,0.00,126.60,1,-106.00,-6.00,9.00,11.00,32.00,6.00,27771907,124
58.10,1552540848,722.27,51.44460053,7.49160167,272.92,0.00,0.00,126.60,1,-109.00,-7.00,7.00,9.00,31.00,6.00,27771907,124
59.10,1552540849,722.27,51.44460053,7.49160167,272.92,0.00,0.00,126.60,1,-109.00,-7.00,7.00,9.00,31.00,6.00,27771907,124
60.10,1552540850,722.27,51.44460053,7.49160167,272.91,0.00,0.00,126.60,1,-107.00,-7.00,7.00,10.00,31.00,6.00,27771907,124
61.10,1552540851,722.27,51.44460053,7.49160167,272.91,0.00,0.00,126.60,1,-107.00,-7.00,7.00,10.00,31.00,6.00,27771907,124
62.11,1552540852,722.27,51.44460053,7.49160167,272.90,0.00,0.00,126.60,1,-108.00,-8.00,5.00,6.00,32.00,6.00,27771907,124
63.11,1552540853,722.27,51.44460053,7.49160167,272.90,0.00,0.00,126.60,1,-108.00,-8.00,5.00,6.00,32.00,6.00,27771907,124
64.10,1552540854,722.27,51.44460053,7.49160167,272.90,0.00,0.00,126.60,1,-108.00,-7.00,4.00,7.00,32.00,6.00,27771907,124
65.10,1552540855,722.27,51.44460053,7.49160167,272.90,0.00,0.00,126.60,1,-108.00,-7.00,4.00,7.00,32.00,6.00,27771907,124
66.10,1552540856,722.27,51.44460053,7.49160167,272.91,0.00,0.00,126.60,1,-110.00,-10.00,2.00,5.00,32.00,6.00,27771907,124
67.10,1552540857,722.27,51.44460053,7.49160167,272.91,0.00,0.00,126.60,1,-110.00,-10.00,2.00,5.00,32.00,6.00,27771907,124
68.10,1552540858,722.27,51.44460053,7.49160167,272.91,0.00,0.00,126.60,1,-109.00,-8.00,2.00,7.00,31.00,6.00,27771907,124
69.11,1552540859,722.27,51.44460053,7.49160167,272.92,0.00,0.00,126.60,1,-109.00,-8.00,2.00,7.00,31.00,6.00,27771907,124
70.10,1552540860,722.27,51.44460053,7.49160167,272.92,0.00,0.00,126.60,1,-108.00,-8.00,6.00,2.00,31.00,6.00,27771907,124
71.10,1552540861,722.27,51.44460053,7.49160167,272.92,0.00,0.00,126.60,1,-108.00,-8.00,6.00,2.00,31.00,6.00,27771907,124
72.10,1552540862,722.27,51.44460053,7.49160167,272.93,0.00,0.00,126.60,1,-108.00,-8.00,6.00,2.00,31.00,6.00,27771907,124
73.10,1552540863,722.27,51.44460053,7.49160167,272.93,0.00,0.00,126.60,1,-108.00,-8.00,6.00,2.00,31.00,6.00,27771907,124
74.10,1552540864,722.27,51.44460053,7.49160167,272.93,0.00,0.00,126.60,1,-108.00,-8.00,7.00,2.00,31.00,6.00,27771907,124
75.10,1552540865,722.27,51.44460053,7.49160167,272.92,0.00,0.00,126.60,1,-108.00,-8.00,7.00,2.00,31.00,6.00,27771907,124
76.11,1552540866,722.27,51.44460053,7.49160167,272.92,0.00,0.00,126.60,1,-108.00,-7.00,5.00,2.00,32.00,6.00,27771907,124
77.10,1552540867,722.27,51.44460053,7.49160167,272.92,0.00,0.00,126.60,1,-108.00,-7.00,5.00,2.00,32.00,6.00,27771907,124
78.10,1552540868,722.27,51.44460053,7.49160167,272.92,0.00,0.00,126.60,1,-108.00,-7.00,5.00,2.00,32.00,6.00,27771907,124
79.10,1552540869,722.27,51.44460053,7.49160167,272.92,0.00,0.00,126.60,1,-108.00,-8.00,5.00,2.00,31.00,6.00,27771907,124
80.10,1552540870,722.27,51.44460053,7.49160167,272.92,0.00,0.00,126.60,1,-108.00,-8.00,5.00,2.00,31.00,6.00,27771907,124
81.10,1552540871,722.27,51.44460049,7.49160179,272.92,0.00,0.00,126.60,1,-109.00,-9.00,9.00,2.00,32.00,6.00,27771907,124
82.10,1552540872,722.27,51.44459564,7.49161762,272.93,0.00,0.00,121.28,1,-109.00,-9.00,9.00,2.00,32.00,6.00,27771907,124
83.10,1552540873,722.27,51.44457854,7.49165624,272.92,0.00,0.00,126.03,1,-109.00,-8.00,8.00,2.00,31.00,6.00,27771907,124
84.10,1552540874,722.27,51.44454760,7.49170574,273.16,2.38,0.00,135.03,1,-109.00,-8.00,8.00,2.00,31.00,6.00,27771907,124
85.10,1552540875,724.65,51.44449593,7.49172813,273.08,3.91,1.52,168.59,1,-108.00,-7.00,13.00,2.00,32.00,6.00,27771907,124
86.10,1552540876,728.55,51.44445329,7.49169523,273.21,5.11,1.20,197.83,1,-108.00,-7.00,13.00,2.00,32.00,6.00,27771907,124
87.10,1552540877,733.66,51.44439150,7.49162692,273.10,6.37,1.26,212.90,1,-106.00,-7.00,10.00,2.00,33.00,6.00,27771907,124
88.10,1552540878,740.03,51.44431339,7.49153708,272.82,10.70,4.33,214.76,1,-106.00,-7.00,10.00,2.00,33.00,6.00,27771907,124
89.10,1552540879,750.72,51.44421950,7.49143689,272.57,11.81,1.11,215.44,1,-101.00,-7.00,11.00,2.00,38.00,6.00,27771907,124
90.10,1552540880,762.54,51.44412798,7.49133107,272.07,13.12,1.31,215.06,1,-101.00,-7.00,11.00,2.00,38.00,6.00,27771907,124
91.10,1552540881,775.65,51.44402665,7.49121827,271.39,13.92,0.80,215.06,1,-95.00,-7.00,16.00,2.00,44.00,6.00,27771907,124
92.10,1552540882,789.54,51.44391960,7.49110197,270.79,13.95,0.03,214.56,1,-95.00,-7.00,16.00,2.00,44.00,6.00,27771907,124
93.10,1552540883,803.47,51.44381420,7.49098265,269.99,13.96,0.02,215.02,1,-75.00,-6.00,25.00,15.00,63.00,5.00,27771907,124
94.10,1552540884,817.45,51.44371063,7.49086233,269.49,14.14,0.18,215.51,1,-75.00,-6.00,25.00,15.00,63.00,5.00,27771907,124
95.10,1552540885,831.63,51.44360911,7.49074386,269.08,14.09,-0.05,215.88,1,-79.00,-6.00,30.00,15.00,58.00,5.00,27771907,124
96.10,1552540886,845.71,51.44350713,7.49062967,268.97,14.13,0.04,216.29,1,-79.00,-6.00,30.00,15.00,58.00,5.00,27771907,124
97.11,1552540887,859.98,51.44340290,7.49051188,268.94,14.04,-0.08,216.28,1,-79.00,-6.00,32.00,15.00,59.00,5.00,27771907,124
98.10,1552540888,873.87,51.44329792,7.49039490,269.14,14.20,0.15,216.40,1,-79.00,-6.00,32.00,15.00,59.00,5.00,27771907,124
99.11,1552540889,888.19,51.44319188,7.49026554,269.50,14.55,0.36,216.40,1,-95.00,-6.00,32.00,15.00,41.00,5.00,27771907,124
100.10,1552540890,902.64,51.44308502,7.49013641,269.93,15.01,0.46,216.55,1,-95.00,-6.00,32.00,15.00,41.00,5.00,27771907,124
101.10,1552540891,917.65,51.44297642,7.49000564,270.46,15.46,0.45,216.59,1,-95.00,-6.00,32.00,15.00,41.00,5.00,27771907,124
102.10,1552540892,933.10,51.44286903,7.48987106,270.83,15.30,-0.17,217.33,1,-89.00,-6.00,24.00,15.00,48.00,5.00,27771907,124
103.10,1552540893,948.41,51.44276411,7.48973669,271.05,15.25,-0.05,216.43,1,-89.00,-6.00,24.00,15.00,48.00,5.00,27771907,124
104.10,1552540894,963.66,51.44265702,7.48960330,271.18,15.12,-0.13,216.93,1,-81.00,-5.00,25.00,15.00,56.00,5.00,27771907,124
105.10,1552540895,978.78,51.44255187,7.48947481,271.17,14.80,-0.32,217.52,1,-81.00,-5.00,25.00,15.00,56.00,5.00,27771907,124
106.10,1552540896,993.59,51.44244320,7.48933899,271.29,14.94,0.14,217.04,1,-70.00,-4.00,27.00,15.00,63.00,5.00,27771907,124
107.10,1552540897,1008.52,51.44233161,7.48920239,271.39,15.14,0.20,218.04,1,-70.00,-4.00,27.00,15.00,63.00,5.00,27771907,124
108.10,1552540898,1023.66,51.44221812,7.48906576,271.45,14.47,-0.67,217.23,1,-70.00,-5.00,25.00,15.00,63.00,5.00,27771907,124
109.10,1552540899,1038.15,51.44210964,7.48893623,271.36,14.75,0.27,218.04,1,-70.00,-5.00,25.00,15.00,63.00,5.00,27771907,124
110.10,1552540900,1052.88,51.44200880,7.48881009,271.19,14.44,-0.30,219.06,1,-80.00,-5.00,19.00,15.00,56.00,5.00,27771907,124
111.10,1552540901,1067.32,51.44190923,7.48867015,271.35,14.52,0.08,220.57,1,-80.00,-5.00,19.00,15.00,56.00,5.00,27771907,124
112.10,1552540902,1081.84,51.44182330,7.48853649,271.89,14.93,0.41,223.51,1,-67.00,-4.00,31.00,15.00,63.00,5.00,27771907,124
113.10,1552540903,1096.78,51.44173023,7.48837907,272.26,15.27,0.34,225.66,1,-67.00,-4.00,31.00,15.00,63.00,5.00,27771907,124
114.10,1552540904,1112.05,51.44163778,7.48821064,272.62,15.24,-0.03,227.23,1,-66.00,-5.00,31.00,15.00,63.00,5.00,27771907,124
115.10,1552540905,1127.29,51.44154244,7.48802312,273.08,15.35,0.11,228.52,1,-66.00,-5.00,31.00,15.00,63.00,5.00,27771907,124
116.10,1552540906,1142.62,51.44145610,7.48785293,273.73,15.37,0.02,229.81,1,-71.00,-5.00,28.00,15.00,63.00,5.00,27771907,124
117.10,1552540907,1158.02,51.44137567,7.48768231,274.36,14.77,-0.60,231.35,1,-71.00,-5.00,28.00,15.00,63.00,5.00,27771907,124
118.10,1552540908,1172.79,51.44128994,7.48750425,274.84,15.28,0.51,231.78,1,-80.00,-6.00,9.00,15.00,58.00,5.00,27771907,124
119.10,1552540909,1188.07,51.44120350,7.48732094,275.06,14.78,-0.51,232.16,1,-80.00,-6.00,9.00,15.00,58.00,5.00,27771907,124
120.11,1552540910,1202.95,51.44112015,7.48714200,275.21,14.95,0.18,232.39,1,-82.00,-6.00,16.00,15.00,56.00,5.00,27771907,124
121.10,1552540911,1217.80,51.44103856,7.48697051,275.32,14.32,-0.64,232.57,1,-82.00,-6.00,16.00,15.00,56.00,5.00,27771907,124
122.10,1552540912,1232.12,51.44096158,7.48680353,275.40,14.36,0.03,232.26,1,-82.00,-6.00,16.00,15.00,56.00,5.00,27771907,124
123.10,1552540913,1246.49,51.44088519,7.48664233,275.73,14.33,-0.02,232.36,1,-87.00,-7.00,22.00,15.00,51.00,5.00,27771907,124
124.10,1552540914,1260.82,51.44081449,7.48648173,275.58,14.17,-0.16,232.88,1,-87.00,-7.00,22.00,15.00,51.00,5.00,27771907,124
125.11,1552540915,1275.01,51.44073954,7.48631927,275.56,14.23,0.06,231.97,1,-86.00,-9.00,14.00,12.00,55.00,5.00,27771907,124
126.10,1552540916,1289.22,51.44067333,7.48617165,275.51,13.28,-0.95,232.30,1,-86.00,-9.00,14.00,12.00,55.00,5.00,27771907,124
127.10,1552540917,1302.50,51.44059355,7.48601135,275.75,13.48,0.21,231.82,1,-81.00,-7.00,4.00,6.00,57.00,1.00,27771908,123
128.11,1552540918,1315.99,51.44051679,7.48584750,276.25,14.06,0.58,232.23,1,-81.00,-7.00,4.00,6.00,57.00,1.00,27771908,123
129.10,1552540919,1330.04,51.44044821,7.48569626,276.57,14.09,0.03,232.62,1,-78.00,-6.00,19.00,15.00,60.00,1.00,27771908,123
130.10,1552540920,1344.13,51.44037090,7.48552994,277.02,14.44,0.36,233.05,1,-78.00,-6.00,19.00,15.00,60.00,1.00,27771908,123
131.10,1552540921,1358.56,51.44029323,7.48537526,277.49,14.27,-0.17,232.98,1,-78.00,-6.00,21.00,15.00,59.00,1.00,27771908,123
132.10,1552540922,1372.83,51.44020909,7.48520302,278.02,14.18,-0.09,233.30,1,-78.00,-6.00,21.00,15.00,59.00,1.00,27771908,123
133.10,1552540923,1387.00,51.44013587,7.48504733,278.75,14.11,-0.08,232.40,1,-75.00,-6.00,27.00,15.00,63.00,1.00,27771908,123
134.10,1552540924,1401.11,51.44005365,7.48488063,279.55,14.30,0.19,232.79,1,-75.00,-6.00,27.00,15.00,63.00,1.00,27771908,123
135.10,1552540925,1415.40,51.43997690,7.48471578,280.29,14.33,0.03,232.33,1,-74.00,-6.00,30.00,15.00,63.00,1.00,27771908,123
136.10,1552540926,1429.75,51.43988914,7.48452799,281.23,14.87,0.54,232.81,1,-74.00,-6.00,30.00,15.00,63.00,1.00,27771908,123
137.10,1552540927,1444.61,51.43980907,7.48435539,281.97,14.65,-0.22,232.14,1,-76.00,-6.00,31.00,15.00,61.00,1.00,27771908,123
138.10,1552540928,1459.26,51.43972894,7.48418094,282.30,15.03,0.38,232.75,1,-76.00,-6.00,31.00,15.00,61.00,1.00,27771908,123
139.10,1552540929,1474.29,51.43965059,7.48401118,282.11,15.11,0.09,233.19,1,-69.00,-5.00,29.00,15.00,63.00,1.00,27771908,123
140.10,1552540930,1489.40,51.43956604,7.48382173,282.01,15.50,0.39,234.03,1,-69.00,-5.00,29.00,15.00,63.00,1.00,27771908,123
141.11,1552540931,1505.02,51.43948641,7.48362785,282.09,15.14,-0.36,235.19,1,-71.00,-5.00,30.00,15.00,63.00,1.00,27771908,123
142.10,1552540932,1520.05,51.43940403,7.48341999,282.14,15.67,0.53,236.18,1,-71.00,-5.00,30.00,15.00,63.00,1.00,27771908,123
143.10,1552540933,1535.72,51.43932763,7.48321125,282.28,15.70,0.03,237.49,1,-71.00,-5.00,30.00,15.00,63.00,1.00,27771908,123
144.10,1552540934,1551.41,51.43925221,7.48300525,282.74,16.35,0.65,238.11,1,-77.00,-5.00,28.00,15.00,60.00,1.00,27771908,123
145.10,1552540935,1567.78,51.43917757,7.48279552,283.19,16.40,0.05,238.53,1,-77.00,-5.00,28.00,15.00,60.00,1.00,27771908,123
146.10,1552540936,1584.16,51.43910294,7.48259417,283.98,16.31,-0.09,239.54,1,-80.00,-5.00,30.00,1.00,56.00,1.00,27771908,123
147.10,1552540937,1600.47,51.43903307,7.48239455,284.58,16.40,0.09,240.28,1,-80.00,-5.00,30.00,1.00,56.00,1.00,27771908,123
148.10,1552540938,1616.87,51.43896003,7.48219028,285.42,16.73,0.33,239.60,1,-88.00,-5.00,25.00,15.00,48.00,1.00,27771908,123
149.10,1552540939,1633.60,51.43888977,7.48199496,285.91,15.63,-1.10,240.39,1,-88.00,-5.00,25.00,15.00,48.00,1.00,27771908,123
150.10,1552540940,1649.23,51.43881806,7.48178929,286.30,15.94,0.31,240.78,1,-91.00,-5.00,20.00,10.00,45.00,1.00,27771908,123
151.10,1552540941,1665.17,51.43874959,7.48158161,287.13,15.95,0.01,240.76,1,-91.00,-5.00,20.00,10.00,45.00,1.00,27771908,123
152.10,1552540942,1681.13,51.43867337,7.48136335,287.91,16.27,0.31,241.36,1,-94.00,-5.00,22.00,15.00,43.00,1.00,27771908,123
153.10,1552540943,1697.40,51.43860431,7.48116105,288.33,16.36,0.09,241.02,1,-94.00,-5.00,22.00,15.00,43.00,1.00,27771908,123
154.10,1552540944,1713.74,51.43854029,7.48097091,288.10,16.24,-0.13,240.37,1,-95.00,-7.00,23.00,13.00,42.00,1.00,27771908,123
155.10,1552540945,1730.00,51.43847387,7.48077522,287.51,16.62,0.38,240.62,1,-95.00,-7.00,23.00,13.00,42.00,1.00,27771908,123
156.10,1552540946,1746.62,51.43840043,7.48056118,287.22,16.88,0.26,241.68,1,-98.00,-5.00,19.00,13.00,39.00,1.00,27771908,123
157.10,1552540947,1763.48,51.43832972,7.48034004,287.04,17.19,0.31,242.40,1,-98.00,-5.00,19.00,13.00,39.00,1.00,27771908,123
158.10,1552540948,1780.68,51.43825939,7.48012093,286.69,16.44,-0.75,241.53,1,-101.00,-5.00,13.00,14.00,34.00,1.00,27771908,123
159.10,1552540949,1797.12,51.43818719,7.47991818,286.40,16.51,0.07,240.53,1,-101.00,-5.00,13.00,14.00,34.00,1.00,27771908,123
160.10,1552540950,1813.63,51.43811097,7.47970201,286.38,16.62,0.11,241.35,1,-107.00,-6.00,14.00,9.00,30.00,1.00,27771908,123
161.10,1552540951,1830.25,51.43803745,7.47948772,286.93,15.64,-0.98,241.10,1,-107.00,-6.00,14.00,9.00,30.00,1.00,27771908,123
162.11,1552540952,1846.00,51.43797491,7.47928437,287.35,15.54,-0.10,241.75,1,-105.00,-7.00,10.00,8.00,33.00,1.00,27771908,123
163.10,1552540953,1861.44,51.43790409,7.47906156,287.14,15.72,0.18,241.41,1,-105.00,-7.00,10.00,8.00,33.00,1.00,27771908,123
164.10,1552540954,1877.16,51.43784011,7.47886067,286.86,14.87,-0.85,240.79,1,-105.00,-7.00,10.00,8.00,33.00,1.00,27771908,123
165.10,1552540955,1892.05,51.43776680,7.47865093,286.76,14.78,-0.09,240.48,1,-105.00,-7.00,10.00,7.00,33.00,1.00,27771908,123
166.10,1552540956,1906.83,51.43770546,7.47847099,286.39,14.71,-0.07,240.44,1,-105.00,-7.00,10.00,7.00,33.00,1.00,27771908,123
167.11,1552540957,1921.56,51.43764068,7.47827380,286.31,14.57,-0.15,240.69,1,-105.00,-7.00,8.00,7.00,34.00,1.00,27771908,123
168.11,1552540958,1936.13,51.43757293,7.47808626,286.38,14.43,-0.13,241.32,1,-105.00,-7.00,8.00,7.00,34.00,1.00,27771908,123
169.11,1552540959,1950.56,51.43750950,7.47789784,286.14,14.01,-0.42,242.08,1,-108.00,-8.00,5.00,9.00,31.00,1.00,27771908,123
170.11,1552540960,1964.57,51.43744431,7.47770491,286.43,13.92,-0.09,241.56,1,-108.00,-8.00,5.00,9.00,31.00,1.00,27771908,123
171.10,1552540961,1978.47,51.43738188,7.47751427,286.72,13.94,0.02,241.15,1,-109.00,-8.00,3.00,8.00,31.00,1.00,27771908,123
172.11,1552540962,1992.43,51.43731849,7.47732628,287.25,14.25,0.31,241.78,1,-109.00,-8.00,3.00,8.00,31.00,1.00,27771908,123
173.10,1552540963,2006.66,51.43726189,7.47714264,287.90,13.82,-0.43,242.98,1,-110.00,-11.00,4.00,2.00,32.00,1.00,27771908,123
174.10,1552540964,2020.48,51.43721317,7.47696646,288.76,13.47,-0.35,245.32,1,-110.00,-11.00,4.00,2.00,32.00,1.00,27771908,123
175.11,1552540965,2033.97,51.43718097,7.47679633,289.27,13.08,-0.38,249.33,1,-110.00,-9.00,8.00,2.00,30.00,1.00,27771908,123
176.11,1552540966,2047.06,51.43717213,7.47660993,289.47,12.60,-0.48,265.44,1,-110.00,-9.00,8.00,2.00,30.00,1.00,27771908,123
177.11,1552540967,2059.66,51.43719120,7.47642562,289.65,11.76,-0.84,280.75,1,-110.00,-9.00,10.00,2.00,30.00,1.00,27771908,123
178.11,1552540968,2071.42,51.43724477,7.47627057,289.91,10.20,-1.56,304.36,1,-110.00,-9.00,10.00,2.00,30.00,1.00,27771908,123
179.10,1552540969,2081.60,51.43732417,7.47617160,290.36,9.56,-0.64,328.31,1,-106.00,-7.00,15.00,2.00,32.00,1.00,27771908,123
180.10,1552540970,2091.17,51.43741432,7.47614225,290.54,8.62,-0.95,357.14,1,-106.00,-7.00,15.00,2.00,32.00,1.00,27771908,123
181.10,1552540971,2099.78,51.43750216,7.47617249,290.30,8.09,-0.52,23.21,1,-101.00,-6.00,25.00,2.00,36.00,1.00,27771908,123
182.10,1552540972,2107.87,51.43757339,7.47625815,290.50,9.70,1.60,46.19,1,-101.00,-6.00,25.00,2.00,36.00,1.00,27771908,123
183.11,1552540973,2117.66,51.43763287,7.47635569,290.70,9.89,0.19,49.15,1,-81.00,-5.00,31.00,14.00,56.00,10.00,27771908,123
184.10,1552540974,2127.47,51.43769901,7.47649345,290.68,10.24,0.36,52.21,1,-81.00,-5.00,31.00,14.00,56.00,10.00,27771908,123
185.10,1552540975,2137.70,51.43777768,7.47665434,290.58,13.14,2.90,53.09,1,-81.00,-5.00,31.00,14.00,56.00,10.00,27771908,123
186.10,1552540976,2150.84,51.43785070,7.47682510,290.38,14.94,1.80,53.55,1,-79.00,-5.00,32.00,15.00,58.00,10.00,27771908,123
187.10,1552540977,2165.78,51.43793142,7.47701128,290.08,16.40,1.46,53.99,1,-79.00,-5.00,32.00,15.00,58.00,10.00,27771908,123
188.10,1552540978,2182.19,51.43802127,7.47721059,289.79,17.66,1.25,54.35,1,-79.00,-5.00,26.00,15.00,57.00,10.00,27771908,123
189.10,1552540979,2199.84,51.43811278,7.47742525,289.56,18.74,1.09,55.25,1,-79.00,-5.00,26.00,15.00,57.00,10.00,27771908,123
190.10,1552540980,2218.59,51.43820771,7.47765814,289.44,19.68,0.94,56.00,1,-79.00,-5.00,31.00,15.00,57.00,10.00,27771908,123
191.10,1552540981,2238.27,51.43830239,7.47789807,289.12,20.45,0.76,56.35,1,-79.00,-5.00,31.00,15.00,57.00,10.00,27771908,123
192.10,1552540982,2258.74,51.43840383,7.47814645,288.98,20.83,0.38,56.84,1,-79.00,-4.00,32.00,15.00,58.00,10.00,27771908,123
193.10,1552540983,2279.56,51.43850465,7.47841232,289.34,21.09,0.27,58.16,1,-79.00,-4.00,32.00,15.00,58.00,10.00,27771908,123
194.10,1552540984,2300.64,51.43860717,7.47868052,289.69,22.12,1.03,58.32,1,-81.00,-4.00,32.00,15.00,55.00,10.00,27771908,123
195.10,1552540985,2322.76,51.43871902,7.47897366,289.87,23.37,1.25,57.79,1,-81.00,-4.00,32.00,15.00,55.00,10.00,27771908,123
196.10,1552540986,2346.13,51.43884229,7.47927372,290.09,23.82,0.45,56.24,1,-87.00,-6.00,31.00,15.00,51.00,10.00,27771908,123
197.10,1552540987,2369.95,51.43897121,7.47957841,290.43,24.45,0.63,54.93,1,-87.00,-6.00,31.00,15.00,51.00,10.00,27771908,123
198.10,1552540988,2394.39,51.43909529,7.47986465,290.44,24.90,0.45,54.30,1,-85.00,-6.00,31.00,15.00,54.00,10.00,27771908,123
199.10,1552540989,2419.29,51.43923049,7.48015385,290.30,24.93,0.04,52.67,1,-85.00,-6.00,31.00,15.00,54.00,10.00,27771908,123
200.10,1552540990,2444.23,51.43936456,7.48043850,289.93,24.99,0.05,53.21,1,-86.00,-6.00,26.00,15.00,52.00,10.00,27771908,123
201.10,1552540991,2469.21,51.43949623,7.48072557,289.45,24.66,-0.33,52.50,1,-86.00,-6.00,26.00,15.00,52.00,10.00,27771908,123
202.10,1552540992,2493.87,51.43962216,7.48099925,288.71,24.04,-0.62,52.15,1,-89.00,-6.00,21.00,14.00,49.00,10.00,27771908,123
203.10,1552540993,2517.88,51.43975021,7.48126532,287.88,23.65,-0.38,51.25,1,-89.00,-6.00,21.00,14.00,49.00,10.00,27771908,123
204.11,1552540994,2541.75,51.43988287,7.48153458,287.21,23.63,-0.02,50.81,1,-88.00,-5.00,27.00,13.00,49.00,10.00,27771908,123
205.10,1552540995,2565.19,51.44002529,7.48179561,286.74,23.59,-0.05,48.31,1,-88.00,-5.00,27.00,13.00,49.00,10.00,27771908,123
206.10,1552540996,2588.78,51.44017676,7.48204596,286.25,23.96,0.37,45.98,1,-88.00,-5.00,27.00,13.00,49.00,10.00,27771908,123
207.10,1552540997,2612.76,51.44033874,7.48229431,286.16,23.94,-0.03,43.73,1,-86.00,-6.00,19.00,15.00,51.00,10.00,27771908,123
208.10,1552540998,2636.65,51.44049723,7.48252768,286.00,23.46,-0.48,42.15,1,-86.00,-6.00,19.00,15.00,51.00,10.00,27771908,123
209.10,1552540999,2660.13,51.44065744,7.48274707,285.77,23.56,0.10,39.87,1,-85.00,-5.00,29.00,15.00,52.00,10.00,27771908,123
210.10,1552541000,2683.69,51.44081560,7.48296431,285.50,23.59,0.03,38.98,1,-85.00,-5.00,29.00,15.00,52.00,10.00,27771908,123
211.10,1552541001,2707.27,51.44097133,7.48317359,285.10,23.33,-0.26,38.88,1,-85.00,-6.00,25.00,15.00,52.00,10.00,27771908,123
212.10,1552541002,2730.60,51.44113783,7.48337439,284.80,23.69,0.37,36.73,1,-85.00,-6.00,25.00,15.00,52.00,10.00,27771908,123
213.10,1552541003,2754.31,51.44130409,7.48356808,284.54,23.76,0.06,35.41,1,-83.00,-5.00,22.00,14.00,53.00,10.00,27771908,123
214.10,1552541004,2778.05,51.44148294,7.48375630,283.70,23.97,0.21,32.68,1,-83.00,-5.00,22.00,14.00,53.00,10.00,27771908,123
215.10,1552541005,2802.02,51.44166160,7.48393665,283.04,24.17,0.20,31.35,1,-84.00,-6.00,10.00,11.00,51.00,10.00,27771908,123
216.10,1552541006,2826.18,51.44184613,7.48411106,282.39,24.37,0.21,29.81,1,-84.00,-6.00,10.00,11.00,51.00,10.00,27771908,123
217.11,1552541007,2850.60,51.44203688,7.48427967,281.47,24.62,0.24,28.02,1,-90.00,-9.00,13.00,8.00,50.00,10.00,27771908,123
218.10,1552541008,2875.20,51.44222926,7.48444986,280.44,24.84,0.22,27.11,1,-90.00,-9.00,13.00,8.00,50.00,10.00,27771908,123
219.10,1552541009,2900.01,51.44242305,7.48461179,279.51,24.85,0.01,26.44,1,-80.00,-6.00,3.00,6.00,56.00,1.00,27771909,125
220.10,1552541010,2924.86,51.44262618,7.48476644,278.80,24.67,-0.18,25.30,1,-80.00,-6.00,3.00,6.00,56.00,1.00,27771909,125
221.11,1552541011,2949.57,51.44282801,7.48491676,278.40,24.65,-0.02,24.38,1,-86.00,-7.00,13.00,14.00,52.00,1.00,27771909,125
222.11,1552541012,2974.22,51.44302196,7.48505558,278.12,24.57,-0.08,23.68,1,-86.00,-7.00,13.00,14.00,52.00,1.00,27771909,125
223.10,1552541013,2998.75,51.44321373,7.48519449,277.79,24.17,-0.40,23.54,1,-72.00,-5.00,31.00,15.00,63.00,1.00,27771909,125
224.10,1552541014,3022.95,51.44340672,7.48533261,277.38,23.58,-0.60,23.13,1,-72.00,-5.00,31.00,15.00,63.00,1.00,27771909,125
225.11,1552541015,3046.66,51.44360011,7.48546731,276.88,22.37,-1.20,22.83,1,-83.00,-5.00,11.00,15.00,54.00,1.00,27771909,125
226.10,1552541016,3068.88,51.44378110,7.48558449,276.29,21.21,-1.17,21.95,1,-83.00,-5.00,11.00,15.00,54.00,1.00,27771909,125
227.10,1552541017,3090.09,51.44395149,7.48569563,275.48,19.67,-1.54,21.54,1,-83.00,-5.00,11.00,15.00,54.00,1.00,27771909,125
228.10,1552541018,3109.76,51.44411172,7.48580052,274.44,18.36,-1.31,21.17,1,-71.00,-5.00,29.00,15.00,63.00,1.00,27771909,125
229.10,1552541019,3128.12,51.44425052,7.48589176,273.53,16.56,-1.80,21.95,1,-71.00,-5.00,29.00,15.00,63.00,1.00,27771909,125
230.10,1552541020,3144.68,51.44438561,7.48599253,272.90,15.46,-1.11,24.98,1,-69.00,-5.00,33.00,15.00,63.00,1.00,27771909,125
231.10,1552541021,3160.14,51.44450248,7.48613142,272.44,14.69,-0.77,38.43,1,-69.00,-5.00,33.00,15.00,63.00,1.00,27771909,125
232.10,1552541022,3174.83,51.44460040,7.48626764,271.77,13.46,-1.23,41.29,1,-73.00,-5.00,33.00,15.00,63.00,1.00,27771909,125
233.10,1552541023,3188.28,51.44466571,7.48642879,271.21,13.03,-0.42,60.11,1,-73.00,-5.00,33.00,15.00,63.00,1.00,27771909,125
234.10,1552541024,3201.32,51.44469879,7.48660105,270.66,12.96,-0.08,74.10,1,-76.00,-5.00,16.00,15.00,62.00,1.00,27771909,125
235.10,1552541025,3214.26,51.44470644,7.48679341,270.13,13.07,0.12,88.67,1,-76.00,-5.00,16.00,15.00,62.00,1.00,27771909,125
236.10,1552541026,3227.34,51.44468368,7.48698562,270.07,13.22,0.15,102.77,1,-82.00,-6.00,24.00,15.00,56.00,1.00,27771909,125
237.10,1552541027,3240.57,51.44463374,7.48716021,269.76,13.13,-0.10,116.18,1,-82.00,-6.00,24.00,15.00,56.00,1.00,27771909,125
238.11,1552541028,3253.72,51.44456080,7.48728455,269.22,13.21,0.08,133.55,1,-82.00,-6.00,24.00,15.00,55.00,1.00,27771909,125
239.10,1552541029,3266.90,51.44446828,7.48739626,268.40,13.28,0.07,147.07,1,-82.00,-6.00,24.00,15.00,55.00,1.00,27771909,125
240.10,1552541030,3280.18,51.44437563,7.48748660,267.99,13.21,-0.07,151.16,1,-69.00,-5.00,32.00,15.00,63.00,1.00,27771909,125
241.10,1552541031,3293.39,51.44425782,7.48751445,267.57,13.17,-0.05,174.24,1,-69.00,-5.00,32.00,15.00,63.00,1.00,27771909,125
242.10,1552541032,3306.50,51.44414251,7.48749091,267.18,13.15,-0.02,188.61,1,-68.00,-6.00,34.00,15.00,63.00,1.00,27771909,125
243.10,1552541033,3319.70,51.44403169,7.48742342,266.82,13.13,-0.01,205.40,1,-68.00,-6.00,34.00,15.00,63.00,1.00,27771909,125
244.10,1552541034,3332.85,51.44393674,7.48730912,266.43,13.56,0.43,219.94,1,-74.00,-5.00,12.00,15.00,63.00,1.00,27771909,125
245.10,1552541035,3346.39,51.44386575,7.48715962,265.93,13.76,0.20,235.04,1,-74.00,-5.00,12.00,15.00,63.00,1.00,27771909,125
246.11,1552541036,3360.26,51.44381514,7.48700366,265.76,13.45,-0.30,248.81,1,-79.00,-6.00,27.00,15.00,59.00,1.00,27771909,125
247.10,1552541037,3373.61,51.44378876,7.48682382,265.74,14.15,0.70,262.82,1,-79.00,-6.00,27.00,15.00,59.00,1.00,27771909,125
248.10,1552541038,3387.77,51.44376705,7.48661285,265.78,14.86,0.70,264.38,1,-79.00,-6.00,27.00,15.00,59.00,1.00,27771909,125
249.11,1552541039,3402.66,51.44375552,7.48639159,266.21,15.87,1.02,265.95,1,-84.00,-7.00,11.00,12.00,54.00,1.00,27771909,125
250.10,1552541040,3418.48,51.44374391,7.48615356,266.52,16.92,1.05,266.60,1,-84.00,-7.00,11.00,12.00,54.00,1.00,27771909,125
251.10,1552541041,3435.40,51.44373442,7.48590396,266.79,17.98,1.06,267.08,1,-82.00,-7.00,12.00,15.00,56.00,1.00,27771909,125
252.10,1552541042,3453.39,51.44372900,7.48563293,266.97,19.33,1.34,268.05,1,-82.00,-7.00,12.00,15.00,56.00,1.00,27771909,125
253.10,1552541043,3472.71,51.44372663,7.48537715,266.78,20.63,1.30,266.76,1,-83.00,-6.00,30.00,14.00,55.00,1.00,27771909,125
254.10,1552541044,3493.34,51.44371066,7.48508554,267.02,19.91,-0.72,264.95,1,-83.00,-6.00,30.00,14.00,55.00,1.00,27771909,125
255.10,1552541045,3513.25,51.44369861,7.48477501,267.55,20.62,0.71,266.05,1,-90.00,-6.00,28.00,15.00,48.00,1.00,27771909,125
256.10,1552541046,3533.87,51.44369847,7.48446313,267.62,21.06,0.44,269.10,1,-90.00,-6.00,28.00,15.00,48.00,1.00,27771909,125
257.10,1552541047,3554.93,51.44370147,7.48414611,267.38,21.53,0.46,269.09,1,-65.00,-5.00,30.00,15.00,63.00,1.00,27771909,125
258.10,1552541048,3576.46,51.44370484,7.48383826,266.80,21.81,0.28,268.71,1,-65.00,-5.00,30.00,15.00,63.00,1.00,27771909,125
259.10,1552541049,3598.27,51.44370639,7.48352044,266.27,22.05,0.25,268.44,1,-69.00,-5.00,28.00,15.00,63.00,1.00,27771909,125
260.10,1552541050,3620.32,51.44370491,7.48319031,265.99,22.64,0.59,268.26,1,-69.00,-5.00,28.00,15.00,63.00,1.00,27771909,125
261.10,1552541051,3642.94,51.44369981,7.48286162,265.76,22.97,0.33,268.07,1,-77.00,-6.00,27.00,15.00,60.00,1.00,27771909,125
262.10,1552541052,3665.94,51.44369403,7.48251994,265.68,23.95,0.97,267.40,1,-77.00,-6.00,27.00,15.00,60.00,1.00,27771909,125
263.10,1552541053,3689.88,51.44368310,7.48216388,265.75,25.08,1.14,266.69,1,-80.00,-5.00,27.00,15.00,56.00,1.00,27771909,125
264.10,1552541054,3714.97,51.44367237,7.48179879,265.71,25.94,0.86,266.62,1,-80.00,-5.00,27.00,15.00,56.00,1.00,27771909,125
265.10,1552541055,3740.93,51.44366152,7.48142335,265.59,26.73,0.79,266.48,1,-85.00,-6.00,26.00,15.00,52.00,1.00,27771909,125
266.10,1552541056,3767.66,51.44364892,7.48102691,265.36,27.72,1.00,265.69,1,-85.00,-6.00,26.00,15.00,52.00,1.00,27771909,125
267.11,1552541057,3795.61,51.44362691,7.48063145,265.11,28.35,0.62,265.12,1,-91.00,-6.00,20.00,11.00,47.00,1.00,27771909,125
268.10,1552541058,3823.70,51.44359756,7.48022510,264.94,28.71,0.36,263.73,1,-91.00,-6.00,20.00,11.00,47.00,1.00,27771909,125
269.10,1552541059,3852.41,51.44356577,7.47981393,264.78,28.87,0.16,263.74,1,-91.00,-6.00,20.00,11.00,47.00,1.00,27771909,125
270.10,1552541060,3881.28,51.44353484,7.47940086,264.64,28.92,0.05,263.52,1,-89.00,-5.00,17.00,11.00,47.00,1.00,27771909,125
271.10,1552541061,3910.19,51.44350131,7.47897546,264.65,29.30,0.38,262.86,1,-89.00,-5.00,17.00,11.00,47.00,1.00,27771909,125
272.10,1552541062,3939.49,51.44346599,7.47854575,264.54,29.68,0.39,263.04,1,-91.00,-6.00,16.00,11.00,46.00,1.00,27771909,125
273.10,1552541063,3969.18,51.44343085,7.47811694,264.41,29.93,0.24,262.99,1,-91.00,-6.00,16.00,11.00,46.00,1.00,27771909,125
274.10,1552541064,3999.10,51.44339096,7.47768824,264.18,30.25,0.32,262.68,1,-86.00,-5.00,22.00,15.00,50.00,1.00,27771909,125
275.10,1552541065,4029.35,51.44335168,7.47725029,263.88,30.76,0.52,262.05,1,-86.00,-5.00,22.00,15.00,50.00,1.00,27771909,125
276.10,1552541066,4060.14,51.44331426,7.47682068,263.43,30.47,-0.30,262.18,1,-93.00,-7.00,13.00,14.00,43.00,1.00,27771909,125
277.10,1552541067,4090.61,51.44327745,7.47639457,262.70,29.99,-0.48,261.74,1,-93.00,-7.00,13.00,14.00,43.00,1.00,27771909,125
278.10,1552541068,4120.60,51.44323617,7.47597526,261.85,29.73,-0.26,261.29,1,-88.00,-7.00,15.00,15.00,46.00,1.00,27771909,125
279.10,1552541069,4150.33,51.44319271,7.47555623,260.83,29.51,-0.22,261.14,1,-88.00,-7.00,15.00,15.00,46.00,1.00,27771909,125
280.10,1552541070,4179.84,51.44314434,7.47514248,259.77,29.08,-0.44,259.90,1,-92.00,-8.00,11.00,12.00,43.00,1.00,27771909,125
281.11,1552541071,4208.94,51.44309782,7.47474734,258.51,28.62,-0.46,259.20,1,-92.00,-8.00,11.00,12.00,43.00,1.00,27771909,125
282.10,1552541072,4237.53,51.44304770,7.47435737,257.22,28.09,-0.53,258.56,1,-105.00,-9.00,-5.00,2.00,36.00,1.00,27771909,125
283.10,1552541073,4265.60,51.44299687,7.47396525,255.93,27.82,-0.28,259.23,1,-105.00,-9.00,-5.00,2.00,36.00,1.00,27771909,125
284.11,1552541074,4293.53,51.44294699,7.47357807,254.60,27.77,-0.05,259.34,1,-104.00,-9.00,12.00,2.00,36.00,1.00,30422273,403
285.11,1552541075,4321.29,51.44289647,7.47318705,253.36,27.92,0.15,258.52,1,-104.00,-9.00,12.00,2.00,36.00,1.00,30422273,403
286.10,1552541076,4349.10,51.44284309,7.47278753,252.17,28.23,0.32,257.66,1,-103.00,-8.00,8.00,2.00,36.00,1.00,30422273,403
287.10,1552541077,4377.33,51.44278825,7.47238650,250.99,28.84,0.61,257.98,1,-103.00,-8.00,8.00,2.00,36.00,1.00,30422273,403
288.11,1552541078,4406.43,51.44273241,7.47197190,249.80,29.55,0.70,258.34,1,-104.00,-7.00,12.00,2.00,35.00,1.00,30422273,403
289.10,1552541079,4435.71,51.44267612,7.47154896,248.65,30.18,0.64,258.77,1,-104.00,-7.00,12.00,2.00,35.00,1.00,30422273,403
290.10,1552541080,4465.89,51.44261924,7.47112043,247.47,30.39,0.20,259.05,1,-104.00,-7.00,12.00,2.00,35.00,1.00,30422273,403
291.10,1552541081,4496.31,51.44256274,7.47069271,246.35,30.37,-0.02,259.03,1,-105.00,-6.00,4.00,2.00,32.00,1.00,30422273,403
292.10,1552541082,4526.68,51.44250670,7.47026213,245.27,30.35,-0.02,258.57,1,-105.00,-6.00,4.00,2.00,32.00,1.00,30422273,403
293.10,1552541083,4557.00,51.44244923,7.46982862,244.43,30.53,0.19,258.49,1,-107.00,-7.00,7.00,2.00,30.00,1.00,30422273,403
294.10,1552541084,4587.53,51.44239147,7.46939157,243.68,30.73,0.20,258.30,1,-107.00,-7.00,7.00,2.00,30.00,1.00,30422273,403
295.11,1552541085,4618.36,51.44233263,7.46894753,243.16,30.90,0.17,258.11,1,-111.00,-10.00,7.00,11.00,30.00,10.00,30422273,403
296.11,1552541086,4649.23,51.44227463,7.46851529,242.90,30.74,-0.16,258.07,1,-111.00,-10.00,7.00,11.00,30.00,10.00,30422273,403
297.11,1552541087,4680.10,51.44221783,7.46808518,242.53,30.75,0.00,258.99,1,-111.00,-9.00,2.00,11.00,29.00,28.00,33527559,403
298.11,1552541088,4710.84,51.44216200,7.46764969,242.16,30.79,0.04,259.04,1,-111.00,-9.00,2.00,11.00,29.00,28.00,33527559,403
299.10,1552541089,4741.45,51.44210783,7.46721609,241.59,30.80,0.02,259.46,1,-99.00,-8.00,0.00,8.00,30.00,28.00,33527559,199
300.11,1552541090,4772.31,51.44205483,7.46678289,240.81,30.87,0.07,259.53,1,-99.00,-8.00,0.00,8.00,30.00,28.00,33527559,199
301.10,1552541091,4803.12,51.44200610,7.46634630,240.02,30.82,-0.05,259.74,1,-98.00,-8.00,21.00,8.00,31.00,28.00,33527559,199
302.10,1552541092,4833.97,51.44195744,7.46590626,239.38,30.80,-0.02,260.26,1,-98.00,-8.00,21.00,8.00,31.00,28.00,33527559,199
303.10,1552541093,4864.78,51.44191002,7.46547029,238.91,30.83,0.03,260.73,1,-97.00,-9.00,2.00,8.00,32.00,28.00,33527559,199
304.10,1552541094,4895.58,51.44186923,7.46503618,238.49,30.61,-0.23,261.06,1,-97.00,-9.00,2.00,8.00,32.00,28.00,33527559,199
305.10,1552541095,4926.21,51.44182906,7.46460544,238.04,30.47,-0.14,261.67,1,-100.00,-10.00,-1.00,8.00,32.00,28.00,33527559,199
306.11,1552541096,4956.71,51.44179363,7.46417210,237.53,30.47,-0.00,262.23,1,-100.00,-10.00,-1.00,8.00,32.00,28.00,33527559,199
307.11,1552541097,4987.18,51.44175681,7.46373113,237.15,30.64,0.17,263.08,1,-101.00,-11.00,1.00,6.00,31.00,28.00,33527559,199
308.11,1552541098,5017.90,51.44172546,7.46328730,236.99,30.76,0.12,263.58,1,-101.00,-11.00,1.00,6.00,31.00,28.00,33527559,199
309.11,1552541099,5048.79,51.44169504,7.46284311,236.86,31.02,0.26,264.05,1,-99.00,-8.00,2.00,7.00,29.00,28.00,33527559,199
310.11,1552541100,5079.59,51.44166882,7.46239316,236.79,31.23,0.21,264.61,1,-99.00,-8.00,2.00,7.00,29.00,28.00,33527559,199
311.10,1552541101,5110.79,51.44164259,7.46194346,236.73,31.53,0.30,265.25,1,-99.00,-8.00,2.00,7.00,29.00,28.00,33527559,199
312.10,1552541102,5142.32,51.44161684,7.46149653,236.49,31.68,0.14,265.44,1,-98.00,-8.00,2.00,7.00,32.00,28.00,33527559,199
313.10,1552541103,5173.96,51.44159831,7.46103957,236.15,31.71,0.04,266.16,1,-98.00,-8.00,2.00,7.00,32.00,28.00,33527559,199
314.10,1552541104,5205.65,51.44157924,7.46057945,236.08,31.67,-0.04,266.55,1,-97.00,-8.00,5.00,9.00,32.00,28.00,33527559,199
315.10,1552541105,5237.35,51.44156195,7.46012213,235.79,32.01,0.34,266.94,1,-97.00,-8.00,5.00,9.00,32.00,28.00,33527559,199
316.10,1552541106,5269.39,51.44155096,7.45965568,235.74,32.30,0.29,267.50,1,-95.00,-7.00,3.00,8.00,32.00,28.00,33527559,199
317.10,1552541107,5301.66,51.44154028,7.45918926,235.70,32.59,0.29,267.89,1,-95.00,-7.00,3.00,8.00,32.00,28.00,33527559,199
318.10,1552541108,5334.25,51.44153596,7.45872617,235.65,32.69,0.10,268.72,1,-96.00,-7.00,10.00,6.00,33.00,28.00,33527559,199
319.10,1552541109,5366.97,51.44153092,7.45825150,235.62,32.94,0.24,269.03,1,-96.00,-7.00,10.00,6.00,33.00,28.00,33527559,199
320.10,1552541110,5399.87,51.44152649,7.45777506,235.54,33.17,0.24,269.48,1,-90.00,-6.00,13.00,13.00,38.00,28.00,33527559,199
321.10,1552541111,5433.05,51.44152832,7.45729892,235.39,33.18,0.01,270.10,1,-90.00,-6.00,13.00,13.00,38.00,28.00,33527559,199
322.10,1552541112,5466.20,51.44153095,7.45682087,235.06,33.16,-0.03,270.32,1,-90.00,-6.00,11.00,9.00,35.00,28.00,33527559,199
323.10,1552541113,5499.39,51.44153386,7.45634474,234.69,33.22,0.07,270.35,1,-90.00,-6.00,11.00,9.00,35.00,28.00,33527559,199
324.11,1552541114,5532.71,51.44153631,7.45587145,234.44,33.05,-0.17,270.81,1,-90.00,-6.00,15.00,2.00,41.00,28.00,33527559,199
325.11,1552541115,5565.76,51.44154643,7.45541064,234.14,32.48,-0.58,271.54,1,-90.00,-6.00,15.00,2.00,41.00,28.00,33527559,199
326.10,1552541116,5598.11,51.44155546,7.45494454,233.88,32.52,0.05,272.31,1,-96.00,-6.00,13.00,2.00,41.00,28.00,33527552,231
327.10,1552541117,5630.67,51.44157102,7.45448740,233.58,32.11,-0.41,272.94,1,-96.00,-6.00,13.00,2.00,41.00,28.00,33527552,231
328.10,1552541118,5662.78,51.44158537,7.45402371,233.54,32.05,-0.06,273.57,1,-90.00,-6.00,16.00,2.00,46.00,28.00,33527552,231
329.10,1552541119,5694.83,51.44160631,7.45356371,233.55,31.41,-0.65,274.31,1,-90.00,-6.00,16.00,2.00,46.00,28.00,33527552,231
330.11,1552541120,5726.49,51.44162698,7.45311577,233.54,30.87,-0.54,275.07,1,-87.00,-6.00,8.00,2.00,49.00,28.00,33527552,231
331.10,1552541121,5757.11,51.44165341,7.45267321,233.32,30.47,-0.40,275.44,1,-87.00,-6.00,8.00,2.00,49.00,28.00,33527552,231
332.10,1552541122,5787.59,51.44167968,7.45223977,233.08,30.06,-0.41,275.59,1,-87.00,-6.00,8.00,2.00,49.00,28.00,33527552,231
333.10,1552541123,5817.68,51.44170545,7.45181480,232.97,30.07,0.01,276.04,1,-83.00,-5.00,14.00,2.00,50.00,28.00,33527552,231
334.10,1552541124,5847.72,51.44173825,7.45138462,232.62,30.14,0.06,276.72,1,-83.00,-5.00,14.00,2.00,50.00,28.00,33527552,231
335.10,1552541125,5877.86,51.44177099,7.45095998,232.16,30.13,-0.00,276.77,1,-81.00,-5.00,23.00,2.00,54.00,28.00,33527552,231
336.10,1552541126,5908.00,51.44180337,7.45052118,232.08,30.38,0.25,277.24,1,-81.00,-5.00,23.00,2.00,54.00,28.00,33527552,231
337.10,1552541127,5938.38,51.44183755,7.45008911,231.96,30.39,0.01,277.63,1,-80.00,-5.00,23.00,2.00,56.00,28.00,33527552,231
338.10,1552541128,5968.74,51.44187910,7.44966025,231.33,30.72,0.33,278.05,1,-80.00,-5.00,23.00,2.00,56.00,28.00,33527552,231
339.10,1552541129,5999.39,51.44192077,7.44921692,231.19,30.99,0.27,278.07,1,-80.00,-5.00,26.00,2.00,57.00,28.00,33527552,231
340.10,1552541130,6030.38,51.44196598,7.44879025,230.74,31.38,0.39,278.96,1,-80.00,-5.00,26.00,2.00,57.00,28.00,33527552,231
341.10,1552541131,6061.73,51.44201843,7.44834479,230.08,31.68,0.30,279.87,1,-80.00,-5.00,27.00,15.00,57.00,11.00,33527552,231
342.10,1552541132,6093.53,51.44207247,7.44789511,229.53,31.98,0.30,280.27,1,-80.00,-5.00,27.00,15.00,57.00,11.00,33527552,231
343.10,1552541133,6125.48,51.44212530,7.44743508,228.75,32.35,0.37,280.74,1,-79.00,-4.00,29.00,14.00,58.00,11.00,33527552,231
344.10,1552541134,6157.86,51.44218235,7.44698483,228.19,32.69,0.34,281.33,1,-79.00,-4.00,29.00,14.00,58.00,11.00,33527552,231
345.10,1552541135,6190.56,51.44224152,7.44652435,227.83,32.99,0.30,281.56,1,-79.00,-5.00,29.00,15.00,58.00,11.00,33527552,231
346.10,1552541136,6223.55,51.44230240,7.44604439,227.65,33.69,0.69,282.14,1,-79.00,-5.00,29.00,15.00,58.00,11.00,33527552,231
347.10,1552541137,6257.24,51.44237065,7.44558688,227.18,33.78,0.10,282.93,1,-69.00,-4.00,32.00,1.00,63.00,11.00,33527552,231
348.10,1552541138,6290.89,51.44244071,7.44510695,226.71,33.91,0.13,283.68,1,-69.00,-4.00,32.00,1.00,63.00,11.00,33527552,231
349.10,1552541139,6324.90,51.44251004,7.44462261,226.44,34.09,0.18,283.52,1,-68.00,-5.00,32.00,1.00,63.00,11.00,33527552,231
350.10,1552541140,6359.03,51.44258389,7.44414093,226.42,33.96,-0.13,284.01,1,-68.00,-5.00,32.00,1.00,63.00,11.00,33527552,231
351.11,1552541141,6393.30,51.44265846,7.44366283,226.47,34.08,0.11,284.53,1,-69.00,-5.00,30.00,11.00,63.00,11.00,33527552,231
352.10,1552541142,6427.03,51.44273810,7.44319275,226.48,34.11,0.03,285.05,1,-69.00,-5.00,30.00,11.00,63.00,11.00,33527552,231
353.10,1552541143,6461.17,51.44281814,7.44272156,226.49,34.11,0.01,285.58,1,-69.00,-5.00,30.00,11.00,63.00,11.00,33527552,231
354.10,1552541144,6495.29,51.44289711,7.44225887,226.35,34.20,0.09,285.84,1,-74.00,-6.00,29.00,15.00,59.00,11.00,33527552,231
355.10,1552541145,6529.49,51.44298526,7.44178202,226.44,34.26,0.06,286.41,1,-74.00,-6.00,29.00,15.00,59.00,11.00,33527552,231
356.10,1552541146,6563.72,51.44307251,7.44131349,226.52,34.32,0.06,287.08,1,-70.00,-5.00,31.00,15.00,63.00,11.00,33527552,231
357.10,1552541147,6598.07,51.44316513,7.44084556,226.30,34.47,0.15,287.62,1,-70.00,-5.00,31.00,15.00,63.00,11.00,33527552,231
358.10,1552541148,6632.54,51.44325922,7.44037598,225.84,34.60,0.13,287.94,1,-72.00,-4.00,29.00,10.00,63.00,11.00,33527552,231
359.10,1552541149,6667.14,51.44335605,7.43989259,225.30,35.04,0.44,288.20,1,-72.00,-4.00,29.00,10.00,63.00,11.00,33527552,231
360.10,1552541150,6702.17,51.44345396,7.43940676,224.78,35.14,0.11,288.52,1,-80.00,-5.00,11.00,11.00,56.00,11.00,33527552,231
361.10,1552541151,6737.32,51.44355831,7.43894164,224.09,34.82,-0.32,289.13,1,-80.00,-5.00,11.00,11.00,56.00,11.00,33527552,231
362.10,1552541152,6772.14,51.44366169,7.43848126,223.14,34.90,0.08,289.90,1,-78.00,-5.00,23.00,13.00,59.00,11.00,33527552,231
363.10,1552541153,6807.04,51.44377152,7.43801928,222.01,34.77,-0.13,290.34,1,-78.00,-5.00,23.00,13.00,59.00,11.00,33527552,231
364.10,1552541154,6841.81,51.44388165,7.43755677,220.88,34.45,-0.32,290.92,1,-80.00,-6.00,28.00,1.00,58.00,11.00,33527552,231
365.10,1552541155,6876.26,51.44399370,7.43709141,219.80,34.36,-0.10,291.30,1,-80.00,-6.00,28.00,1.00,58.00,11.00,33527552,231
366.10,1552541156,6910.62,51.44411169,7.43663293,218.75,34.53,0.17,291.74,1,-78.00,-5.00,4.00,6.00,60.00,1.00,33527554,233
367.10,1552541157,6945.11,51.44423017,7.43617411,217.49,34.62,0.09,292.05,1,-78.00,-5.00,4.00,6.00,60.00,1.00,33527554,233
368.10,1552541158,6979.76,51.44434405,7.43571237,216.33,34.59,-0.03,292.45,1,-79.00,-6.00,27.00,15.00,58.00,1.00,33527554,233
369.10,1552541159,7014.35,51.44446731,7.43525726,214.89,34.29,-0.30,293.61,1,-79.00,-6.00,27.00,15.00,58.00,1.00,33527554,233
370.10,1552541160,7048.64,51.44459254,7.43481334,213.37,34.08,-0.21,294.63,1,-79.00,-5.00,28.00,15.00,58.00,1.00,33527554,233
371.10,1552541161,7082.71,51.44471746,7.43437635,211.88,33.75,-0.33,295.57,1,-79.00,-5.00,28.00,15.00,58.00,1.00,33527554,233
372.11,1552541162,7116.70,51.44485109,7.43394215,210.41,33.92,0.17,296.39,1,-86.00,-5.00,10.00,14.00,51.00,1.00,33527554,233
373.10,1552541163,7150.38,51.44499065,7.43351648,209.26,33.86,-0.06,297.74,1,-86.00,-5.00,10.00,14.00,51.00,1.00,33527554,233
374.10,1552541164,7184.24,51.44513602,7.43309482,208.53,33.51,-0.35,299.08,1,-86.00,-5.00,10.00,14.00,51.00,1.00,33527554,233
375.10,1552541165,7217.72,51.44528915,7.43267601,207.60,33.14,-0.37,300.39,1,-86.00,-6.00,20.00,12.00,51.00,1.00,33527554,233
376.10,1552541166,7250.89,51.44544786,7.43226905,206.32,33.03,-0.11,302.15,1,-86.00,-6.00,20.00,12.00,51.00,1.00,33527554,233
377.10,1552541167,7283.92,51.44560747,7.43186580,204.76,33.12,0.09,302.77,1,-84.00,-6.00,7.00,11.00,52.00,1.00,33527554,233
378.10,1552541168,7316.94,51.44577381,7.43148010,203.15,33.23,0.11,304.49,1,-84.00,-6.00,7.00,11.00,52.00,1.00,33527554,233
379.10,1552541169,7350.26,51.44594759,7.43108841,201.73,33.62,0.39,305.80,1,-84.00,-6.00,10.00,12.00,54.00,1.00,33527554,233
380.10,1552541170,7383.89,51.44612865,7.43069597,200.62,33.86,0.23,306.96,1,-84.00,-6.00,10.00,12.00,54.00,1.00,33527554,233
381.10,1552541171,7417.74,51.44632402,7.43030845,199.68,34.80,0.95,309.66,1,-79.00,-5.00,30.00,15.00,57.00,1.00,33527554,233
382.11,1552541172,7452.65,51.44652319,7.42991789,198.61,35.34,0.54,309.86,1,-79.00,-5.00,30.00,15.00,57.00,1.00,33527554,233
383.10,1552541173,7487.88,51.44673286,7.42953201,197.55,35.77,0.43,311.20,1,-74.00,-5.00,10.00,14.00,61.00,1.00,33527554,233
384.10,1552541174,7523.66,51.44694556,7.42914776,196.32,36.14,0.37,312.14,1,-74.00,-5.00,10.00,14.00,61.00,1.00,33527554,233
385.10,1552541175,7559.80,51.44717660,7.42877213,195.16,36.26,0.12,313.94,1,-84.00,-5.00,29.00,10.00,48.00,1.00,33527554,233
386.10,1552541176,7596.07,51.44741116,7.42841353,193.77,36.83,0.56,316.06,1,-84.00,-5.00,29.00,10.00,48.00,1.00,33527554,233
387.11,1552541177,7632.97,51.44765487,7.42805380,192.48,37.08,0.25,317.37,1,-87.00,-6.00,11.00,14.00,50.00,1.00,33527554,233
388.10,1552541178,7669.97,51.44790430,7.42769868,191.27,37.40,0.32,318.51,1,-87.00,-6.00,11.00,14.00,50.00,1.00,33527554,233
389.10,1552541179,7707.37,51.44815816,7.42735724,189.92,37.39,-0.01,320.20,1,-87.00,-7.00,4.00,11.00,51.00,1.00,33527554,233
390.10,1552541180,7744.76,51.44841790,7.42703123,188.55,37.29,-0.10,322.09,1,-87.00,-7.00,4.00,11.00,51.00,1.00,33527554,233
391.10,1552541181,7782.08,51.44868482,7.42671961,187.20,37.37,0.08,324.14,1,-91.00,-10.00,4.00,9.00,52.00,1.00,33527554,233
392.10,1552541182,7819.42,51.44895662,7.42641466,185.86,37.32,-0.06,325.20,1,-91.00,-10.00,4.00,9.00,52.00,1.00,33527554,233
393.10,1552541183,7856.73,51.44923303,7.42612477,184.40,36.90,-0.42,326.88,1,-93.00,-7.00,4.00,9.00,46.00,1.00,33527554,233
394.10,1552541184,7893.67,51.44950474,7.42585334,182.93,35.76,-1.14,327.92,1,-93.00,-7.00,4.00,9.00,46.00,1.00,33527554,233
395.11,1552541185,7929.71,51.44978503,7.42560023,181.58,35.43,-0.33,330.47,1,-96.00,-6.00,13.00,8.00,42.00,1.00,33527554,233
396.10,1552541186,7964.82,51.45005744,7.42535302,180.35,34.77,-0.67,330.92,1,-96.00,-6.00,13.00,8.00,42.00,1.00,33527554,233
397.10,1552541187,7999.56,51.45033003,7.42513560,179.12,34.60,-0.16,333.88,1,-96.00,-6.00,13.00,8.00,42.00,1.00,33527554,233
398.10,1552541188,8034.20,51.45059903,7.42493587,177.73,33.47,-1.14,335.07,1,-97.00,-7.00,3.00,10.00,41.00,1.00,33527554,233
399.10,1552541189,8067.66,51.45086593,7.42474399,176.74,32.87,-0.59,336.13,1,-97.00,-7.00,3.00,10.00,41.00,1.00,33527554,233
400.11,1552541190,8100.64,51.45113911,7.42455323,175.89,32.03,-0.85,336.90,1,-103.00,-12.00,1.00,6.00,40.00,1.00,33527554,233
401.11,1552541191,8132.66,51.45140446,7.42438515,175.19,30.85,-1.17,338.72,1,-103.00,-12.00,1.00,6.00,40.00,1.00,33527554,233
402.11,1552541192,8163.51,51.45166645,7.42423269,174.22,30.84,-0.01,339.49,1,-98.00,-9.00,-4.00,6.00,42.00,37.00,29568770,414
403.11,1552541193,8194.35,51.45192848,7.42408433,172.97,31.00,0.16,340.51,1,-98.00,-9.00,-4.00,6.00,42.00,37.00,29568770,414
404.11,1552541194,8225.39,51.45219146,7.42394573,171.40,31.28,0.27,340.95,1,-107.00,-13.00,-2.00,5.00,37.00,37.00,29568770,414
405.11,1552541195,8256.64,51.45245638,7.42380555,169.56,31.41,0.13,341.38,1,-107.00,-13.00,-2.00,5.00,37.00,37.00,29568770,414
406.11,1552541196,8288.07,51.45271806,7.42368227,167.67,31.33,-0.07,342.52,1,-99.00,-8.00,0.00,9.00,41.00,37.00,29568770,414
407.11,1552541197,8319.37,51.45298385,7.42355577,166.02,31.10,-0.23,342.73,1,-99.00,-8.00,0.00,9.00,41.00,37.00,29568770,414
408.10,1552541198,8350.41,51.45324791,7.42342842,164.23,31.24,0.14,343.25,1,-96.00,-8.00,0.00,6.00,44.00,47.00,27771140,49
409.10,1552541199,8381.65,51.45351949,7.42330624,162.41,31.80,0.56,343.70,1,-96.00,-8.00,0.00,6.00,44.00,47.00,27771140,49
410.11,1552541200,8413.48,51.45380108,7.42318146,161.10,32.21,0.41,343.76,1,-99.00,-9.00,7.00,8.00,42.00,47.00,27771140,49
411.11,1552541201,8445.72,51.45408785,7.42305057,160.14,32.71,0.50,343.93,1,-99.00,-9.00,7.00,8.00,42.00,47.00,27771140,49
412.11,1552541202,8478.43,51.45436510,7.42292274,159.27,32.95,0.24,343.68,1,-101.00,-10.00,4.00,9.00,40.00,47.00,27771140,49
413.11,1552541203,8511.38,51.45464882,7.42279075,158.29,33.63,0.67,343.78,1,-101.00,-10.00,4.00,9.00,40.00,47.00,27771140,49
414.10,1552541204,8544.91,51.45494072,7.42265448,157.48,34.12,0.49,343.56,1,-94.00,-11.00,-2.00,6.00,50.00,11.00,33837570,348
415.10,1552541205,8578.99,51.45523986,7.42251399,156.90,34.37,0.25,343.01,1,-94.00,-11.00,-2.00,6.00,50.00,11.00,33837570,348
416.11,1552541206,8613.77,51.45554141,7.42236080,156.65,34.63,0.26,342.31,1,-93.00,-9.00,0.00,12.00,48.00,11.00,33837570,348
417.11,1552541207,8648.13,51.45584223,7.42220632,156.67,34.85,0.22,341.60,1,-93.00,-9.00,0.00,12.00,48.00,11.00,33837570,348
418.11,1552541208,8683.02,51.45613976,7.42203868,156.56,35.15,0.29,340.56,1,-93.00,-9.00,0.00,12.00,48.00,11.00,33837570,348
419.11,1552541209,8718.13,51.45644213,7.42186721,156.51,35.56,0.42,339.95,1,-93.00,-9.00,0.00,8.00,48.00,11.00,33837570,348
420.11,1552541210,8753.69,51.45673221,7.42168668,156.19,35.34,-0.23,338.91,1,-93.00,-9.00,0.00,8.00,48.00,11.00,33837570,348
421.11,1552541211,8789.03,51.45702263,7.42150315,155.72,35.58,0.25,338.13,1,-95.00,-11.00,-1.00,8.00,48.00,11.00,33837570,348
422.11,1552541212,8824.65,51.45731188,7.42129855,155.16,35.70,0.12,336.34,1,-95.00,-11.00,-1.00,8.00,48.00,11.00,33837570,348
423.11,1552541213,8860.35,51.45760510,7.42109012,154.59,35.79,0.09,335.42,1,-92.00,-9.00,-1.00,9.00,48.00,11.00,33837570,348
424.11,1552541214,8896.14,51.45789624,7.42086737,154.15,36.00,0.21,334.44,1,-92.00,-9.00,-1.00,9.00,48.00,11.00,33837570,348
425.11,1552541215,8932.11,51.45819002,7.42063059,153.79,36.19,0.19,333.02,1,-94.00,-10.00,2.00,9.00,47.00,11.00,33837570,348
426.11,1552541216,8968.30,51.45848413,7.42039093,153.42,36.48,0.29,332.39,1,-94.00,-10.00,2.00,9.00,47.00,11.00,33837570,348
427.11,1552541217,9004.74,51.45877763,7.42013868,152.97,36.68,0.21,331.64,1,-85.00,-9.00,0.00,14.00,55.00,11.00,33837570,348
428.11,1552541218,9041.46,51.45906630,7.41987828,152.81,37.14,0.45,330.49,1,-85.00,-9.00,0.00,14.00,55.00,11.00,33837570,348
429.11,1552541219,9078.60,51.45935251,7.41961888,153.08,37.41,0.27,329.54,1,-85.00,-9.00,4.00,12.00,53.00,11.00,33837570,348
430.11,1552541220,9116.01,51.45963525,7.41933338,153.34,37.64,0.24,328.18,1,-85.00,-9.00,4.00,12.00,53.00,11.00,33837570,348
431.10,1552541221,9153.57,51.45992260,7.41904288,153.52,37.73,0.09,327.28,1,-80.00,-6.00,9.00,2.00,56.00,11.00,33837570,348
432.10,1552541222,9191.30,51.46020626,7.41873220,153.44,37.96,0.24,326.04,1,-80.00,-6.00,9.00,2.00,56.00,11.00,33837570,348
433.11,1552541223,9229.30,51.46048929,7.41841435,153.06,38.12,0.16,324.90,1,-82.00,-7.00,8.00,2.00,55.00,11.00,33837570,348
434.10,1552541224,9267.38,51.46076634,7.41808571,152.57,38.21,0.09,323.35,1,-82.00,-7.00,8.00,2.00,55.00,11.00,33837570,348
435.11,1552541225,9305.63,51.46104377,7.41775575,152.13,38.40,0.20,322.56,1,-83.00,-8.00,-5.00,2.00,56.00,11.00,33837570,348
436.10,1552541226,9343.84,51.46132223,7.41740636,152.04,38.51,0.10,321.43,1,-83.00,-8.00,-5.00,2.00,56.00,11.00,33837570,348
437.11,1552541227,9382.88,51.46159651,7.41705784,152.06,38.59,0.09,320.50,1,-83.00,-8.00,-3.00,2.00,57.00,11.00,27770883,375
438.11,1552541228,9421.13,51.46186189,7.41669120,152.42,38.73,0.14,319.37,1,-83.00,-8.00,-3.00,2.00,57.00,11.00,27770883,375
439.11,1552541229,9459.86,51.46212425,7.41632509,152.89,38.84,0.10,318.66,1,-83.00,-8.00,-3.00,2.00,57.00,11.00,27770883,375
440.10,1552541230,9498.66,51.46238012,7.41594541,153.24,38.86,0.02,317.47,1,-80.00,-8.00,13.00,2.00,59.00,11.00,27770883,375
441.10,1552541231,9537.48,51.46263211,7.41555643,153.47,38.99,0.13,316.05,1,-80.00,-8.00,13.00,2.00,59.00,11.00,27770883,375
442.10,1552541232,9576.47,51.46288098,7.41515836,153.68,39.15,0.17,314.94,1,-81.00,-8.00,7.00,2.00,58.00,11.00,27770883,375
443.10,1552541233,9615.66,51.46313163,7.41475691,153.77,39.24,0.08,314.09,1,-81.00,-8.00,7.00,2.00,58.00,11.00,27770883,375
444.10,1552541234,9654.86,51.46337384,7.41434206,153.88,39.30,0.06,312.83,1,-84.00,-7.00,-1.00,2.00,55.00,11.00,27770883,375
445.10,1552541235,9694.16,51.46361005,7.41391766,154.18,39.38,0.08,311.65,1,-84.00,-7.00,-1.00,2.00,55.00,11.00,27770883,375
446.10,1552541236,9733.54,51.46385051,7.41348885,154.67,39.31,-0.07,310.98,1,-85.00,-7.00,11.00,2.00,54.00,11.00,27770883,375
447.11,1552541237,9772.93,51.46407708,7.41306803,155.10,38.72,-0.58,310.16,1,-85.00,-7.00,11.00,2.00,54.00,11.00,27770883,375
448.10,1552541238,9811.61,51.46430266,7.41264308,155.41,38.66,-0.07,309.50,1,-88.00,-8.00,13.00,2.00,51.00,11.00,27770883,375
449.10,1552541239,9850.23,51.46452405,7.41221195,155.49,38.73,0.07,308.73,1,-88.00,-8.00,13.00,2.00,51.00,11.00,27770883,375
450.10,1552541240,9888.96,51.46474237,7.41177778,155.65,38.78,0.05,308.50,1,-86.00,-8.00,3.00,2.00,53.00,11.00,27770883,375
451.10,1552541241,9927.74,51.46495964,7.41134249,155.87,38.83,0.05,308.29,1,-86.00,-8.00,3.00,2.00,53.00,11.00,27770883,375
452.10,1552541242,9966.57,51.46517633,7.41090492,156.10,38.94,0.11,308.58,1,-89.00,-9.00,-1.00,2.00,51.00,11.00,27770883,375
453.10,1552541243,10005.51,51.46539421,7.41046705,156.26,38.97,0.03,308.32,1,-89.00,-9.00,-1.00,2.00,51.00,11.00,27770883,375
454.10,1552541244,10044.52,51.46561123,7.41003046,156.38,39.05,0.08,308.24,1,-98.00,-10.00,10.00,2.00,43.00,11.00,27770885,376
455.10,1552541245,10083.57,51.46583095,7.40959530,156.29,39.06,0.00,307.95,1,-98.00,-10.00,10.00,2.00,43.00,11.00,27770885,376
456.10,1552541246,10122.58,51.46604829,7.40915655,156.38,39.10,0.04,308.04,1,-93.00,-9.00,7.00,2.00,47.00,11.00,27770885,376
457.10,1552541247,10161.69,51.46626578,7.40871870,156.48,39.12,0.02,308.09,1,-93.00,-9.00,7.00,2.00,47.00,11.00,27770885,376
458.11,1552541248,10201.20,51.46647802,7.40828870,156.52,38.46,-0.66,308.39,1,-91.00,-9.00,4.00,2.00,49.00,11.00,27770885,376
459.10,1552541249,10239.28,51.46669299,7.40785460,156.68,38.36,-0.11,308.63,1,-91.00,-9.00,4.00,2.00,49.00,11.00,27770885,376
460.10,1552541250,10277.63,51.46690645,7.40742393,156.78,38.34,-0.02,309.24,1,-91.00,-9.00,4.00,2.00,49.00,11.00,27770885,376
461.10,1552541251,10316.01,51.46712011,7.40699465,156.96,37.38,-0.95,309.43,1,-93.00,-9.00,13.00,2.00,47.00,11.00,27770885,376
462.10,1552541252,10353.39,51.46733351,7.40658171,157.20,36.90,-0.48,309.94,1,-93.00,-9.00,13.00,2.00,47.00,11.00,27770885,376
463.10,1552541253,10390.26,51.46754324,7.40617841,157.42,36.69,-0.21,310.24,1,-88.00,-8.00,4.00,2.00,51.00,11.00,27770885,376
464.10,1552541254,10426.95,51.46775453,7.40577620,157.66,36.52,-0.17,310.72,1,-88.00,-8.00,4.00,2.00,51.00,11.00,27770885,376
465.10,1552541255,10463.47,51.46796682,7.40536830,157.98,36.50,-0.02,310.94,1,-87.00,-8.00,12.00,2.00,52.00,11.00,27770885,376
466.10,1552541256,10499.96,51.46818330,7.40497174,158.52,36.36,-0.14,311.00,1,-87.00,-8.00,12.00,2.00,52.00,11.00,27770885,376
467.10,1552541257,10536.32,51.46839699,7.40457770,159.12,36.48,0.12,311.59,1,-84.00,-7.00,-7.00,2.00,53.00,11.00,27770885,376
468.10,1552541258,10572.80,51.46862074,7.40418336,159.81,36.49,0.01,312.50,1,-84.00,-7.00,-7.00,2.00,53.00,11.00,27770885,376
469.10,1552541259,10609.29,51.46884363,7.40379187,160.58,36.60,0.11,313.21,1,-88.00,-10.00,5.00,2.00,52.00,11.00,27771140,49
470.10,1552541260,10645.85,51.46907089,7.40341251,161.48,36.29,-0.31,314.49,1,-88.00,-10.00,5.00,2.00,52.00,11.00,27771140,49
471.11,1552541261,10682.25,51.46929932,7.40304428,162.56,36.16,-0.13,314.50,1,-86.00,-7.00,7.00,2.00,50.00,11.00,27771140,49
472.10,1552541262,10718.37,51.46952867,7.40267510,163.57,35.76,-0.39,315.01,1,-86.00,-7.00,7.00,2.00,50.00,11.00,27771140,49
473.10,1552541263,10754.10,51.46975883,7.40230461,164.48,34.75,-1.02,315.41,1,-86.00,-7.00,17.00,2.00,52.00,11.00,27771140,49
474.10,1552541264,10788.81,51.46998555,7.40195974,165.09,33.90,-0.84,316.02,1,-86.00,-7.00,17.00,2.00,52.00,11.00,27771140,49
475.10,1552541265,10822.75,51.47020399,7.40163050,165.56,32.99,-0.91,315.35,1,-82.00,-6.00,19.00,2.00,55.00,11.00,27771140,49
476.10,1552541266,10855.74,51.47041614,7.40131113,165.96,32.06,-0.93,315.75,1,-82.00,-6.00,19.00,2.00,55.00,11.00,27771140,49
477.10,1552541267,10887.80,51.47062277,7.40099693,166.29,31.24,-0.82,316.11,1,-80.00,-6.00,23.00,2.00,57.00,11.00,27771140,49
478.10,1552541268,10919.04,51.47082496,7.40069098,166.60,30.71,-0.53,316.59,1,-80.00,-6.00,23.00,2.00,57.00,11.00,27771140,49
479.11,1552541269,10950.03,51.47101845,7.40039935,166.69,30.04,-0.66,316.94,1,-79.00,-5.00,22.00,2.00,58.00,11.00,27771140,49
480.10,1552541270,10979.80,51.47121827,7.40010869,166.96,29.26,-0.79,317.23,1,-79.00,-5.00,22.00,2.00,58.00,11.00,27771140,49
481.10,1552541271,11009.06,51.47140900,7.39983368,167.15,28.60,-0.66,317.72,1,-79.00,-5.00,22.00,2.00,58.00,11.00,27771140,49
482.10,1552541272,11037.65,51.47159476,7.39956206,167.34,27.76,-0.84,317.73,1,-79.00,-6.00,19.00,2.00,59.00,11.00,27771140,49
483.10,1552541273,11065.41,51.47177970,7.39930027,167.53,27.36,-0.40,318.29,1,-79.00,-6.00,19.00,2.00,59.00,11.00,27771140,49
484.10,1552541274,11092.77,51.47196052,7.39904186,167.67,26.91,-0.45,318.38,1,-80.00,-6.00,20.00,2.00,57.00,11.00,27771140,49
485.13,1552541275,11120.35,51.47213794,7.39878860,167.80,26.44,-0.45,319.07,1,-80.00,-6.00,20.00,2.00,57.00,11.00,27771140,49
486.10,1552541276,11146.06,51.47231659,7.39853295,168.09,26.40,-0.05,319.18,1,-83.00,-6.00,19.00,13.00,55.00,13.00,27771140,49
487.10,1552541277,11172.45,51.47249870,7.39828269,168.49,26.43,0.03,319.32,1,-83.00,-6.00,19.00,13.00,55.00,13.00,27771140,49
488.10,1552541278,11198.93,51.47267840,7.39803680,168.87,26.39,-0.04,319.31,1,-82.00,-6.00,20.00,13.00,56.00,13.00,27771140,49
489.10,1552541279,11225.32,51.47286285,7.39778359,169.42,26.35,-0.04,319.78,1,-82.00,-6.00,20.00,13.00,56.00,13.00,27771140,49
490.11,1552541280,11251.84,51.47304013,7.39753707,169.90,26.33,-0.02,320.01,1,-87.00,-7.00,14.00,14.00,52.00,13.00,27771140,49
491.10,1552541281,11277.95,51.47321817,7.39729371,170.30,26.28,-0.05,320.31,1,-87.00,-7.00,14.00,14.00,52.00,13.00,27771140,49
492.10,1552541282,11304.23,51.47340200,7.39705192,170.72,26.22,-0.06,320.65,1,-91.00,-10.00,10.00,11.00,51.00,13.00,27771140,49
493.10,1552541283,11330.56,51.47358418,7.39681274,171.19,26.16,-0.06,321.35,1,-91.00,-10.00,10.00,11.00,51.00,13.00,27771140,49
494.10,1552541284,11356.69,51.47376311,7.39657741,171.65,25.66,-0.50,321.49,1,-88.00,-7.00,7.00,11.00,51.00,13.00,27771140,49
495.10,1552541285,11382.35,51.47394190,7.39635285,172.09,25.16,-0.51,322.11,1,-88.00,-7.00,7.00,11.00,51.00,13.00,27771140,49
496.10,1552541286,11407.51,51.47411871,7.39613102,172.57,24.82,-0.33,322.77,1,-88.00,-8.00,6.00,12.00,51.00,13.00,27771140,49
497.10,1552541287,11432.36,51.47429583,7.39591958,173.05,24.47,-0.35,323.42,1,-88.00,-8.00,6.00,12.00,51.00,13.00,27771140,49
498.10,1552541288,11456.82,51.47447113,7.39570980,173.52,24.30,-0.16,323.75,1,-88.00,-7.00,14.00,9.00,50.00,13.00,27771140,49
499.10,1552541289,11481.13,51.47464644,7.39550119,173.93,24.50,0.20,324.17,1,-88.00,-7.00,14.00,9.00,50.00,13.00,27771140,49
500.11,1552541290,11505.80,51.47481934,7.39530337,174.65,24.78,0.27,324.52,1,-86.00,-7.00,10.00,13.00,52.00,13.00,27771140,49
501.10,1552541291,11530.38,51.47500864,7.39510717,175.24,24.98,0.20,327.07,1,-86.00,-7.00,10.00,13.00,52.00,13.00,27771140,49
502.10,1552541292,11555.36,51.47520328,7.39491897,175.85,25.55,0.57,329.38,1,-86.00,-7.00,10.00,13.00,52.00,13.00,27771140,49
503.10,1552541293,11580.91,51.47540881,7.39472697,176.25,26.00,0.46,329.60,1,-83.00,-5.00,16.00,15.00,54.00,13.00,27771140,49
504.10,1552541294,11606.91,51.47561470,7.39453433,176.62,25.64,-0.37,329.69,1,-83.00,-5.00,16.00,15.00,54.00,13.00,27771140,49
505.10,1552541295,11632.55,51.47580925,7.39434767,176.78,25.73,0.09,329.93,1,-81.00,-6.00,24.00,11.00,55.00,13.00,27771140,49
506.11,1552541296,11658.38,51.47601006,7.39416499,177.01,25.49,-0.24,330.61,1,-81.00,-6.00,24.00,11.00,55.00,13.00,27771140,49
507.11,1552541297,11683.81,51.47620705,7.39399525,177.48,25.25,-0.24,331.65,1,-82.00,-6.00,24.00,15.00,55.00,13.00,27771140,49
508.10,1552541298,11709.04,51.47640879,7.39382772,177.88,25.20,-0.05,333.10,1,-82.00,-6.00,24.00,15.00,55.00,13.00,27771140,49
509.10,1552541299,11734.21,51.47660879,7.39366289,178.30,25.00,-0.21,334.07,1,-77.00,-6.00,11.00,14.00,59.00,13.00,27771140,49
510.10,1552541300,11759.24,51.47680847,7.39351782,178.70,24.28,-0.72,335.80,1,-77.00,-6.00,11.00,14.00,59.00,13.00,27771140,49
511.10,1552541301,11783.52,51.47700522,7.39337555,179.07,23.31,-0.97,335.25,1,-77.00,-5.00,21.00,15.00,61.00,13.00,27771140,49
512.10,1552541302,11806.80,51.47718734,7.39326238,179.24,22.20,-1.11,338.24,1,-77.00,-5.00,21.00,15.00,61.00,13.00,27771140,49
513.10,1552541303,11829.02,51.47737375,7.39316054,179.09,20.69,-1.51,341.30,1,-86.00,-8.00,11.00,9.00,54.00,13.00,27771140,49
514.10,1552541304,11849.71,51.47754915,7.39308517,179.07,19.59,-1.10,345.45,1,-86.00,-8.00,11.00,9.00,54.00,13.00,27771140,49
515.10,1552541305,11869.30,51.47772397,7.39304563,179.34,19.31,-0.28,352.02,1,-86.00,-10.00,12.00,10.00,56.00,13.00,27771140,49
516.11,1552541306,11888.63,51.47790107,7.39301965,179.47,19.80,0.49,354.23,1,-86.00,-10.00,12.00,10.00,56.00,13.00,27771140,49
517.10,1552541307,11908.41,51.47807739,7.39301165,179.48,19.21,-0.59,357.70,1,-80.00,-7.00,18.00,15.00,58.00,4.00,27771139,48
518.10,1552541308,11927.60,51.47825934,7.39308819,178.88,19.37,0.16,15.09,1,-80.00,-7.00,18.00,15.00,58.00,4.00,27771139,48
519.10,1552541309,11946.97,51.47843458,7.39317835,178.45,19.80,0.43,17.43,1,-83.00,-6.00,18.00,15.00,55.00,4.00,27771139,48
520.10,1552541310,11966.79,51.47860863,7.39329254,178.31,19.53,-0.27,21.44,1,-83.00,-6.00,18.00,15.00,55.00,4.00,27771139,48
521.11,1552541311,11986.34,51.47876400,7.39342251,178.33,18.95,-0.58,25.07,1,-73.00,-5.00,31.00,15.00,63.00,4.00,27771139,48
522.11,1552541312,12005.28,51.47888848,7.39354654,178.76,17.39,-1.55,28.35,1,-73.00,-5.00,31.00,15.00,63.00,4.00,27771139,48
523.10,1552541313,12022.62,51.47901712,7.39367021,179.22,15.57,-1.83,27.75,1,-73.00,-5.00,31.00,15.00,63.00,4.00,27771139,48
524.10,1552541314,12038.21,51.47915851,7.39375349,179.53,14.44,-1.12,14.73,1,-85.00,-6.00,16.00,15.00,52.00,4.00,27771139,48
525.10,1552541315,12052.65,51.47927211,7.39380066,180.16,14.33,-0.11,11.34,1,-85.00,-6.00,16.00,15.00,52.00,4.00,27771139,48
526.10,1552541316,12066.98,51.47939152,7.39378305,180.69,14.19,-0.14,350.86,1,-80.00,-5.00,24.00,15.00,57.00,4.00,27771139,48
527.10,1552541317,12081.18,51.47950802,7.39374528,181.17,14.32,0.12,347.28,1,-80.00,-5.00,24.00,15.00,57.00,4.00,27771139,48
528.10,1552541318,12095.49,51.47961744,7.39366575,181.58,14.43,0.12,334.07,1,-92.00,-7.00,13.00,11.00,46.00,4.00,27771139,48
529.10,1552541319,12109.94,51.47972992,7.39357891,182.19,14.33,-0.10,334.78,1,-92.00,-7.00,13.00,11.00,46.00,4.00,27771139,48
530.10,1552541320,12124.26,51.47983643,7.39349844,182.64,13.01,-1.33,334.12,1,-87.00,-5.00,10.00,6.00,49.00,15.00,28365058,223
531.10,1552541321,12137.27,51.47993551,7.39342974,182.82,11.54,-1.46,335.44,1,-87.00,-5.00,10.00,6.00,49.00,15.00,28365058,223
532.10,1552541322,12148.82,51.48003137,7.39340355,182.98,10.57,-0.98,350.68,1,-90.00,-5.00,7.00,15.00,46.00,15.00,28365058,223
533.10,1552541323,12159.39,51.48012086,7.39342476,183.12,10.60,0.04,8.69,1,-90.00,-5.00,7.00,15.00,46.00,15.00,28365058,223
534.10,1552541324,12169.98,51.48021527,7.39349529,183.20,11.18,0.58,26.83,1,-85.00,-6.00,5.00,6.00,52.00,5.00,27771139,48
535.10,1552541325,12181.16,51.48029757,7.39360441,183.25,11.72,0.54,45.63,1,-85.00,-6.00,5.00,6.00,52.00,5.00,27771139,48
536.10,1552541326,12192.87,51.48036005,7.39375584,183.37,12.92,1.20,60.57,1,-83.00,-5.00,23.00,15.00,53.00,5.00,27771139,48
537.10,1552541327,12205.80,51.48042463,7.39393329,183.56,13.98,1.06,59.80,1,-83.00,-5.00,23.00,15.00,53.00,5.00,27771139,48
538.11,1552541328,12219.83,51.48048787,7.39410181,183.86,15.21,1.22,58.51,1,-85.00,-5.00,26.00,13.00,52.00,5.00,27771139,48
539.10,1552541329,12234.95,51.48056768,7.39430291,184.20,16.13,0.93,58.05,1,-85.00,-5.00,26.00,13.00,52.00,5.00,27771139,48
540.10,1552541330,12251.06,51.48064444,7.39450062,184.48,16.82,0.69,58.13,1,-84.00,-7.00,18.00,14.00,54.00,5.00,27771139,48
541.10,1552541331,12267.88,51.48072127,7.39469897,184.58,16.94,0.12,58.51,1,-84.00,-7.00,18.00,14.00,54.00,5.00,27771139,48
542.11,1552541332,12285.03,51.48079977,7.39490303,184.43,17.05,0.11,59.37,1,-86.00,-6.00,10.00,9.00,52.00,5.00,27771139,48
543.10,1552541333,12301.94,51.48087782,7.39511088,184.38,17.12,0.07,59.40,1,-86.00,-6.00,10.00,9.00,52.00,5.00,27771139,48
544.10,1552541334,12319.05,51.48095494,7.39532278,184.58,17.10,-0.02,59.57,1,-86.00,-6.00,10.00,9.00,52.00,5.00,27771139,48
545.10,1552541335,12336.14,51.48103324,7.39552862,184.66,16.85,-0.25,60.09,1,-85.00,-5.00,12.00,11.00,52.00,5.00,27771139,48
546.10,1552541336,12353.00,51.48111010,7.39573842,184.99,16.66,-0.19,60.24,1,-85.00,-5.00,12.00,11.00,52.00,5.00,27771139,48
547.10,1552541337,12369.59,51.48092420,7.39524840,185.28,16.42,-0.24,60.26,1,-83.00,-6.00,32.00,9.00,54.00,5.00,27771139,48
548.10,1552541338,12386.05,51.48127082,7.39616260,185.52,16.02,-0.41,60.20,1,-83.00,-6.00,32.00,9.00,54.00,5.00,27771139,48
549.10,1552541339,12402.08,51.48134748,7.39637117,186.19,15.76,-0.26,59.79,1,-85.00,-6.00,12.00,14.00,53.00,5.00,27771139,48
550.11,1552541340,12417.89,51.48142066,7.39656674,187.09,15.60,-0.16,59.01,1,-85.00,-6.00,12.00,14.00,53.00,5.00,27771139,48
551.10,1552541341,12433.45,51.48149082,7.39675232,187.80,15.36,-0.23,58.24,1,-86.00,-6.00,10.00,15.00,52.00,5.00,27771139,48
552.10,1552541342,12448.82,51.48156290,7.39693874,188.37,15.02,-0.34,57.50,1,-86.00,-6.00,10.00,15.00,52.00,5.00,27771139,48
553.10,1552541343,12463.84,51.48163392,7.39711065,188.62,14.62,-0.40,56.72,1,-88.00,-6.00,9.00,6.00,49.00,5.00,27771139,48
554.10,1552541344,12478.47,51.48170047,7.39727308,188.48,14.19,-0.43,56.31,1,-88.00,-6.00,9.00,6.00,49.00,5.00,27771139,48
555.10,1552541345,12492.65,51.48176853,7.39742161,188.08,13.76,-0.43,55.64,1,-85.00,-5.00,17.00,15.00,51.00,5.00,27771139,48
556.10,1552541346,12506.41,51.48183632,7.39757508,187.38,13.35,-0.41,54.86,1,-85.00,-5.00,17.00,15.00,51.00,5.00,27771139,48
557.10,1552541347,12519.77,51.48190617,7.39772814,186.69,13.01,-0.34,53.95,1,-84.00,-5.00,24.00,13.00,54.00,5.00,27771139,48
558.10,1552541348,12532.78,51.48197419,7.39787155,186.19,12.48,-0.53,52.85,1,-84.00,-5.00,24.00,13.00,54.00,5.00,27771139,48
559.10,1552541349,12545.26,51.48204420,7.39800875,185.90,11.98,-0.51,51.63,1,-82.00,-5.00,25.00,15.00,55.00,5.00,27771139,48
560.10,1552541350,12557.24,51.48211491,7.39813602,185.67,10.66,-1.31,50.49,1,-82.00,-5.00,25.00,15.00,55.00,5.00,27771139,48
561.10,1552541351,12567.91,51.48218354,7.39825177,185.67,9.25,-1.42,49.24,1,-77.00,-5.00,29.00,15.00,60.00,5.00,27771139,48
562.11,1552541352,12577.19,51.48224182,7.39834546,185.76,7.61,-1.63,48.18,1,-77.00,-5.00,29.00,15.00,60.00,5.00,27771139,48
563.11,1552541353,12584.84,51.48228722,7.39841560,185.95,5.63,-1.97,47.33,1,-79.00,-5.00,27.00,15.00,58.00,5.00,27771139,48
564.10,1552541354,12590.42,51.48232365,7.39846600,185.98,4.09,-1.55,45.98,1,-79.00,-5.00,27.00,15.00,58.00,5.00,27771139,48
565.10,1552541355,12594.51,51.48234808,7.39849787,186.03,2.47,-1.62,45.51,1,-79.00,-5.00,27.00,15.00,58.00,5.00,27771139,48
566.10,1552541356,12596.98,51.48235770,7.39851239,186.07,1.03,-1.44,45.99,1,-81.00,-5.00,26.00,9.00,56.00,5.00,27771139,48
567.11,1552541357,12598.02,51.48235770,7.39851239,186.07,0.00,-1.03,45.99,1,-81.00,-5.00,26.00,9.00,56.00,5.00,27771139,48
568.10,1552541358,12598.02,51.48235770,7.39851239,186.07,0.00,0.00,45.99,1,-85.00,-5.00,23.00,15.00,52.00,5.00,27771139,48
569.10,1552541359,12598.02,51.48235770,7.39851239,186.07,0.00,0.00,45.99,1,-85.00,-5.00,23.00,15.00,52.00,5.00,27771139,48
570.10,1552541360,12598.02,51.48235770,7.39851239,186.08,0.00,0.00,45.99,1,-86.00,-5.00,22.00,12.00,52.00,5.00,27771139,48
571.10,1552541361,12598.02,51.48235770,7.39851239,186.08,0.00,0.00,45.99,1,-86.00,-5.00,22.00,12.00,52.00,5.00,27771139,48
572.10,1552541362,12598.02,51.48235770,7.39851239,186.12,0.00,0.00,44.65,1,-87.00,-6.00,21.00,15.00,51.00,5.00,27771139,48
573.10,1552541363,12598.02,51.48235770,7.39851239,186.69,0.00,0.00,42.02,1,-87.00,-6.00,21.00,15.00,51.00,5.00,27771139,48
574.10,1552541364,12598.02,51.48242704,7.39860921,187.08,5.59,0.00,40.36,1,-82.00,-5.00,21.00,11.00,54.00,5.00,27771139,48
575.10,1552541365,12603.61,51.48247229,7.39866884,187.75,6.06,0.47,39.70,1,-82.00,-5.00,21.00,11.00,54.00,5.00,27771139,48
576.10,1552541366,12609.68,51.48252040,7.39872984,188.52,7.75,1.69,38.88,1,-90.00,-6.00,14.00,10.00,47.00,5.00,27771139,48
577.10,1552541367,12617.42,51.48256378,7.39879145,188.88,8.09,0.33,38.09,1,-90.00,-6.00,14.00,10.00,47.00,5.00,27771139,48
578.10,1552541368,12625.51,51.48262323,7.39886787,188.97,9.00,0.91,37.67,1,-90.00,-5.00,11.00,15.00,47.00,5.00,27771139,48
579.10,1552541369,12634.51,51.48268863,7.39895102,188.99,9.73,0.74,36.79,1,-90.00,-5.00,11.00,15.00,47.00,5.00,27771139,48
580.10,1552541370,12644.24,51.48275983,7.39903467,189.07,10.06,0.33,36.45,1,-84.00,-5.00,14.00,10.00,53.00,5.00,27771139,48
581.10,1552541371,12654.31,51.48283859,7.39912650,188.99,11.28,1.22,35.66,1,-84.00,-5.00,14.00,10.00,53.00,5.00,27771139,48
582.10,1552541372,12665.59,51.48292543,7.39921751,188.87,12.39,1.11,34.73,1,-87.00,-5.00,10.00,11.00,49.00,5.00,27771139,48
583.10,1552541373,12677.98,51.48302311,7.39932171,188.69,13.41,1.02,34.17,1,-87.00,-5.00,10.00,11.00,49.00,5.00,27771139,48
584.11,1552541374,12691.49,51.48313378,7.39943332,188.60,14.44,1.02,33.57,1,-88.00,-5.00,11.00,11.00,49.00,5.00,27771139,48
585.10,1552541375,12705.83,51.48324662,7.39954868,188.68,15.20,0.77,33.62,1,-88.00,-5.00,11.00,11.00,49.00,5.00,27771139,48
586.10,1552541376,12721.04,51.48336248,7.39966443,188.82,15.75,0.55,34.12,1,-88.00,-5.00,11.00,11.00,49.00,5.00,27771139,48
587.10,1552541377,12736.80,51.48092420,7.39524840,189.08,15.70,-0.05,34.06,1,-88.00,-5.00,16.00,9.00,49.00,5.00,27771139,48
588.10,1552541378,12752.50,51.48360026,7.39990504,189.29,15.50,-0.20,34.34,1,-88.00,-5.00,16.00,9.00,49.00,5.00,27771139,48
589.10,1552541379,12767.99,51.48371705,7.40003278,189.86,15.52,0.02,35.15,1,-95.00,-6.00,10.00,12.00,42.00,5.00,27771139,48
590.10,1552541380,12783.53,51.48383381,7.40016321,190.12,15.35,-0.17,35.60,1,-95.00,-6.00,10.00,12.00,42.00,5.00,27771139,48
591.11,1552541381,12798.90,51.48395155,7.40030331,190.30,15.86,0.50,36.23,1,-98.00,-6.00,8.00,12.00,41.00,8.00,28365058,48
592.11,1552541382,12814.75,51.48406719,7.40044345,190.44,16.64,0.78,37.05,1,-98.00,-6.00,8.00,12.00,41.00,8.00,28365058,48
593.10,1552541383,12831.37,51.48417910,7.40058984,190.84,16.48,-0.16,37.97,1,-95.00,-6.00,11.00,12.00,42.00,8.00,28365058,223
594.10,1552541384,12847.85,51.48428786,7.40072782,190.93,16.00,-0.47,38.91,1,-95.00,-6.00,11.00,12.00,42.00,8.00,28365058,223
595.10,1552541385,12863.84,51.48439799,7.40087204,190.93,15.90,-0.10,39.54,1,-95.00,-6.00,12.00,12.00,43.00,8.00,28365058,223
596.10,1552541386,12879.73,51.48451153,7.40103526,190.94,15.84,-0.06,40.61,1,-95.00,-6.00,12.00,12.00,43.00,8.00,28365058,223
597.11,1552541387,12895.69,51.48461962,7.40119378,191.22,15.56,-0.28,41.43,1,-98.00,-8.00,9.00,9.00,41.00,8.00,28365058,223
598.11,1552541388,12911.17,51.48472342,7.40135022,191.20,15.38,-0.18,41.82,1,-98.00,-8.00,9.00,9.00,41.00,8.00,28365058,223
599.10,1552541389,12926.53,51.48482220,7.40149737,191.25,15.21,-0.17,42.02,1,-98.00,-6.00,8.00,9.00,39.00,8.00,28365058,223
600.10,1552541390,12941.73,51.48491956,7.40164225,191.43,15.05,-0.15,41.08,1,-98.00,-6.00,8.00,9.00,39.00,8.00,28365058,223
601.10,1552541391,12956.77,51.48501774,7.40178443,191.41,14.96,-0.09,41.39,1,-99.00,-7.00,9.00,8.00,38.00,8.00,28365058,223
602.10,1552541392,12971.73,51.48511186,7.40192251,191.33,14.00,-0.96,42.71,1,-99.00,-7.00,9.00,8.00,38.00,8.00,28365058,223
603.10,1552541393,12985.73,51.48519311,7.40205325,191.09,12.09,-1.91,44.11,1,-97.00,-7.00,5.00,8.00,40.00,8.00,28365058,223
604.10,1552541394,12997.82,51.48526267,7.40217386,190.94,11.10,-0.99,45.41,1,-97.00,-7.00,5.00,8.00,40.00,8.00,28365058,223
605.11,1552541395,13009.02,51.48532768,7.40228979,190.65,9.94,-1.15,46.41,1,-99.00,-8.00,4.00,2.00,40.00,8.00,28365058,223
606.10,1552541396,13018.86,51.48538451,7.40239748,190.36,9.02,-0.93,47.49,1,-99.00,-8.00,4.00,2.00,40.00,8.00,28365058,223
607.10,1552541397,13027.88,51.48543637,7.40249512,190.08,8.36,-0.66,48.26,1,-99.00,-8.00,4.00,2.00,40.00,8.00,28365058,223
608.11,1552541398,13036.26,51.48548106,7.40258466,190.00,7.96,-0.40,48.99,1,-97.00,-7.00,5.00,8.00,39.00,8.00,28365058,223
609.11,1552541399,13044.22,51.48552925,7.40267813,190.00,7.46,-0.50,49.69,1,-97.00,-7.00,5.00,8.00,39.00,8.00,28365058,223
610.11,1552541400,13051.68,51.48557132,7.40275501,190.09,7.19,-0.27,46.72,1,-99.00,-9.00,4.00,11.00,41.00,8.00,28365058,223
611.11,1552541401,13058.87,51.48562973,7.40280276,190.19,7.14,-0.05,21.73,1,-99.00,-9.00,4.00,11.00,41.00,8.00,28365058,223
612.11,1552541402,13066.01,51.48569526,7.40280619,190.06,7.36,0.22,355.09,1,-98.00,-8.00,5.00,9.00,40.00,8.00,28365058,223
613.10,1552541403,13073.36,51.48574175,7.40277398,189.81,7.61,0.25,336.66,1,-98.00,-8.00,5.00,9.00,40.00,8.00,28365058,223
614.10,1552541404,13080.96,51.48579263,7.40270417,189.51,8.26,0.65,321.90,1,-104.00,-10.00,1.00,6.00,37.00,49.00,27340802,188
615.10,1552541405,13089.22,51.48585215,7.40262350,188.99,8.64,0.38,321.50,1,-104.00,-10.00,1.00,6.00,37.00,49.00,27340802,188
616.11,1552541406,13097.89,51.48591389,7.40253987,188.59,9.07,0.42,321.86,1,-101.00,-8.00,3.00,10.00,38.00,8.00,28365058,223
617.11,1552541407,13106.95,51.48597942,7.40245806,188.32,9.79,0.72,323.42,1,-101.00,-8.00,3.00,10.00,38.00,8.00,28365058,223
618.11,1552541408,13116.75,51.48605508,7.40237267,187.96,10.61,0.82,324.76,1,-101.00,-9.00,7.00,11.00,39.00,8.00,28365058,223
619.11,1552541409,13127.36,51.48613362,7.40229074,187.66,10.52,-0.09,326.28,1,-101.00,-9.00,7.00,11.00,39.00,8.00,28365058,223
620.11,1552541410,13137.89,51.48620194,7.40222318,187.61,9.95,-0.57,327.93,1,-99.00,-9.00,7.00,6.00,40.00,8.00,28365058,223
621.11,1552541411,13147.83,51.48628836,7.40214384,187.71,10.13,0.18,329.58,1,-99.00,-9.00,7.00,6.00,40.00,8.00,28365058,223
622.10,1552541412,13157.93,51.48638134,7.40206788,188.06,10.53,0.40,331.43,1,-100.00,-10.00,-1.00,6.00,41.00,12.00,29391106,166
623.10,1552541413,13168.46,51.48647830,7.40199521,188.57,10.39,-0.15,333.59,1,-100.00,-10.00,-1.00,6.00,41.00,12.00,29391106,166
624.10,1552541414,13178.86,51.48656938,7.40193119,189.19,11.18,0.80,336.15,1,-98.00,-8.00,-1.00,6.00,41.00,4.00,26385409,93
625.11,1552541415,13190.05,51.48665797,7.40187641,189.51,11.80,0.62,338.02,1,-98.00,-8.00,-1.00,6.00,41.00,4.00,26385409,93
626.12,1552541416,13202.01,51.48675300,7.40183118,189.47,11.86,0.06,340.14,1,-92.00,-7.00,3.00,6.00,46.00,13.00,33519104,330
627.11,1552541417,13213.72,51.49469310,7.39680550,189.01,11.72,-0.14,342.55,1,-92.00,-7.00,3.00,6.00,46.00,13.00,33519104,330
628.11,1552541418,13225.44,51.48693947,7.40176249,188.51,11.76,0.04,345.01,1,-92.00,-7.00,3.00,6.00,46.00,13.00,33519104,330
629.10,1552541419,13237.18,51.48704054,7.40173214,188.09,11.76,-0.00,347.05,1,-92.00,-7.00,7.00,6.00,42.00,16.00,27771139,48
630.11,1552541420,13248.95,51.48714077,7.40171175,187.80,11.57,-0.19,348.66,1,-92.00,-7.00,7.00,6.00,42.00,16.00,27771139,48
631.11,1552541421,13260.51,51.48725355,7.40169183,187.90,11.63,0.06,351.23,1,-90.00,-6.00,8.00,15.00,43.00,16.00,27771139,48
632.11,1552541422,13272.14,51.48736674,7.40167772,187.90,11.64,0.01,352.90,1,-90.00,-6.00,8.00,15.00,43.00,16.00,27771139,48
633.10,1552541423,13283.75,51.48748988,7.40167222,187.31,11.75,0.12,354.95,1,-87.00,-5.00,10.00,6.00,50.00,3.00,26385409,93
634.10,1552541424,13295.50,51.48760734,7.40167225,186.64,11.80,0.05,356.66,1,-87.00,-5.00,10.00,6.00,50.00,3.00,26385409,93
635.10,1552541425,13307.30,51.48771548,7.40167279,186.12,11.80,0.00,357.96,1,-88.00,-6.00,19.00,13.00,49.00,3.00,26385409,93
636.10,1552541426,13319.10,51.48782404,7.40167562,185.66,12.06,0.26,358.90,1,-88.00,-6.00,19.00,13.00,49.00,3.00,26385409,93
637.10,1552541427,13331.18,51.48792643,7.40168311,185.38,12.06,-0.00,359.44,1,-90.00,-6.00,28.00,10.00,47.00,3.00,26385409,93
638.10,1552541428,13343.22,51.48803403,7.40168821,184.86,11.93,-0.13,359.95,1,-90.00,-6.00,28.00,10.00,47.00,3.00,26385409,93
639.10,1552541429,13355.16,51.48814364,7.40169515,184.22,11.95,0.02,0.29,1,-87.00,-6.00,21.00,13.00,50.00,3.00,26385409,93
640.10,1552541430,13367.10,51.48826213,7.40169884,183.54,12.05,0.10,0.79,1,-87.00,-6.00,21.00,13.00,50.00,3.00,26385409,93
641.11,1552541431,13379.19,51.48837270,7.40170350,182.83,11.98,-0.07,0.71,1,-81.00,-6.00,21.00,15.00,54.00,3.00,26385409,93
642.10,1552541432,13391.15,51.48847875,7.40170988,182.09,11.22,-0.77,359.99,1,-81.00,-6.00,21.00,15.00,54.00,3.00,26385409,93
643.10,1552541433,13402.36,51.48857612,7.40171417,181.30,10.04,-1.18,359.85,1,-83.00,-6.00,23.00,15.00,53.00,3.00,26385409,93
644.10,1552541434,13412.40,51.48866310,7.40172004,180.53,9.20,-0.84,359.25,1,-83.00,-6.00,23.00,15.00,53.00,3.00,26385409,93
645.10,1552541435,13421.60,51.48873692,7.40172306,180.31,9.08,-0.12,359.77,1,-82.00,-6.00,11.00,15.00,56.00,3.00,26385409,93
646.10,1552541436,13430.68,51.48880954,7.40172637,180.30,8.23,-0.84,359.48,1,-82.00,-6.00,11.00,15.00,56.00,3.00,26385409,93
647.11,1552541437,13438.98,51.48887618,7.40172707,180.55,8.01,-0.22,359.88,1,-83.00,-7.00,19.00,11.00,55.00,3.00,26385409,93
648.10,1552541438,13446.93,51.48894362,7.40172815,180.82,8.02,0.01,359.33,1,-83.00,-7.00,19.00,11.00,55.00,3.00,26385409,93
649.10,1552541439,13454.94,51.48901707,7.40172950,180.86,8.92,0.90,359.76,1,-83.00,-7.00,19.00,11.00,55.00,3.00,26385409,93
650.10,1552541440,13463.85,51.48909547,7.40173280,181.06,9.05,0.13,359.19,1,-80.00,-7.00,11.00,6.00,57.00,2.00,26385410,94
651.10,1552541441,13472.90,51.48919245,7.40174172,180.85,9.16,0.11,0.07,1,-80.00,-7.00,11.00,6.00,57.00,2.00,26385410,94
652.10,1552541442,13482.05,51.48927896,7.40175008,180.01,8.16,-1.01,0.46,1,-69.00,-5.00,26.00,15.00,63.00,2.00,26385410,94
653.10,1552541443,13490.21,51.48933500,7.40175946,179.44,6.26,-1.90,2.03,1,-69.00,-5.00,26.00,15.00,63.00,2.00,26385410,94
654.10,1552541444,13496.47,51.48938607,7.40183411,178.70,6.70,0.44,43.71,1,-71.00,-5.00,19.00,15.00,63.00,2.00,26385410,94
655.10,1552541445,13503.17,51.48941658,7.40192984,178.09,7.70,1.00,67.83,1,-71.00,-5.00,19.00,15.00,63.00,2.00,26385410,94
656.10,1552541446,13510.86,51.48942017,7.40205966,177.34,9.63,1.93,92.46,1,-69.00,-6.00,32.00,15.00,63.00,2.00,26385410,94
657.11,1552541447,13520.56,51.48941531,7.40221657,176.81,11.18,1.54,91.77,1,-69.00,-6.00,32.00,15.00,63.00,2.00,26385410,94
658.10,1552541448,13531.67,51.48941226,7.40239428,176.50,12.61,1.44,90.78,1,-71.00,-5.00,23.00,15.00,63.00,2.00,26385410,94
659.10,1552541449,13544.28,51.48941173,7.40259737,176.38,13.17,0.55,90.66,1,-71.00,-5.00,23.00,15.00,63.00,2.00,26385410,94
660.10,1552541450,13557.45,51.48941059,7.40279279,176.56,13.60,0.44,91.09,1,-73.00,-5.00,27.00,15.00,63.00,2.00,26385410,94
661.10,1552541451,13571.05,51.48940806,7.40299600,176.85,14.08,0.48,90.96,1,-73.00,-5.00,27.00,15.00,63.00,2.00,26385410,94
662.10,1552541452,13585.13,51.48940547,7.40319664,177.16,14.65,0.57,90.90,1,-73.00,-6.00,31.00,15.00,63.00,2.00,26385410,94
663.10,1552541453,13599.79,51.48940253,7.40340727,177.60,14.82,0.16,91.10,1,-73.00,-6.00,31.00,15.00,63.00,2.00,26385410,94
664.10,1552541454,13614.60,51.48940154,7.40362557,177.73,14.62,-0.19,90.90,1,-71.00,-5.00,30.00,15.00,63.00,2.00,26385410,94
665.10,1552541455,13629.23,51.48939845,7.40382570,178.08,14.59,-0.03,91.07,1,-71.00,-5.00,30.00,15.00,63.00,2.00,26385410,94
666.10,1552541456,13643.80,51.48939591,7.40402638,178.36,14.74,0.15,91.23,1,-74.00,-6.00,28.00,15.00,63.00,2.00,26385410,94
667.10,1552541457,13658.50,51.49342980,7.40111450,178.73,14.76,0.03,91.08,1,-74.00,-6.00,28.00,15.00,63.00,2.00,26385410,94
668.11,1552541458,13673.35,51.48938889,7.40444766,179.06,14.43,-0.33,91.14,1,-80.00,-10.00,17.00,14.00,61.00,2.00,26385410,94
669.11,1552541459,13687.78,51.48938609,7.40466103,179.13,14.07,-0.36,91.62,1,-80.00,-10.00,17.00,14.00,61.00,2.00,26385410,94
670.11,1552541460,13701.85,51.48938448,7.40486468,179.06,13.89,-0.18,90.92,1,-80.00,-10.00,17.00,14.00,61.00,2.00,26385410,94
671.10,1552541461,13715.71,51.48938276,7.40506161,178.93,13.48,-0.41,90.52,1,-74.00,-7.00,11.00,6.00,63.00,1.00,26385408,95
672.10,1552541462,13729.14,51.48938427,7.40525400,178.90,13.04,-0.44,89.43,1,-74.00,-7.00,11.00,6.00,63.00,1.00,26385408,95
673.10,1552541463,13742.24,51.48939041,7.40543739,178.94,12.77,-0.27,87.42,1,-74.00,-6.00,21.00,15.00,63.00,1.00,26385408,95
674.10,1552541464,13755.01,51.48940182,7.40562585,179.08,13.10,0.33,85.36,1,-74.00,-6.00,21.00,15.00,63.00,1.00,26385408,95
675.10,1552541465,13768.11,51.48941815,7.40582206,179.19,13.76,0.65,83.28,1,-74.00,-6.00,16.00,12.00,63.00,1.00,26385408,95
676.10,1552541466,13781.87,51.48943812,7.40601565,179.89,13.84,0.08,81.29,1,-74.00,-6.00,16.00,12.00,63.00,1.00,26385408,95
677.10,1552541467,13795.71,51.48946162,7.40620997,180.66,13.45,-0.39,79.95,1,-76.00,-6.00,25.00,14.00,62.00,1.00,26385408,95
678.10,1552541468,13809.16,51.48948926,7.40640594,181.56,13.31,-0.14,78.91,1,-76.00,-6.00,25.00,14.00,62.00,1.00,26385408,95
679.10,1552541469,13822.47,51.48951579,7.40659396,182.17,13.31,0.00,78.34,1,-77.00,-6.00,26.00,13.00,61.00,1.00,26385408,95
680.10,1552541470,13835.78,51.48954306,7.40678004,182.63,13.45,0.14,77.86,1,-77.00,-6.00,26.00,13.00,61.00,1.00,26385408,95
681.11,1552541471,13849.27,51.48957109,7.40697171,182.89,13.89,0.43,76.93,1,-74.00,-5.00,24.00,12.00,61.00,1.00,26385408,95
682.10,1552541472,13863.11,51.48960135,7.40716851,183.11,13.99,0.10,76.58,1,-74.00,-5.00,24.00,12.00,61.00,1.00,26385408,95
683.10,1552541473,13877.10,51.48963465,7.40737504,183.66,13.83,-0.16,77.09,1,-76.00,-6.00,12.00,14.00,61.00,1.00,26385408,95
684.10,1552541474,13890.93,51.48966032,7.40756010,183.77,13.81,-0.02,77.61,1,-76.00,-6.00,12.00,14.00,61.00,1.00,26385408,95
685.10,1552541475,13904.75,51.48968739,7.40775656,183.62,13.67,-0.15,78.06,1,-78.00,-6.00,21.00,12.00,60.00,1.00,26385408,95
686.10,1552541476,13918.42,51.48971287,7.40794899,183.35,13.80,0.13,78.55,1,-78.00,-6.00,21.00,12.00,60.00,1.00,26385408,95
687.10,1552541477,13932.23,51.48992880,7.40947220,182.91,14.00,0.20,78.44,1,-78.00,-6.00,23.00,13.00,59.00,1.00,26385408,95
688.10,1552541478,13946.22,51.48976570,7.40836985,183.37,14.15,0.14,77.49,1,-78.00,-6.00,23.00,13.00,59.00,1.00,26385408,95
689.10,1552541479,13960.37,51.48979315,7.40859532,184.26,14.21,0.06,77.81,1,-80.00,-6.00,16.00,12.00,57.00,1.00,26385408,95
690.10,1552541480,13974.57,51.48981851,7.40878950,184.71,14.22,0.01,77.42,1,-80.00,-6.00,16.00,12.00,57.00,1.00,26385408,95
691.11,1552541481,13988.89,51.48984557,7.40900383,185.07,14.30,0.08,77.44,1,-78.00,-5.00,22.00,11.00,58.00,1.00,26385408,95
692.11,1552541482,14003.12,51.48987053,7.40919077,185.07,14.33,0.03,77.73,1,-78.00,-5.00,22.00,11.00,58.00,1.00,26385408,95
693.10,1552541483,14017.42,51.48989644,7.40937429,184.47,14.43,0.10,77.55,1,-78.00,-5.00,22.00,11.00,58.00,1.00,26385408,95
694.10,1552541484,14031.85,51.48992419,7.40957628,183.65,14.47,0.04,77.14,1,-76.00,-5.00,39.00,15.00,60.00,1.00,26385408,95
695.10,1552541485,14046.32,51.48995152,7.40977764,182.95,14.25,-0.22,78.07,1,-76.00,-5.00,39.00,15.00,60.00,1.00,26385408,95
696.10,1552541486,14060.58,51.48997856,7.40998738,182.41,14.39,0.14,78.56,1,-79.00,-5.00,21.00,15.00,56.00,1.00,26385408,95
697.10,1552541487,14074.97,51.49000310,7.41020009,181.92,14.17,-0.22,79.11,1,-79.00,-5.00,21.00,15.00,56.00,1.00,26385408,95
698.10,1552541488,14089.14,51.49002793,7.41041601,181.65,14.45,0.28,79.07,1,-78.00,-5.00,22.00,15.00,61.00,1.00,26385408,95
699.10,1552541489,14103.59,51.49004936,7.41059257,181.25,14.33,-0.13,78.62,1,-78.00,-5.00,22.00,15.00,61.00,1.00,26385408,95
