0.09,1552540792,0.00,51.45007317,7.48825054,245.30,9.17,0.00,168.49,1,-96.00,-6.00,11.00,13.00,29.00,7.00,13415170,315
1.01,1552540793,8.38,51.44999442,7.48827979,245.34,9.63,0.51,167.83,1,-96.00,-6.00,11.00,13.00,29.00,7.00,13415170,315
2.01,1552540794,18.01,51.44989492,7.48831607,245.81,10.56,0.93,168.38,1,-98.00,-6.00,12.00,10.00,28.00,7.00,13415170,315
3.01,1552540795,28.57,51.44979602,7.48835163,246.30,10.96,0.40,169.55,1,-98.00,-6.00,12.00,10.00,28.00,7.00,13415170,315
4.01,1552540796,39.54,51.44969461,7.48838074,246.65,11.37,0.41,171.05,1,-95.00,-10.00,13.00,11.00,36.00,7.00,13415170,315
5.01,1552540797,50.92,51.44958572,7.48841164,247.20,11.92,0.55,172.67,1,-95.00,-10.00,13.00,11.00,36.00,7.00,13415170,315
6.01,1552540798,62.84,51.44947222,7.48843221,248.10,12.39,0.47,174.34,1,-96.00,-5.00,14.00,12.00,29.00,7.00,13415170,315
7.01,1552540799,75.24,51.44935898,7.48844954,248.64,12.62,0.23,176.03,1,-96.00,-5.00,14.00,12.00,29.00,7.00,13415170,315
8.01,1552540800,87.85,51.44923408,7.48845541,249.29,12.82,0.20,177.94,1,-99.00,-6.00,11.00,12.00,27.00,7.00,13415170,315
9.01,1552540801,100.67,51.44911599,7.48845452,249.90,13.13,0.31,180.06,1,-99.00,-6.00,11.00,12.00,27.00,7.00,13415170,315
10.01,1552540802,113.80,51.44899811,7.48845048,250.48,13.49,0.35,182.17,1,-102.00,-7.00,9.00,7.00,25.00,7.00,13415170,315
11.01,1552540803,127.29,51.44887425,7.48843593,250.92,13.65,0.16,183.37,1,-102.00,-7.00,9.00,7.00,25.00,7.00,13415170,315
12.01,1552540804,140.93,51.44874638,7.48840430,251.33,13.86,0.22,185.41,1,-104.00,-7.00,7.00,7.00,23.00,7.00,13415170,315
13.01,1552540805,154.81,51.44862659,7.48836586,251.56,13.62,-0.24,187.86,1,-104.00,-7.00,7.00,7.00,23.00,7.00,13415170,315
14.01,1552540806,168.52,51.44849725,7.48831976,251.86,14.05,0.43,189.71,1,-109.00,-9.00,4.00,9.00,21.00,7.00,13415170,315
15.01,1552540807,182.47,51.44822180,7.48848990,251.94,14.12,0.07,191.43,1,-109.00,-9.00,4.00,9.00,21.00,7.00,13415170,315
16.01,1552540808,196.59,51.44822113,7.48820541,252.00,14.24,0.12,192.46,1,-109.00,-9.00,4.00,9.00,21.00,7.00,13415170,315
17.01,1552540809,210.83,51.44810574,7.48814136,252.02,14.40,0.16,193.02,1,-110.00,-10.00,-2.00,7.00,20.00,7.00,13415170,315
18.01,1552540810,225.23,51.44796701,7.48807078,251.89,14.27,-0.13,193.64,1,-110.00,-10.00,-2.00,7.00,20.00,7.00,13415170,315
19.01,1552540811,239.50,51.44784791,7.48800587,251.75,15.03,0.77,193.27,1,-114.00,-12.00,0.00,7.00,18.00,7.00,13415170,315
20.01,1552540812,254.55,51.44773484,7.48795894,251.68,14.28,-0.75,191.50,1,-114.00,-12.00,0.00,7.00,18.00,7.00,13415170,315
21.01,1552540813,268.82,51.44761027,7.48791920,251.72,14.38,0.10,189.24,1,-113.00,-12.00,-2.00,6.00,18.00,7.00,13415170,315
22.01,1552540814,283.22,51.44749591,7.48790114,251.65,14.42,0.04,186.08,1,-113.00,-12.00,-2.00,6.00,18.00,7.00,13415170,315
23.01,1552540815,297.61,51.44737173,7.48789330,251.49,13.96,-0.46,183.07,1,-113.00,-12.00,-3.00,6.00,19.00,7.00,13415170,315
24.01,1552540816,311.59,51.44723838,7.48789644,251.65,15.14,1.18,180.62,1,-113.00,-12.00,-3.00,6.00,19.00,7.00,13415170,315
25.01,1552540817,326.72,51.44710705,7.48791490,252.07,15.11,-0.03,177.40,1,-111.00,-11.00,-2.00,8.00,19.00,7.00,13415170,315
26.01,1552540818,341.81,51.44697073,7.48794457,252.60,15.55,0.44,174.05,1,-111.00,-11.00,-2.00,8.00,19.00,7.00,13415170,315
27.01,1552540819,357.36,51.44682943,7.48798827,252.95,15.81,0.27,170.82,1,-111.00,-11.00,0.00,2.00,29.00,7.00,13415170,315
28.01,1552540820,373.19,51.44668043,7.48804981,253.56,16.26,0.44,167.59,1,-111.00,-11.00,0.00,2.00,29.00,7.00,13415170,315
29.01,1552540821,389.53,51.44655224,7.48812024,254.36,16.32,0.07,164.07,1,-113.00,-13.00,2.00,2.00,19.00,7.00,13415170,315
30.01,1552540822,405.83,51.44642041,7.48820898,255.33,16.52,0.19,160.36,1,-113.00,-13.00,2.00,2.00,19.00,7.00,13415170,315
31.01,1552540823,422.34,51.44629465,7.48831556,256.06,16.30,-0.22,156.41,1,-110.00,-11.00,7.00,2.00,21.00,7.00,13415170,315
32.01,1552540824,438.65,51.44617388,7.48847983,256.43,16.11,-0.19,143.06,1,-110.00,-11.00,7.00,2.00,21.00,7.00,13415170,315
33.01,1552540825,454.75,51.44605266,7.48864085,256.67,16.09,-0.02,142.44,1,-107.00,-10.00,6.00,2.00,22.00,7.00,13415170,315
34.01,1552540826,470.85,51.44594138,7.48880138,256.93,16.09,0.00,141.24,1,-107.00,-10.00,6.00,2.00,22.00,7.00,13415170,315
35.01,1552540827,486.99,51.44614420,7.48930220,257.16,16.00,-0.10,138.81,1,-111.00,-8.00,12.00,2.00,26.00,79.00,13067273,288
36.01,1552540828,502.86,51.44572956,7.48915315,257.64,16.13,0.13,135.98,1,-111.00,-8.00,12.00,2.00,26.00,79.00,13067273,288
37.01,1552540829,518.99,51.44563495,7.48933665,258.05,16.40,0.28,133.59,1,-111.00,-8.00,12.00,2.00,26.00,79.00,13067273,288
38.01,1552540830,535.43,51.44554179,7.48953308,258.49,16.38,-0.02,131.32,1,-111.00,-6.00,8.00,2.00,12.00,79.00,13067273,288
39.01,1552540831,551.81,51.44545282,7.48971993,259.64,15.85,-0.53,129.79,1,-111.00,-6.00,8.00,2.00,12.00,79.00,13067273,288
40.01,1552540832,567.66,51.44536764,7.48990382,260.60,15.33,-0.51,129.33,1,-110.00,-6.00,6.00,2.00,13.00,79.00,13067273,288
41.01,1552540833,582.99,51.44528239,7.49008406,261.48,14.75,-0.58,128.90,1,-110.00,-6.00,6.00,2.00,13.00,79.00,13067273,288
42.01,1552540834,597.76,51.44519957,7.49026199,262.36,14.60,-0.15,128.51,1,-110.00,-6.00,10.00,2.00,14.00,79.00,13067273,288
43.01,1552540835,612.36,51.44513202,7.49042539,263.16,14.37,-0.23,127.82,1,-110.00,-6.00,10.00,2.00,14.00,79.00,13067273,288
44.01,1552540836,626.73,51.44506499,7.49058835,264.47,14.08,-0.29,128.35,1,-111.00,-7.00,7.00,2.00,14.00,79.00,13067273,288
45.01,1552540837,640.81,51.44499289,7.49074355,266.02,13.88,-0.20,129.17,1,-111.00,-7.00,7.00,2.00,14.00,79.00,13067273,288
46.01,1552540838,654.66,51.44491427,7.49090590,267.22,14.21,0.34,129.56,1,-111.00,-8.00,9.00,2.00,15.00,79.00,13067273,288
47.01,1552540839,668.87,51.44483836,7.49106420,268.37,13.75,-0.47,128.46,1,-111.00,-8.00,9.00,2.00,15.00,79.00,13067273,288
48.01,1552540840,682.62,51.44476696,7.49121462,269.35,11.66,-2.08,128.04,1,-112.00,-7.00,7.00,2.00,14.00,79.00,13067273,288
49.01,1552540841,694.27,51.44470941,7.49133696,269.80,9.70,-1.96,128.30,1,-112.00,-7.00,7.00,2.00,14.00,79.00,13067273,288
50.01,1552540842,703.98,51.44467257,7.49142753,269.95,7.87,-1.83,129.00,1,-115.00,-9.00,3.00,2.00,11.00,79.00,13067273,288
51.01,1552540843,711.84,51.44464286,7.49150497,270.32,5.83,-2.04,129.35,1,-115.00,-9.00,3.00,2.00,11.00,79.00,13067273,288
52.01,1552540844,717.68,51.44461734,7.49156620,270.36,3.89,-1.94,129.68,1,-118.00,-10.00,5.00,2.00,9.00,79.00,13067273,288
53.01,1552540845,721.57,51.44460057,7.49160284,270.45,1.62,-2.27,129.15,1,-118.00,-10.00,5.00,2.00,9.00,79.00,13067273,288
54.01,1552540846,723.20,51.44460057,7.49160284,270.47,0.00,-1.62,129.15,1,-120.00,-10.00,4.00,2.00,8.00,79.00,13067273,288
55.01,1552540847,723.20,51.44462770,7.49155120,271.90,0.00,0.00,129.15,1,-120.00,-10.00,4.00,2.00,8.00,79.00,13067273,288
56.02,1552540848,723.20,51.44460057,7.49160284,270.48,0.00,0.00,129.15,1,-119.00,-9.00,5.00,2.00,8.00,79.00,13067273,288
57.01,1552540849,723.20,51.44460057,7.49160284,270.48,0.00,0.00,129.15,1,-119.00,-9.00,5.00,2.00,8.00,79.00,13067273,288
58.01,1552540850,723.20,51.44460057,7.49160284,270.48,0.00,0.00,129.15,1,-119.00,-9.00,5.00,2.00,8.00,79.00,13067273,288
59.01,1552540851,723.20,51.44460057,7.49160284,270.48,0.00,0.00,129.15,1,-118.00,-10.00,5.00,2.00,9.00,79.00,13067273,288
60.01,1552540852,723.20,51.44460057,7.49160284,270.50,0.00,0.00,129.15,1,-118.00,-10.00,5.00,2.00,9.00,79.00,13067273,288
61.01,1552540853,723.20,51.44460057,7.49160284,270.51,0.00,0.00,129.15,1,-118.00,-10.00,6.00,2.00,10.00,79.00,13067273,288
62.01,1552540854,723.20,51.44460057,7.49160284,270.52,0.00,0.00,129.15,1,-118.00,-10.00,6.00,2.00,10.00,79.00,13067273,288
63.01,1552540855,723.20,51.44460057,7.49160284,270.54,0.00,0.00,129.15,1,-118.00,-10.00,5.00,2.00,10.00,79.00,13067273,288
64.01,1552540856,723.20,51.44460057,7.49160284,270.56,0.00,0.00,129.15,1,-118.00,-10.00,5.00,2.00,10.00,79.00,13067273,288
65.01,1552540857,723.20,51.44460057,7.49160284,270.58,0.00,0.00,129.15,1,-118.00,-9.00,5.00,2.00,9.00,79.00,13067273,288
66.01,1552540858,723.20,51.44460057,7.49160284,270.60,0.00,0.00,129.15,1,-118.00,-9.00,5.00,2.00,9.00,79.00,13067273,288
67.01,1552540859,723.20,51.44460057,7.49160284,270.63,0.00,0.00,129.15,1,-119.00,-9.00,6.00,2.00,8.00,79.00,13067273,288
68.01,1552540860,723.20,51.44460057,7.49160284,270.66,0.00,0.00,129.15,1,-119.00,-9.00,6.00,2.00,8.00,79.00,13067273,288
69.01,1552540861,723.20,51.44460057,7.49160284,270.69,0.00,0.00,129.15,1,-119.00,-9.00,7.00,2.00,9.00,79.00,13067273,288
70.01,1552540862,723.20,51.44460057,7.49160284,270.73,0.00,0.00,129.15,1,-119.00,-9.00,7.00,2.00,9.00,79.00,13067273,288
71.01,1552540863,723.20,51.44460057,7.49160284,270.77,0.00,0.00,129.15,1,-119.00,-10.00,6.00,2.00,10.00,79.00,13067273,288
72.01,1552540864,723.20,51.44460057,7.49160284,270.80,0.00,0.00,129.15,1,-119.00,-10.00,6.00,2.00,10.00,79.00,13067273,288
73.01,1552540865,723.20,51.44460057,7.49160284,270.84,0.00,0.00,129.15,1,-119.00,-10.00,6.00,2.00,10.00,79.00,13067273,288
74.01,1552540866,723.20,51.44460057,7.49160284,270.88,0.00,0.00,129.15,1,-119.00,-10.00,6.00,2.00,10.00,79.00,13067273,288
75.01,1552540867,723.20,51.44463260,7.49154390,271.90,0.00,0.00,129.15,1,-118.00,-10.00,4.00,2.00,9.00,79.00,13067273,288
76.01,1552540868,723.20,51.44460057,7.49160284,270.93,0.00,0.00,129.15,1,-118.00,-10.00,4.00,2.00,9.00,79.00,13067273,288
77.02,1552540869,723.20,51.44460057,7.49160284,270.94,0.00,0.00,129.15,1,-119.00,-10.00,4.00,2.00,9.00,79.00,13067273,288
78.01,1552540870,723.20,51.44460057,7.49160284,270.95,0.00,0.00,129.15,1,-119.00,-10.00,4.00,2.00,9.00,79.00,13067273,288
79.01,1552540871,723.20,51.44460057,7.49160284,270.96,0.00,0.00,129.15,1,-119.00,-10.00,4.00,2.00,9.00,79.00,13067273,288
80.01,1552540872,723.20,51.44460057,7.49160284,270.96,0.00,0.00,129.15,1,-119.00,-9.00,4.00,2.00,9.00,79.00,13067273,288
81.01,1552540873,723.20,51.44460050,7.49160295,270.95,0.00,0.00,129.15,1,-119.00,-9.00,4.00,2.00,9.00,79.00,13067273,288
82.01,1552540874,723.20,51.44458410,7.49162977,270.91,0.00,0.00,126.27,1,-119.00,-9.00,4.00,2.00,9.00,79.00,13067273,288
83.01,1552540875,723.20,51.44456517,7.49167096,270.83,0.00,0.00,126.73,1,-119.00,-9.00,4.00,2.00,9.00,79.00,13067273,288
84.01,1552540876,723.20,51.44452953,7.49171338,269.82,2.82,0.00,147.75,1,-119.00,-10.00,7.00,2.00,8.00,79.00,13067273,288
85.01,1552540877,726.01,51.44448384,7.49171404,269.04,4.52,1.71,177.60,1,-119.00,-10.00,7.00,2.00,8.00,79.00,13067273,288
86.01,1552540878,730.53,51.44442155,7.49170833,268.45,5.46,0.94,185.37,1,-118.00,-9.00,5.00,2.00,9.00,79.00,13067273,288
87.01,1552540879,735.99,51.44436660,7.49164180,268.07,6.49,1.03,213.72,1,-118.00,-9.00,5.00,2.00,9.00,79.00,13067273,288
88.01,1552540880,742.48,51.44428833,7.49156743,268.16,7.63,1.14,213.72,1,-117.00,-8.00,6.00,2.00,10.00,79.00,13067273,288
89.01,1552540881,750.12,51.44419365,7.49146477,268.56,11.27,3.63,216.02,1,-117.00,-8.00,6.00,2.00,10.00,79.00,13067273,288
90.01,1552540882,761.39,51.44409793,7.49135427,269.25,12.73,1.46,215.92,1,-116.00,-9.00,5.00,2.00,10.00,79.00,13067273,288
91.01,1552540883,774.10,51.44399414,7.49123306,270.36,13.78,1.05,215.55,1,-116.00,-9.00,5.00,2.00,10.00,79.00,13067273,288
92.01,1552540884,787.90,51.44389088,7.49111581,271.60,13.82,0.04,215.14,1,-116.00,-9.00,-7.00,2.00,10.00,79.00,13067273,288
93.01,1552540885,801.71,51.44378833,7.49099437,272.61,13.85,0.02,215.97,1,-116.00,-9.00,-7.00,2.00,10.00,79.00,13067273,288
94.01,1552540886,815.56,51.44368692,7.49088109,272.38,14.09,0.24,216.43,1,-117.00,-10.00,-9.00,2.00,10.00,79.00,13067273,288
95.01,1552540887,829.65,51.44440100,7.49168160,271.87,14.10,0.00,216.61,1,-117.00,-10.00,-9.00,2.00,10.00,79.00,13067273,288
96.01,1552540888,843.66,51.44346899,7.49062613,271.31,14.10,0.00,216.28,1,-110.00,-10.00,1.00,2.00,29.00,23.00,13417219,440
97.01,1552540889,857.76,51.44336599,7.49050124,270.78,14.05,-0.05,216.25,1,-110.00,-10.00,1.00,2.00,29.00,23.00,13417219,440
98.02,1552540890,871.94,51.44326158,7.49037744,270.67,14.24,0.19,216.27,1,-111.00,-11.00,-1.00,2.00,19.00,23.00,13417219,440
99.01,1552540891,886.06,51.44315766,7.49025752,270.96,14.62,0.38,216.22,1,-111.00,-11.00,-1.00,2.00,19.00,23.00,13417219,440
100.01,1552540892,900.68,51.44304750,7.49012454,271.97,14.99,0.36,216.13,1,-111.00,-11.00,-1.00,2.00,19.00,23.00,13417219,440
101.01,1552540893,915.68,51.44293518,7.48999381,273.20,15.40,0.41,216.38,1,-112.00,-11.00,0.00,6.00,20.00,22.00,13417219,440
102.01,1552540894,931.08,51.44282569,7.48986235,274.18,15.46,0.06,215.72,1,-112.00,-11.00,0.00,6.00,20.00,22.00,13417219,440
103.01,1552540895,946.56,51.44271516,7.48973367,275.13,14.98,-0.48,216.41,1,-109.00,-11.00,-1.00,7.00,22.00,22.00,13417219,440
104.01,1552540896,961.54,51.44260422,7.48960000,276.26,14.71,-0.27,217.17,1,-109.00,-11.00,-1.00,7.00,22.00,22.00,13417219,440
105.01,1552540897,976.22,51.44249590,7.48946791,277.30,14.85,0.14,217.16,1,-106.00,-10.00,-5.00,8.00,22.00,22.00,13417219,440
106.01,1552540898,991.08,51.44239297,7.48934401,278.30,14.91,0.06,217.60,1,-106.00,-10.00,-5.00,8.00,22.00,22.00,13417219,440
107.01,1552540899,1005.98,51.44227971,7.48920750,279.18,15.94,1.04,216.82,1,-102.00,-8.00,-4.00,8.00,26.00,22.00,13417219,440
108.01,1552540900,1021.92,51.44216654,7.48907322,280.06,15.09,-0.86,217.55,1,-102.00,-8.00,-4.00,8.00,26.00,22.00,13417219,440
109.01,1552540901,1037.01,51.44207191,7.48895736,280.41,14.97,-0.11,218.12,1,-102.00,-7.00,8.00,11.00,25.00,22.00,13417219,440
110.01,1552540902,1052.00,51.44196889,7.48881221,280.77,14.94,-0.03,219.39,1,-102.00,-7.00,8.00,11.00,25.00,22.00,13417219,440
111.01,1552540903,1066.94,51.44188197,7.48868530,280.75,14.89,-0.05,221.07,1,-105.00,-12.00,-10.00,7.00,26.00,22.00,13417219,440
112.01,1552540904,1081.83,51.44179357,7.48854370,280.86,15.04,0.14,223.48,1,-105.00,-12.00,-10.00,7.00,26.00,22.00,13417219,440
113.01,1552540905,1096.85,51.44169914,7.48837638,280.82,15.24,0.20,225.54,1,-100.00,-15.00,-8.00,7.00,33.00,22.00,13417219,440
114.01,1552540906,1112.09,51.44160329,7.48819295,281.15,14.61,-0.63,227.04,1,-100.00,-15.00,-8.00,7.00,33.00,22.00,13417219,440
115.01,1552540907,1126.70,51.44148260,7.48783560,281.52,15.06,0.45,228.36,1,-101.00,-11.00,-6.00,6.00,31.00,22.00,13417219,440
116.01,1552540908,1141.77,51.44142722,7.48783736,281.82,14.63,-0.43,229.92,1,-101.00,-11.00,-6.00,6.00,31.00,22.00,13417219,440
117.01,1552540909,1156.41,51.44134209,7.48765848,281.85,15.31,0.68,230.97,1,-96.00,-8.00,11.00,7.00,31.00,22.00,13417219,440
118.01,1552540910,1171.72,51.44126289,7.48748304,281.55,15.18,-0.13,231.71,1,-96.00,-8.00,11.00,7.00,31.00,22.00,13417219,440
119.02,1552540911,1187.04,51.44118687,7.48730770,281.18,14.81,-0.37,232.63,1,-98.00,-6.00,13.00,12.00,28.00,22.00,13417219,440
120.01,1552540912,1201.70,51.44111413,7.48713922,280.67,14.78,-0.02,232.30,1,-98.00,-6.00,13.00,12.00,28.00,22.00,13417219,440
121.01,1552540913,1216.48,51.44103880,7.48697225,280.48,14.41,-0.37,232.15,1,-98.00,-6.00,13.00,12.00,28.00,22.00,13417219,440
122.01,1552540914,1230.90,51.44095954,7.48679889,279.96,14.34,-0.07,231.63,1,-97.00,-6.00,7.00,9.00,29.00,22.00,13417219,440
123.00,1552540915,1245.20,51.44088121,7.48662889,279.55,14.30,-0.04,232.33,1,-97.00,-6.00,7.00,9.00,29.00,22.00,13417219,440
124.01,1552540916,1259.54,51.44080906,7.48646306,279.56,14.24,-0.06,232.85,1,-97.00,-12.00,10.00,8.00,36.00,22.00,13417219,440
125.01,1552540917,1273.80,51.44073934,7.48631398,279.60,13.52,-0.72,232.26,1,-97.00,-12.00,10.00,8.00,36.00,22.00,13417219,440
126.01,1552540918,1287.32,51.44066668,7.48616026,279.28,13.26,-0.25,232.30,1,-99.00,-10.00,7.00,9.00,30.00,22.00,13417219,440
127.01,1552540919,1300.55,51.44058730,7.48598245,279.46,13.86,0.60,232.74,1,-99.00,-10.00,7.00,9.00,30.00,22.00,13417219,440
128.01,1552540920,1314.46,51.44051006,7.48582027,279.56,13.94,0.07,233.01,1,-95.00,-10.00,5.00,8.00,32.00,22.00,13417219,440
129.01,1552540921,1328.34,51.44043056,7.48565099,279.41,14.22,0.29,232.37,1,-95.00,-10.00,5.00,8.00,32.00,22.00,13417219,440
130.01,1552540922,1342.57,51.44035741,7.48549458,278.94,14.44,0.21,232.26,1,-95.00,-7.00,5.00,9.00,31.00,22.00,13417219,440
131.01,1552540923,1357.01,51.44027751,7.48532702,279.09,14.35,-0.09,233.25,1,-95.00,-7.00,5.00,9.00,31.00,22.00,13417219,440
132.01,1552540924,1371.34,51.44019969,7.48516015,279.43,14.37,0.03,233.23,1,-93.00,-5.00,12.00,8.00,33.00,22.00,13417219,440
133.01,1552540925,1385.73,51.44012573,7.48500066,279.69,14.37,-0.00,233.05,1,-93.00,-5.00,12.00,8.00,33.00,22.00,13417219,440
134.01,1552540926,1400.11,51.44005094,7.48483368,279.94,14.65,0.28,233.21,1,-95.00,-6.00,12.00,10.00,32.00,22.00,13417219,440
135.01,1552540927,1414.74,51.44082360,7.48520840,280.29,15.04,0.39,233.71,1,-95.00,-6.00,12.00,10.00,32.00,22.00,13417219,440
136.01,1552540928,1429.79,51.43989310,7.48447684,280.43,14.66,-0.37,233.85,1,-100.00,-8.00,10.00,7.00,28.00,22.00,13417219,440
137.01,1552540929,1444.44,51.43981630,7.48430785,280.61,15.03,0.36,233.04,1,-100.00,-8.00,10.00,7.00,28.00,22.00,13417219,440
138.00,1552540930,1459.42,51.43973060,7.48412524,281.19,14.94,-0.08,233.66,1,-101.00,-8.00,2.00,8.00,30.00,22.00,13417219,440
139.01,1552540931,1474.40,51.43964967,7.48394822,282.05,15.18,0.24,234.44,1,-101.00,-8.00,2.00,8.00,30.00,22.00,13417219,440
140.02,1552540932,1489.72,51.43957085,7.48377365,282.56,14.83,-0.35,235.03,1,-99.00,-10.00,5.00,2.00,39.00,22.00,13417219,440
141.01,1552540933,1504.43,51.43948686,7.48357810,283.05,15.58,0.76,236.01,1,-99.00,-10.00,5.00,2.00,39.00,22.00,13417219,440
142.01,1552540934,1519.99,51.43940486,7.48338001,283.15,15.99,0.41,236.81,1,-99.00,-10.00,5.00,2.00,39.00,22.00,13417219,440
143.01,1552540935,1536.04,51.43932774,7.48319348,283.13,16.04,0.05,237.60,1,-100.00,-9.00,3.00,2.00,28.00,22.00,13417219,440
144.01,1552540936,1552.10,51.43924629,7.48297546,283.51,16.34,0.29,238.04,1,-100.00,-9.00,3.00,2.00,28.00,22.00,13417219,440
145.01,1552540937,1568.42,51.43917319,7.48277349,283.99,16.27,-0.07,239.14,1,-99.00,-9.00,5.00,2.00,29.00,22.00,13417219,440
146.01,1552540938,1584.69,51.43909944,7.48256672,284.60,16.18,-0.09,240.06,1,-99.00,-9.00,5.00,2.00,29.00,22.00,13417219,440
147.01,1552540939,1600.87,51.43902620,7.48235139,285.11,16.35,0.17,241.04,1,-99.00,-8.00,12.00,2.00,29.00,22.00,13417219,440
148.01,1552540940,1617.23,51.43895462,7.48213974,285.80,16.50,0.15,241.25,1,-99.00,-8.00,12.00,2.00,29.00,22.00,13417219,440
149.01,1552540941,1633.68,51.43889275,7.48195905,286.00,15.58,-0.92,240.28,1,-97.00,-7.00,8.00,2.00,30.00,22.00,13417219,440
150.01,1552540942,1649.26,51.43882417,7.48175372,285.77,16.07,0.49,240.52,1,-97.00,-7.00,8.00,2.00,30.00,22.00,13417219,440
151.01,1552540943,1665.35,51.43874921,7.48154228,285.84,16.08,0.01,240.21,1,-96.00,-7.00,10.00,2.00,30.00,22.00,13417219,440
152.01,1552540944,1681.41,51.43866891,7.48131989,285.85,15.98,-0.10,239.70,1,-96.00,-7.00,10.00,2.00,30.00,22.00,13417219,440
153.01,1552540945,1697.39,51.43859533,7.48112598,285.32,16.32,0.34,240.60,1,-96.00,-7.00,13.00,2.00,30.00,22.00,13417219,440
154.01,1552540946,1713.73,51.43852635,7.48092845,284.75,16.40,0.08,240.41,1,-96.00,-7.00,13.00,2.00,30.00,22.00,13417219,440
155.01,1552540947,1730.08,51.43845976,7.48072285,284.51,16.55,0.15,240.88,1,-96.00,-7.00,13.00,2.00,30.00,22.00,13417219,440
156.01,1552540948,1746.63,51.43838308,7.48050439,284.39,16.54,-0.01,240.72,1,-96.00,-7.00,13.00,2.00,30.00,22.00,13417219,440
157.01,1552540949,1763.19,51.43831191,7.48028992,284.14,16.51,-0.03,241.08,1,-95.00,-6.00,3.00,2.00,29.00,22.00,13417219,440
158.01,1552540950,1779.70,51.43824297,7.48009618,283.86,16.25,-0.26,241.77,1,-95.00,-6.00,3.00,2.00,29.00,22.00,13417219,440
159.01,1552540951,1795.95,51.43817150,7.47988708,283.82,15.95,-0.30,240.96,1,-98.00,-7.00,8.00,2.00,29.00,22.00,13417219,440
160.01,1552540952,1811.90,51.43809692,7.47966735,283.74,16.23,0.28,241.66,1,-98.00,-7.00,8.00,2.00,29.00,22.00,13417219,440
161.02,1552540953,1828.28,51.43802647,7.47945886,283.87,15.54,-0.68,241.28,1,-95.00,-8.00,5.00,13.00,32.00,22.00,13417219,440
162.01,1552540954,1843.70,51.43796002,7.47925955,283.79,15.79,0.24,240.97,1,-95.00,-8.00,5.00,13.00,32.00,22.00,13417219,440
163.01,1552540955,1859.45,51.43789315,7.47906364,283.40,14.87,-0.92,240.31,1,-95.00,-8.00,5.00,13.00,32.00,22.00,13417219,440
164.01,1552540956,1874.34,51.43783054,7.47887163,283.10,15.16,0.29,240.31,1,-93.00,-7.00,8.00,8.00,33.00,22.00,13417219,440
165.01,1552540957,1889.50,51.43776339,7.47866835,282.72,14.59,-0.57,240.67,1,-93.00,-7.00,8.00,8.00,33.00,22.00,13417219,440
166.01,1552540958,1904.10,51.43769584,7.47847026,281.82,14.77,0.18,241.30,1,-92.00,-7.00,10.00,12.00,35.00,22.00,13417219,440
167.01,1552540959,1918.87,51.43763168,7.47826038,280.95,14.53,-0.24,242.18,1,-92.00,-7.00,10.00,12.00,35.00,22.00,13417219,440
168.01,1552540960,1933.40,51.43756807,7.47806265,280.47,14.38,-0.15,241.78,1,-93.00,-8.00,4.00,9.00,33.00,22.00,13417219,440
169.01,1552540961,1947.79,51.43750131,7.47787111,280.57,14.83,0.45,241.38,1,-93.00,-8.00,4.00,9.00,33.00,22.00,13417219,440
170.01,1552540962,1962.62,51.43744141,7.47769521,281.15,13.94,-0.90,241.63,1,-88.00,-6.00,5.00,11.00,37.00,22.00,13417219,440
171.01,1552540963,1976.56,51.43738222,7.47751233,281.67,13.98,0.05,242.43,1,-88.00,-6.00,5.00,11.00,37.00,22.00,13417219,440
172.01,1552540964,1990.55,51.43732247,7.47731805,282.29,14.56,0.58,241.83,1,-89.00,-6.00,16.00,11.00,40.00,19.00,13523715,6
173.01,1552540965,2005.11,51.43726835,7.47714134,282.76,13.92,-0.64,242.23,1,-89.00,-6.00,16.00,11.00,40.00,19.00,13523715,6
174.01,1552540966,2019.04,51.43722138,7.47696763,283.71,13.63,-0.29,244.63,1,-90.00,-7.00,8.00,14.00,37.00,19.00,13523715,6
175.01,1552540967,2032.67,51.43718867,7.47677135,284.24,13.16,-0.47,257.35,1,-90.00,-7.00,8.00,14.00,37.00,19.00,13523715,6
176.01,1552540968,2045.81,51.43716828,7.47657999,284.50,12.94,-0.22,260.99,1,-90.00,-7.00,8.00,2.00,36.00,19.00,13523715,6
177.01,1552540969,2058.75,51.43718697,7.47638602,285.00,11.26,-1.68,281.21,1,-90.00,-7.00,8.00,2.00,36.00,19.00,13523715,6
178.01,1552540970,2070.03,51.43723604,7.47624271,285.73,10.03,-1.23,299.48,1,-89.00,-6.00,13.00,2.00,36.00,19.00,13523715,6
179.01,1552540971,2080.04,51.43730381,7.47612973,286.40,9.23,-0.79,316.87,1,-89.00,-6.00,13.00,2.00,36.00,19.00,13523715,6
180.01,1552540972,2089.28,51.43738312,7.47611062,287.15,9.06,-0.18,359.06,1,-91.00,-6.00,6.00,2.00,35.00,19.00,13523715,6
181.01,1552540973,2098.34,51.43746653,7.47613748,287.42,8.38,-0.68,15.01,1,-91.00,-6.00,6.00,2.00,35.00,19.00,13523715,6
182.02,1552540974,2106.79,51.43753824,7.47620604,287.51,8.41,0.03,32.62,1,-94.00,-7.00,10.00,2.00,33.00,19.00,13523715,6
183.01,1552540975,2115.13,51.43761329,7.47632120,287.28,9.55,1.14,48.49,1,-94.00,-7.00,10.00,2.00,33.00,19.00,13523715,6
184.01,1552540976,2124.69,51.43768857,7.47646481,287.28,11.87,2.33,50.09,1,-94.00,-7.00,10.00,2.00,33.00,19.00,13523715,6
185.01,1552540977,2136.55,51.43776124,7.47662396,286.84,13.50,1.62,51.46,1,-95.00,-7.00,9.00,2.00,32.00,19.00,13523715,6
186.01,1552540978,2150.05,51.43784007,7.47679384,286.47,14.97,1.47,51.99,1,-95.00,-7.00,9.00,2.00,32.00,19.00,13523715,6
187.01,1552540979,2165.02,51.43792609,7.47698630,286.13,16.44,1.47,52.82,1,-95.00,-6.00,8.00,2.00,31.00,19.00,13523715,6
188.01,1552540980,2181.51,51.43803677,7.47720757,285.50,17.33,0.89,53.49,1,-95.00,-6.00,8.00,2.00,31.00,19.00,13523715,6
189.01,1552540981,2198.79,51.43812043,7.47740890,285.54,18.66,1.33,54.01,1,-95.00,-7.00,2.00,2.00,31.00,19.00,13523715,6
190.01,1552540982,2217.46,51.43821719,7.47763723,286.01,19.66,1.00,54.72,1,-95.00,-7.00,2.00,2.00,31.00,19.00,13523715,6
191.01,1552540983,2237.10,51.43831585,7.47787867,285.92,20.33,0.67,55.58,1,-95.00,-7.00,7.00,2.00,31.00,19.00,13523715,6
192.01,1552540984,2257.43,51.43843535,7.47815162,285.55,22.11,1.79,55.44,1,-95.00,-7.00,7.00,2.00,31.00,19.00,13523715,6
193.01,1552540985,2279.54,51.43853924,7.47841268,285.65,22.06,-0.05,57.06,1,-97.00,-7.00,-3.00,2.00,31.00,19.00,13523715,6
194.01,1552540986,2301.60,51.43863758,7.47866811,285.77,22.95,0.89,56.83,1,-97.00,-7.00,-3.00,2.00,31.00,19.00,13523715,6
195.01,1552540987,2324.58,51.43874756,7.47894642,285.66,23.60,0.64,57.05,1,-100.00,-8.00,0.00,2.00,28.00,19.00,13523715,6
196.01,1552540988,2348.15,51.43885835,7.47923269,285.57,23.82,0.22,57.20,1,-100.00,-8.00,0.00,2.00,28.00,19.00,13523715,6
197.01,1552540989,2371.97,51.43897772,7.47953077,285.51,24.56,0.74,55.57,1,-102.00,-9.00,-5.00,2.00,27.00,19.00,13523715,6
198.01,1552540990,2396.53,51.43909933,7.47981993,285.41,24.79,0.23,55.66,1,-102.00,-9.00,-5.00,2.00,27.00,19.00,13523715,6
199.01,1552540991,2421.30,51.43922692,7.48012444,285.24,25.60,0.81,54.86,1,-103.00,-9.00,0.00,2.00,26.00,19.00,13523715,6
200.01,1552540992,2446.92,51.43935452,7.48040841,284.72,25.01,-0.59,53.62,1,-103.00,-9.00,0.00,2.00,26.00,19.00,13523715,6
201.01,1552540993,2471.92,51.43948451,7.48069596,284.40,24.45,-0.56,52.65,1,-102.00,-7.00,6.00,2.00,24.00,22.00,13417219,440
202.01,1552540994,2496.40,51.43961889,7.48096822,283.61,23.95,-0.50,52.49,1,-102.00,-7.00,6.00,2.00,24.00,22.00,13417219,440
203.02,1552540995,2520.52,51.43975202,7.48124352,282.95,23.55,-0.40,51.70,1,-104.00,-8.00,5.00,2.00,23.00,22.00,13417219,440
204.01,1552540996,2543.88,51.43988580,7.48150878,282.51,23.63,0.08,50.48,1,-104.00,-8.00,5.00,2.00,23.00,22.00,13417219,440
205.01,1552540997,2567.51,51.44001882,7.48177743,281.82,23.44,-0.19,50.41,1,-104.00,-8.00,5.00,2.00,23.00,22.00,13417219,440
206.01,1552540998,2590.97,51.44016788,7.48202408,280.88,24.02,0.58,45.64,1,-106.00,-9.00,-2.00,2.00,22.00,22.00,13417219,440
207.01,1552540999,2614.97,51.44032265,7.48226136,280.49,23.98,-0.04,43.78,1,-106.00,-9.00,-2.00,2.00,22.00,22.00,13417219,440
208.01,1552541000,2638.99,51.44047780,7.48249352,280.35,23.67,-0.31,42.55,1,-109.00,-12.00,-5.00,2.00,23.00,22.00,13417219,440
209.01,1552541001,2662.66,51.44063247,7.48271710,280.08,23.23,-0.43,41.24,1,-109.00,-12.00,-5.00,2.00,23.00,22.00,13417219,440
210.01,1552541002,2685.87,51.44078993,7.48293517,279.83,23.32,0.08,40.17,1,-109.00,-13.00,-5.00,2.00,24.00,22.00,13417219,440
211.01,1552541003,2709.19,51.44095020,7.48314388,279.36,23.68,0.37,38.82,1,-109.00,-13.00,-5.00,2.00,24.00,22.00,13417219,440
212.01,1552541004,2732.87,51.44111798,7.48334873,278.96,23.81,0.13,36.98,1,-109.00,-13.00,-9.00,2.00,24.00,22.00,13417219,440
213.01,1552541005,2756.68,51.44128913,7.48354938,279.07,23.67,-0.14,35.42,1,-109.00,-13.00,-9.00,2.00,24.00,22.00,13417219,440
214.01,1552541006,2780.46,51.44146582,7.48373801,279.02,23.84,0.17,33.17,1,-112.00,-16.00,-9.00,2.00,24.00,22.00,13417219,440
215.01,1552541007,2804.13,51.44164669,7.48391775,278.88,23.96,0.13,31.47,1,-112.00,-16.00,-9.00,2.00,24.00,22.00,13417219,440
216.01,1552541008,2828.24,51.44183396,7.48409456,278.80,24.07,0.11,30.34,1,-111.00,-15.00,-8.00,2.00,24.00,22.00,13417219,440
217.01,1552541009,2852.31,51.44203032,7.48426327,278.76,24.57,0.50,27.95,1,-111.00,-15.00,-8.00,2.00,24.00,22.00,13417219,440
218.01,1552541010,2876.88,51.44223159,7.48442794,278.62,24.93,0.36,26.81,1,-111.00,-14.00,-5.00,2.00,23.00,22.00,13417219,440
219.01,1552541011,2901.80,51.44242854,7.48459079,278.44,24.77,-0.16,26.21,1,-111.00,-14.00,-5.00,2.00,23.00,22.00,13417219,440
220.01,1552541012,2926.60,51.44262699,7.48475025,278.23,24.37,-0.40,25.79,1,-111.00,-14.00,-11.00,2.00,23.00,22.00,13417219,440
221.01,1552541013,2950.95,51.44282807,7.48490172,277.84,24.55,0.18,24.36,1,-111.00,-14.00,-11.00,2.00,23.00,22.00,13417219,440
222.01,1552541014,2975.49,51.44302806,7.48505121,277.13,24.33,-0.22,23.81,1,-112.00,-15.00,-10.00,2.00,23.00,22.00,13417219,440
223.01,1552541015,2999.80,51.44322572,7.48519727,276.19,23.91,-0.42,23.53,1,-112.00,-15.00,-10.00,2.00,23.00,22.00,13417219,440
224.01,1552541016,3023.59,51.44341244,7.48532929,275.39,23.31,-0.60,23.19,1,-113.00,-16.00,-11.00,2.00,23.00,22.00,13415170,315
225.01,1552541017,3046.91,51.44359926,7.48545945,274.53,22.43,-0.89,22.56,1,-113.00,-16.00,-11.00,2.00,23.00,22.00,13415170,315
226.02,1552541018,3069.65,51.44377875,7.48557692,273.75,21.18,-1.23,21.89,1,-114.00,-17.00,-8.00,2.00,23.00,22.00,13415170,315
227.01,1552541019,3090.63,51.44394795,7.48568709,273.03,19.76,-1.43,21.82,1,-114.00,-17.00,-8.00,2.00,23.00,22.00,13415170,315
228.01,1552541020,3110.38,51.44410888,7.48579022,272.25,18.34,-1.43,21.15,1,-114.00,-17.00,-8.00,2.00,23.00,22.00,13415170,315
229.01,1552541021,3128.72,51.44425384,7.48588376,271.41,16.88,-1.46,22.06,1,-113.00,-15.00,1.00,2.00,22.00,22.00,13415170,315
230.01,1552541022,3145.60,51.44439078,7.48598246,270.65,15.68,-1.19,24.89,1,-113.00,-15.00,1.00,2.00,22.00,22.00,13415170,315
231.01,1552541023,3161.27,51.44451815,7.48612061,269.11,14.62,-1.07,38.61,1,-113.00,-14.00,1.00,2.00,22.00,22.00,13415170,315
232.01,1552541024,3175.89,51.44461251,7.48625311,267.88,13.33,-1.29,41.60,1,-113.00,-14.00,1.00,2.00,22.00,22.00,13415170,315
233.01,1552541025,3189.19,51.44466954,7.48640839,266.69,12.96,-0.37,57.73,1,-111.00,-11.00,-8.00,2.00,20.00,22.00,13415170,315
234.01,1552541026,3202.17,51.44472236,7.48657670,266.35,13.09,0.12,61.60,1,-111.00,-11.00,-8.00,2.00,20.00,22.00,13415170,315
235.02,1552541027,3215.35,51.44472942,7.48676800,265.61,12.39,-0.69,88.49,1,-115.00,-13.00,-9.00,2.00,19.00,22.00,13415170,315
236.01,1552541028,3227.72,51.44470612,7.48697385,264.39,13.17,0.78,103.68,1,-115.00,-13.00,-9.00,2.00,19.00,22.00,13415170,315
237.01,1552541029,3240.81,51.44465645,7.48714383,263.29,13.60,0.43,119.31,1,-112.00,-7.00,-6.00,2.00,20.00,80.00,13067273,288
238.01,1552541030,3254.40,51.44458153,7.48729214,262.28,13.37,-0.23,134.39,1,-112.00,-7.00,-6.00,2.00,20.00,80.00,13067273,288
239.01,1552541031,3267.79,51.44448454,7.48741395,261.64,13.04,-0.33,147.35,1,-117.00,-9.00,-10.00,2.00,10.00,80.00,13067273,288
240.01,1552541032,3280.85,51.44437656,7.48748617,261.14,13.21,0.16,160.34,1,-117.00,-9.00,-10.00,2.00,10.00,80.00,13067273,288
241.01,1552541033,3294.07,51.44426654,7.48751884,260.68,13.36,0.16,173.32,1,-120.00,-14.00,-13.00,2.00,13.00,80.00,13067273,288
242.01,1552541034,3307.41,51.44415064,7.48750417,260.16,12.56,-0.80,188.31,1,-120.00,-14.00,-13.00,2.00,13.00,80.00,13067273,288
243.01,1552541035,3319.95,51.44404596,7.48743304,259.68,13.36,0.80,205.77,1,-121.00,-16.00,-16.00,3.00,15.00,79.00,13067273,288
244.01,1552541036,3333.30,51.44394492,7.48734077,259.39,13.65,0.29,209.74,1,-121.00,-16.00,-16.00,3.00,15.00,79.00,13067273,288
245.01,1552541037,3346.96,51.44386882,7.48719156,259.22,13.70,0.05,234.58,1,-123.00,-19.00,-16.00,3.00,14.00,79.00,13067273,288
246.01,1552541038,3360.66,51.44381685,7.48701696,259.32,13.51,-0.19,248.86,1,-123.00,-19.00,-16.00,3.00,14.00,79.00,13067273,288
247.02,1552541039,3374.29,51.44379320,7.48681956,259.27,14.00,0.48,261.62,1,-124.00,-16.00,-10.00,4.00,13.00,79.00,13067273,288
248.00,1552541040,3388.12,51.44378050,7.48661986,259.23,14.66,0.67,263.74,1,-124.00,-16.00,-10.00,4.00,13.00,79.00,13067273,288
249.01,1552541041,3402.84,51.44376343,7.48637214,259.92,15.97,1.30,265.65,1,-124.00,-16.00,-10.00,4.00,13.00,79.00,13067273,288
250.01,1552541042,3418.82,51.44375017,7.48614842,260.34,16.70,0.73,266.55,1,-121.00,-13.00,-6.00,5.00,8.00,79.00,13067273,288
251.01,1552541043,3435.52,51.44374131,7.48588601,260.78,18.14,1.44,266.98,1,-121.00,-13.00,-6.00,5.00,8.00,79.00,13067273,288
252.01,1552541044,3453.67,51.44373311,7.48561436,261.14,19.28,1.14,267.66,1,-118.00,-11.00,-4.00,7.00,9.00,79.00,13067273,288
253.01,1552541045,3472.93,51.44373273,7.48533810,261.14,19.56,0.28,268.81,1,-118.00,-11.00,-4.00,7.00,9.00,79.00,13067273,288
254.01,1552541046,3492.50,51.44372874,7.48505585,261.13,19.28,-0.28,267.61,1,-122.00,-16.00,-9.00,2.00,23.00,79.00,13318915,344
255.01,1552541047,3511.76,51.44372475,7.48475268,262.10,20.23,0.95,268.06,1,-122.00,-16.00,-9.00,2.00,23.00,79.00,13318915,344
256.01,1552541048,3531.98,51.44371892,7.48445373,262.13,21.20,0.97,268.46,1,-113.00,-14.00,-9.00,4.00,20.00,25.00,13417219,440
257.01,1552541049,3553.18,51.44232140,7.48834720,262.44,21.41,0.21,268.98,1,-113.00,-14.00,-9.00,4.00,20.00,25.00,13417219,440
258.01,1552541050,3574.55,51.44371126,7.48382822,262.24,21.93,0.51,268.64,1,-114.00,-17.00,-9.00,3.00,22.00,25.00,13417219,440
259.01,1552541051,3596.61,51.44370546,7.48350584,261.95,22.24,0.31,268.79,1,-114.00,-17.00,-9.00,3.00,22.00,25.00,13417219,440
260.00,1552541052,3618.70,51.44369921,7.48317622,261.75,22.60,0.36,268.05,1,-113.00,-16.00,-8.00,5.00,21.00,66.00,13177857,26
261.01,1552541053,3641.39,51.44368972,7.48284571,261.89,22.84,0.24,267.65,1,-113.00,-16.00,-8.00,5.00,21.00,66.00,13177857,26
262.01,1552541054,3664.21,51.44367920,7.48250832,262.25,23.74,0.90,267.22,1,-114.00,-15.00,-5.00,4.00,21.00,66.00,13177857,26
263.01,1552541055,3687.99,51.44366651,7.48216061,262.58,24.93,1.19,266.84,1,-114.00,-15.00,-5.00,4.00,21.00,66.00,13177857,26
264.01,1552541056,3712.90,51.44365786,7.48180862,262.73,25.86,0.92,266.74,1,-111.00,-15.00,-4.00,5.00,24.00,66.00,13177857,26
265.01,1552541057,3738.79,51.44364578,7.48142105,262.89,26.71,0.85,266.92,1,-111.00,-15.00,-4.00,5.00,24.00,66.00,13177857,26
266.01,1552541058,3765.52,51.44362713,7.48102443,262.92,27.75,1.04,265.65,1,-114.00,-17.00,-6.00,3.00,22.00,66.00,13177857,26
267.01,1552541059,3793.33,51.44360950,7.48061538,262.79,28.07,0.31,265.64,1,-114.00,-17.00,-6.00,3.00,22.00,66.00,13177857,26
268.01,1552541060,3821.37,51.44358799,7.48021702,262.58,28.62,0.55,263.96,1,-112.00,-8.00,0.00,8.00,12.00,81.00,13067273,288
269.01,1552541061,3849.93,51.44355836,7.47980443,262.44,28.86,0.25,262.82,1,-112.00,-8.00,0.00,8.00,12.00,81.00,13067273,288
270.01,1552541062,3878.73,51.44352963,7.47939805,262.31,28.95,0.09,262.86,1,-112.00,-8.00,0.00,8.00,12.00,81.00,13067273,288
271.01,1552541063,3907.77,51.44349578,7.47897264,262.69,29.47,0.52,262.37,1,-117.00,-9.00,3.00,7.00,10.00,81.00,13067273,288
272.01,1552541064,3937.15,51.44346403,7.47854455,262.93,29.71,0.24,262.87,1,-117.00,-9.00,3.00,7.00,10.00,81.00,13067273,288
273.01,1552541065,3966.83,51.44343112,7.47811051,263.10,30.02,0.31,263.00,1,-118.00,-10.00,2.00,7.00,11.00,81.00,13067273,288
274.01,1552541066,3996.85,51.44339735,7.47767329,263.10,30.53,0.51,262.25,1,-118.00,-10.00,2.00,7.00,11.00,81.00,13067273,288
275.01,1552541067,4027.41,51.44336155,7.47723626,262.82,30.93,0.40,262.06,1,-107.00,-10.00,0.00,7.00,22.00,60.00,13067273,288
276.01,1552541068,4058.32,51.44332366,7.47680941,262.27,30.49,-0.44,261.80,1,-107.00,-10.00,0.00,7.00,22.00,60.00,13067273,288
277.01,1552541069,4088.84,51.43169990,7.46353550,261.80,30.03,-0.46,261.38,1,-108.00,-16.00,-2.00,4.00,26.00,60.00,13177857,26
278.00,1552541070,4118.78,51.44324728,7.47595930,261.19,29.73,-0.31,261.18,1,-108.00,-16.00,-2.00,4.00,26.00,60.00,13177857,26
279.01,1552541071,4148.68,51.44320834,7.47554390,260.41,29.49,-0.24,260.95,1,-113.00,-15.00,-3.00,6.00,22.00,60.00,13177857,26
280.01,1552541072,4178.20,51.44315874,7.47513764,259.59,28.93,-0.56,259.73,1,-113.00,-15.00,-3.00,6.00,22.00,60.00,13177857,26
281.01,1552541073,4207.10,51.44310730,7.47473355,258.74,28.59,-0.34,258.96,1,-113.00,-15.00,-6.00,3.00,22.00,60.00,13177857,26
282.02,1552541074,4235.86,51.44305194,7.47434150,257.89,28.05,-0.53,258.28,1,-113.00,-15.00,-6.00,3.00,22.00,60.00,13177857,26
283.01,1552541075,4263.83,51.44299855,7.47395249,257.02,27.86,-0.19,258.82,1,-115.00,-16.00,-6.00,4.00,21.00,60.00,13177857,26
284.01,1552541076,4291.66,51.44294835,7.47357612,256.15,27.85,-0.02,258.37,1,-115.00,-16.00,-6.00,4.00,21.00,60.00,13177857,26
285.02,1552541077,4319.62,51.44289790,7.47318169,255.15,28.01,0.16,258.03,1,-119.00,-20.00,-9.00,1.00,21.00,60.00,13177857,26
286.02,1552541078,4347.63,51.44284631,7.47279495,254.31,28.26,0.26,257.34,1,-119.00,-20.00,-9.00,1.00,21.00,60.00,13177857,26
287.01,1552541079,4375.80,51.44279323,7.47239416,253.39,28.74,0.48,257.47,1,-119.00,-18.00,-9.00,1.00,18.00,60.00,13177857,26
288.01,1552541080,4404.55,51.44273886,7.47197392,252.27,29.45,0.70,257.86,1,-119.00,-18.00,-9.00,1.00,18.00,60.00,13177857,26
289.02,1552541081,4434.32,51.44268406,7.47155774,251.23,30.20,0.74,258.14,1,-123.00,-18.00,-10.00,1.00,16.00,60.00,13177857,26
290.01,1552541082,4464.21,51.44262833,7.47113114,250.18,30.36,0.16,258.44,1,-123.00,-18.00,-10.00,1.00,16.00,60.00,13177857,26
291.02,1552541083,4494.60,51.44257296,7.47069979,249.03,30.29,-0.07,258.19,1,-123.00,-18.00,-10.00,1.00,16.00,60.00,13177857,26
292.01,1552541084,4524.86,51.44251447,7.47026239,248.24,30.32,0.03,257.92,1,-123.00,-19.00,-12.00,1.00,16.00,60.00,13177857,26
293.01,1552541085,4555.18,51.44245528,7.46982904,247.69,30.59,0.27,257.85,1,-123.00,-19.00,-12.00,1.00,16.00,60.00,13177857,26
294.01,1552541086,4585.74,51.44239505,7.46938914,247.38,31.02,0.43,258.02,1,-124.00,-21.00,-13.00,1.00,16.00,60.00,13177857,26
295.01,1552541087,4616.76,51.44233631,7.46895611,247.21,31.20,0.18,258.28,1,-124.00,-21.00,-13.00,1.00,16.00,60.00,13177857,26
296.01,1552541088,4647.99,51.44227754,7.46851890,246.89,30.83,-0.37,257.94,1,-125.00,-22.00,-15.00,1.00,16.00,60.00,13177857,26
297.01,1552541089,4678.82,51.44222018,7.46809214,246.42,30.83,-0.00,258.47,1,-125.00,-22.00,-15.00,1.00,16.00,60.00,13177857,26
298.01,1552541090,4709.59,51.44216511,7.46765748,245.90,30.96,0.14,258.70,1,-125.00,-22.00,-15.00,1.00,16.00,60.00,13177857,26
299.01,1552541091,4740.55,51.44210815,7.46722369,245.08,30.96,-0.00,259.10,1,-125.00,-22.00,-15.00,1.00,16.00,60.00,13177857,26
300.01,1552541092,4771.33,51.44205294,7.46678878,244.34,30.88,-0.09,259.18,1,-119.00,-10.00,2.00,6.00,7.00,85.00,13067273,288
301.01,1552541093,4802.24,51.44200460,7.46635440,243.67,30.94,0.06,259.65,1,-119.00,-10.00,2.00,6.00,7.00,85.00,13067273,288
302.01,1552541094,4833.17,51.44195666,7.46591789,243.05,30.92,-0.02,260.18,1,-119.00,-10.00,1.00,6.00,7.00,85.00,13067273,288
303.00,1552541095,4864.00,51.44191504,7.46548097,242.46,30.78,-0.13,260.97,1,-119.00,-10.00,1.00,6.00,7.00,85.00,13067273,288
304.01,1552541096,4894.96,51.44187277,7.46504492,241.79,30.63,-0.15,261.02,1,-119.00,-11.00,0.00,7.00,7.00,85.00,13067273,288
305.01,1552541097,4925.60,51.44183269,7.46461271,241.21,30.48,-0.15,261.69,1,-119.00,-11.00,0.00,7.00,7.00,85.00,13067273,288
306.01,1552541098,4955.95,51.44179622,7.46417664,240.79,30.57,0.09,262.15,1,-121.00,-17.00,-5.00,1.00,16.00,76.00,13532162,198
307.01,1552541099,4986.52,51.44176210,7.46373902,240.65,30.69,0.13,262.80,1,-121.00,-17.00,-5.00,1.00,16.00,76.00,13532162,198
308.01,1552541100,5017.33,51.44173277,7.46329943,240.39,30.74,0.05,263.46,1,-125.00,-21.00,-11.00,1.00,16.00,76.00,13532162,198
309.01,1552541101,5048.07,51.44170123,7.46285233,240.18,30.99,0.25,263.87,1,-125.00,-21.00,-11.00,1.00,16.00,76.00,13532162,198
310.01,1552541102,5079.19,51.44167090,7.46240416,239.89,31.31,0.32,264.45,1,-120.00,-19.00,-10.00,2.00,18.00,11.00,13857025,171
311.01,1552541103,5110.25,51.44164792,7.46195442,239.32,31.50,0.18,264.99,1,-120.00,-19.00,-10.00,2.00,18.00,11.00,13857025,171
312.01,1552541104,5141.78,51.44162510,7.46150037,238.72,31.77,0.27,265.49,1,-120.00,-19.00,-10.00,2.00,18.00,11.00,13857025,171
313.01,1552541105,5173.61,51.44160563,7.46104431,238.31,31.77,-0.00,266.17,1,-120.00,-19.00,-12.00,1.00,18.00,11.00,13857025,171
314.01,1552541106,5205.38,51.44158744,7.46059039,237.89,31.93,0.16,266.78,1,-120.00,-19.00,-12.00,1.00,18.00,11.00,13857025,171
315.01,1552541107,5237.27,51.44157021,7.46013109,237.29,31.98,0.06,266.93,1,-117.00,-19.00,-6.00,1.00,29.00,74.00,13532161,199
316.00,1552541108,5269.07,51.44155658,7.45966510,236.81,31.98,-0.00,267.34,1,-117.00,-19.00,-6.00,1.00,29.00,74.00,13532161,199
317.01,1552541109,5301.17,51.44154352,7.45920225,236.44,32.27,0.29,268.27,1,-116.00,-16.00,-9.00,4.00,18.00,12.00,13857025,171
318.01,1552541110,5333.50,51.44153983,7.45873806,235.84,32.50,0.23,268.92,1,-116.00,-16.00,-9.00,4.00,18.00,12.00,13857025,171
319.01,1552541111,5366.10,51.44153576,7.45825807,235.32,32.81,0.31,268.80,1,-110.00,-15.00,-9.00,4.00,23.00,12.00,13857025,171
320.01,1552541112,5398.92,51.44153194,7.45777792,235.00,33.09,0.28,269.86,1,-110.00,-15.00,-9.00,4.00,23.00,12.00,13857025,171
321.01,1552541113,5432.11,51.44153311,7.45729565,234.81,33.14,0.05,270.01,1,-114.00,-15.00,-7.00,4.00,21.00,12.00,13857025,171
322.01,1552541114,5465.02,51.44153478,7.45681693,234.57,33.18,0.04,270.25,1,-114.00,-15.00,-7.00,4.00,21.00,12.00,13857025,171
323.01,1552541115,5498.33,51.44153645,7.45634535,234.29,33.10,-0.07,270.52,1,-118.00,-17.00,-10.00,3.00,20.00,12.00,13857025,171
324.01,1552541116,5531.43,51.44153889,7.45586947,234.15,33.12,0.02,270.47,1,-118.00,-17.00,-10.00,3.00,20.00,12.00,13857025,171
325.01,1552541117,5564.39,51.44154741,7.45541527,234.04,32.65,-0.48,271.40,1,-115.00,-15.00,-10.00,3.00,19.00,12.00,13857025,171
326.01,1552541118,5597.24,51.44155648,7.45494562,233.75,32.30,-0.35,271.85,1,-115.00,-15.00,-10.00,3.00,19.00,12.00,13857025,171
327.01,1552541119,5629.54,51.44157185,7.45448115,233.72,32.07,-0.23,273.12,1,-113.00,-15.00,-8.00,4.00,22.00,12.00,13857025,171
328.01,1552541120,5661.57,51.44158948,7.45401494,233.99,31.99,-0.08,273.53,1,-113.00,-15.00,-8.00,4.00,22.00,12.00,13857025,171
329.01,1552541121,5693.56,51.44161472,7.45356013,234.44,31.48,-0.51,274.72,1,-113.00,-16.00,-6.00,5.00,23.00,12.00,13857025,171
330.01,1552541122,5725.07,51.44164198,7.45311334,234.43,30.79,-0.69,274.74,1,-113.00,-16.00,-6.00,5.00,23.00,12.00,13857025,171
331.03,1552541123,5756.26,51.44167018,7.45267336,234.04,30.33,-0.45,275.36,1,-114.00,-16.00,-6.00,3.00,22.00,12.00,13857025,171
332.01,1552541124,5786.17,51.44169636,7.45224397,233.27,30.15,-0.18,275.72,1,-114.00,-16.00,-6.00,3.00,22.00,12.00,13857025,171
333.01,1552541125,5816.41,51.44173176,7.45181851,232.67,30.04,-0.11,276.48,1,-114.00,-16.00,-6.00,3.00,22.00,12.00,13857025,171
334.01,1552541126,5846.24,51.44176251,7.45139818,232.01,30.00,-0.04,276.53,nan,nan,nan,nan,nan,nan,nan,nan,nan
335.01,1552541127,5876.24,51.44179458,7.45097166,231.35,30.16,0.16,277.31,nan,nan,nan,nan,nan,nan,nan,nan,nan
336.01,1552541128,5906.40,51.44183199,7.45054272,230.68,30.33,0.17,277.65,nan,nan,nan,nan,nan,nan,nan,nan,nan
337.01,1552541129,5936.73,51.44187132,7.45010819,230.34,30.53,0.20,277.98,nan,nan,nan,nan,nan,nan,nan,nan,nan
338.01,1552541130,5967.29,51.44190964,7.44967042,229.90,30.75,0.21,278.23,nan,nan,nan,nan,nan,nan,nan,nan,nan
339.01,1552541131,5998.00,51.44194852,7.44922783,229.59,31.09,0.34,278.53,nan,nan,nan,nan,nan,nan,nan,nan,nan
340.00,1552541132,6028.94,51.44199251,7.44878261,229.26,31.40,0.32,278.83,nan,nan,nan,nan,nan,nan,nan,nan,nan
341.01,1552541133,6060.47,51.44204226,7.44834497,228.78,31.71,0.31,279.88,nan,nan,nan,nan,nan,nan,nan,nan,nan
342.01,1552541134,6092.21,51.44209173,7.44789073,228.36,31.98,0.27,280.05,nan,nan,nan,nan,nan,nan,nan,nan,nan
343.01,1552541135,6124.19,51.44214275,7.44743616,227.96,32.33,0.35,280.68,nan,nan,nan,nan,nan,nan,nan,nan,nan
344.01,1552541136,6156.52,51.44220154,7.44698253,227.42,32.63,0.30,281.17,nan,nan,nan,nan,nan,nan,nan,nan,nan
345.01,1552541137,6189.15,51.44225938,7.44652069,226.86,33.03,0.40,281.74,nan,nan,nan,nan,nan,nan,nan,nan,nan
346.01,1552541138,6222.18,51.44232282,7.44605172,226.46,33.49,0.46,282.44,nan,nan,nan,nan,nan,nan,nan,nan,nan
347.01,1552541139,6255.67,51.44238394,7.44557924,226.40,33.78,0.29,283.07,nan,nan,nan,nan,nan,nan,nan,nan,nan
348.04,1552541140,6290.39,51.44244965,7.44509068,226.29,34.10,0.31,283.23,nan,nan,nan,nan,nan,nan,nan,nan,nan
349.01,1552541141,6323.57,51.44252112,7.44461395,226.12,34.05,-0.05,283.71,nan,nan,nan,nan,nan,nan,nan,nan,nan
350.01,1552541142,6357.58,51.44258910,7.44414593,225.98,33.90,-0.15,284.06,nan,nan,nan,nan,nan,nan,nan,nan,nan
351.01,1552541143,6391.51,51.44266040,7.44366772,226.18,33.99,0.09,284.54,nan,nan,nan,nan,nan,nan,nan,nan,nan
352.02,1552541144,6425.77,51.44274018,7.44318859,225.99,33.96,-0.02,285.25,1,-106.00,-11.00,-6.00,7.00,23.00,23.00,13857027,173
353.01,1552541145,6459.43,51.44281855,7.44271827,225.87,34.06,0.10,285.38,1,-106.00,-11.00,-6.00,7.00,23.00,23.00,13857027,173
354.01,1552541146,6493.50,51.44289962,7.44224376,225.73,34.09,0.03,285.97,1,-106.00,-11.00,-6.00,7.00,23.00,23.00,13857027,173
355.01,1552541147,6527.62,51.44298454,7.44177463,225.62,34.12,0.03,286.43,1,-112.00,-13.00,-3.00,6.00,22.00,23.00,13857027,173
356.01,1552541148,6561.74,51.44307239,7.44129876,225.56,34.29,0.17,286.93,1,-112.00,-13.00,-3.00,6.00,22.00,23.00,13857027,173
357.01,1552541149,6595.99,51.44316152,7.44082271,225.39,34.45,0.16,287.26,1,-116.00,-16.00,-5.00,3.00,22.00,23.00,13857027,173
358.01,1552541150,6630.40,51.44325638,7.44035259,225.09,34.59,0.14,287.65,1,-116.00,-16.00,-5.00,3.00,22.00,23.00,13857027,173
359.01,1552541151,6665.06,51.44335455,7.43987958,224.47,34.97,0.38,288.13,1,-109.00,-10.00,-6.00,3.00,20.00,40.00,13394178,496
360.01,1552541152,6699.99,51.44345176,7.43940087,223.69,34.95,-0.02,288.45,1,-109.00,-10.00,-6.00,3.00,20.00,40.00,13394178,496
361.01,1552541153,6734.98,51.44355494,7.43893009,222.85,34.60,-0.35,288.96,1,-104.00,-6.00,-6.00,6.00,22.00,40.00,13394178,496
362.01,1552541154,6769.58,51.44365894,7.43846318,222.00,34.50,-0.10,289.81,1,-104.00,-6.00,-6.00,6.00,22.00,40.00,13394178,496
363.01,1552541155,6804.15,51.44376966,7.43800066,221.05,34.35,-0.15,290.40,1,-113.00,-12.00,-4.00,4.00,19.00,40.00,13394178,496
364.01,1552541156,6838.50,51.44388032,7.43754189,220.04,34.28,-0.07,291.11,1,-113.00,-12.00,-4.00,4.00,19.00,40.00,13394178,496
365.01,1552541157,6872.92,51.44399694,7.43708511,219.08,34.34,0.06,291.65,1,-116.00,-17.00,-6.00,4.00,21.00,40.00,13394178,496
366.02,1552541158,6907.29,51.44411308,7.43662587,218.03,34.44,0.10,291.68,1,-116.00,-17.00,-6.00,4.00,21.00,40.00,13394178,496
367.01,1552541159,6941.59,51.44423581,7.43615164,217.16,34.56,0.12,292.25,1,-114.00,-16.00,-8.00,4.00,27.00,68.00,13081345,210
368.01,1552541160,6976.26,51.44435879,7.43569215,216.35,34.63,0.07,292.85,1,-114.00,-16.00,-8.00,4.00,27.00,68.00,13081345,210
369.02,1552541161,7010.92,51.44448191,7.43523534,215.75,34.15,-0.48,293.71,1,-112.00,-15.00,-6.00,4.00,23.00,68.00,13081345,210
370.01,1552541162,7044.93,51.44461059,7.43479417,215.09,34.09,-0.06,294.54,1,-112.00,-15.00,-6.00,4.00,23.00,68.00,13081345,210
371.01,1552541163,7078.95,51.44474078,7.43435881,214.58,33.69,-0.39,295.20,1,-104.00,-12.00,-1.00,8.00,26.00,68.00,13081345,210
372.01,1552541164,7112.68,51.44487938,7.43393001,213.93,33.87,0.17,296.63,1,-104.00,-12.00,-1.00,8.00,26.00,68.00,13081345,210
373.02,1552541165,7146.78,51.44501537,7.43349977,213.12,33.89,0.02,297.35,1,-107.00,-13.00,0.00,6.00,24.00,68.00,13081345,210
374.01,1552541166,7180.37,51.44515746,7.43307836,212.30,33.58,-0.31,298.56,1,-107.00,-13.00,0.00,6.00,24.00,68.00,13081345,210
375.01,1552541167,7213.98,51.44530683,7.43266709,211.41,33.32,-0.26,300.19,1,-107.00,-13.00,0.00,6.00,24.00,68.00,13081345,210
376.01,1552541168,7247.37,51.44545507,7.43226328,210.47,32.75,-0.57,300.97,1,-105.00,-12.00,0.00,6.00,26.00,68.00,13081345,210
377.01,1552541169,7280.06,51.44561202,7.43185852,209.41,32.86,0.11,301.74,1,-105.00,-12.00,0.00,6.00,26.00,68.00,13081345,210
378.01,1552541170,7312.95,51.44577810,7.43146325,207.91,32.73,-0.13,303.50,1,-110.00,-14.00,-2.00,4.00,25.00,33.00,13395457,111
379.01,1552541171,7345.68,51.44595366,7.43107025,206.04,32.96,0.23,305.63,1,-110.00,-14.00,-2.00,4.00,25.00,33.00,13395457,111
380.01,1552541172,7378.55,51.44614543,7.43067474,204.32,33.98,1.02,307.91,1,-107.00,-13.00,0.00,6.00,24.00,33.00,13395457,111
381.01,1552541173,7412.52,51.44633429,7.43028491,202.83,34.01,0.03,308.67,1,-107.00,-13.00,0.00,6.00,24.00,33.00,13395457,111
382.01,1552541174,7446.50,51.44652770,7.42991162,201.67,34.66,0.65,309.41,1,-104.00,-7.00,12.00,8.00,24.00,33.00,13395457,111
383.01,1552541175,7481.16,51.44673103,7.42954051,200.46,35.52,0.86,310.86,1,-104.00,-7.00,12.00,8.00,24.00,33.00,13395457,111
384.01,1552541176,7516.67,51.44694796,7.42916606,199.77,36.29,0.77,311.98,1,-91.00,-5.00,19.00,13.00,34.00,33.00,13395457,111
385.01,1552541177,7552.96,51.44717550,7.42880175,198.78,36.20,-0.09,314.47,1,-91.00,-5.00,19.00,13.00,34.00,33.00,13395457,111
386.01,1552541178,7589.16,51.44741171,7.42844161,197.56,36.75,0.55,316.24,1,-88.00,-5.00,22.00,15.00,37.00,33.00,13395457,111
387.01,1552541179,7625.91,51.44766047,7.42808385,196.12,37.30,0.55,318.12,1,-88.00,-5.00,22.00,15.00,37.00,33.00,13395457,111
388.01,1552541180,7663.21,51.44791542,7.42773326,194.57,37.61,0.30,319.50,1,-89.00,-6.00,35.00,12.00,38.00,33.00,13395457,111
389.01,1552541181,7700.78,51.44817456,7.42739285,192.89,37.40,-0.20,320.77,1,-89.00,-6.00,35.00,12.00,38.00,33.00,13395457,111
390.01,1552541182,7738.26,51.44843335,7.42706920,191.04,37.31,-0.10,322.39,1,-94.00,-6.00,33.00,12.00,33.00,33.00,13395457,111
391.01,1552541183,7775.53,51.44869893,7.42675560,189.19,37.44,0.14,323.88,1,-94.00,-6.00,33.00,12.00,33.00,33.00,13395457,111
392.01,1552541184,7812.98,51.44897134,7.42645106,187.37,37.55,0.11,325.40,1,-98.00,-6.00,12.00,11.00,28.00,33.00,13395457,111
393.01,1552541185,7850.53,51.44924689,7.42616040,185.58,36.75,-0.81,327.05,1,-98.00,-6.00,12.00,11.00,28.00,33.00,13395457,111
394.01,1552541186,7887.57,51.44952187,7.42588696,183.68,35.62,-1.12,328.37,1,-100.00,-6.00,21.00,9.00,26.00,33.00,13395457,111
395.01,1552541187,7922.90,51.44979750,7.42562718,181.55,35.24,-0.38,329.90,1,-100.00,-6.00,21.00,9.00,26.00,33.00,13395457,111
396.01,1552541188,7958.15,51.45007360,7.42538761,179.62,34.66,-0.58,331.40,1,-100.00,-6.00,21.00,9.00,26.00,33.00,13395457,111
397.01,1552541189,7992.88,51.45034972,7.42516327,177.82,34.18,-0.49,333.00,1,-100.00,-8.00,21.00,7.00,27.00,33.00,13395457,111
398.01,1552541190,8027.02,51.45062954,7.42494596,176.40,33.54,-0.64,334.01,1,-100.00,-8.00,21.00,7.00,27.00,33.00,13395457,111
399.01,1552541191,8060.59,51.45089431,7.42474992,175.21,32.44,-1.10,335.86,1,-94.00,-9.00,4.00,9.00,35.00,46.00,13532162,111
400.01,1552541192,8093.03,51.45116618,7.42456333,174.26,31.63,-0.81,336.99,1,-94.00,-9.00,4.00,9.00,35.00,46.00,13532162,111
401.01,1552541193,8124.69,51.45142709,7.42439985,173.20,31.13,-0.49,338.86,1,-95.00,-6.00,-3.00,5.00,33.00,21.00,13395457,198
402.01,1552541194,8155.79,51.45168135,7.42424395,171.82,30.92,-0.21,339.51,1,-95.00,-6.00,-3.00,5.00,33.00,21.00,13395457,198
403.01,1552541195,8186.77,51.45193530,7.42408983,170.35,31.09,0.17,339.85,1,-96.00,-8.00,-4.00,6.00,32.00,21.00,13395457,111
404.01,1552541196,8217.83,51.45219684,7.42394616,168.88,31.47,0.39,340.90,1,-96.00,-8.00,-4.00,6.00,32.00,21.00,13395457,111
405.01,1552541197,8249.27,51.45246321,7.42380245,167.56,31.44,-0.03,341.83,1,-95.00,-6.00,-4.00,6.00,32.00,15.00,13523459,198
406.01,1552541198,8280.69,51.45273890,7.42366967,166.34,31.51,0.07,342.73,1,-95.00,-6.00,-4.00,6.00,32.00,15.00,13523459,198
407.01,1552541199,8312.23,51.45301170,7.42353815,165.22,31.35,-0.16,343.13,1,-91.00,-6.00,4.00,11.00,34.00,15.00,13523459,175
408.00,1552541200,8343.39,51.45328563,7.42340819,164.02,31.39,0.04,343.21,1,-91.00,-6.00,4.00,11.00,34.00,15.00,13523459,175
409.01,1552541201,8374.97,51.45355730,7.42327901,162.91,31.85,0.46,343.58,1,-94.00,-8.00,-2.00,12.00,34.00,15.00,13523459,175
410.01,1552541202,8406.85,51.45383770,7.42315464,161.96,32.33,0.48,343.81,1,-94.00,-8.00,-2.00,12.00,34.00,15.00,13523459,175
411.01,1552541203,8439.15,51.45411958,7.42302815,161.18,32.82,0.49,344.04,1,-94.00,-10.00,12.00,6.00,37.00,15.00,13523459,175
412.01,1552541204,8471.97,51.45440441,7.42289839,160.50,33.44,0.62,343.82,1,-94.00,-10.00,12.00,6.00,37.00,15.00,13523459,175
413.01,1552541205,8505.38,51.45469449,7.42276544,159.87,33.78,0.34,343.57,1,-92.00,-7.00,23.00,11.00,34.00,15.00,13523459,175
414.01,1552541206,8539.16,51.45498982,7.42263060,159.26,34.19,0.41,343.41,1,-92.00,-7.00,23.00,11.00,34.00,15.00,13523459,175
415.02,1552541207,8573.66,51.45528349,7.42249474,158.65,34.49,0.30,342.94,1,-89.00,-7.00,5.00,7.00,37.00,15.00,13523459,175
416.01,1552541208,8607.84,51.45557754,7.42234515,158.22,34.84,0.35,342.34,1,-89.00,-7.00,5.00,7.00,37.00,15.00,13523459,175
417.01,1552541209,8642.67,51.45587392,7.42219314,157.88,34.94,0.10,341.64,1,-89.00,-7.00,5.00,7.00,37.00,15.00,13523459,175
418.01,1552541210,8677.58,51.45616835,7.42202749,157.56,35.13,0.19,340.58,1,-85.00,-6.00,20.00,9.00,40.00,15.00,13523459,175
419.01,1552541211,8712.71,51.45646398,7.42185860,157.21,35.35,0.22,339.75,1,-85.00,-6.00,20.00,9.00,40.00,15.00,13523459,175
420.01,1552541212,8748.24,51.45675674,7.42167427,156.77,35.33,-0.02,338.64,1,-89.00,-6.00,10.00,12.00,37.00,15.00,13523459,175
421.01,1552541213,8783.46,51.45704831,7.42148053,156.37,35.52,0.19,337.51,1,-89.00,-6.00,10.00,12.00,37.00,15.00,13523459,175
422.01,1552541214,8819.02,51.45734054,7.42127657,156.00,35.71,0.19,336.27,1,-93.00,-12.00,6.00,6.00,38.00,15.00,13523459,175
423.01,1552541215,8854.74,51.45763347,7.42106799,155.67,35.83,0.12,335.88,1,-93.00,-12.00,6.00,6.00,38.00,15.00,13523459,175
424.01,1552541216,8890.53,51.45792500,7.42084784,155.50,36.03,0.21,334.34,1,-86.00,-6.00,6.00,10.00,38.00,15.00,13523459,175
425.01,1552541217,8926.56,51.45821631,7.42061376,155.42,36.27,0.23,332.88,1,-86.00,-6.00,6.00,10.00,38.00,15.00,13523459,175
426.01,1552541218,8962.83,51.45850794,7.42037726,155.39,36.39,0.12,332.31,1,-89.00,-7.00,23.00,9.00,37.00,15.00,13523459,175
427.01,1552541219,8999.18,51.45879871,7.42012520,155.41,36.87,0.48,331.45,1,-89.00,-7.00,23.00,9.00,37.00,15.00,13523459,175
428.00,1552541220,9035.93,51.45909094,7.41986931,155.33,37.04,0.17,330.51,1,-94.00,-9.00,0.00,9.00,34.00,15.00,13523459,175
429.01,1552541221,9073.12,51.45937936,7.41959322,155.26,37.40,0.36,329.30,1,-94.00,-9.00,0.00,9.00,34.00,15.00,13523459,175
430.01,1552541222,9110.48,51.45966734,7.41930897,155.02,37.69,0.29,328.13,1,-86.00,-6.00,29.00,9.00,40.00,15.00,13523459,175
431.01,1552541223,9148.21,51.45995351,7.41901579,154.63,37.86,0.17,327.01,1,-86.00,-6.00,29.00,9.00,40.00,15.00,13523459,175
432.01,1552541224,9186.11,51.46023826,7.41871254,154.12,38.02,0.16,325.85,1,-93.00,-11.00,11.00,9.00,37.00,15.00,13523459,175
433.01,1552541225,9224.17,51.46051738,7.41840566,153.82,38.11,0.09,324.85,1,-93.00,-11.00,11.00,9.00,37.00,15.00,13523459,175
434.01,1552541226,9262.13,51.46079647,7.41808225,153.45,38.29,0.18,323.31,1,-85.00,-6.00,9.00,9.00,38.00,9.00,13395457,111
435.01,1552541227,9300.46,51.46107024,7.41775838,153.48,38.39,0.10,322.58,1,-85.00,-6.00,9.00,9.00,38.00,9.00,13395457,111
436.02,1552541228,9339.19,51.46133924,7.41741746,153.71,38.48,0.09,321.41,1,-86.00,-6.00,5.00,15.00,38.00,9.00,13395457,111
437.01,1552541229,9377.32,51.45274790,7.42318150,153.83,38.54,0.06,320.56,1,-86.00,-6.00,5.00,15.00,38.00,9.00,13395457,111
438.01,1552541230,9415.98,51.46187375,7.41671087,154.01,38.69,0.15,319.39,1,-86.00,-6.00,5.00,15.00,38.00,9.00,13395457,111
439.01,1552541231,9454.56,51.46214077,7.41634498,154.40,38.73,0.04,318.42,1,-90.00,-7.00,9.00,9.00,37.00,9.00,13395457,111
440.01,1552541232,9493.29,51.46239868,7.41596595,154.83,38.92,0.18,317.37,1,-90.00,-7.00,9.00,9.00,37.00,9.00,13395457,111
441.01,1552541233,9532.21,51.46265224,7.41557724,155.31,39.08,0.16,316.08,1,-92.00,-8.00,2.00,13.00,37.00,9.00,13395457,111
442.01,1552541234,9571.28,51.46290000,7.41517812,155.74,39.06,-0.02,314.57,1,-92.00,-8.00,2.00,13.00,37.00,9.00,13395457,111
443.01,1552541235,9610.46,51.46314789,7.41477672,156.13,39.24,0.18,313.80,1,-94.00,-10.00,4.00,14.00,34.00,9.00,13395457,111
444.01,1552541236,9649.67,51.46338943,7.41436206,156.47,39.31,0.06,312.74,1,-94.00,-10.00,4.00,14.00,34.00,9.00,13395457,111
445.01,1552541237,9688.94,51.46362324,7.41394327,156.81,39.45,0.14,311.72,1,-96.00,-9.00,-1.00,4.00,34.00,9.00,13395457,111
446.01,1552541238,9728.35,51.46385548,7.41352289,157.13,39.35,-0.10,310.98,1,-96.00,-9.00,-1.00,4.00,34.00,9.00,13395457,111
447.01,1552541239,9767.74,51.46408030,7.41309690,157.34,38.73,-0.61,310.40,1,-91.00,-9.00,10.00,11.00,37.00,6.00,13395458,112
448.01,1552541240,9806.47,51.46430393,7.41267030,157.56,38.68,-0.05,309.58,1,-91.00,-9.00,10.00,11.00,37.00,6.00,13395458,112
449.01,1552541241,9845.07,51.46452071,7.41223619,157.74,38.71,0.04,308.83,1,-79.00,-7.00,27.00,15.00,50.00,6.00,13395458,112
450.01,1552541242,9883.78,51.46474131,7.41179645,157.81,38.80,0.09,308.62,1,-79.00,-7.00,27.00,15.00,50.00,6.00,13395458,112
451.01,1552541243,9922.66,51.46495619,7.41136305,158.01,38.84,0.03,308.31,1,-90.00,-7.00,14.00,12.00,36.00,6.00,13395458,112
452.01,1552541244,9961.50,51.46517672,7.41092050,158.12,38.95,0.11,308.56,1,-90.00,-7.00,14.00,12.00,36.00,6.00,13395458,112
453.01,1552541245,10000.45,51.46539551,7.41048379,158.08,38.90,-0.05,308.43,1,-92.00,-7.00,13.00,11.00,35.00,6.00,13395458,112
454.01,1552541246,10039.31,51.46560997,7.41005141,158.12,38.97,0.07,308.21,1,-92.00,-7.00,13.00,11.00,35.00,6.00,13395458,112
455.01,1552541247,10078.32,51.46583080,7.40960633,158.02,39.02,0.05,308.04,1,-82.00,-6.00,12.00,10.00,44.00,6.00,13395458,112
456.01,1552541248,10117.35,51.46604556,7.40916774,158.14,39.09,0.06,308.04,1,-82.00,-6.00,12.00,10.00,44.00,6.00,13395458,112
457.02,1552541249,10156.78,51.46626151,7.40872506,158.44,38.98,-0.11,308.21,1,-85.00,-6.00,15.00,11.00,41.00,6.00,13395458,112
458.01,1552541250,10195.37,51.46647956,7.40828297,158.63,38.46,-0.52,308.48,1,-85.00,-6.00,15.00,11.00,41.00,6.00,13395458,112
459.01,1552541251,10233.87,51.46669473,7.40784991,158.77,38.39,-0.07,308.74,1,-85.00,-6.00,15.00,11.00,41.00,6.00,13395458,112
460.01,1552541252,10272.26,51.46690939,7.40741850,158.95,38.31,-0.08,309.23,1,-80.00,-6.00,23.00,11.00,46.00,6.00,13395458,112
461.01,1552541253,10310.57,51.46712260,7.40699587,159.07,37.40,-0.91,309.35,1,-80.00,-6.00,23.00,11.00,46.00,6.00,13395458,112
462.01,1552541254,10347.98,51.46733326,7.40658090,159.20,36.87,-0.53,309.80,1,-75.00,-6.00,22.00,15.00,50.00,6.00,13395458,112
463.01,1552541255,10384.85,51.46754143,7.40618545,159.55,36.68,-0.20,310.24,1,-75.00,-6.00,22.00,15.00,50.00,6.00,13395458,112
464.01,1552541256,10421.52,51.46775227,7.40578599,159.93,36.60,-0.08,310.76,1,-80.00,-5.00,13.00,11.00,43.00,6.00,13395458,112
465.01,1552541257,10458.12,51.46796523,7.40538519,160.17,36.48,-0.12,311.24,1,-80.00,-5.00,13.00,11.00,43.00,6.00,13395458,112
466.01,1552541258,10494.57,51.46817803,7.40499830,160.59,36.53,0.05,311.56,1,-78.00,-6.00,24.00,12.00,47.00,6.00,13395458,112
467.01,1552541259,10531.09,51.46839888,7.40460349,161.49,36.35,-0.17,311.77,1,-78.00,-6.00,24.00,12.00,47.00,6.00,13395458,112
468.01,1552541260,10567.48,51.46861345,7.40421374,162.28,36.47,0.12,312.51,1,-81.00,-5.00,17.00,12.00,45.00,6.00,13395458,112
469.01,1552541261,10603.95,51.46883617,7.40383013,163.00,36.46,-0.01,313.24,1,-81.00,-5.00,17.00,12.00,45.00,6.00,13395458,112
470.01,1552541262,10640.41,51.46906249,7.40344589,163.48,36.45,-0.01,314.18,1,-88.00,-5.00,14.00,11.00,38.00,6.00,13395458,112
471.01,1552541263,10676.86,51.46929971,7.40306767,163.75,36.45,0.00,314.84,1,-88.00,-5.00,14.00,11.00,38.00,6.00,13395458,112
472.01,1552541264,10713.32,51.46952732,7.40270465,164.24,36.07,-0.39,315.52,1,-94.00,-6.00,9.00,10.00,34.00,6.00,13395458,112
473.01,1552541265,10749.38,51.46975341,7.40234666,164.79,34.75,-1.32,315.38,1,-94.00,-6.00,9.00,10.00,34.00,6.00,13395458,112
474.01,1552541266,10784.13,51.46997594,7.40199546,165.29,33.87,-0.88,315.49,1,-98.00,-8.00,5.00,5.00,30.00,6.00,13395458,112
475.01,1552541267,10818.00,51.47018877,7.40165606,165.50,33.06,-0.80,315.68,1,-98.00,-8.00,5.00,5.00,30.00,6.00,13395458,112
476.01,1552541268,10851.06,51.47040287,7.40132888,165.68,32.20,-0.86,316.01,1,-98.00,-9.00,1.00,5.00,31.00,6.00,13395458,112
477.01,1552541269,10883.26,51.46539650,7.40588180,165.90,31.22,-0.98,316.11,1,-98.00,-9.00,1.00,5.00,31.00,6.00,13395458,112
478.02,1552541270,10914.73,51.47081096,7.40070730,166.10,30.72,-0.49,316.39,1,-100.00,-8.00,4.00,7.00,27.00,6.00,13395458,112
479.01,1552541271,10945.18,51.47100435,7.40041104,166.25,29.97,-0.76,316.91,1,-100.00,-8.00,4.00,7.00,27.00,6.00,13395458,112
480.01,1552541272,10975.18,51.47120284,7.40011586,166.23,29.24,-0.73,317.07,1,-100.00,-8.00,4.00,7.00,27.00,6.00,13395458,112
481.01,1552541273,11004.39,51.47139740,7.39982161,166.27,28.50,-0.74,317.00,1,-103.00,-9.00,-1.00,5.00,28.00,6.00,13395458,112
482.01,1552541274,11032.91,51.47158279,7.39954595,166.32,27.79,-0.70,316.85,1,-103.00,-9.00,-1.00,5.00,28.00,6.00,13395458,112
483.01,1552541275,11060.68,51.47176535,7.39927807,166.18,27.37,-0.43,317.88,1,-108.00,-11.00,-2.00,7.00,23.00,6.00,13395458,112
484.01,1552541276,11088.07,51.47194862,7.39902308,166.09,27.07,-0.29,318.80,1,-108.00,-11.00,-2.00,7.00,23.00,6.00,13395458,112
485.01,1552541277,11115.15,51.47212724,7.39877617,166.07,26.46,-0.61,319.08,1,-103.00,-8.00,-4.00,6.00,24.00,28.00,13081345,210
486.01,1552541278,11141.61,51.47230507,7.39852880,166.06,26.43,-0.04,319.14,1,-103.00,-8.00,-4.00,6.00,24.00,28.00,13081345,210
487.01,1552541279,11168.04,51.47248451,7.39827639,166.00,26.42,-0.01,319.12,1,-105.00,-9.00,4.00,7.00,24.00,28.00,13081345,210
488.01,1552541280,11194.49,51.47266351,7.39802290,166.05,26.42,-0.00,319.44,1,-105.00,-9.00,4.00,7.00,24.00,28.00,13081345,210
489.01,1552541281,11220.90,51.47284306,7.39777170,166.38,26.35,-0.07,319.65,1,-107.00,-14.00,-4.00,2.00,35.00,28.00,13081345,210
490.01,1552541282,11247.25,51.47302702,7.39752695,166.79,26.24,-0.11,320.04,1,-107.00,-14.00,-4.00,2.00,35.00,28.00,13081345,210
491.01,1552541283,11273.54,51.47320928,7.39728301,167.16,26.24,0.00,320.48,1,-103.00,-8.00,16.00,2.00,24.00,15.00,13067529,354
492.01,1552541284,11299.79,51.47338718,7.39704393,167.62,26.10,-0.15,320.26,1,-103.00,-8.00,16.00,2.00,24.00,15.00,13067529,354
493.01,1552541285,11325.75,51.47356915,7.39680060,168.11,26.11,0.01,320.99,1,-101.00,-5.00,14.00,2.00,29.00,15.00,13067529,354
494.01,1552541286,11351.86,51.47374912,7.39656231,168.97,25.70,-0.41,320.67,1,-101.00,-5.00,14.00,2.00,29.00,15.00,13067529,354
495.01,1552541287,11377.61,51.47393136,7.39633975,169.86,25.16,-0.54,321.86,1,-108.00,-7.00,13.00,2.00,17.00,15.00,13067529,354
496.01,1552541288,11402.77,51.47410495,7.39612311,170.79,24.68,-0.49,322.62,1,-108.00,-7.00,13.00,2.00,17.00,15.00,13067529,354
497.01,1552541289,11427.42,51.47527380,7.39585370,171.78,24.39,-0.28,323.31,1,-109.00,-6.00,12.00,2.00,15.00,15.00,13067529,354
498.01,1552541290,11451.84,51.47445906,7.39569307,172.58,24.27,-0.12,323.88,1,-109.00,-6.00,12.00,2.00,15.00,15.00,13067529,354
499.01,1552541291,11476.06,51.47463179,7.39548986,173.21,24.50,0.23,324.41,1,-107.00,-6.00,16.00,12.00,16.00,13.00,13067529,354
500.01,1552541292,11500.56,51.47481207,7.39529080,173.77,24.89,0.39,326.01,1,-107.00,-6.00,16.00,12.00,16.00,13.00,13067529,354
501.02,1552541293,11525.67,51.47500630,7.39508927,174.27,25.03,0.14,327.85,1,-105.00,-6.00,16.00,11.00,18.00,13.00,13067529,354
502.01,1552541294,11550.47,51.47520649,7.39489750,174.80,25.56,0.54,330.24,1,-105.00,-6.00,16.00,11.00,18.00,13.00,13067529,354
503.01,1552541295,11576.05,51.47540860,7.39470720,175.26,25.80,0.24,329.58,1,-105.00,-6.00,16.00,11.00,18.00,13.00,13067529,354
504.01,1552541296,11601.83,51.47560271,7.39452060,175.73,25.70,-0.10,329.57,1,-99.00,-5.00,11.00,13.00,22.00,13.00,13067529,354
505.01,1552541297,11627.56,51.47580554,7.39432876,176.01,25.74,0.04,329.75,1,-99.00,-5.00,11.00,13.00,22.00,13.00,13067529,354
506.01,1552541298,11653.30,51.47600270,7.39414497,176.34,25.70,-0.04,330.35,1,-94.00,-5.00,20.00,14.00,31.00,13.00,13067529,354
507.01,1552541299,11678.97,51.47620191,7.39397279,176.59,25.70,-0.00,331.93,1,-94.00,-5.00,20.00,14.00,31.00,13.00,13067529,354
508.01,1552541300,11704.67,51.47640775,7.39381247,176.49,25.40,-0.30,333.07,1,-99.00,-7.00,10.00,12.00,27.00,13.00,13067529,354
509.01,1552541301,11730.09,51.47661212,7.39365513,176.52,25.05,-0.35,334.55,1,-99.00,-7.00,10.00,12.00,27.00,13.00,13067529,354
510.01,1552541302,11755.14,51.47681438,7.39350657,176.65,24.33,-0.71,335.71,1,-100.00,-6.00,22.00,2.00,22.00,13.00,13067529,354
511.02,1552541303,11779.79,51.47701203,7.39337367,176.56,23.42,-0.90,336.66,1,-100.00,-6.00,22.00,2.00,22.00,13.00,13067529,354
512.00,1552541304,11802.81,51.47720269,7.39325243,176.52,22.03,-1.42,338.53,1,-98.00,-6.00,26.00,14.00,25.00,10.00,13067529,354
513.01,1552541305,11824.93,51.47738480,7.39315689,176.48,20.70,-1.32,341.48,1,-98.00,-6.00,26.00,14.00,25.00,10.00,13067529,354
514.00,1552541306,11845.57,51.47756021,7.39307473,176.45,19.23,-1.47,344.12,1,-95.00,-6.00,19.00,11.00,28.00,10.00,13067529,354
515.01,1552541307,11864.84,51.47773343,7.39300645,176.43,18.48,-0.75,346.32,1,-95.00,-6.00,19.00,11.00,28.00,10.00,13067529,354
516.01,1552541308,11883.34,51.47791284,7.39300149,176.38,19.50,1.02,359.45,1,-97.00,-6.00,24.00,15.00,26.00,10.00,13067529,354
517.01,1552541309,11902.84,51.47527380,7.39585370,176.51,18.39,-1.11,1.50,1,-97.00,-6.00,24.00,15.00,26.00,10.00,13067529,354
518.00,1552541310,11921.17,51.47826208,7.39307718,176.46,18.50,0.11,14.06,1,-100.00,-7.00,24.00,15.00,24.00,10.00,13067529,354
519.01,1552541311,11939.71,51.47843425,7.39316059,176.34,18.51,0.01,16.83,1,-100.00,-7.00,24.00,15.00,24.00,10.00,13067529,354
520.01,1552541312,11958.24,51.47860968,7.39327381,176.05,19.92,1.41,20.88,1,-90.00,-7.00,29.00,15.00,32.00,10.00,13067529,354
521.01,1552541313,11978.16,51.47874214,7.39343158,176.16,18.68,-1.24,34.09,1,-90.00,-7.00,29.00,15.00,32.00,10.00,13067529,354
522.01,1552541314,11996.97,51.47886831,7.39357687,176.44,16.80,-1.87,34.88,1,-85.00,-7.00,31.00,15.00,38.00,10.00,13067529,354
523.01,1552541315,12013.64,51.47899299,7.39371291,176.48,16.12,-0.69,32.48,1,-85.00,-7.00,31.00,15.00,38.00,10.00,13067529,354
524.01,1552541316,12029.77,51.47913628,7.39379420,177.12,14.97,-1.14,15.70,1,-85.00,-7.00,31.00,15.00,38.00,10.00,13067529,354
525.01,1552541317,12044.73,51.47928785,7.39382879,177.73,14.30,-0.68,3.06,1,-71.00,-5.00,29.00,15.00,47.00,10.00,13067529,354
526.01,1552541318,12059.03,51.47942111,7.39383314,178.46,14.48,0.18,359.42,1,-71.00,-5.00,29.00,15.00,47.00,10.00,13067529,354
527.01,1552541319,12073.51,51.47953375,7.39377049,179.31,14.27,-0.21,340.45,1,-77.00,-6.00,21.00,15.00,44.00,10.00,13067529,354
528.01,1552541320,12087.78,51.47963613,7.39369850,180.29,14.37,0.10,338.76,1,-77.00,-6.00,21.00,15.00,44.00,10.00,13067529,354
529.01,1552541321,12102.15,51.47974394,7.39361762,181.18,14.43,0.06,337.44,1,-76.00,-6.00,30.00,15.00,48.00,10.00,13067529,354
530.01,1552541322,12116.58,51.47985657,7.39353301,182.29,13.11,-1.32,336.24,1,-76.00,-6.00,30.00,15.00,48.00,10.00,13067529,354
531.01,1552541323,12129.69,51.47995549,7.39346002,183.31,11.48,-1.63,336.90,1,-67.00,-6.00,32.00,15.00,59.00,10.00,13067529,354
532.01,1552541324,12141.18,51.48005024,7.39342874,184.03,10.82,-0.66,350.61,1,-67.00,-6.00,32.00,15.00,59.00,10.00,13067529,354
533.01,1552541325,12151.99,51.48013949,7.39343740,184.95,10.32,-0.51,7.21,1,-65.00,-6.00,31.00,15.00,61.00,10.00,13067529,354
534.01,1552541326,12162.31,51.48023761,7.39350038,186.03,11.25,0.94,27.35,1,-65.00,-6.00,31.00,15.00,61.00,10.00,13067529,354
535.01,1552541327,12173.57,51.48032005,7.39361532,185.95,12.42,1.17,46.91,1,-68.00,-6.00,5.00,15.00,55.00,10.00,13067529,354
536.01,1552541328,12185.97,51.48039007,7.39377589,185.99,12.69,0.27,61.81,1,-68.00,-6.00,5.00,15.00,55.00,10.00,13067529,354
537.01,1552541329,12198.68,51.48044995,7.39394124,186.03,13.68,0.98,61.00,1,-78.00,-6.00,32.00,15.00,44.00,10.00,13067529,354
538.01,1552541330,12212.35,51.48050936,7.39410432,186.21,15.19,1.51,59.41,1,-78.00,-6.00,32.00,15.00,44.00,10.00,13067529,354
539.01,1552541331,12227.54,51.48057963,7.39428649,186.45,15.99,0.80,58.53,1,-82.00,-6.00,29.00,15.00,41.00,10.00,13067529,354
540.01,1552541332,12243.53,51.48066020,7.39450074,187.13,16.77,0.77,58.90,1,-82.00,-6.00,29.00,15.00,41.00,10.00,13067529,354
541.01,1552541333,12260.30,51.48073721,7.39470261,187.74,16.86,0.09,59.11,1,-79.00,-7.00,17.00,15.00,41.00,10.00,13067529,354
542.01,1552541334,12277.16,51.48081646,7.39491697,188.73,17.05,0.19,59.08,1,-79.00,-7.00,17.00,15.00,41.00,10.00,13067529,354
543.02,1552541335,12294.36,51.48089525,7.39513897,189.96,17.13,0.08,59.63,1,-77.00,-7.00,26.00,15.00,45.00,10.00,13067529,354
544.01,1552541336,12311.34,51.48096815,7.39533793,190.54,17.09,-0.04,59.82,1,-77.00,-7.00,26.00,15.00,45.00,10.00,13067529,354
545.01,1552541337,12328.44,51.48104463,7.39554660,190.51,16.90,-0.18,60.08,1,-77.00,-7.00,26.00,15.00,45.00,10.00,13067529,354
546.01,1552541338,12345.34,51.48112336,7.39575820,190.58,16.67,-0.23,60.03,1,-79.00,-7.00,27.00,15.00,46.00,10.00,13067529,354
547.01,1552541339,12362.01,51.48119606,7.39595419,190.15,16.32,-0.35,60.53,1,-79.00,-7.00,27.00,15.00,46.00,10.00,13067529,354
548.01,1552541340,12378.33,51.48127276,7.39616359,189.36,15.97,-0.35,60.27,1,-73.00,-8.00,7.00,15.00,53.00,10.00,13067529,354
549.01,1552541341,12394.30,51.48134420,7.39636681,189.22,15.80,-0.17,59.70,1,-73.00,-8.00,7.00,15.00,53.00,10.00,13067529,354
550.01,1552541342,12410.10,51.48141595,7.39655344,189.19,15.47,-0.33,59.63,1,-85.00,-9.00,16.00,13.00,43.00,10.00,13067529,354
551.01,1552541343,12425.57,51.48148167,7.39673521,189.05,15.34,-0.13,59.26,1,-85.00,-9.00,16.00,13.00,43.00,10.00,13067529,354
552.01,1552541344,12440.89,51.48155237,7.39692454,188.32,14.98,-0.35,58.71,1,-82.00,-6.00,21.00,15.00,41.00,5.00,13067528,356
553.01,1552541345,12455.87,51.48162941,7.39711789,187.60,14.72,-0.26,58.02,1,-82.00,-6.00,21.00,15.00,41.00,5.00,13067528,356
554.01,1552541346,12470.59,51.48169742,7.39728726,186.86,14.09,-0.63,57.46,1,-69.00,-5.00,24.00,15.00,55.00,5.00,13067528,356
555.01,1552541347,12484.69,51.48176570,7.39744391,186.23,13.63,-0.46,56.63,1,-69.00,-5.00,24.00,15.00,55.00,5.00,13067528,356
556.01,1552541348,12498.32,51.48184100,7.39760779,185.61,13.39,-0.24,55.55,1,-73.00,-5.00,20.00,15.00,53.00,5.00,13067528,356
557.01,1552541349,12511.71,51.48191476,7.39776351,185.12,13.05,-0.34,54.35,1,-73.00,-5.00,20.00,15.00,53.00,5.00,13067528,356
558.01,1552541350,12524.78,51.48199151,7.39791008,184.94,12.58,-0.47,53.05,1,-67.00,-4.00,27.00,15.00,57.00,5.00,13067528,356
559.01,1552541351,12537.36,51.48205810,7.39803881,184.89,11.92,-0.66,51.78,1,-67.00,-4.00,27.00,15.00,57.00,5.00,13067528,356
560.01,1552541352,12549.27,51.48212706,7.39816407,184.60,10.78,-1.15,50.34,1,-65.00,-4.00,29.00,15.00,58.00,5.00,13067528,356
561.01,1552541353,12560.05,51.48218876,7.39826994,184.47,9.26,-1.51,49.07,1,-65.00,-4.00,29.00,15.00,58.00,5.00,13067528,356
562.01,1552541354,12569.32,51.48224616,7.39835981,184.75,7.64,-1.63,47.99,1,-79.00,-5.00,28.00,15.00,45.00,5.00,13067528,356
563.01,1552541355,12576.95,51.48229041,7.39842638,185.17,5.86,-1.77,46.87,1,-79.00,-5.00,28.00,15.00,45.00,5.00,13067528,356
564.02,1552541356,12582.87,51.48232226,7.39847149,185.21,4.01,-1.83,45.85,1,-71.00,-4.00,30.00,15.00,54.00,5.00,13067528,356
565.01,1552541357,12586.84,51.48234661,7.39850325,185.25,2.64,-1.39,44.60,1,-71.00,-4.00,30.00,15.00,54.00,5.00,13067528,356
566.01,1552541358,12589.49,51.48235839,7.39851407,185.29,1.31,-1.33,43.20,1,-71.00,-4.00,30.00,15.00,54.00,5.00,13067528,356
567.01,1552541359,12590.79,51.48235839,7.39851407,185.29,0.00,-1.31,43.20,1,-71.00,-5.00,25.00,15.00,53.00,5.00,13067528,356
568.01,1552541360,12590.79,51.48235839,7.39851407,185.30,0.00,0.00,43.20,1,-71.00,-5.00,25.00,15.00,53.00,5.00,13067528,356
569.01,1552541361,12590.79,51.48235839,7.39851407,185.30,0.00,0.00,43.20,1,-72.00,-5.00,29.00,15.00,52.00,5.00,13067528,356
570.01,1552541362,12590.79,51.48235839,7.39851407,185.31,0.00,0.00,43.20,1,-72.00,-5.00,29.00,15.00,52.00,5.00,13067528,356
571.01,1552541363,12590.79,51.48235839,7.39851407,185.32,0.00,0.00,43.20,1,-71.00,-5.00,31.00,15.00,53.00,5.00,13067528,356
572.01,1552541364,12590.79,51.48235839,7.39851407,185.33,0.00,0.00,43.20,1,-71.00,-5.00,31.00,15.00,53.00,5.00,13067528,356
573.01,1552541365,12590.79,51.48235839,7.39851407,185.75,0.00,0.00,40.47,1,-69.00,-5.00,27.00,15.00,55.00,5.00,13067528,356
574.01,1552541366,12590.79,51.48242116,7.39859903,186.44,0.00,0.00,39.58,1,-69.00,-5.00,27.00,15.00,55.00,5.00,13067528,356
575.01,1552541367,12590.79,51.48246381,7.39865269,187.06,6.40,0.00,38.93,1,-80.00,-5.00,30.00,15.00,43.00,5.00,13067528,356
576.01,1552541368,12597.20,51.48252002,7.39872339,187.76,7.81,1.41,38.19,1,-80.00,-5.00,30.00,15.00,43.00,5.00,13067528,356
577.01,1552541369,12605.00,51.48257584,7.39878691,188.16,8.05,0.24,37.71,1,-78.00,-5.00,25.00,15.00,45.00,5.00,13067528,356
578.01,1552541370,12613.06,51.48263874,7.39886211,188.37,8.92,0.87,37.17,1,-78.00,-5.00,25.00,15.00,45.00,5.00,13067528,356
579.01,1552541371,12621.98,51.48270765,7.39893560,188.40,9.51,0.59,36.19,1,-80.00,-5.00,29.00,15.00,44.00,5.00,13067528,356
580.01,1552541372,12631.48,51.48278312,7.39901898,188.54,9.87,0.36,35.75,1,-80.00,-5.00,29.00,15.00,44.00,5.00,13067528,356
581.01,1552541373,12641.35,51.48286531,7.39911297,188.86,10.99,1.13,35.26,1,-81.00,-6.00,29.00,15.00,42.00,5.00,13067528,356
582.01,1552541374,12652.35,51.48295079,7.39920198,189.22,12.36,1.37,34.60,1,-81.00,-6.00,29.00,15.00,42.00,5.00,13067528,356
583.01,1552541375,12664.71,51.48304622,7.39930169,189.78,12.48,0.12,34.91,1,-80.00,-5.00,27.00,15.00,43.00,5.00,13067528,356
584.01,1552541376,12677.19,51.48315609,7.39941410,189.62,14.30,1.82,33.93,1,-80.00,-5.00,27.00,15.00,43.00,5.00,13067528,356
585.02,1552541377,12691.62,51.48327541,7.39953636,189.36,15.12,0.81,33.52,1,-79.00,-4.00,30.00,15.00,43.00,5.00,13067528,356
586.01,1552541378,12706.62,51.48339176,7.39965556,188.64,15.77,0.66,33.80,1,-79.00,-4.00,30.00,15.00,43.00,5.00,13067528,356
587.01,1552541379,12722.40,51.48350659,7.39977833,188.10,15.66,-0.12,34.17,1,-79.00,-4.00,30.00,15.00,43.00,5.00,13067528,356
588.01,1552541380,12738.06,51.48362768,7.39990947,187.13,15.54,-0.11,34.64,1,-79.00,-5.00,29.00,15.00,44.00,5.00,13067528,356
589.01,1552541381,12753.59,51.48374361,7.40003871,186.20,15.51,-0.04,35.21,1,-79.00,-5.00,29.00,15.00,44.00,5.00,13067528,356
590.01,1552541382,12769.09,51.48385400,7.40016804,185.28,15.39,-0.11,35.69,1,-79.00,-4.00,28.00,15.00,43.00,5.00,13067528,356
591.01,1552541383,12784.50,51.48396873,7.40030248,184.43,15.91,0.52,36.23,1,-79.00,-4.00,28.00,15.00,43.00,5.00,13067528,356
592.01,1552541384,12800.40,51.48408136,7.40044427,184.10,16.65,0.73,36.89,1,-85.00,-5.00,28.00,15.00,36.00,5.00,13067528,356
593.01,1552541385,12817.05,51.48419888,7.40058984,183.67,16.30,-0.35,37.79,1,-85.00,-5.00,28.00,15.00,36.00,5.00,13067528,356
594.01,1552541386,12833.36,51.48430850,7.40073556,183.78,16.11,-0.19,38.61,1,-85.00,-5.00,30.00,15.00,39.00,5.00,13067528,356
595.01,1552541387,12849.46,51.48441310,7.40087772,184.44,15.93,-0.18,39.46,1,-85.00,-5.00,30.00,15.00,39.00,5.00,13067528,356
596.01,1552541388,12865.39,51.48452305,7.40103075,184.75,15.74,-0.19,40.40,1,-88.00,-5.00,29.00,15.00,33.00,5.00,13067528,356
597.01,1552541389,12881.13,51.48435230,7.40161490,185.15,15.48,-0.26,41.36,1,-88.00,-5.00,29.00,15.00,33.00,5.00,13067528,356
598.01,1552541390,12896.63,51.48472727,7.40133137,185.10,15.31,-0.17,41.80,1,-92.00,-7.00,22.00,15.00,35.00,5.00,13067528,356
599.01,1552541391,12911.94,51.48483061,7.40148324,185.23,15.04,-0.27,42.78,1,-92.00,-7.00,22.00,15.00,35.00,5.00,13067528,356
600.01,1552541392,12926.97,51.48492332,7.40162419,186.19,14.87,-0.17,42.19,1,-91.00,-5.00,29.00,15.00,31.00,5.00,13067528,356
601.01,1552541393,12941.85,51.48502489,7.40177011,186.18,14.88,0.01,41.50,1,-91.00,-5.00,29.00,15.00,31.00,5.00,13067528,356
602.01,1552541394,12956.74,51.48512110,7.40191009,185.98,14.07,-0.81,42.68,1,-90.00,-5.00,30.00,14.00,35.00,5.00,13067528,356
603.01,1552541395,12970.80,51.48520622,7.40205138,185.34,12.20,-1.87,44.16,1,-90.00,-5.00,30.00,14.00,35.00,5.00,13067528,356
604.01,1552541396,12983.00,51.48527205,7.40216193,185.44,11.10,-1.10,45.27,1,-89.00,-5.00,25.00,15.00,34.00,5.00,13067528,356
605.01,1552541397,12994.10,51.48533375,7.40227576,185.44,9.38,-1.72,47.56,1,-89.00,-5.00,25.00,15.00,34.00,5.00,13067528,356
606.02,1552541398,13003.57,51.48538683,7.40238013,184.67,9.06,-0.32,48.26,1,-91.00,-5.00,28.00,15.00,32.00,5.00,13067528,356
607.01,1552541399,13012.55,51.48543643,7.40247978,184.25,8.35,-0.72,48.78,1,-91.00,-5.00,28.00,15.00,32.00,5.00,13067528,356
608.01,1552541400,13020.92,51.48547947,7.40257100,183.84,7.93,-0.41,49.49,1,-91.00,-5.00,28.00,15.00,32.00,5.00,13067528,356
609.01,1552541401,13028.84,51.48552152,7.40266279,183.23,7.53,-0.40,50.20,1,-91.00,-5.00,26.00,14.00,32.00,5.00,13067528,356
610.01,1552541402,13036.37,51.48556570,7.40274687,182.60,7.35,-0.18,47.17,1,-91.00,-5.00,26.00,14.00,32.00,5.00,13067528,356
611.01,1552541403,13043.72,51.48561646,7.40278323,182.15,7.22,-0.13,19.69,1,-89.00,-5.00,27.00,15.00,30.00,5.00,13067528,356
612.01,1552541404,13050.93,51.48568101,7.40278436,181.69,7.63,0.42,356.88,1,-89.00,-5.00,27.00,15.00,30.00,5.00,13067528,356
613.01,1552541405,13058.57,51.48574092,7.40274990,181.40,7.90,0.27,337.74,1,-89.00,-4.00,29.00,12.00,35.00,5.00,13067528,356
614.01,1552541406,13066.46,51.48579746,7.40268011,181.31,8.46,0.56,322.60,1,-89.00,-4.00,29.00,12.00,35.00,5.00,13067528,356
615.01,1552541407,13074.92,51.48586124,7.40260158,180.80,8.75,0.29,321.88,1,-92.00,-6.00,29.00,15.00,34.00,5.00,13067528,356
616.01,1552541408,13083.67,51.48592479,7.40251649,180.04,9.07,0.32,322.15,1,-92.00,-6.00,29.00,15.00,34.00,5.00,13067528,356
617.01,1552541409,13092.74,51.48599234,7.40243177,179.59,9.82,0.75,323.37,1,-96.00,-5.00,23.00,15.00,26.00,5.00,13067528,356
618.01,1552541410,13102.58,51.48606626,7.40234164,178.94,10.58,0.75,324.43,1,-96.00,-5.00,23.00,15.00,26.00,5.00,13067528,356
619.01,1552541411,13113.14,51.48613975,7.40225543,178.41,9.93,-0.65,326.18,1,-98.00,-5.00,20.00,15.00,25.00,5.00,13067528,356
620.01,1552541412,13123.07,51.48621572,7.40218091,178.84,10.07,0.15,328.16,1,-98.00,-5.00,20.00,15.00,25.00,5.00,13067528,356
621.01,1552541413,13133.14,51.48629297,7.40210710,179.23,10.31,0.24,330.22,1,-94.00,-5.00,25.00,11.00,28.00,5.00,13067528,356
622.01,1552541414,13143.45,51.48637242,7.40204201,179.86,10.48,0.17,332.19,1,-94.00,-5.00,25.00,11.00,28.00,5.00,13067528,356
623.01,1552541415,13153.94,51.48645896,7.40197567,180.79,10.98,0.50,333.78,1,-95.00,-6.00,24.00,11.00,27.00,5.00,13067528,356
624.01,1552541416,13164.93,51.48655234,7.40191014,181.90,11.48,0.49,335.57,1,-95.00,-6.00,24.00,11.00,27.00,5.00,13067528,356
625.01,1552541417,13176.40,51.48664728,7.40185778,182.66,11.75,0.27,337.74,1,-87.00,-5.00,24.00,15.00,34.00,5.00,13067528,356
626.01,1552541418,13188.16,51.48674554,7.40181014,183.10,11.67,-0.08,340.03,1,-87.00,-5.00,24.00,15.00,34.00,5.00,13067528,356
627.02,1552541419,13199.93,51.48684422,7.40176811,183.64,11.78,0.11,342.53,1,-82.00,-5.00,29.00,15.00,42.00,5.00,13067528,356
628.01,1552541420,13211.60,51.48694936,7.40173097,183.71,11.75,-0.03,344.41,1,-82.00,-5.00,29.00,15.00,42.00,5.00,13067528,356
629.01,1552541421,13223.36,51.48705903,7.40170059,183.65,11.72,-0.03,346.69,1,-82.00,-5.00,29.00,15.00,42.00,5.00,13067528,356
630.01,1552541422,13235.07,51.48716384,7.40167609,183.55,11.77,0.05,349.00,1,-85.00,-4.00,27.00,15.00,39.00,5.00,13067528,356
631.01,1552541423,13246.86,51.48726517,7.40166437,183.48,11.71,-0.07,351.68,1,-85.00,-4.00,27.00,15.00,39.00,5.00,13067528,356
632.01,1552541424,13258.55,51.48737480,7.40165960,183.06,11.55,-0.15,353.65,1,-83.00,-5.00,27.00,15.00,41.00,5.00,13067528,356
633.01,1552541425,13270.11,51.48747891,7.40165834,182.91,11.73,0.18,355.35,1,-83.00,-5.00,27.00,15.00,41.00,5.00,13067528,356
634.01,1552541426,13281.85,51.48758431,7.40165444,182.90,11.49,-0.24,356.46,1,-84.00,-5.00,31.00,15.00,40.00,5.00,13067528,356
635.01,1552541427,13293.32,51.48769056,7.40165425,182.99,11.68,0.19,357.83,1,-84.00,-5.00,31.00,15.00,40.00,5.00,13067528,356
636.01,1552541428,13305.01,51.48780414,7.40164873,182.82,11.83,0.15,358.78,1,-82.00,-5.00,25.00,15.00,40.00,5.00,13067528,356
637.01,1552541429,13316.83,51.48791536,7.40165457,182.72,12.05,0.22,359.31,1,-82.00,-5.00,25.00,15.00,40.00,5.00,13067528,356
638.01,1552541430,13328.87,51.48802086,7.40165898,182.47,11.68,-0.36,358.15,1,-83.00,-5.00,27.00,15.00,37.00,5.00,13067528,356
639.01,1552541431,13340.57,51.48813341,7.40166382,181.60,11.63,-0.05,358.78,1,-83.00,-5.00,27.00,15.00,37.00,5.00,13067528,356
640.01,1552541432,13352.20,51.48824930,7.40167331,180.71,12.03,0.39,359.27,1,-84.00,-5.00,25.00,15.00,40.00,5.00,13067528,356
641.01,1552541433,13364.22,51.48836019,7.40167904,180.05,11.89,-0.14,359.71,1,-84.00,-5.00,25.00,15.00,40.00,5.00,13067528,356
642.01,1552541434,13376.12,51.48846292,7.40168608,179.24,11.20,-0.69,0.25,1,-90.00,-6.00,24.00,12.00,32.00,5.00,13067528,356
643.01,1552541435,13387.31,51.48855978,7.40168926,178.51,10.08,-1.12,0.45,1,-90.00,-6.00,24.00,12.00,32.00,5.00,13067528,356
644.01,1552541436,13397.38,51.48865050,7.40169188,177.94,9.31,-0.77,359.62,1,-92.00,-6.00,22.00,15.00,31.00,5.00,13067528,356
645.01,1552541437,13406.70,51.48873037,7.40169089,177.87,9.08,-0.23,359.58,1,-92.00,-6.00,22.00,15.00,31.00,5.00,13067528,356
646.01,1552541438,13415.79,51.48879824,7.40169212,177.89,8.03,-1.05,359.70,1,-101.00,-7.00,18.00,2.00,36.00,5.00,13067528,356
647.00,1552541439,13423.78,51.48886740,7.40169665,177.66,7.80,-0.23,359.65,1,-101.00,-7.00,18.00,2.00,36.00,5.00,13067528,356
648.02,1552541440,13431.68,51.48894040,7.40169745,177.31,7.87,0.06,359.28,1,-103.00,-6.00,16.00,12.00,20.00,12.00,13067528,356
649.01,1552541441,13439.48,51.48901823,7.40169813,176.77,8.65,0.79,359.87,1,-103.00,-6.00,16.00,12.00,20.00,12.00,13067528,356
650.01,1552541442,13448.13,51.48911283,7.40170190,176.13,9.68,1.03,0.37,1,-103.00,-6.00,16.00,12.00,20.00,12.00,13067528,356
651.01,1552541443,13457.80,51.48920283,7.40170499,175.42,9.40,-0.28,0.03,1,-105.00,-7.00,19.00,12.00,20.00,12.00,13067528,356
652.01,1552541444,13467.21,51.48928361,7.40170619,174.65,8.40,-1.00,0.51,1,-105.00,-7.00,19.00,12.00,20.00,12.00,13067528,356
653.01,1552541445,13475.60,51.48934632,7.40173535,174.01,6.04,-2.36,18.49,1,-106.00,-7.00,15.00,15.00,18.00,12.00,13067528,356
654.01,1552541446,13481.63,51.48937753,7.40180406,173.83,6.54,0.50,53.51,1,-106.00,-7.00,15.00,15.00,18.00,12.00,13067528,356
655.01,1552541447,13488.18,51.48940526,7.40192691,173.26,8.37,1.83,75.13,1,-106.00,-6.00,9.00,14.00,17.00,12.00,13067528,356
656.01,1552541448,13496.55,51.48940794,7.40207779,172.70,9.73,1.36,91.47,1,-106.00,-6.00,9.00,14.00,17.00,12.00,13067528,356
657.01,1552541449,13506.28,51.48940779,7.40223282,172.47,11.08,1.35,91.21,1,-110.00,-8.00,20.00,11.00,14.00,12.00,13067528,356
658.01,1552541450,13517.37,51.48940600,7.40242059,172.51,12.22,1.14,90.77,1,-110.00,-8.00,20.00,11.00,14.00,12.00,13067528,356
659.01,1552541451,13529.58,51.48940666,7.40261958,172.88,12.79,0.57,90.36,1,-108.00,-8.00,8.00,12.00,18.00,12.00,13067528,356
660.01,1552541452,13542.38,51.48940673,7.40282829,173.56,13.63,0.83,90.30,1,-108.00,-8.00,8.00,12.00,18.00,12.00,13067528,356
661.01,1552541453,13556.00,51.48940525,7.40300249,174.31,14.09,0.47,90.78,1,-110.00,-7.00,26.00,15.00,16.00,12.00,13067528,356
662.01,1552541454,13570.10,51.48940474,7.40319192,175.26,14.53,0.43,91.11,1,-110.00,-7.00,26.00,15.00,16.00,12.00,13067528,356
663.01,1552541455,13584.64,51.48940482,7.40338613,176.07,14.79,0.27,90.99,1,-112.00,-8.00,7.00,10.00,15.00,12.00,13067528,356
664.01,1552541456,13599.43,51.48940154,7.40360379,176.53,14.60,-0.19,91.91,1,-112.00,-8.00,7.00,10.00,15.00,12.00,13067528,356
665.01,1552541457,13614.02,51.48939753,7.40381213,177.11,14.55,-0.05,91.02,1,-107.00,-11.00,7.00,11.00,21.00,12.00,13067528,356
666.01,1552541458,13628.57,51.48939528,7.40402030,177.88,14.61,0.06,90.87,1,-107.00,-11.00,7.00,11.00,21.00,12.00,13067528,356
667.01,1552541459,13643.20,51.48939157,7.40424057,178.56,14.72,0.11,91.34,1,-112.00,-10.00,19.00,10.00,14.00,12.00,13067528,356
668.02,1552541460,13658.11,51.48938789,7.40445642,179.22,14.41,-0.31,91.50,1,-112.00,-10.00,19.00,10.00,14.00,12.00,13067528,356
669.02,1552541461,13672.44,51.48938382,7.40466765,179.97,14.04,-0.38,91.80,1,-113.00,-10.00,6.00,8.00,16.00,12.00,13067528,356
670.01,1552541462,13686.38,51.48938158,7.40485917,180.55,13.89,-0.15,91.47,1,-113.00,-10.00,6.00,8.00,16.00,12.00,13067528,356
671.01,1552541463,13700.27,51.48937955,7.40505315,181.22,13.70,-0.19,91.39,1,-113.00,-10.00,6.00,8.00,16.00,12.00,13067528,356
672.01,1552541464,13713.97,51.48937885,7.40524151,181.73,13.04,-0.66,90.99,1,-106.00,-8.00,8.00,2.00,33.00,12.00,13067528,356
673.01,1552541465,13727.02,51.48938607,7.40544205,182.43,12.80,-0.24,88.63,1,-106.00,-8.00,8.00,2.00,33.00,12.00,13067528,356
674.01,1552541466,13739.85,51.48939969,7.40563668,183.29,13.05,0.24,86.41,1,-97.00,-7.00,10.00,2.00,21.00,70.00,13067274,289
675.01,1552541467,13752.88,51.48941661,7.40582558,183.72,13.60,0.55,84.07,1,-97.00,-7.00,10.00,2.00,21.00,70.00,13067274,289
676.01,1552541468,13766.48,51.48943975,7.40601949,184.39,13.68,0.08,81.89,1,-99.00,-5.00,16.00,2.00,22.00,70.00,13067274,289
677.00,1552541469,13780.09,51.48946797,7.40619904,184.49,13.06,-0.62,79.18,1,-99.00,-5.00,16.00,2.00,22.00,70.00,13067274,289
678.01,1552541470,13793.17,51.48949754,7.40641497,185.27,13.56,0.50,78.67,1,-97.00,-5.00,13.00,10.00,25.00,69.00,13067274,289
679.01,1552541471,13806.73,51.48952647,7.40661327,186.02,13.37,-0.19,78.14,1,-97.00,-5.00,13.00,10.00,25.00,69.00,13067274,289
680.01,1552541472,13820.09,51.48955334,7.40678960,186.69,12.69,-0.68,77.71,1,-99.00,-5.00,11.00,15.00,22.00,69.00,13067274,289
681.01,1552541473,13832.80,51.48958262,7.40698043,186.98,13.69,1.00,77.99,1,-99.00,-5.00,11.00,15.00,22.00,69.00,13067274,289
682.01,1552541474,13846.48,51.48961374,7.40716678,187.12,13.78,0.10,77.10,1,-98.00,-5.00,10.00,15.00,23.00,69.00,13067274,289
683.01,1552541475,13860.25,51.48964552,7.40736189,187.25,13.78,0.00,77.43,1,-98.00,-5.00,10.00,15.00,23.00,69.00,13067274,289
684.01,1552541476,13874.05,51.48967517,7.40755795,187.44,13.84,0.06,77.31,1,-101.00,-6.00,13.00,15.00,22.00,69.00,13067274,289
685.01,1552541477,13887.88,51.48970165,7.40775745,187.79,13.83,-0.01,78.21,1,-101.00,-6.00,13.00,15.00,22.00,69.00,13067274,289
686.01,1552541478,13901.72,51.48972613,7.40796590,188.54,14.04,0.21,78.63,1,-100.00,-7.00,13.00,15.00,23.00,69.00,13067274,289
687.01,1552541479,13915.76,51.48975448,7.40819470,189.17,13.93,-0.12,78.41,1,-100.00,-7.00,13.00,15.00,23.00,69.00,13067274,289
688.01,1552541480,13929.69,51.48978310,7.40841007,189.69,14.10,0.18,78.04,1,-104.00,-7.00,6.00,12.00,18.00,69.00,13067274,289
689.01,1552541481,13943.79,51.48981221,7.40862924,190.05,14.27,0.16,77.42,1,-104.00,-7.00,6.00,12.00,18.00,69.00,13067274,289
690.02,1552541482,13958.17,51.48984060,7.40880266,189.85,14.16,-0.11,76.98,1,-107.00,-6.00,2.00,2.00,30.00,69.00,13067274,289
691.01,1552541483,13972.20,51.48987140,7.40900327,189.54,14.27,0.11,77.26,1,-107.00,-6.00,2.00,2.00,30.00,69.00,13067274,289
692.00,1552541484,13986.42,51.48990141,7.40919780,189.08,14.33,0.07,77.81,1,-107.00,-6.00,2.00,2.00,30.00,69.00,13067274,289
693.01,1552541485,14000.80,51.48992967,7.40938156,188.30,14.41,0.07,77.01,1,-103.00,-9.00,4.00,12.00,21.00,67.00,13067274,289
694.01,1552541486,14015.20,51.48995522,7.40956642,187.08,14.40,-0.00,77.71,1,-103.00,-9.00,4.00,12.00,21.00,67.00,13067274,289
695.01,1552541487,14029.64,51.48998131,7.40976885,185.78,14.29,-0.11,78.45,1,-106.00,-8.00,2.00,12.00,20.00,67.00,13067274,289
696.01,1552541488,14043.91,51.49000717,7.40995754,184.33,14.43,0.14,78.51,1,-106.00,-8.00,2.00,12.00,20.00,67.00,13067274,289
697.00,1552541489,14058.28,51.49003411,7.41015911,182.81,14.23,-0.19,78.86,1,-105.00,-8.00,7.00,11.00,20.00,67.00,13067274,289
698.01,1552541490,14072.57,51.49005934,7.41035092,180.87,14.30,0.06,78.72,1,-105.00,-8.00,7.00,11.00,20.00,67.00,13067274,289
699.01,1552541491,14086.85,51.49008490,7.41054893,179.00,14.25,-0.05,78.31,1,-105.00,-6.00,21.00,10.00,19.00,67.00,13067274,289
