0.09,1552627535,0.00,51.44995700,7.48831909,249.61,11.52,0.00,167.80,1,-106.00,-8.00,4.00,9.00,27.00,13.00,12918809,429
1.05,1552627536,11.05,51.44984937,7.48835218,249.27,12.98,1.52,168.85,1,-107.00,-8.00,20.00,6.00,27.00,13.00,12918809,429
2.05,1552627537,24.02,51.44973587,7.48838529,248.93,13.36,0.37,169.74,1,-107.00,-8.00,20.00,6.00,27.00,13.00,12918809,429
3.05,1552627538,37.39,51.44960846,7.48840783,248.92,14.14,0.78,171.99,1,-104.00,-8.00,18.00,7.00,28.00,13.00,12918809,429
4.05,1552627539,51.56,51.44960846,7.48840783,248.92,14.14,0.00,171.99,1,-104.00,-8.00,18.00,7.00,28.00,13.00,12918809,429
5.05,1552627540,65.68,51.44935456,7.48842613,249.43,13.76,-0.38,176.52,1,-102.00,-7.00,23.00,9.00,31.00,13.00,12918809,429
6.05,1552627541,79.44,51.44922727,7.48842900,249.63,13.76,-0.01,178.79,1,-102.00,-7.00,23.00,9.00,31.00,13.00,12918809,429
7.05,1552627542,93.20,51.44909769,7.48842365,249.75,14.21,0.46,180.43,1,-99.00,-6.00,25.00,9.00,33.00,13.00,12918809,429
8.05,1552627543,107.41,51.44896584,7.48840776,249.76,14.37,0.16,182.77,1,-99.00,-6.00,25.00,9.00,33.00,13.00,12918809,429
9.05,1552627544,121.79,51.44884091,7.48837763,249.78,14.28,-0.09,186.06,1,-97.00,-6.00,25.00,10.00,34.00,13.00,12918809,429
10.06,1552627545,136.19,51.44871551,7.48833913,249.74,14.17,-0.11,188.68,1,-97.00,-6.00,25.00,10.00,34.00,13.00,12918809,429
11.05,1552627546,150.24,51.44858249,7.48829793,249.67,13.84,-0.34,189.63,1,-98.00,-6.00,13.00,14.00,33.00,13.00,12918809,429
12.05,1552627547,164.11,51.44845449,7.48825000,249.37,14.50,0.66,191.26,1,-98.00,-6.00,13.00,14.00,33.00,13.00,12918809,429
13.06,1552627548,178.67,51.44833108,7.48819801,248.67,14.39,-0.11,192.13,1,-99.00,-6.00,29.00,10.00,31.00,13.00,12918809,429
14.05,1552627549,192.99,51.44820898,7.48814015,248.02,14.52,0.13,192.70,1,-99.00,-6.00,29.00,10.00,31.00,13.00,12918809,429
15.05,1552627550,207.48,51.44808478,7.48808309,247.37,14.76,0.24,192.95,1,-99.00,-6.00,29.00,10.00,31.00,13.00,12918809,429
16.05,1552627551,222.24,51.44795084,7.48802273,247.29,14.68,-0.08,192.37,1,-99.00,-6.00,18.00,11.00,32.00,13.00,12918809,429
17.05,1552627552,236.91,51.44781382,7.48797945,247.83,14.63,-0.05,189.46,1,-99.00,-6.00,18.00,11.00,32.00,13.00,12918809,429
18.05,1552627553,251.54,51.44768649,7.48794253,248.39,13.80,-0.82,188.17,1,-96.00,-6.00,29.00,14.00,35.00,13.00,12918809,429
19.05,1552627554,265.34,51.44755420,7.48791602,248.69,15.08,1.28,186.21,1,-96.00,-6.00,29.00,14.00,35.00,13.00,12918809,429
20.05,1552627555,280.44,51.44741614,7.48789912,249.03,15.36,0.27,182.88,1,-97.00,-6.00,28.00,10.00,34.00,13.00,12918809,429
21.05,1552627556,295.80,51.44728706,7.48789122,249.17,14.74,-0.61,181.09,1,-97.00,-6.00,28.00,10.00,34.00,13.00,12918809,429
22.05,1552627557,310.56,51.44715436,7.48790200,249.06,15.58,0.83,177.96,1,-95.00,-6.00,34.00,11.00,35.00,13.00,12918809,429
23.05,1552627558,326.10,51.44701771,7.48792933,249.00,15.80,0.22,174.49,1,-95.00,-6.00,34.00,11.00,35.00,13.00,12918809,429
24.05,1552627559,341.94,51.44687784,7.48796955,248.81,16.00,0.21,171.21,1,-98.00,-6.00,19.00,10.00,34.00,13.00,12918809,429
25.05,1552627560,357.92,51.44673776,7.48802362,248.89,16.20,0.19,167.76,1,-98.00,-6.00,19.00,10.00,34.00,13.00,12918809,429
26.05,1552627561,374.11,51.44659837,7.48809504,249.32,16.34,0.14,164.22,1,-96.00,-6.00,28.00,10.00,35.00,13.00,12918809,429
26.79,1552627562,386.19,51.44647203,7.48817784,250.23,16.32,-0.03,160.81,1,-96.00,-6.00,28.00,10.00,35.00,13.00,12918809,429
27.79,1552627563,402.59,51.44633770,7.48828494,251.20,16.57,0.25,156.92,1,-92.00,-7.00,22.00,12.00,40.00,7.00,12918809,429
28.79,1552627564,419.12,51.44619910,7.48841785,252.26,16.15,-0.42,153.09,1,-92.00,-7.00,22.00,12.00,40.00,7.00,12918809,429
29.79,1552627565,435.21,51.44606882,7.48856230,253.46,16.07,-0.08,149.09,1,-93.00,-6.00,16.00,13.00,38.00,7.00,12918809,429
30.79,1552627566,451.28,51.44594845,7.48871847,254.64,16.03,-0.04,145.58,1,-93.00,-6.00,16.00,13.00,38.00,7.00,12918809,429
31.79,1552627567,467.34,51.44583922,7.48887863,255.72,16.18,0.15,142.27,1,-94.00,-5.00,15.00,12.00,37.00,7.00,12918809,429
32.79,1552627568,483.51,51.44572827,7.48905927,256.85,16.12,-0.06,138.83,1,-94.00,-5.00,15.00,12.00,37.00,7.00,12918809,429
33.79,1552627569,499.65,51.44562265,7.48925183,258.07,15.97,-0.15,135.75,1,-97.00,-6.00,15.00,10.00,34.00,7.00,12918809,429
34.79,1552627570,515.63,51.44562265,7.48925183,258.07,15.97,0.00,135.75,1,-97.00,-6.00,15.00,10.00,34.00,7.00,12918809,429
35.80,1552627571,531.76,51.44543834,7.48963335,259.88,15.97,0.00,131.28,1,-97.00,-6.00,10.00,9.00,35.00,7.00,12918809,429
36.79,1552627572,547.57,51.44535251,7.48982853,260.78,15.75,-0.22,129.91,1,-97.00,-6.00,10.00,9.00,35.00,7.00,12918809,429
37.79,1552627573,563.30,51.44527842,7.49001190,261.68,14.99,-0.76,128.74,1,-97.00,-6.00,10.00,9.00,35.00,7.00,12918809,429
38.79,1552627574,578.29,51.44519560,7.49020600,262.76,15.25,0.26,127.78,1,-100.00,-7.00,13.00,9.00,32.00,7.00,12918809,429
39.79,1552627575,593.54,51.44512342,7.49039029,263.71,14.74,-0.51,127.30,1,-100.00,-7.00,13.00,9.00,32.00,7.00,12918809,429
40.79,1552627576,608.28,51.44505176,7.49056825,264.59,14.19,-0.55,126.38,1,-98.00,-6.00,11.00,10.00,33.00,7.00,12918809,429
41.81,1552627577,622.73,51.44498312,7.49074133,265.24,13.55,-0.63,125.35,1,-98.00,-6.00,11.00,10.00,33.00,7.00,12918809,429
42.79,1552627578,636.05,51.44492017,7.49089891,265.75,12.73,-0.84,124.60,1,-99.00,-7.00,14.00,10.00,33.00,7.00,12918809,429
43.79,1552627579,648.78,51.44485691,7.49105894,266.28,12.38,-0.35,125.52,1,-99.00,-7.00,14.00,10.00,33.00,7.00,12918809,429
44.79,1552627580,661.14,51.44479665,7.49120923,266.71,11.23,-1.15,126.01,1,-99.00,-7.00,22.00,9.00,33.00,7.00,12918809,429
45.79,1552627581,672.38,51.44474169,7.49133635,267.27,9.63,-1.60,126.52,1,-99.00,-7.00,22.00,9.00,33.00,7.00,12918809,429
46.79,1552627582,682.01,51.44469731,7.49143857,267.72,7.84,-1.80,126.86,1,-104.00,-7.00,16.00,10.00,29.00,7.00,12918809,429
47.79,1552627583,689.84,51.44466357,7.49151430,268.05,5.86,-1.98,127.14,1,-104.00,-7.00,16.00,10.00,29.00,7.00,12918809,429
48.79,1552627584,695.71,51.44463632,7.49156994,268.09,3.71,-2.15,127.68,1,-103.00,-7.00,17.00,9.00,29.00,7.00,12918809,429
49.79,1552627585,699.41,51.44462366,7.49159861,268.13,1.34,-2.37,126.67,1,-103.00,-7.00,17.00,9.00,29.00,7.00,12918809,429
50.79,1552627586,700.75,51.44462366,7.49159861,268.13,0.00,-1.34,126.67,1,-102.00,-7.00,19.00,10.00,30.00,7.00,12918809,429
51.79,1552627587,700.75,51.44462366,7.49159861,268.14,0.00,0.00,126.67,1,-102.00,-7.00,19.00,10.00,30.00,7.00,12918809,429
52.79,1552627588,700.75,51.44462366,7.49159861,268.15,0.00,0.00,126.67,1,-100.00,-7.00,16.00,14.00,34.00,7.00,12918809,429
53.80,1552627589,700.75,51.44462366,7.49159861,268.17,0.00,0.00,126.67,1,-100.00,-7.00,16.00,14.00,34.00,7.00,12918809,429
54.79,1552627590,700.75,51.44462366,7.49159861,268.19,0.00,0.00,126.67,1,-100.00,-6.00,14.00,14.00,32.00,7.00,12918809,429
55.79,1552627591,700.75,51.44462366,7.49159861,268.21,0.00,0.00,126.67,1,-100.00,-6.00,14.00,14.00,32.00,7.00,12918809,429
56.80,1552627592,700.75,51.44462366,7.49159861,268.24,0.00,0.00,126.67,1,-100.00,-6.00,20.00,10.00,33.00,7.00,12918809,429
57.79,1552627593,700.75,51.44462366,7.49159861,268.26,0.00,0.00,126.67,1,-100.00,-6.00,20.00,10.00,33.00,7.00,12918809,429
58.79,1552627594,700.75,51.44462366,7.49159861,268.47,0.00,0.00,135.59,1,-100.00,-6.00,20.00,10.00,33.00,7.00,12918809,429
59.79,1552627595,700.75,51.44458406,7.49168368,268.66,0.00,0.00,122.68,1,-103.00,-7.00,15.00,9.00,30.00,7.00,12918809,429
60.79,1552627596,700.75,51.44455875,7.49174460,270.37,4.73,0.00,125.44,1,-103.00,-7.00,15.00,9.00,30.00,7.00,12918809,429
61.79,1552627597,705.48,51.44453316,7.49177576,271.10,4.44,-0.29,141.10,1,-99.00,-8.00,14.00,2.00,37.00,7.00,12918809,429
62.79,1552627598,709.90,51.44446318,7.49175648,271.61,7.45,3.02,190.75,1,-99.00,-8.00,14.00,2.00,37.00,7.00,12918809,429
63.79,1552627599,717.36,51.44440292,7.49169874,271.95,9.00,1.55,210.16,1,-90.00,-11.00,16.00,15.00,46.00,7.00,12918809,429
64.79,1552627600,726.37,51.44433247,7.49162757,272.18,10.00,1.00,211.75,1,-90.00,-11.00,16.00,15.00,46.00,7.00,12918809,429
65.79,1552627601,736.35,51.44425593,7.49153656,272.16,11.20,1.20,213.03,1,-91.00,-7.00,21.00,12.00,42.00,7.00,12918809,429
66.79,1552627602,747.55,51.44416144,7.49143449,271.99,12.07,0.87,214.34,1,-91.00,-7.00,21.00,12.00,42.00,7.00,12918809,429
67.79,1552627603,759.60,51.44406275,7.49132652,271.79,13.18,1.11,215.28,1,-87.00,-6.00,22.00,15.00,45.00,7.00,12918809,429
68.80,1552627604,772.87,51.44397188,7.49121395,271.78,14.02,0.83,215.71,1,-87.00,-6.00,22.00,15.00,45.00,7.00,12918809,429
69.79,1552627605,786.79,51.44386688,7.49109506,271.89,13.91,-0.11,216.03,1,-82.00,-5.00,27.00,15.00,50.00,7.00,12918809,429
70.80,1552627606,800.80,51.44376096,7.49097741,272.00,13.96,0.05,215.99,1,-82.00,-5.00,27.00,15.00,50.00,7.00,12918809,429
71.79,1552627607,814.69,51.44365386,7.49085849,272.19,14.27,0.30,215.83,1,-77.00,-6.00,27.00,15.00,57.00,7.00,12918809,429
72.79,1552627608,828.93,51.44354494,7.49073471,272.41,14.45,0.19,216.36,1,-77.00,-6.00,27.00,15.00,57.00,7.00,12918809,429
73.79,1552627609,843.38,51.44343544,7.49060854,272.63,14.70,0.24,216.63,1,-76.00,-6.00,21.00,15.00,58.00,7.00,12918809,429
74.79,1552627610,858.07,51.44332599,7.49047850,272.92,14.92,0.23,216.74,1,-76.00,-6.00,21.00,15.00,58.00,7.00,12918809,429
75.79,1552627611,873.00,51.44321388,7.49034403,273.16,15.01,0.09,216.59,1,-91.00,-7.00,13.00,10.00,41.00,7.00,12918809,429
76.79,1552627612,888.01,51.44310429,7.49021320,273.23,14.84,-0.17,216.60,1,-91.00,-7.00,13.00,10.00,41.00,7.00,12918809,429
77.79,1552627613,902.93,51.44299884,7.49008719,273.24,14.73,-0.11,216.21,1,-90.00,-7.00,22.00,12.00,42.00,7.00,12918809,429
78.79,1552627614,917.60,51.44289114,7.48995996,273.42,14.85,0.11,216.53,1,-90.00,-7.00,22.00,12.00,42.00,7.00,12918809,429
79.79,1552627615,932.44,51.44278253,7.48982906,273.61,15.10,0.25,215.96,1,-90.00,-7.00,22.00,12.00,42.00,7.00,12918809,429
80.79,1552627616,947.58,51.44267749,7.48969893,273.74,15.02,-0.07,216.86,1,-85.00,-6.00,26.00,12.00,48.00,7.00,12918809,429
81.79,1552627617,962.58,51.44257063,7.48956756,273.71,15.23,0.20,217.28,1,-85.00,-6.00,26.00,12.00,48.00,7.00,12918809,429
82.79,1552627618,977.78,51.44246830,7.48943725,273.64,14.64,-0.59,217.90,1,-80.00,-6.00,28.00,12.00,51.00,7.00,12918809,429
83.79,1552627619,992.42,51.44236556,7.48929662,273.76,14.47,-0.17,219.23,1,-80.00,-6.00,28.00,12.00,51.00,7.00,12918809,429
84.79,1552627620,1006.89,51.44226320,7.48916077,273.94,14.09,-0.39,219.71,1,-83.00,-8.00,22.00,15.00,50.00,7.00,12918809,429
85.79,1552627621,1021.01,51.44215968,7.48902016,273.99,14.73,0.65,218.52,1,-83.00,-8.00,22.00,15.00,50.00,7.00,12918809,429
86.79,1552627622,1035.71,51.44206147,7.48888456,274.21,15.20,0.46,219.76,1,-86.00,-8.00,18.00,12.00,46.00,7.00,12918809,429
87.79,1552627623,1050.92,51.44195571,7.48873571,274.51,14.35,-0.84,220.66,1,-86.00,-8.00,18.00,12.00,46.00,7.00,12918809,429
88.79,1552627624,1065.28,51.44185872,7.48858897,274.69,14.86,0.51,223.36,1,-81.00,-8.00,18.00,12.00,53.00,7.00,12918809,429
89.79,1552627625,1080.12,51.44176344,7.48843669,274.95,14.85,-0.01,224.77,1,-81.00,-8.00,18.00,12.00,53.00,7.00,12918809,429
90.79,1552627626,1094.99,51.44167521,7.48828399,275.17,14.31,-0.54,226.87,1,-79.00,-8.00,12.00,12.00,55.00,7.00,12918809,429
91.80,1552627627,1109.37,51.44159360,7.48812634,275.54,14.18,-0.13,228.19,1,-79.00,-8.00,12.00,12.00,55.00,7.00,12918809,429
92.79,1552627628,1123.49,51.44151441,7.48797051,275.94,13.99,-0.19,229.53,1,-78.00,-6.00,9.00,6.00,54.00,1.00,12918810,431
93.79,1552627629,1137.51,51.44143382,7.48781557,276.31,14.37,0.37,230.48,1,-78.00,-6.00,9.00,6.00,54.00,1.00,12918810,431
94.79,1552627630,1151.85,51.44135673,7.48765124,276.58,14.52,0.16,231.02,1,-77.00,-6.00,25.00,9.00,55.00,1.00,12918810,431
95.79,1552627631,1166.40,51.44127608,7.48748370,276.98,14.96,0.44,231.63,1,-77.00,-6.00,25.00,9.00,55.00,1.00,12918810,431
96.79,1552627632,1181.33,51.44119349,7.48730732,277.13,15.08,0.12,231.98,1,-78.00,-6.00,24.00,15.00,53.00,1.00,12918810,431
97.79,1552627633,1196.45,51.44111308,7.48712624,277.18,15.18,0.10,232.46,1,-78.00,-6.00,24.00,15.00,53.00,1.00,12918810,431
98.79,1552627634,1211.64,51.44103918,7.48696494,277.01,15.05,-0.13,232.68,1,-79.00,-6.00,29.00,1.00,52.00,1.00,12918810,431
99.79,1552627635,1226.62,51.44096129,7.48679345,276.84,14.97,-0.08,232.24,1,-79.00,-6.00,29.00,1.00,52.00,1.00,12918810,431
100.79,1552627636,1241.59,51.44087784,7.48661291,276.73,14.78,-0.19,232.67,1,-79.00,-6.00,29.00,1.00,52.00,1.00,12918810,431
101.79,1552627637,1256.37,51.44079727,7.48643623,276.79,14.79,0.01,231.77,1,-74.00,-6.00,34.00,15.00,57.00,1.00,12918810,431
102.79,1552627638,1271.16,51.44071345,7.48626213,276.94,14.64,-0.16,232.21,1,-74.00,-6.00,34.00,15.00,57.00,1.00,12918810,431
103.79,1552627639,1285.80,51.44062651,7.48608352,277.09,14.74,0.11,232.67,1,-76.00,-6.00,24.00,15.00,58.00,1.00,12918810,431
104.79,1552627640,1300.54,51.44054383,7.48590408,277.71,15.04,0.30,232.11,1,-76.00,-6.00,24.00,15.00,58.00,1.00,12918810,431
105.79,1552627641,1315.58,51.44045920,7.48573005,277.56,14.59,-0.45,231.18,1,-79.00,-6.00,21.00,15.00,54.00,1.00,12918810,431
106.79,1552627642,1330.19,51.44037656,7.48556727,277.18,14.47,-0.12,231.64,1,-79.00,-6.00,21.00,15.00,54.00,1.00,12918810,431
107.79,1552627643,1344.68,51.44029992,7.48540278,276.88,14.67,0.20,232.54,1,-82.00,-8.00,13.00,15.00,52.00,1.00,12918810,431
108.79,1552627644,1359.33,51.44022742,7.48524489,276.37,14.54,-0.13,232.20,1,-82.00,-8.00,13.00,15.00,52.00,1.00,12918810,431
109.79,1552627645,1373.89,51.44014792,7.48506789,276.06,15.02,0.48,232.75,1,-84.00,-8.00,4.00,2.00,57.00,1.00,12918810,431
110.79,1552627646,1388.96,51.44007157,7.48490237,275.90,14.68,-0.34,232.33,1,-84.00,-8.00,4.00,2.00,57.00,1.00,12918810,431
111.79,1552627647,1403.59,51.43999006,7.48473123,275.79,15.02,0.34,232.21,1,-77.00,-7.00,8.00,2.00,54.00,1.00,12918811,430
112.79,1552627648,1418.61,51.43990629,7.48455284,275.95,14.95,-0.06,232.76,1,-77.00,-7.00,8.00,2.00,54.00,1.00,12918811,430
113.79,1552627649,1433.54,51.43982013,7.48436535,276.54,15.23,0.28,232.58,1,-79.00,-7.00,13.00,2.00,53.00,1.00,12918811,430
114.79,1552627650,1448.79,51.43973970,7.48419025,277.49,15.59,0.36,233.50,1,-79.00,-7.00,13.00,2.00,53.00,1.00,12918811,430
115.79,1552627651,1464.38,51.43965375,7.48400412,278.19,15.66,0.07,233.01,1,-109.00,-19.00,-7.00,2.00,40.00,166.00,13881894,16
116.79,1552627652,1480.05,51.43956794,7.48381871,278.66,15.60,-0.06,232.45,1,-109.00,-19.00,-7.00,2.00,40.00,166.00,13881894,16
117.79,1552627653,1495.62,51.43948900,7.48365041,279.71,15.85,0.25,233.67,1,-77.00,-4.00,17.00,2.00,54.00,4.00,12918811,430
118.79,1552627654,1511.49,51.43940757,7.48344893,280.37,16.05,0.20,235.81,1,-77.00,-4.00,17.00,2.00,54.00,4.00,12918811,430
119.80,1552627655,1527.63,51.43932602,7.48323608,280.82,15.59,-0.46,237.91,1,-80.00,-7.00,25.00,2.00,53.00,4.00,12918811,430
120.79,1552627656,1543.14,51.43925558,7.48304585,282.10,15.35,-0.24,237.74,1,-80.00,-7.00,25.00,2.00,53.00,4.00,12918811,430
121.79,1552627657,1558.48,51.43918702,7.48285349,282.73,15.32,-0.03,238.43,1,-80.00,-7.00,25.00,2.00,53.00,4.00,12918811,430
122.79,1552627658,1573.75,51.43911774,7.48265451,283.28,14.82,-0.50,239.76,1,-78.00,-6.00,24.00,2.00,53.00,4.00,12918811,430
123.79,1552627659,1588.57,51.43905636,7.48247345,284.12,14.86,0.05,240.12,1,-78.00,-6.00,24.00,2.00,53.00,4.00,12918811,430
124.79,1552627660,1603.44,51.43898667,7.48227222,284.54,15.37,0.50,240.28,1,-90.00,-6.00,22.00,12.00,41.00,4.00,12918811,430
125.79,1552627661,1618.81,51.43891837,7.48206725,284.93,15.80,0.43,240.80,1,-90.00,-6.00,22.00,12.00,41.00,4.00,12918811,430
126.79,1552627662,1634.60,51.43884621,7.48185547,285.12,16.00,0.21,240.77,1,-92.00,-5.00,18.00,11.00,38.00,4.00,12918811,430
127.79,1552627663,1650.59,51.43877522,7.48164068,285.42,16.25,0.24,241.03,1,-92.00,-5.00,18.00,11.00,38.00,4.00,12918811,430
128.79,1552627664,1666.85,51.43870359,7.48142289,285.70,16.23,-0.02,240.17,1,-99.00,-6.00,14.00,10.00,33.00,4.00,12918811,430
129.79,1552627665,1683.08,51.43862964,7.48121141,286.08,16.40,0.17,240.73,1,-99.00,-6.00,14.00,10.00,33.00,4.00,12918811,430
130.79,1552627666,1699.50,51.43856044,7.48100119,286.45,16.58,0.18,241.12,1,-102.00,-7.00,11.00,9.00,29.00,4.00,12918811,430
131.79,1552627667,1716.09,51.43848764,7.48079642,286.98,16.54,-0.03,240.81,1,-102.00,-7.00,11.00,9.00,29.00,4.00,12918811,430
132.79,1552627668,1732.62,51.43841410,7.48058177,287.17,16.69,0.15,241.31,1,-102.00,-6.00,6.00,9.00,29.00,4.00,12918811,430
133.79,1552627669,1749.31,51.43834236,7.48037494,287.13,16.79,0.10,241.24,1,-102.00,-6.00,6.00,9.00,29.00,4.00,12918811,430
134.79,1552627670,1766.13,51.43826785,7.48016061,286.20,16.91,0.12,241.56,1,-108.00,-8.00,7.00,2.00,28.00,4.00,12918811,430
135.79,1552627671,1783.01,51.43819529,7.47994113,285.88,16.92,0.01,240.74,1,-108.00,-8.00,7.00,2.00,28.00,4.00,12918811,430
136.79,1552627672,1800.00,51.43812628,7.47974037,285.88,16.72,-0.20,240.80,1,-106.00,-8.00,4.00,2.00,27.00,4.00,12918811,430
137.80,1552627673,1816.75,51.43805543,7.47953577,285.32,16.43,-0.28,241.51,1,-106.00,-8.00,4.00,2.00,27.00,4.00,12918811,430
138.79,1552627674,1833.10,51.43798342,7.47932477,284.82,16.61,0.18,241.54,1,-109.00,-10.00,2.00,2.00,26.00,4.00,12918811,430
139.79,1552627675,1849.71,51.43791389,7.47910859,284.34,16.19,-0.42,241.88,1,-109.00,-10.00,2.00,2.00,26.00,4.00,12918811,430
140.79,1552627676,1865.90,51.43784772,7.47889725,283.62,15.78,-0.41,242.42,1,-110.00,-10.00,2.00,2.00,26.00,4.00,12918811,430
141.79,1552627677,1881.68,51.43778106,7.47868930,283.25,15.67,-0.11,242.14,1,-110.00,-10.00,2.00,2.00,26.00,4.00,12918811,430
142.80,1552627678,1897.46,51.43771080,7.47847872,282.25,15.95,0.28,241.34,1,-110.00,-10.00,0.00,2.00,26.00,4.00,12918811,430
143.79,1552627679,1913.30,51.43764052,7.47826305,281.82,15.57,-0.38,241.43,1,-110.00,-10.00,0.00,2.00,26.00,4.00,12918811,430
144.79,1552627680,1928.87,51.43757506,7.47806636,282.07,16.05,0.48,242.14,1,-110.00,-10.00,0.00,2.00,26.00,4.00,12918811,430
145.79,1552627681,1944.92,51.43751119,7.47787330,282.52,15.69,-0.35,242.05,1,-111.00,-10.00,-2.00,2.00,25.00,4.00,12918811,430
146.79,1552627682,1960.61,51.43744490,7.47766083,282.56,15.56,-0.13,242.29,1,-111.00,-10.00,-2.00,2.00,25.00,4.00,12918811,430
147.79,1552627683,1976.17,51.43738408,7.47746236,282.60,15.71,0.15,241.69,1,-112.00,-12.00,2.00,2.00,25.00,4.00,12918811,430
148.79,1552627684,1991.88,51.43732150,7.47726617,282.59,15.22,-0.48,241.32,1,-112.00,-12.00,2.00,2.00,25.00,4.00,12918811,430
149.79,1552627685,2007.10,51.43725988,7.47706894,282.39,14.66,-0.57,241.69,1,-113.00,-12.00,-5.00,2.00,25.00,4.00,12918811,430
150.79,1552627686,2021.76,51.43720915,7.47687137,282.78,14.56,-0.10,244.75,1,-113.00,-12.00,-5.00,2.00,25.00,4.00,12918811,430
151.79,1552627687,2036.32,51.43719640,7.47668312,283.56,13.32,-1.24,260.05,1,-113.00,-12.00,0.00,2.00,25.00,4.00,12918811,430
152.79,1552627688,2049.63,51.43720399,7.47650767,284.40,11.82,-1.51,273.03,1,-113.00,-12.00,0.00,2.00,25.00,4.00,12918811,430
153.79,1552627689,2061.45,51.43723593,7.47636572,285.44,9.93,-1.88,292.47,1,-111.00,-11.00,10.00,2.00,26.00,4.00,12918811,430
154.79,1552627690,2071.39,51.43730018,7.47624259,286.50,9.46,-0.47,313.52,1,-111.00,-11.00,10.00,2.00,26.00,4.00,12918811,430
155.79,1552627691,2080.84,51.43736869,7.47616760,287.56,8.41,-1.06,333.21,1,-108.00,-8.00,11.00,2.00,26.00,4.00,12918811,430
156.79,1552627692,2089.25,51.43744780,7.47616750,287.97,9.06,0.66,6.79,1,-108.00,-8.00,11.00,2.00,26.00,4.00,12918811,430
157.79,1552627693,2098.31,51.43751951,7.47621462,288.23,9.78,0.72,29.59,1,-106.00,-7.00,15.00,2.00,27.00,4.00,12918811,430
158.79,1552627694,2108.09,51.43759399,7.47631948,288.03,10.99,1.21,45.36,1,-106.00,-7.00,15.00,2.00,27.00,4.00,12918811,430
159.79,1552627695,2119.08,51.43766767,7.47644603,287.64,12.03,1.04,47.72,1,-101.00,-6.00,26.00,2.00,31.00,4.00,12918811,430
160.79,1552627696,2131.16,51.43774053,7.47658975,287.11,13.28,1.24,49.52,1,-101.00,-6.00,26.00,2.00,31.00,4.00,12918811,430
161.79,1552627697,2144.38,51.43782453,7.47675836,286.64,14.30,1.03,51.11,1,-91.00,-6.00,25.00,15.00,40.00,10.00,12918811,430
162.79,1552627698,2158.68,51.43791121,7.47694224,286.32,15.41,1.11,52.69,1,-91.00,-6.00,25.00,15.00,40.00,10.00,12918811,430
163.80,1552627699,2174.22,51.43799050,7.47712654,286.46,16.64,1.22,53.59,1,-86.00,-7.00,25.00,15.00,46.00,10.00,12918811,430
164.79,1552627700,2190.73,51.43807633,7.47732393,286.47,17.84,1.20,54.25,1,-86.00,-7.00,25.00,15.00,46.00,10.00,12918811,430
165.79,1552627701,2208.56,51.43816837,7.47753662,286.41,18.81,0.97,54.87,1,-86.00,-7.00,25.00,15.00,46.00,10.00,12918811,430
166.79,1552627702,2227.37,51.43826107,7.47776791,286.29,19.80,1.00,55.48,1,-86.00,-6.00,38.00,15.00,46.00,10.00,12918811,430
167.79,1552627703,2247.17,51.43835841,7.47800930,286.09,20.25,0.45,55.93,1,-86.00,-6.00,38.00,15.00,46.00,10.00,12918811,430
168.79,1552627704,2267.41,51.43846742,7.47828023,286.34,21.33,1.08,56.49,1,-87.00,-5.00,36.00,15.00,43.00,10.00,12918811,430
169.79,1552627705,2288.78,51.43856978,7.47853732,286.85,22.14,0.80,57.41,1,-87.00,-5.00,36.00,15.00,43.00,10.00,12918811,430
170.79,1552627706,2310.90,51.43867654,7.47881996,287.22,22.95,0.81,56.77,1,-90.00,-5.00,36.00,15.00,41.00,10.00,12918811,430
171.79,1552627707,2333.96,51.43878292,7.47910927,287.56,23.48,0.53,57.64,1,-90.00,-5.00,36.00,15.00,41.00,10.00,12918811,430
172.79,1552627708,2357.32,51.43889893,7.47939900,287.73,24.36,0.88,55.50,1,-91.00,-5.00,35.00,15.00,39.00,10.00,12918811,430
173.79,1552627709,2381.68,51.43901836,7.47968800,287.93,24.82,0.46,54.55,1,-91.00,-5.00,35.00,15.00,39.00,10.00,12918811,430
174.79,1552627710,2406.50,51.43915208,7.48000830,288.14,25.67,0.86,54.53,1,-92.00,-6.00,35.00,15.00,38.00,10.00,12918811,430
175.79,1552627711,2432.17,51.43927923,7.48029506,287.71,25.46,-0.22,53.50,1,-92.00,-6.00,35.00,15.00,38.00,10.00,12918811,430
176.79,1552627712,2457.63,51.43940831,7.48058652,287.58,24.91,-0.55,52.56,1,-95.00,-5.00,35.00,14.00,36.00,10.00,12918811,430
177.79,1552627713,2482.51,51.43953792,7.48086746,287.56,24.56,-0.35,52.05,1,-95.00,-5.00,35.00,14.00,36.00,10.00,12918811,430
178.79,1552627714,2507.10,51.43967615,7.48114658,287.19,24.40,-0.16,50.49,1,-92.00,-6.00,32.00,14.00,40.00,10.00,12918811,430
179.79,1552627715,2531.50,51.43981253,7.48142385,286.72,24.57,0.17,50.25,1,-92.00,-6.00,32.00,14.00,40.00,10.00,12918811,430
180.79,1552627716,2556.08,51.43995148,7.48170352,286.08,24.51,-0.06,49.72,1,-90.00,-6.00,22.00,15.00,41.00,10.00,12918811,430
181.79,1552627717,2580.58,51.44010597,7.48196271,285.24,24.91,0.40,45.32,1,-90.00,-6.00,22.00,15.00,41.00,10.00,12918811,430
182.79,1552627718,2605.52,51.44026075,7.48221428,284.61,25.12,0.21,43.81,1,-87.00,-6.00,34.00,12.00,45.00,10.00,12918811,430
183.79,1552627719,2630.72,51.44042609,7.48246455,284.06,25.23,0.10,42.51,1,-87.00,-6.00,34.00,12.00,45.00,10.00,12918811,430
184.79,1552627720,2655.97,51.44060182,7.48270919,283.60,25.41,0.18,40.82,1,-86.00,-6.00,24.00,15.00,45.00,4.00,12918811,430
185.79,1552627721,2681.22,51.44077803,7.48294132,282.96,25.37,-0.03,39.16,1,-86.00,-6.00,24.00,15.00,45.00,4.00,12918811,430
186.79,1552627722,2706.62,51.44095082,7.48315137,282.10,25.26,-0.11,37.06,1,-86.00,-6.00,24.00,15.00,45.00,4.00,12918811,430
187.79,1552627723,2731.88,51.44112682,7.48336837,281.14,25.08,-0.18,36.59,1,-82.00,-5.00,37.00,15.00,49.00,4.00,12918811,430
188.79,1552627724,2756.97,51.44130584,7.48358309,280.33,24.95,-0.13,35.50,1,-82.00,-5.00,37.00,15.00,49.00,4.00,12918811,430
189.79,1552627725,2781.92,51.44148762,7.48378125,279.71,24.84,-0.11,33.09,1,-77.00,-5.00,40.00,15.00,55.00,4.00,12918811,430
190.79,1552627726,2806.77,51.44167945,7.48397566,279.40,25.06,0.21,31.12,1,-77.00,-5.00,40.00,15.00,55.00,4.00,12918811,430
191.79,1552627727,2831.82,51.44186864,7.48415069,279.02,24.90,-0.16,29.06,1,-75.00,-5.00,32.00,15.00,56.00,4.00,12918811,430
192.79,1552627728,2856.72,51.44206662,7.48432144,278.63,25.08,0.19,27.63,1,-75.00,-5.00,32.00,15.00,56.00,4.00,12918811,430
193.79,1552627729,2881.91,51.44226521,7.48449305,278.12,25.26,0.18,27.17,1,-78.00,-5.00,35.00,15.00,52.00,4.00,12918811,430
194.79,1552627730,2907.07,51.44246509,7.48465683,277.57,25.36,0.09,26.42,1,-78.00,-5.00,35.00,15.00,52.00,4.00,12918811,430
195.79,1552627731,2932.42,51.44267468,7.48481917,277.08,25.38,0.03,24.89,1,-78.00,-6.00,27.00,15.00,51.00,4.00,12918811,430
196.79,1552627732,2957.81,51.44287907,7.48497472,276.71,25.17,-0.21,24.09,1,-78.00,-6.00,27.00,15.00,51.00,4.00,12918811,430
197.79,1552627733,2982.98,51.44308391,7.48512093,276.28,25.00,-0.17,23.41,1,-73.00,-9.00,25.00,15.00,61.00,4.00,12918811,430
198.79,1552627734,3007.98,51.44328961,7.48526716,275.87,24.90,-0.10,23.19,1,-73.00,-9.00,25.00,15.00,61.00,4.00,12918811,430
199.79,1552627735,3032.88,51.44349320,7.48541123,275.44,24.53,-0.37,23.10,1,-84.00,-7.00,9.00,6.00,47.00,2.00,12918809,429
200.79,1552627736,3057.38,51.44368668,7.48554708,274.98,23.27,-1.26,22.81,1,-84.00,-7.00,9.00,6.00,47.00,2.00,12918809,429
201.79,1552627737,3080.67,51.44387166,7.48567072,274.55,21.78,-1.49,22.17,1,-67.00,-6.00,39.00,15.00,63.00,2.00,12918809,429
202.79,1552627738,3102.45,51.44404177,7.48577813,274.39,21.16,-0.62,20.68,1,-67.00,-6.00,39.00,15.00,63.00,2.00,12918809,429
203.79,1552627739,3123.61,51.44419673,7.48588109,274.26,19.14,-2.02,21.76,1,-70.00,-5.00,33.00,15.00,62.00,2.00,12918809,429
204.79,1552627740,3142.82,51.44434160,7.48598640,273.85,17.14,-1.99,23.77,1,-70.00,-5.00,33.00,15.00,62.00,2.00,12918809,429
205.79,1552627741,3159.96,51.44445829,7.48612339,273.33,15.32,-1.81,36.83,1,-70.00,-6.00,36.00,15.00,62.00,2.00,12918809,429
206.79,1552627742,3175.23,51.44456442,7.48626092,272.68,14.32,-1.00,39.32,1,-70.00,-6.00,36.00,15.00,62.00,2.00,12918809,429
207.79,1552627743,3189.54,51.44463389,7.48642143,271.77,14.00,-0.33,56.07,1,-70.00,-6.00,36.00,15.00,62.00,2.00,12918809,429
208.79,1552627744,3203.53,51.44469657,7.48658907,270.70,13.93,-0.07,59.55,1,-73.00,-5.00,24.00,15.00,59.00,2.00,12918809,429
209.79,1552627745,3217.46,51.44472672,7.48680222,269.50,14.00,0.07,83.40,1,-73.00,-5.00,24.00,15.00,59.00,2.00,12918809,429
210.79,1552627746,3231.46,51.44471259,7.48699580,268.84,13.54,-0.46,98.96,1,-78.00,-5.00,27.00,15.00,52.00,2.00,12918809,429
211.79,1552627747,3245.00,51.44468712,7.48718191,268.24,12.87,-0.66,101.68,1,-78.00,-5.00,27.00,15.00,52.00,2.00,12918809,429
212.79,1552627748,3257.89,51.44460220,7.48732790,267.89,13.74,0.86,134.57,1,-78.00,-5.00,29.00,15.00,52.00,2.00,12918809,429
213.79,1552627749,3271.61,51.44451192,7.48744751,267.19,13.96,0.22,138.54,1,-78.00,-5.00,29.00,15.00,52.00,2.00,12918809,429
214.79,1552627750,3285.59,51.44439115,7.48752601,266.58,14.01,0.05,157.00,1,-71.00,-5.00,39.00,15.00,62.00,2.00,12918809,429
215.79,1552627751,3299.59,51.44425956,7.48755156,266.00,13.78,-0.23,175.30,1,-71.00,-5.00,39.00,15.00,62.00,2.00,12918809,429
216.79,1552627752,3313.36,51.44413802,7.48752174,265.40,13.56,-0.22,190.84,1,-63.00,-5.00,32.00,15.00,63.00,2.00,12918809,429
217.79,1552627753,3326.92,51.44401672,7.48743854,264.75,13.98,0.42,206.50,1,-63.00,-5.00,32.00,15.00,63.00,2.00,12918809,429
218.79,1552627754,3340.90,51.44391027,7.48734735,264.52,14.04,0.06,208.43,1,-68.00,-5.00,34.00,15.00,62.00,2.00,12918809,429
219.79,1552627755,3354.94,51.44383622,7.48718289,264.66,14.32,0.29,237.95,1,-68.00,-5.00,34.00,15.00,62.00,2.00,12918809,429
220.79,1552627756,3369.26,51.44379148,7.48696865,264.56,14.71,0.38,256.01,1,-77.00,-5.00,39.00,15.00,55.00,2.00,12918809,429
221.79,1552627757,3383.97,51.44377828,7.48674233,264.38,15.04,0.33,269.20,1,-77.00,-5.00,39.00,15.00,55.00,2.00,12918809,429
222.79,1552627758,3399.01,51.44377041,7.48651256,264.25,15.61,0.56,269.53,1,-79.00,-5.00,37.00,15.00,53.00,2.00,12918809,429
223.79,1552627759,3414.62,51.44376651,7.48627569,263.94,16.76,1.15,269.57,1,-79.00,-5.00,37.00,15.00,53.00,2.00,12918809,429
224.79,1552627760,3431.46,51.44376275,7.48602920,263.56,17.76,1.00,268.61,1,-77.00,-6.00,23.00,15.00,53.00,2.00,12918809,429
225.79,1552627761,3449.15,51.44375800,7.48575024,263.63,18.83,1.07,268.09,1,-77.00,-6.00,23.00,15.00,53.00,2.00,12918809,429
226.80,1552627762,3468.07,51.44375341,7.48548260,263.66,19.60,0.77,267.65,1,-79.00,-5.00,34.00,15.00,51.00,2.00,12918809,429
227.79,1552627763,3487.63,51.44374499,7.48519462,263.12,19.89,0.28,267.24,1,-79.00,-5.00,34.00,15.00,51.00,2.00,12918809,429
228.79,1552627764,3507.44,51.44373436,7.48491513,263.13,19.82,-0.07,267.01,1,-79.00,-5.00,34.00,15.00,51.00,2.00,12918809,429
229.79,1552627765,3527.26,51.44373175,7.48461348,263.66,20.96,1.13,269.13,1,-93.00,-6.00,20.00,15.00,38.00,2.00,12918809,429
230.79,1552627766,3548.22,51.44372858,7.48428532,263.47,21.76,0.80,269.58,1,-93.00,-6.00,20.00,15.00,38.00,2.00,12918809,429
231.79,1552627767,3569.97,51.44372293,7.48398226,263.62,22.11,0.35,268.43,1,-74.00,-5.00,36.00,15.00,60.00,2.00,12918809,429
232.79,1552627768,3592.08,51.44371782,7.48366178,263.92,22.74,0.63,268.69,1,-74.00,-5.00,36.00,15.00,60.00,2.00,12918809,429
233.79,1552627769,3614.82,51.44371281,7.48333364,264.18,23.16,0.42,268.47,1,-76.00,-9.00,14.00,12.00,61.00,2.00,12918809,429
234.79,1552627770,3638.05,51.44370838,7.48299335,264.40,23.39,0.23,268.20,1,-76.00,-9.00,14.00,12.00,61.00,2.00,12918809,429
235.79,1552627771,3661.38,51.44369942,7.48265540,264.62,23.64,0.26,267.91,1,-84.00,-10.00,18.00,12.00,52.00,2.00,12918809,429
236.79,1552627772,3685.00,51.44368980,7.48231761,264.82,23.97,0.32,267.60,1,-84.00,-10.00,18.00,12.00,52.00,2.00,12918809,429
237.79,1552627773,3708.99,51.44367533,7.48197255,265.02,24.45,0.48,266.38,1,-84.00,-11.00,15.00,10.00,54.00,2.00,12918809,429
238.79,1552627774,3733.45,51.44366298,7.48162053,265.14,24.68,0.23,266.06,1,-84.00,-11.00,15.00,10.00,54.00,2.00,12918809,429
239.79,1552627775,3758.12,51.44364973,7.48126465,265.12,24.78,0.10,265.78,1,-91.00,-7.00,10.00,6.00,42.00,5.00,12918811,430
240.79,1552627776,3782.90,51.44363373,7.48090451,265.12,24.91,0.13,265.47,1,-91.00,-7.00,10.00,6.00,42.00,5.00,12918811,430
241.79,1552627777,3807.80,51.44361391,7.48054341,265.00,25.18,0.28,265.08,1,-91.00,-7.00,19.00,12.00,41.00,5.00,12918811,430
242.79,1552627778,3832.99,51.44359340,7.48017968,264.95,25.01,-0.17,264.63,1,-91.00,-7.00,19.00,12.00,41.00,5.00,12918811,430
243.79,1552627779,3858.00,51.44356494,7.47981988,264.83,24.84,-0.17,263.13,1,-89.00,-6.00,23.00,3.00,43.00,5.00,12918811,430
244.79,1552627780,3882.89,51.44353540,7.47946672,264.78,24.86,0.02,262.68,1,-89.00,-6.00,23.00,3.00,43.00,5.00,12918811,430
245.79,1552627781,3907.68,51.44350614,7.47911293,264.69,25.01,0.15,262.40,1,-85.00,-7.00,24.00,13.00,48.00,5.00,12918811,430
246.79,1552627782,3932.72,51.44347760,7.47875992,264.54,24.63,-0.38,262.53,1,-85.00,-7.00,24.00,13.00,48.00,5.00,12918811,430
247.80,1552627783,3957.48,51.44344944,7.47841533,264.33,24.40,-0.23,263.03,1,-82.00,-5.00,26.00,15.00,48.00,5.00,12918811,430
248.79,1552627784,3981.76,51.44342066,7.47806865,263.90,24.16,-0.24,262.58,1,-82.00,-5.00,26.00,15.00,48.00,5.00,12918811,430
249.79,1552627785,4005.92,51.44339373,7.47773062,263.50,23.96,-0.20,262.70,1,-82.00,-5.00,26.00,15.00,48.00,5.00,12918811,430
250.79,1552627786,4029.88,51.44336614,7.47739080,263.08,23.81,-0.15,262.52,1,-81.00,-5.00,24.00,12.00,48.00,5.00,12918811,430
251.79,1552627787,4053.70,51.44333839,7.47705531,262.59,23.43,-0.39,262.46,1,-81.00,-5.00,24.00,12.00,48.00,5.00,12918811,430
252.79,1552627788,4077.10,51.44330709,7.47672859,262.10,22.92,-0.51,261.80,1,-87.00,-6.00,16.00,12.00,45.00,5.00,12918811,430
253.79,1552627789,4100.02,51.44327717,7.47640397,261.62,22.60,-0.32,261.62,1,-87.00,-6.00,16.00,12.00,45.00,5.00,12918811,430
254.79,1552627790,4122.66,51.44324761,7.47608412,261.18,22.18,-0.42,261.18,1,-83.00,-5.00,21.00,15.00,45.00,5.00,12918811,430
255.79,1552627791,4144.84,51.44321524,7.47577211,260.56,21.89,-0.29,260.74,1,-83.00,-5.00,21.00,15.00,45.00,5.00,12918811,430
256.79,1552627792,4166.72,51.44318362,7.47546478,259.83,21.88,-0.01,260.28,1,-86.00,-5.00,19.00,15.00,44.00,5.00,12918811,430
257.79,1552627793,4188.62,51.44314632,7.47515322,259.00,22.03,0.15,259.35,1,-86.00,-5.00,19.00,15.00,44.00,5.00,12918811,430
258.79,1552627794,4210.69,51.44310613,7.47482987,258.14,22.29,0.26,258.85,1,-109.00,-19.00,-13.00,2.00,33.00,5.00,12893478,112
259.79,1552627795,4232.92,51.44306593,7.47450720,257.29,22.45,0.16,258.98,1,-109.00,-19.00,-13.00,2.00,33.00,5.00,12893478,112
260.79,1552627796,4255.37,51.44302625,7.47419054,256.33,23.11,0.67,259.07,1,-130.00,-19.00,-13.00,1.00,15.00,142.00,12893478,112
261.79,1552627797,4278.48,51.44298637,7.47387117,255.28,23.18,0.06,259.04,1,-130.00,-19.00,-13.00,1.00,15.00,142.00,12893478,112
262.79,1552627798,4301.63,51.44294472,7.47354241,254.31,23.07,-0.11,259.60,nan,nan,nan,nan,nan,nan,nan,nan,nan
263.79,1552627799,4324.70,51.44290430,7.47321751,253.38,23.00,-0.07,259.69,nan,nan,nan,nan,nan,nan,nan,nan,nan
264.79,1552627800,4347.71,51.44286478,7.47289527,252.46,22.93,-0.07,259.91,nan,nan,nan,nan,nan,nan,nan,nan,nan
264.79,1552627800,4347.62,51.44282287,7.47255941,251.94,23.01,0.00,260.04,nan,nan,nan,nan,nan,nan,nan,nan,nan
265.79,1552627801,4370.64,51.44278360,7.47223386,251.45,23.00,-0.01,259.56,nan,nan,nan,nan,nan,nan,nan,nan,nan
266.79,1552627802,4393.67,51.44274454,7.47190721,250.93,23.10,0.10,259.46,nan,nan,nan,nan,nan,nan,nan,nan,nan
267.79,1552627803,4416.89,51.44270562,7.47158095,250.26,23.12,0.02,258.91,nan,nan,nan,nan,nan,nan,nan,nan,nan
268.79,1552627804,4439.89,51.44266127,7.47124930,249.47,23.68,0.57,257.98,nan,nan,nan,nan,nan,nan,nan,nan,nan
269.58,1552627804,4458.62,51.44261097,7.47091125,248.51,24.59,1.15,256.63,nan,nan,nan,nan,nan,nan,nan,nan,nan
270.58,1552627805,4483.24,51.44255716,7.47055613,247.51,25.83,1.24,255.88,nan,nan,nan,nan,nan,nan,nan,nan,nan
271.58,1552627806,4509.07,51.44250121,7.47018944,246.67,27.07,1.24,256.61,nan,nan,nan,nan,nan,nan,nan,nan,nan
274.51,1552627809,4588.39,51.44244361,7.46980747,245.77,27.55,0.16,257.47,1,-96.00,-7.00,5.00,2.00,39.00,12.00,12935170,448
275.51,1552627810,4615.96,51.44238845,7.46941118,245.05,27.96,0.41,257.83,1,-96.00,-7.00,5.00,2.00,39.00,12.00,12935170,448
276.51,1552627811,4643.95,51.44233341,7.46901044,244.43,28.56,0.60,258.41,1,-99.00,-9.00,7.00,6.00,35.00,12.00,12935170,448
277.51,1552627812,4672.51,51.44228208,7.46860451,243.83,28.98,0.42,258.85,1,-99.00,-9.00,7.00,6.00,35.00,12.00,12935170,448
278.51,1552627813,4701.47,51.44223081,7.46819313,243.09,29.32,0.33,259.20,1,-99.00,-8.00,7.00,6.00,34.00,12.00,12935170,448
279.51,1552627814,4730.75,51.44217979,7.46778042,242.24,29.40,0.09,259.20,1,-99.00,-8.00,7.00,6.00,34.00,12.00,12935170,448
280.51,1552627815,4760.19,51.44212868,7.46736504,241.25,29.39,-0.01,259.35,1,-100.00,-9.00,5.00,9.00,34.00,12.00,12935170,448
281.51,1552627816,4789.58,51.44207809,7.46694732,240.25,29.49,0.10,259.46,1,-100.00,-9.00,5.00,9.00,34.00,12.00,12935170,448
282.51,1552627817,4819.07,51.44203172,7.46652628,239.23,29.65,0.16,259.97,1,-99.00,-9.00,4.00,8.00,35.00,12.00,12935170,448
283.51,1552627818,4848.73,51.44198605,7.46610598,238.41,29.85,0.19,260.29,1,-99.00,-9.00,4.00,8.00,35.00,12.00,12935170,448
284.51,1552627819,4878.57,51.44194024,7.46568077,237.65,30.17,0.32,260.81,1,-98.00,-10.00,2.00,7.00,37.00,12.00,12935170,448
285.51,1552627820,4908.74,51.44189960,7.46524691,236.96,30.56,0.40,261.13,1,-98.00,-10.00,2.00,7.00,37.00,12.00,12935170,448
286.51,1552627821,4939.37,51.44185934,7.46481253,236.27,30.68,0.12,261.72,1,-102.00,-15.00,-1.00,6.00,38.00,12.00,12935170,448
287.51,1552627822,4970.04,51.44182440,7.46437513,235.74,30.90,0.22,262.21,1,-102.00,-15.00,-1.00,6.00,38.00,12.00,12935170,448
288.52,1552627823,5001.07,51.44178856,7.46393309,235.16,31.02,0.12,262.67,1,-102.00,-10.00,1.00,7.00,33.00,12.00,12935170,448
289.51,1552627824,5031.93,51.44175484,7.46348828,234.39,31.29,0.27,263.25,1,-102.00,-10.00,1.00,7.00,33.00,12.00,12935170,448
290.52,1552627825,5063.38,51.44172211,7.46304164,233.71,31.58,0.29,263.56,1,-102.00,-10.00,1.00,7.00,33.00,12.00,12935170,448
291.51,1552627826,5094.80,51.44169061,7.46259045,233.39,31.89,0.31,263.66,1,-103.00,-11.00,2.00,8.00,33.00,12.00,12935170,448
292.51,1552627827,5126.69,51.44166631,7.46213753,233.10,31.50,-0.39,264.64,1,-103.00,-11.00,2.00,8.00,33.00,12.00,12935170,448
293.51,1552627828,5158.15,51.44164104,7.46168774,232.80,31.27,-0.23,265.55,1,-97.00,-12.00,-1.00,7.00,39.00,12.00,12935170,448
294.51,1552627829,5189.42,51.44162128,7.46123906,232.39,31.15,-0.12,265.78,1,-97.00,-12.00,-1.00,7.00,39.00,12.00,12935170,448
295.51,1552627830,5220.56,51.44160274,7.46079310,231.96,31.12,-0.03,266.44,1,-97.00,-13.00,1.00,7.00,42.00,12.00,12935170,448
296.51,1552627831,5251.68,51.44158841,7.46034352,231.45,31.17,0.05,266.91,1,-97.00,-13.00,1.00,7.00,42.00,12.00,12935170,448
297.51,1552627832,5282.85,51.44157524,7.45989495,230.84,31.28,0.11,267.41,1,-96.00,-12.00,-5.00,7.00,40.00,12.00,12935170,448
298.51,1552627833,5314.13,51.44156211,7.45944685,230.29,31.37,0.09,267.50,1,-96.00,-12.00,-5.00,7.00,40.00,12.00,12935170,448
299.51,1552627834,5345.50,51.44155497,7.45899428,229.83,31.72,0.35,268.39,1,-89.00,-8.00,17.00,15.00,45.00,10.00,12935171,449
300.51,1552627835,5377.26,51.44154787,7.45853657,229.40,31.95,0.22,268.73,1,-89.00,-8.00,17.00,15.00,45.00,10.00,12935171,449
301.51,1552627836,5409.17,51.44154574,7.45807519,228.94,32.20,0.26,269.40,1,-90.00,-9.00,11.00,11.00,43.00,10.00,12935171,449
302.51,1552627837,5441.41,51.44154313,7.45761118,228.57,32.46,0.25,269.63,1,-90.00,-9.00,11.00,11.00,43.00,10.00,12935171,449
303.51,1552627838,5473.83,51.44154119,7.45714307,228.31,32.72,0.26,270.08,1,-85.00,-7.00,7.00,6.00,41.00,14.00,14301697,54
304.51,1552627839,5506.55,51.44154097,7.45666605,227.80,32.94,0.23,270.24,1,-85.00,-7.00,7.00,6.00,41.00,14.00,14301697,54
305.51,1552627840,5539.49,51.44154197,7.45619333,227.07,32.75,-0.20,270.23,1,-86.00,-10.00,13.00,11.00,47.00,14.00,14301697,54
306.51,1552627841,5572.23,51.44154822,7.45572802,226.64,32.63,-0.11,270.96,1,-86.00,-10.00,13.00,11.00,47.00,14.00,14301697,54
307.51,1552627842,5604.87,51.44155473,7.45525853,226.21,32.61,-0.03,271.48,1,-88.00,-6.00,16.00,10.00,41.00,14.00,14301697,54
308.51,1552627843,5637.54,51.44156752,7.45478924,225.82,32.57,-0.04,272.30,1,-88.00,-6.00,16.00,10.00,41.00,14.00,14301697,54
309.52,1552627844,5670.20,51.44158558,7.45432367,225.50,32.18,-0.38,273.62,1,-84.00,-6.00,17.00,11.00,44.00,14.00,14301697,54
310.51,1552627845,5702.26,51.44160356,7.45386150,225.24,32.23,0.05,274.03,1,-84.00,-6.00,17.00,11.00,44.00,14.00,14301697,54
311.51,1552627846,5734.46,51.44162733,7.45340242,225.05,32.11,-0.13,274.85,1,-84.00,-6.00,17.00,11.00,44.00,14.00,14301697,54
312.51,1552627847,5766.53,51.44165114,7.45294634,224.97,31.91,-0.20,275.02,1,-83.00,-6.00,9.00,11.00,45.00,14.00,14301697,54
313.51,1552627848,5798.47,51.44167524,7.45249828,225.04,31.30,-0.61,275.19,1,-83.00,-6.00,9.00,11.00,45.00,14.00,14301697,54
314.51,1552627849,5829.74,51.44170595,7.45205424,224.93,30.86,-0.44,276.17,1,-81.00,-6.00,12.00,2.00,47.00,14.00,14301697,54
315.51,1552627850,5860.63,51.44173523,7.45161839,225.05,30.49,-0.37,276.88,1,-81.00,-6.00,12.00,2.00,47.00,14.00,14301697,54
316.51,1552627851,5891.09,51.44176525,7.45118751,225.26,30.04,-0.44,276.26,1,-81.00,-6.00,26.00,2.00,50.00,14.00,14301721,72
317.51,1552627852,5921.22,51.44180051,7.45075899,225.49,29.82,-0.22,277.46,1,-81.00,-6.00,26.00,2.00,50.00,14.00,14301721,72
318.51,1552627853,5950.98,51.44183556,7.45033665,225.75,29.79,-0.03,278.01,1,-80.00,-6.00,26.00,2.00,52.00,14.00,14301721,72
319.51,1552627854,5980.89,51.44187111,7.44992125,225.82,29.79,-0.00,278.02,1,-80.00,-6.00,26.00,2.00,52.00,14.00,14301721,72
320.51,1552627855,6010.56,51.44191124,7.44949177,225.91,29.89,0.11,278.47,1,-79.00,-5.00,22.00,15.00,52.00,7.00,14301721,72
321.51,1552627856,6040.42,51.44195153,7.44906263,226.06,29.90,0.01,278.52,1,-79.00,-5.00,22.00,15.00,52.00,7.00,14301721,72
322.51,1552627857,6070.32,51.44199143,7.44864297,226.20,29.28,-0.62,279.22,1,-74.00,-6.00,30.00,15.00,58.00,7.00,14301721,72
323.51,1552627858,6099.66,51.44203402,7.44823314,226.20,28.90,-0.37,279.02,1,-74.00,-6.00,30.00,15.00,58.00,7.00,14301721,72
324.51,1552627859,6128.51,51.44208123,7.44783103,226.10,28.51,-0.39,280.27,1,-77.00,-5.00,28.00,15.00,54.00,7.00,14301721,72
325.51,1552627860,6157.02,51.44212861,7.44741800,226.05,28.65,0.14,280.70,1,-77.00,-5.00,28.00,15.00,54.00,7.00,14301721,72
326.51,1552627861,6185.64,51.44218027,7.44700145,226.05,29.28,0.63,281.34,1,-83.00,-5.00,27.00,14.00,46.00,7.00,14301721,72
327.51,1552627862,6214.92,51.44223258,7.44658196,225.92,29.78,0.50,282.14,1,-83.00,-5.00,27.00,14.00,46.00,7.00,14301721,72
328.51,1552627863,6244.70,51.44229106,7.44616399,225.81,30.02,0.25,282.54,1,-75.00,-6.00,32.00,15.00,56.00,7.00,14301721,72
329.51,1552627864,6274.78,51.44234982,7.44574599,225.53,29.87,-0.15,282.76,1,-75.00,-6.00,32.00,15.00,56.00,7.00,14301721,72
330.51,1552627865,6304.74,51.44241313,7.44533243,224.97,29.48,-0.39,283.67,1,-73.00,-5.00,29.00,15.00,58.00,7.00,14301721,72
331.51,1552627866,6334.11,51.44247584,7.44491591,224.45,29.62,0.14,283.44,1,-73.00,-5.00,29.00,15.00,58.00,7.00,14301721,72
332.51,1552627867,6363.70,51.44253866,7.44450327,223.77,29.70,0.08,283.76,1,-73.00,-5.00,29.00,15.00,58.00,7.00,14301721,72
333.51,1552627868,6393.51,51.44260180,7.44409172,223.08,29.78,0.08,284.01,1,-74.00,-6.00,29.00,15.00,58.00,7.00,14301721,72
334.51,1552627869,6423.17,51.44266687,7.44367661,222.35,29.84,0.06,284.16,1,-74.00,-6.00,29.00,15.00,58.00,7.00,14301721,72
335.51,1552627870,6453.04,51.44273801,7.44326091,221.74,30.04,0.20,285.25,1,-63.00,-5.00,32.00,15.00,63.00,7.00,14301721,72
336.51,1552627871,6483.05,51.44280961,7.44284441,221.11,30.23,0.19,285.47,1,-63.00,-5.00,32.00,15.00,63.00,7.00,14301721,72
337.51,1552627872,6513.27,51.44288164,7.44242819,220.70,30.13,-0.10,285.71,1,-74.00,-6.00,29.00,15.00,57.00,7.00,14301721,72
338.51,1552627873,6543.41,51.44295362,7.44201450,220.19,29.78,-0.35,286.14,1,-74.00,-6.00,29.00,15.00,57.00,7.00,14301721,72
339.51,1552627874,6573.25,51.44303277,7.44160528,219.80,29.94,0.16,286.75,1,-80.00,-6.00,24.00,15.00,52.00,7.00,14301721,72
340.51,1552627875,6603.12,51.44311161,7.44118856,219.49,30.15,0.21,287.18,1,-80.00,-6.00,24.00,15.00,52.00,7.00,14301721,72
341.51,1552627876,6633.30,51.44319193,7.44077297,219.14,30.37,0.22,287.60,1,-86.00,-10.00,11.00,14.00,49.00,7.00,14301721,72
342.51,1552627877,6663.67,51.44327713,7.44035664,218.65,30.66,0.29,287.87,1,-86.00,-10.00,11.00,14.00,49.00,7.00,14301721,72
343.51,1552627878,6694.33,51.44336229,7.43993568,218.10,30.82,0.16,288.55,1,-76.00,-5.00,30.00,12.00,55.00,1.00,14301723,74
344.51,1552627879,6725.19,51.44345365,7.43951689,217.56,31.24,0.41,289.16,1,-76.00,-5.00,30.00,12.00,55.00,1.00,14301723,74
345.51,1552627880,6756.36,51.44354726,7.43909278,217.03,31.55,0.31,289.26,1,-74.00,-5.00,29.00,15.00,55.00,1.00,14301723,74
346.51,1552627881,6787.91,51.44364162,7.43866381,216.33,31.69,0.15,289.46,1,-74.00,-5.00,29.00,15.00,55.00,1.00,14301723,74
347.51,1552627882,6819.60,51.44373946,7.43824296,215.56,31.68,-0.01,290.21,1,-72.00,-4.00,39.00,15.00,58.00,1.00,14301723,74
348.51,1552627883,6851.28,51.44383865,7.43781963,214.62,31.61,-0.07,290.70,1,-72.00,-4.00,39.00,15.00,58.00,1.00,14301723,74
349.51,1552627884,6882.99,51.44393625,7.43740217,213.81,31.40,-0.21,290.79,1,-75.00,-6.00,26.00,15.00,56.00,1.00,14301723,74
350.51,1552627885,6914.29,51.44404111,7.43698380,213.06,31.60,0.19,291.57,1,-75.00,-6.00,26.00,15.00,56.00,1.00,14301723,74
351.51,1552627886,6946.08,51.44414750,7.43656047,212.24,31.44,-0.16,291.94,1,-77.00,-5.00,29.00,15.00,53.00,1.00,14301723,74
352.51,1552627887,6977.36,51.44426203,7.43613038,211.41,31.96,0.52,293.09,1,-77.00,-5.00,29.00,15.00,53.00,1.00,14301723,74
353.51,1552627888,7009.29,51.44437621,7.43570710,210.39,32.10,0.14,292.74,1,-77.00,-5.00,29.00,15.00,53.00,1.00,14301723,74
354.51,1552627889,7041.48,51.44448858,7.43528181,209.20,32.54,0.44,293.75,1,-82.00,-5.00,18.00,15.00,49.00,1.00,14301723,74
355.51,1552627890,7073.92,51.44460399,7.43485268,207.97,32.96,0.42,293.92,1,-82.00,-5.00,18.00,15.00,49.00,1.00,14301723,74
356.51,1552627891,7106.89,51.44473223,7.43442592,206.57,33.23,0.27,295.13,1,-84.00,-6.00,11.00,12.00,46.00,1.00,14301723,74
357.51,1552627892,7140.12,51.44486424,7.43399834,205.11,33.27,0.04,296.32,1,-84.00,-6.00,11.00,12.00,46.00,1.00,14301723,74
358.51,1552627893,7173.39,51.44499552,7.43357391,203.62,33.46,0.18,297.25,1,-85.00,-5.00,18.00,15.00,47.00,1.00,14301723,74
359.51,1552627894,7206.85,51.44514675,7.43314520,202.25,34.66,1.20,299.67,1,-85.00,-5.00,18.00,15.00,47.00,1.00,14301723,74
360.51,1552627895,7241.54,51.44529814,7.43271514,201.00,34.91,0.26,300.05,1,-83.00,-5.00,14.00,13.00,48.00,1.00,14301723,74
361.51,1552627896,7276.46,51.44546429,7.43228066,199.84,35.35,0.43,301.79,1,-83.00,-5.00,14.00,13.00,48.00,1.00,14301723,74
362.51,1552627897,7311.80,51.44564188,7.43184635,198.67,35.85,0.50,303.25,1,-90.00,-5.00,16.00,13.00,40.00,1.00,14301723,74
363.51,1552627898,7347.69,51.44582758,7.43140544,197.63,36.69,0.84,304.27,1,-90.00,-5.00,16.00,13.00,40.00,1.00,14301723,74
364.51,1552627899,7384.34,51.44602287,7.43096628,196.54,37.29,0.60,305.69,1,-90.00,-5.00,15.00,12.00,39.00,1.00,14301723,74
365.51,1552627900,7421.63,51.44622611,7.43053269,195.27,37.38,0.09,306.86,1,-90.00,-5.00,15.00,12.00,39.00,1.00,14301723,74
366.51,1552627901,7459.01,51.44643583,7.43012185,194.07,37.12,-0.26,309.36,1,-88.00,-6.00,22.00,12.00,44.00,1.00,14301723,74
367.51,1552627902,7496.13,51.44664847,7.42972512,192.84,36.49,-0.63,310.89,1,-88.00,-6.00,22.00,12.00,44.00,1.00,14301723,74
368.51,1552627903,7532.62,51.44686054,7.42935801,191.34,35.99,-0.50,312.77,1,-97.00,-5.00,16.00,9.00,34.00,1.00,14301723,74
369.51,1552627904,7568.61,51.44708311,7.42898773,189.99,35.74,-0.25,314.20,1,-97.00,-5.00,16.00,9.00,34.00,1.00,14301723,74
370.51,1552627905,7604.35,51.44730221,7.42862256,188.75,35.70,-0.04,314.92,1,-100.00,-6.00,7.00,11.00,31.00,1.00,14301723,74
371.51,1552627906,7640.05,51.44753826,7.42826782,187.73,35.49,-0.21,316.82,1,-100.00,-6.00,7.00,11.00,31.00,1.00,14301723,74
372.51,1552627907,7675.71,51.44777622,7.42792410,186.91,35.67,0.18,318.00,1,-105.00,-7.00,1.00,10.00,25.00,1.00,14301723,74
373.51,1552627908,7711.24,51.44802082,7.42758436,186.04,35.86,0.20,319.33,1,-105.00,-7.00,1.00,10.00,25.00,1.00,14301723,74
374.51,1552627909,7747.13,51.44827273,7.42725866,185.05,35.67,-0.19,321.22,1,-105.00,-7.00,1.00,10.00,25.00,1.00,14301723,74
375.52,1552627910,7782.95,51.44851921,7.42694340,184.12,35.91,0.24,322.18,1,-110.00,-8.00,-1.00,6.00,24.00,1.00,14301723,74
376.51,1552627911,7818.72,51.44877921,7.42664255,183.23,35.98,0.07,324.13,1,-110.00,-8.00,-1.00,6.00,24.00,1.00,14301723,74
377.51,1552627912,7854.66,51.44904511,7.42635239,182.29,36.12,0.13,325.66,1,-106.00,-6.00,-2.00,2.00,28.00,1.00,14301723,74
378.51,1552627913,7890.75,51.44931658,7.42606936,181.18,36.16,0.04,327.00,1,-106.00,-6.00,-2.00,2.00,28.00,1.00,14301723,74
379.51,1552627914,7926.94,51.44959697,7.42580350,180.10,36.50,0.34,328.86,1,-112.00,-10.00,-4.00,2.00,23.00,1.00,14301723,74
380.51,1552627915,7963.48,51.44987106,7.42555279,178.95,36.93,0.43,329.96,1,-112.00,-10.00,-4.00,2.00,23.00,1.00,14301723,74
381.51,1552627916,8000.45,51.45015652,7.42531213,177.43,37.73,0.80,332.29,1,-113.00,-13.00,-8.00,2.00,25.00,1.00,14301723,74
382.51,1552627917,8038.19,51.45044462,7.42507186,176.26,37.26,-0.48,333.29,1,-113.00,-13.00,-8.00,2.00,25.00,1.00,14301723,74
383.51,1552627918,8075.37,51.45074857,7.42484575,175.32,36.90,-0.36,335.18,1,-109.00,-12.00,1.00,2.00,28.00,1.00,13884185,27
384.51,1552627919,8112.30,51.45105014,7.42464021,174.06,36.82,-0.08,336.94,1,-109.00,-12.00,1.00,2.00,28.00,1.00,13884185,27
385.51,1552627920,8149.09,51.45136376,7.42443809,172.88,36.94,0.12,338.07,1,-103.00,-9.00,0.00,2.00,31.00,1.00,13884185,27
386.51,1552627921,8186.03,51.45167381,7.42423885,171.93,36.82,-0.12,338.92,1,-103.00,-9.00,0.00,2.00,31.00,1.00,13884185,27
387.51,1552627922,8222.88,51.45198579,7.42405727,170.56,36.80,-0.02,340.16,1,-102.00,-11.00,0.00,7.00,34.00,46.00,13884185,27
388.51,1552627923,8259.65,51.45230378,7.42388567,168.85,36.97,0.17,341.35,1,-102.00,-11.00,0.00,7.00,34.00,46.00,13884185,27
389.51,1552627924,8296.62,51.45261412,7.42372071,167.31,37.04,0.06,341.77,1,-101.00,-15.00,-2.00,6.00,40.00,46.00,13884185,27
390.51,1552627925,8333.66,51.45293087,7.42356545,165.81,37.22,0.18,342.73,1,-101.00,-15.00,-2.00,6.00,40.00,46.00,13884185,27
391.51,1552627926,8370.88,51.45325069,7.42341039,164.50,37.18,-0.04,343.15,1,-99.00,-17.00,-5.00,6.00,44.00,46.00,13884185,27
392.51,1552627927,8408.10,51.45357025,7.42325867,163.31,37.19,0.01,343.48,1,-99.00,-17.00,-5.00,6.00,44.00,46.00,13884185,27
393.52,1552627928,8445.48,51.45388975,7.42311872,162.08,37.09,-0.10,343.76,1,-96.00,-13.00,-5.00,6.00,44.00,46.00,13884185,27
394.51,1552627929,8482.39,51.45421427,7.42297352,161.16,36.87,-0.22,343.91,1,-96.00,-13.00,-5.00,6.00,44.00,46.00,13884185,27
395.51,1552627930,8519.26,51.45453042,7.42283297,160.08,36.73,-0.14,343.69,1,-96.00,-13.00,-5.00,6.00,44.00,46.00,13884185,27
396.51,1552627931,8556.06,51.45484878,7.42269171,159.05,36.57,-0.16,343.40,1,-99.00,-21.00,-12.00,3.00,49.00,46.00,13884185,27
397.51,1552627932,8592.56,51.45516623,7.42255036,157.91,36.37,-0.20,343.12,1,-99.00,-21.00,-12.00,3.00,49.00,46.00,13884185,27
398.51,1552627933,8628.93,51.45547753,7.42239510,157.16,36.14,-0.23,342.36,1,-83.00,-5.00,6.00,2.00,52.00,46.00,12897051,119
399.51,1552627934,8665.07,51.45578902,7.42223523,156.58,36.05,-0.09,341.61,1,-83.00,-5.00,6.00,2.00,52.00,46.00,12897051,119
400.51,1552627935,8701.04,51.45609546,7.42206633,156.23,35.97,-0.08,340.87,1,-89.00,-9.00,8.00,2.00,45.00,46.00,12897051,119
401.51,1552627936,8737.01,51.45640174,7.42189759,156.04,36.05,0.08,339.89,1,-89.00,-9.00,8.00,2.00,45.00,46.00,12897051,119
402.51,1552627937,8773.10,51.45669977,7.42171288,155.90,36.09,0.03,338.72,1,-89.00,-9.00,-2.00,2.00,47.00,46.00,12897051,119
403.51,1552627938,8809.19,51.45699977,7.42152762,155.69,35.95,-0.13,337.76,1,-89.00,-9.00,-2.00,2.00,47.00,46.00,12897051,119
404.51,1552627939,8845.14,51.45729677,7.42132249,155.53,36.10,0.15,336.49,1,-90.00,-10.00,8.00,2.00,46.00,46.00,12897051,119
405.51,1552627940,8881.25,51.45758901,7.42110832,155.36,36.18,0.08,335.34,1,-90.00,-10.00,8.00,2.00,46.00,46.00,12897051,119
406.51,1552627941,8917.43,51.45787332,7.42089782,154.96,36.11,-0.07,334.42,1,-90.00,-9.00,12.00,2.00,45.00,46.00,12897051,119
407.51,1552627942,8953.50,51.45816174,7.42066735,154.66,36.26,0.15,333.38,1,-90.00,-9.00,12.00,2.00,45.00,46.00,12897051,119
408.51,1552627943,8989.77,51.45845124,7.42043470,154.49,36.32,0.06,332.71,1,-87.00,-7.00,9.00,2.00,46.00,46.00,12897051,119
409.51,1552627944,9026.12,51.45874228,7.42018464,154.07,36.45,0.12,331.87,1,-87.00,-7.00,9.00,2.00,46.00,46.00,12897051,119
410.51,1552627945,9062.57,51.45903212,7.41993358,153.71,36.66,0.21,331.06,1,-88.00,-8.00,10.00,2.00,46.00,46.00,12897051,119
411.51,1552627946,9099.23,51.45930993,7.41967025,153.57,36.79,0.13,329.58,1,-88.00,-8.00,10.00,2.00,46.00,46.00,12897051,119
412.51,1552627947,9136.01,51.45959530,7.41939918,153.86,37.33,0.54,329.58,1,-88.00,-8.00,6.00,2.00,47.00,46.00,12897051,119
413.51,1552627948,9173.38,51.45988430,7.41912441,154.08,37.16,-0.18,329.62,1,-88.00,-8.00,6.00,2.00,47.00,46.00,12897051,119
414.52,1552627949,9210.80,51.46016037,7.41884193,154.39,36.42,-0.73,327.52,1,-87.00,-10.00,8.00,2.00,49.00,46.00,12897051,119
415.51,1552627950,9246.93,51.46043028,7.41854774,154.81,36.13,-0.29,325.66,1,-87.00,-10.00,8.00,2.00,49.00,46.00,12897051,119
416.51,1552627951,9283.06,51.46069570,7.41824584,154.96,36.14,0.01,324.16,1,-87.00,-10.00,8.00,2.00,49.00,46.00,12897051,119
417.51,1552627952,9319.17,51.46096005,7.41794194,155.05,36.15,0.01,323.41,1,-84.00,-7.00,2.00,2.00,48.00,46.00,12897051,119
418.51,1552627953,9355.43,51.46122751,7.41761815,155.03,36.31,0.16,322.21,1,-84.00,-7.00,2.00,2.00,48.00,46.00,12897051,119
419.51,1552627954,9391.71,51.46149161,7.41728306,155.25,36.39,0.08,320.90,1,-91.00,-12.00,1.00,2.00,46.00,46.00,13806105,39
420.51,1552627955,9428.20,51.46175336,7.41694534,155.53,36.52,0.14,319.94,1,-91.00,-12.00,1.00,2.00,46.00,46.00,13806105,39
421.51,1552627956,9464.54,51.46200348,7.41659732,155.79,36.62,0.10,318.83,1,-87.00,-10.00,19.00,2.00,48.00,46.00,13806105,39
422.51,1552627957,9501.20,51.46224940,7.41624920,155.95,36.84,0.22,317.93,1,-87.00,-10.00,19.00,2.00,48.00,46.00,13806105,39
423.51,1552627958,9538.04,51.46248137,7.41589520,155.73,36.04,-0.80,316.40,1,-83.00,-8.00,23.00,2.00,50.00,46.00,13806105,39
424.51,1552627959,9574.16,51.46271190,7.41553850,155.59,35.90,-0.14,315.71,1,-83.00,-8.00,23.00,2.00,50.00,46.00,13806105,39
425.51,1552627960,9610.02,51.46293901,7.41516171,155.43,35.94,0.04,314.03,1,-79.00,-6.00,24.00,2.00,53.00,46.00,13806105,39
426.51,1552627961,9645.89,51.46315720,7.41478128,155.33,35.97,0.03,312.49,1,-79.00,-6.00,24.00,2.00,53.00,46.00,13806105,39
427.51,1552627962,9681.86,51.46336697,7.41441308,154.82,36.12,0.15,311.34,1,-87.00,-6.00,9.00,9.00,45.00,8.00,13806105,39
428.51,1552627963,9718.06,51.46358510,7.41401805,154.40,36.23,0.10,310.78,1,-87.00,-6.00,9.00,9.00,45.00,8.00,13806105,39
429.51,1552627964,9754.22,51.46379712,7.41364006,153.64,36.43,0.20,310.77,1,-84.00,-7.00,19.00,13.00,48.00,8.00,13806105,39
430.51,1552627965,9790.72,51.46401699,7.41323813,152.95,36.64,0.21,310.56,1,-84.00,-7.00,19.00,13.00,48.00,8.00,13806105,39
431.51,1552627966,9827.33,51.46423246,7.41282286,152.52,36.94,0.29,309.90,1,-91.00,-6.00,17.00,10.00,39.00,8.00,13806105,39
432.51,1552627967,9864.23,51.46444620,7.41241381,152.28,37.02,0.08,309.08,1,-91.00,-6.00,17.00,10.00,39.00,8.00,13806105,39
433.51,1552627968,9901.32,51.46465367,7.41200348,152.18,36.98,-0.04,308.65,1,-99.00,-8.00,3.00,6.00,34.00,8.00,13806105,39
434.51,1552627969,9938.31,51.46486123,7.41159546,151.92,36.98,-0.01,308.24,1,-99.00,-8.00,3.00,6.00,34.00,8.00,13806105,39
435.52,1552627970,9975.43,51.46506928,7.41118078,151.86,36.29,-0.68,308.22,1,-96.00,-8.00,25.00,10.00,35.00,8.00,13806105,39
436.51,1552627971,10011.58,51.46527250,7.41077240,152.09,35.76,-0.53,308.35,1,-96.00,-8.00,25.00,10.00,35.00,8.00,13806105,39
437.51,1552627972,10047.38,51.46547457,7.41035462,152.34,35.63,-0.13,308.28,1,-96.00,-8.00,25.00,10.00,35.00,8.00,13806105,39
438.51,1552627973,10082.97,51.46567111,7.40995545,152.82,35.50,-0.13,307.94,1,-105.00,-10.00,-4.00,5.00,30.00,8.00,13806105,39
439.51,1552627974,10118.44,51.46587059,7.40955783,153.46,35.61,0.10,308.13,1,-105.00,-10.00,-4.00,5.00,30.00,8.00,13806105,39
440.51,1552627975,10154.01,51.46607395,7.40914932,153.74,35.77,0.16,308.19,1,-103.00,-11.00,-3.00,6.00,33.00,14.00,13826329,93
441.51,1552627976,10189.78,51.46627564,7.40873786,153.99,36.14,0.37,308.21,1,-103.00,-11.00,-3.00,6.00,33.00,14.00,13826329,93
442.51,1552627977,10225.96,51.46647754,7.40833382,154.10,36.04,-0.11,308.37,1,-103.00,-14.00,-7.00,6.00,35.00,30.00,13884443,458
443.51,1552627978,10262.00,51.46667714,7.40793063,154.35,35.44,-0.60,308.64,1,-103.00,-14.00,-7.00,6.00,35.00,30.00,13884443,458
444.51,1552627979,10297.44,51.46686960,7.40754401,154.55,34.37,-1.07,308.97,1,-101.00,-13.00,-9.00,6.00,37.00,40.00,12896795,377
445.51,1552627980,10331.81,51.46706164,7.40716932,154.62,33.77,-0.60,309.11,1,-101.00,-13.00,-9.00,6.00,37.00,40.00,12896795,377
446.51,1552627981,10365.57,51.46725116,7.40679892,154.62,33.38,-0.39,309.41,1,-98.00,-9.00,-3.00,9.00,36.00,40.00,12896795,377
447.51,1552627982,10398.95,51.46744219,7.40642045,154.76,33.30,-0.07,309.64,1,-98.00,-9.00,-3.00,9.00,36.00,40.00,12896795,377
448.51,1552627983,10432.29,51.46763693,7.40605598,154.90,33.11,-0.19,310.15,1,-93.00,-7.00,5.00,13.00,39.00,40.00,12896795,377
449.51,1552627984,10465.40,51.46783331,7.40568550,155.25,33.14,0.03,310.59,1,-93.00,-7.00,5.00,13.00,39.00,40.00,12896795,377
450.51,1552627985,10498.53,51.46802620,7.40531448,155.76,33.10,-0.03,310.70,1,-87.00,-5.00,7.00,14.00,42.00,40.00,12896795,377
451.51,1552627986,10531.63,51.46822338,7.40496269,156.04,33.25,0.15,311.61,1,-87.00,-5.00,7.00,14.00,42.00,40.00,12896795,377
452.51,1552627987,10564.89,51.46842462,7.40460552,156.33,33.59,0.34,311.81,1,-100.00,-9.00,-1.00,6.00,34.00,17.00,13826329,93
453.51,1552627988,10598.44,51.46862463,7.40425104,156.43,33.77,0.17,312.34,1,-100.00,-9.00,-1.00,6.00,34.00,17.00,13826329,93
454.51,1552627989,10632.21,51.46883179,7.40390066,156.46,33.66,-0.10,312.96,1,-105.00,-13.00,-1.00,7.00,34.00,17.00,13826329,93
455.51,1552627990,10665.94,51.46903962,7.40354893,156.50,33.44,-0.22,313.03,1,-105.00,-13.00,-1.00,7.00,34.00,17.00,13826329,93
456.52,1552627991,10699.55,51.46924881,7.40319563,156.44,33.43,-0.01,313.50,1,-103.00,-12.00,-4.00,6.00,33.00,51.00,14301723,74
457.51,1552627992,10732.78,51.46945248,7.40284329,156.80,33.20,-0.23,313.89,1,-103.00,-12.00,-4.00,6.00,33.00,51.00,14301723,74
458.51,1552627993,10765.99,51.46966165,7.40250339,157.46,33.61,0.41,314.57,1,-103.00,-12.00,-4.00,6.00,33.00,51.00,14301723,74
459.51,1552627994,10799.60,51.46987593,7.40215754,158.35,33.31,-0.30,314.77,1,-103.00,-12.00,-4.00,7.00,35.00,51.00,14301723,74
460.51,1552627995,10832.91,51.47008674,7.40182371,159.00,33.05,-0.26,315.74,1,-103.00,-12.00,-4.00,7.00,35.00,51.00,14301723,74
461.51,1552627996,10865.93,51.47029175,7.40149843,159.43,31.91,-1.14,316.18,1,-97.00,-6.00,1.00,9.00,34.00,51.00,14301723,74
462.51,1552627997,10897.88,51.47050032,7.40118651,159.85,31.19,-0.72,317.45,1,-97.00,-6.00,1.00,9.00,34.00,51.00,14301723,74
463.51,1552627998,10929.04,51.47071104,7.40088196,160.55,30.47,-0.73,318.52,1,-96.00,-6.00,6.00,14.00,34.00,51.00,14301723,74
464.51,1552627999,10959.51,51.47091298,7.40058985,161.36,29.69,-0.78,317.96,1,-96.00,-6.00,6.00,14.00,34.00,51.00,14301723,74
465.51,1552628000,10989.17,51.47110689,7.40030687,162.10,29.09,-0.60,317.80,1,-96.00,-7.00,8.00,15.00,40.00,55.00,14301723,74
466.51,1552628001,11018.35,51.47129581,7.40001622,162.93,28.43,-0.66,316.65,1,-96.00,-7.00,8.00,15.00,40.00,55.00,14301723,74
467.51,1552628002,11046.75,51.47147713,7.39973709,163.73,27.78,-0.65,316.79,1,-96.00,-6.00,4.00,9.00,35.00,55.00,14301723,74
468.51,1552628003,11074.50,51.47165603,7.39947207,164.51,26.79,-0.98,317.97,1,-96.00,-6.00,4.00,9.00,35.00,55.00,14301723,74
469.51,1552628004,11101.29,51.47182643,7.39921797,165.15,26.14,-0.65,318.50,1,-96.00,-6.00,2.00,10.00,34.00,55.00,14301723,74
470.51,1552628005,11127.43,51.47199463,7.39897087,165.53,25.43,-0.72,318.37,1,-96.00,-6.00,2.00,10.00,34.00,55.00,14301723,74
471.51,1552628006,11152.86,51.47215997,7.39872732,165.85,25.02,-0.41,318.75,1,-96.00,-6.00,6.00,9.00,33.00,55.00,14301723,74
472.51,1552628007,11177.87,51.47233104,7.39848648,166.28,24.97,-0.05,319.07,1,-96.00,-6.00,6.00,9.00,33.00,55.00,14301723,74
473.51,1552628008,11202.85,51.47250114,7.39824862,166.86,24.58,-0.40,319.52,1,-96.00,-7.00,2.00,12.00,31.00,55.00,14301723,74
474.51,1552628009,11227.50,51.47266598,7.39801827,167.38,24.49,-0.08,319.65,1,-96.00,-7.00,2.00,12.00,31.00,55.00,14301723,74
475.51,1552628010,11251.91,51.47283132,7.39779409,167.96,24.28,-0.21,320.07,1,-98.00,-8.00,-3.00,13.00,30.00,55.00,14301723,74
476.51,1552628011,11276.19,51.47300093,7.39756843,168.25,24.18,-0.10,320.19,1,-98.00,-8.00,-3.00,13.00,30.00,55.00,14301723,74
477.52,1552628012,11300.54,51.47316920,7.39734753,168.38,24.11,-0.07,320.45,1,-99.00,-10.00,-4.00,2.00,35.00,55.00,14301723,74
478.51,1552628013,11324.48,51.47333903,7.39712391,168.36,24.04,-0.06,320.76,1,-99.00,-10.00,-4.00,2.00,35.00,55.00,14301723,74
479.51,1552628014,11348.55,51.47350397,7.39690877,168.32,23.94,-0.10,321.04,1,-99.00,-10.00,-4.00,2.00,35.00,55.00,14301723,74
480.51,1552628015,11372.45,51.47367104,7.39670313,168.41,23.67,-0.28,321.74,1,-100.00,-7.00,2.00,2.00,28.00,55.00,14301723,74
481.51,1552628016,11396.11,51.47383857,7.39649152,168.65,23.56,-0.10,321.97,1,-100.00,-7.00,2.00,2.00,28.00,55.00,14301723,74
482.51,1552628017,11419.70,51.47400902,7.39628475,169.11,23.84,0.28,322.98,1,-100.00,-7.00,1.00,2.00,28.00,55.00,14301723,74
483.51,1552628018,11443.54,51.47418134,7.39607692,169.57,24.36,0.52,323.37,1,-100.00,-7.00,1.00,2.00,28.00,55.00,14301723,74
484.51,1552628019,11467.90,51.47436308,7.39586564,170.22,24.58,0.23,323.98,1,-101.00,-7.00,-4.00,2.00,28.00,55.00,14301723,74
485.51,1552628020,11492.48,51.47453687,7.39565926,170.82,24.08,-0.50,323.84,1,-101.00,-7.00,-4.00,2.00,28.00,55.00,14301723,74
486.51,1552628021,11516.54,51.47470847,7.39545433,171.44,24.22,0.13,324.59,1,-102.00,-7.00,-10.00,2.00,28.00,55.00,14301723,74
487.51,1552628022,11540.76,51.47489241,7.39525330,172.39,24.50,0.28,326.26,1,-102.00,-7.00,-10.00,2.00,28.00,55.00,14301723,74
488.51,1552628023,11565.31,51.47507796,7.39506025,173.35,24.57,0.07,327.66,1,-110.00,-11.00,5.00,2.00,25.00,55.00,13043481,120
489.51,1552628024,11589.85,51.47525716,7.39488987,174.40,24.40,-0.17,329.86,1,-110.00,-11.00,5.00,2.00,25.00,55.00,13043481,120
490.51,1552628025,11614.28,51.47545329,7.39470290,175.56,25.05,0.64,330.01,1,-109.00,-10.00,1.00,2.00,26.00,55.00,13043481,120
491.51,1552628026,11639.32,51.47564690,7.39451812,176.47,24.90,-0.15,329.84,1,-109.00,-10.00,1.00,2.00,26.00,55.00,13043481,120
492.51,1552628027,11664.25,51.47582922,7.39434450,177.08,24.03,-0.87,329.72,1,-110.00,-11.00,-9.00,2.00,26.00,55.00,13043481,120
493.51,1552628028,11688.25,51.47601383,7.39416886,177.60,23.62,-0.40,330.71,1,-110.00,-11.00,-9.00,2.00,26.00,55.00,13043481,120
494.51,1552628029,11711.85,51.47619332,7.39400080,177.91,23.39,-0.23,330.83,1,-102.00,-7.00,6.00,2.00,31.00,55.00,13884187,449
495.51,1552628030,11735.24,51.47637808,7.39384253,178.40,22.75,-0.64,332.33,1,-102.00,-7.00,6.00,2.00,31.00,55.00,13884187,449
496.51,1552628031,11757.99,51.47655676,7.39370183,178.91,22.42,-0.33,334.02,1,-100.00,-6.00,-5.00,2.00,32.00,55.00,13884187,449
497.51,1552628032,11780.46,51.47673265,7.39356421,178.91,22.27,-0.15,334.80,1,-100.00,-6.00,-5.00,2.00,32.00,55.00,13884187,449
498.52,1552628033,11802.84,51.47690881,7.39343894,178.72,22.05,-0.22,335.94,1,-103.00,-7.00,-8.00,2.00,30.00,55.00,13884187,449
499.51,1552628034,11824.72,51.47708871,7.39331714,178.54,21.51,-0.54,337.28,1,-103.00,-7.00,-8.00,2.00,30.00,55.00,13884187,449
500.51,1552628035,11846.25,51.47726570,7.39321312,178.38,20.67,-0.84,339.53,1,-103.00,-7.00,-8.00,2.00,30.00,55.00,13884187,449
501.51,1552628036,11866.92,51.47744679,7.39312502,178.18,19.69,-0.98,343.76,1,-105.00,-8.00,-5.00,2.00,29.00,55.00,13884187,449
502.51,1552628037,11886.61,51.47763165,7.39306222,178.24,19.43,-0.25,349.51,1,-105.00,-8.00,-5.00,2.00,29.00,55.00,13884187,449
503.51,1552628038,11906.04,51.47781558,7.39302821,178.26,18.56,-0.88,355.88,1,-109.00,-11.00,-4.00,2.00,27.00,55.00,13884187,449
504.51,1552628039,11924.62,51.47798435,7.39302003,178.36,18.79,0.24,358.53,1,-109.00,-11.00,-4.00,2.00,27.00,55.00,13884187,449
505.51,1552628040,11943.39,51.47815313,7.39302854,178.38,18.44,-0.36,2.27,1,-107.00,-10.00,2.00,2.00,29.00,55.00,13884187,449
506.51,1552628041,11961.83,51.47832160,7.39310790,178.25,18.41,-0.02,16.40,1,-107.00,-10.00,2.00,2.00,29.00,55.00,13884187,449
507.51,1552628042,11980.24,51.47848860,7.39319697,177.92,18.45,0.03,18.52,1,-104.00,-9.00,6.00,2.00,30.00,55.00,13884187,449
508.51,1552628043,11998.69,51.47864647,7.39330542,177.54,18.18,-0.27,22.52,1,-104.00,-9.00,6.00,2.00,30.00,55.00,13884187,449
509.51,1552628044,12016.85,51.47879688,7.39343545,177.48,17.77,-0.40,26.32,1,-101.00,-6.00,-6.00,2.00,32.00,55.00,13884187,449
510.51,1552628045,12034.64,51.47893343,7.39356715,177.57,16.09,-1.68,29.18,1,-101.00,-6.00,-6.00,2.00,32.00,55.00,13884187,449
511.51,1552628046,12050.73,51.47905485,7.39368632,177.72,14.61,-1.48,29.48,1,-102.00,-6.00,6.00,2.00,31.00,55.00,13884187,449
512.51,1552628047,12065.32,51.47917106,7.39375736,177.95,14.23,-0.38,16.90,1,-102.00,-6.00,6.00,2.00,31.00,55.00,13884187,449
513.51,1552628048,12079.56,51.47928467,7.39381368,178.33,14.21,-0.02,12.98,1,-101.00,-6.00,12.00,2.00,31.00,55.00,13884187,449
514.51,1552628049,12093.77,51.47939110,7.39380183,178.83,13.92,-0.29,352.93,1,-101.00,-6.00,12.00,2.00,31.00,55.00,13884187,449
515.51,1552628050,12107.67,51.47949621,7.39377611,179.44,13.85,-0.07,349.70,1,-99.00,-6.00,19.00,2.00,33.00,55.00,13884187,449
516.51,1552628051,12121.52,51.47959581,7.39370229,179.92,14.02,0.17,334.18,1,-99.00,-6.00,19.00,2.00,33.00,55.00,13884187,449
517.51,1552628052,12135.58,51.47970633,7.39362239,180.38,14.28,0.26,333.80,1,-95.00,-6.00,16.00,2.00,37.00,55.00,13884187,449
518.51,1552628053,12149.82,51.47981488,7.39354185,180.95,14.00,-0.28,334.27,1,-95.00,-6.00,16.00,2.00,37.00,55.00,13884187,449
519.52,1552628054,12163.92,51.47991290,7.39347137,181.61,13.07,-0.93,335.27,1,-89.00,-6.00,21.00,2.00,41.00,55.00,13884187,449
520.51,1552628055,12176.91,51.48001595,7.39344017,182.20,11.16,-1.92,351.08,1,-89.00,-6.00,21.00,2.00,41.00,55.00,13884187,449
521.51,1552628056,12188.07,51.48010801,7.39345539,182.93,10.49,-0.67,8.00,1,-89.00,-6.00,21.00,2.00,41.00,55.00,13884187,449
522.51,1552628057,12198.55,51.48020418,7.39351289,183.40,11.06,0.57,25.35,1,-87.00,-6.00,18.00,2.00,43.00,55.00,13884187,449
523.51,1552628058,12209.62,51.48029013,7.39363383,183.95,11.99,0.93,47.94,1,-87.00,-6.00,18.00,2.00,43.00,55.00,13884187,449
524.51,1552628059,12221.61,51.48034255,7.39376470,184.09,11.84,-0.15,61.59,1,-86.00,-6.00,14.00,2.00,44.00,55.00,13884187,449
525.51,1552628060,12233.45,51.48039886,7.39392080,184.33,13.36,1.52,60.58,1,-86.00,-6.00,14.00,2.00,44.00,55.00,13884187,449
526.51,1552628061,12246.80,51.48046593,7.39409276,184.53,14.46,1.10,59.46,1,-92.00,-7.00,11.00,2.00,39.00,55.00,13884187,449
527.51,1552628062,12261.27,51.48053577,7.39427657,184.99,15.77,1.30,58.61,1,-92.00,-7.00,11.00,2.00,39.00,55.00,13884187,449
528.51,1552628063,12277.03,51.48061798,7.39447708,185.45,16.89,1.12,57.93,1,-83.00,-5.00,18.00,14.00,49.00,10.00,13884187,449
529.51,1552628064,12293.94,51.48070297,7.39468509,185.71,17.50,0.62,58.83,1,-83.00,-5.00,18.00,14.00,49.00,10.00,13884187,449
530.51,1552628065,12311.43,51.48078987,7.39490454,185.74,17.52,0.02,59.57,1,-89.00,-5.00,31.00,11.00,44.00,10.00,13884187,449
531.51,1552628066,12329.02,51.48087401,7.39512138,185.73,17.20,-0.32,59.92,1,-89.00,-5.00,31.00,11.00,44.00,10.00,13884187,449
532.51,1552628067,12346.14,51.48095583,7.39533007,185.78,17.13,-0.07,59.69,1,-88.00,-6.00,19.00,14.00,44.00,10.00,13884187,449
533.51,1552628068,12363.27,51.48103507,7.39553785,185.69,17.06,-0.07,59.82,1,-88.00,-6.00,19.00,14.00,44.00,10.00,13884187,449
534.51,1552628069,12380.31,51.48111460,7.39575031,185.61,16.93,-0.13,60.18,1,-94.00,-7.00,13.00,9.00,37.00,10.00,13884187,449
535.51,1552628070,12397.25,51.48119373,7.39596777,185.68,16.68,-0.25,60.71,1,-94.00,-7.00,13.00,9.00,37.00,10.00,13884187,449
536.51,1552628071,12413.93,51.48126669,7.39617101,185.67,16.37,-0.31,59.94,1,-93.00,-7.00,9.00,12.00,40.00,10.00,13884187,449
537.51,1552628072,12430.28,51.48134030,7.39637511,185.62,15.91,-0.45,59.81,1,-93.00,-7.00,9.00,12.00,40.00,10.00,13884187,449
538.51,1552628073,12446.21,51.48140787,7.39655927,185.57,15.50,-0.41,59.48,1,-96.00,-7.00,2.00,9.00,36.00,10.00,13884187,449
539.51,1552628074,12461.71,51.48148062,7.39674818,185.57,15.12,-0.39,58.75,1,-96.00,-7.00,2.00,9.00,36.00,10.00,13884187,449
540.51,1552628075,12476.91,51.48154948,7.39692696,185.53,14.69,-0.42,58.30,1,-97.00,-7.00,4.00,11.00,34.00,10.00,13884187,449
541.51,1552628076,12491.53,51.48161914,7.39710191,185.41,14.35,-0.35,57.63,1,-97.00,-7.00,4.00,11.00,34.00,10.00,13884187,449
542.51,1552628077,12505.89,51.48168858,7.39726878,185.33,13.88,-0.46,56.99,1,-97.00,-7.00,4.00,11.00,34.00,10.00,13884187,449
543.51,1552628078,12519.79,51.48176231,7.39743915,184.91,13.54,-0.34,56.21,1,-102.00,-8.00,-1.00,9.00,31.00,10.00,13884187,449
544.51,1552628079,12533.37,51.48182741,7.39758592,184.46,12.96,-0.58,55.54,1,-102.00,-8.00,-1.00,9.00,31.00,10.00,13884187,449
545.51,1552628080,12546.28,51.48189145,7.39773435,184.46,12.61,-0.35,54.50,1,-97.00,-7.00,3.00,11.00,35.00,10.00,13884187,449
546.51,1552628081,12558.89,51.48195935,7.39788185,184.26,12.19,-0.42,53.40,1,-97.00,-7.00,3.00,11.00,35.00,10.00,13884187,449
547.51,1552628082,12571.10,51.48201658,7.39801082,184.25,11.71,-0.49,52.49,1,-100.00,-7.00,5.00,9.00,32.00,10.00,13884187,449
548.51,1552628083,12582.81,51.48208165,7.39814140,184.04,11.24,-0.46,51.19,1,-100.00,-7.00,5.00,9.00,32.00,10.00,13884187,449
549.51,1552628084,12594.04,51.48214178,7.39825619,184.30,10.65,-0.60,50.15,1,-96.00,-7.00,7.00,2.00,37.00,10.00,13884187,449
550.51,1552628085,12604.69,51.48220183,7.39836255,184.70,9.69,-0.96,48.47,1,-96.00,-7.00,7.00,2.00,37.00,10.00,13884187,449
551.51,1552628086,12614.40,51.48225902,7.39845267,185.24,7.91,-1.77,46.77,1,-93.00,-7.00,10.00,2.00,40.00,10.00,13884187,449
552.51,1552628087,12622.29,51.48230589,7.39852081,185.82,6.18,-1.73,44.96,1,-93.00,-7.00,10.00,2.00,40.00,10.00,13884187,449
553.51,1552628088,12628.47,51.48234309,7.39857216,185.86,4.09,-2.09,44.26,1,-94.00,-8.00,8.00,2.00,39.00,10.00,13884187,449
554.51,1552628089,12632.56,51.48236524,7.39860047,185.89,1.86,-2.23,43.75,1,-94.00,-8.00,8.00,2.00,39.00,10.00,13884187,449
555.51,1552628090,12634.41,51.48236524,7.39860047,185.90,0.00,-1.86,43.75,1,-95.00,-8.00,4.00,2.00,39.00,10.00,13884187,449
556.51,1552628091,12634.41,51.48236524,7.39860047,185.90,0.00,0.00,43.75,1,-95.00,-8.00,4.00,2.00,39.00,10.00,13884187,449
557.51,1552628092,12634.41,51.48236524,7.39860047,185.90,0.00,0.00,43.75,1,-97.00,-8.00,2.00,2.00,35.00,10.00,13884187,449
558.51,1552628093,12634.41,51.48236524,7.39860047,185.90,0.00,0.00,43.75,1,-97.00,-8.00,2.00,2.00,35.00,10.00,13884187,449
559.51,1552628094,12634.41,51.48236524,7.39860047,185.90,0.00,0.00,43.75,1,-98.00,-9.00,1.00,2.00,35.00,10.00,13884187,449
560.51,1552628095,12634.41,51.48236524,7.39860047,185.89,0.00,0.00,43.75,1,-98.00,-9.00,1.00,2.00,35.00,10.00,13884187,449
561.52,1552628096,12634.41,51.48236524,7.39860047,185.89,0.00,0.00,43.75,1,-96.00,-9.00,2.00,2.00,34.00,10.00,13884187,449
562.51,1552628097,12634.41,51.48236524,7.39860047,185.88,0.00,0.00,43.75,1,-96.00,-9.00,2.00,2.00,34.00,10.00,13884187,449
563.51,1552628098,12634.41,51.48236524,7.39860047,185.88,0.00,0.00,43.75,1,-96.00,-9.00,2.00,2.00,34.00,10.00,13884187,449
564.51,1552628099,12634.41,51.48236524,7.39860047,185.87,0.00,0.00,43.75,1,-95.00,-8.00,2.00,2.00,34.00,10.00,13884187,449
565.51,1552628100,12634.41,51.48236524,7.39860047,185.87,0.00,0.00,43.75,1,-95.00,-8.00,2.00,2.00,34.00,10.00,13884187,449
566.51,1552628101,12634.41,51.48236524,7.39860047,185.86,0.00,0.00,43.75,1,-95.00,-8.00,2.00,2.00,35.00,10.00,13884187,449
567.51,1552628102,12634.41,51.48236524,7.39860047,185.86,0.00,0.00,43.75,1,-95.00,-8.00,2.00,2.00,35.00,10.00,13884187,449
568.51,1552628103,12634.41,51.48236524,7.39860047,185.86,0.00,0.00,43.75,1,-96.00,-8.00,3.00,2.00,35.00,10.00,13884187,449
569.51,1552628104,12634.41,51.48236524,7.39860047,185.87,0.00,0.00,43.75,1,-96.00,-8.00,3.00,2.00,35.00,10.00,13884187,449
570.51,1552628105,12634.41,51.48236524,7.39860047,185.87,0.00,0.00,43.75,1,-97.00,-8.00,4.00,2.00,36.00,10.00,13884187,449
571.51,1552628106,12634.41,51.48236524,7.39860047,185.88,0.00,0.00,43.75,1,-97.00,-8.00,4.00,2.00,36.00,10.00,13884187,449
572.51,1552628107,12634.41,51.48236524,7.39860047,185.88,0.00,0.00,43.75,1,-97.00,-8.00,4.00,2.00,36.00,10.00,13884187,449
573.51,1552628108,12634.41,51.48236524,7.39860047,185.89,0.00,0.00,43.75,1,-97.00,-8.00,4.00,2.00,36.00,10.00,13884187,449
574.51,1552628109,12634.41,51.48236524,7.39860047,185.89,0.00,0.00,43.75,1,-97.00,-8.00,4.00,2.00,35.00,10.00,13884187,449
575.51,1552628110,12634.41,51.48236524,7.39860047,185.90,0.00,0.00,43.75,1,-97.00,-8.00,4.00,2.00,35.00,10.00,13884187,449
576.51,1552628111,12634.41,51.48236524,7.39860047,185.90,0.00,0.00,43.75,1,-97.00,-8.00,4.00,2.00,35.00,10.00,13884187,449
577.51,1552628112,12634.41,51.48236524,7.39860047,185.91,0.00,0.00,43.75,1,-97.00,-8.00,4.00,2.00,35.00,10.00,13884187,449
578.51,1552628113,12634.41,51.48236524,7.39860047,185.91,0.00,0.00,43.75,1,-97.00,-8.00,2.00,2.00,35.00,10.00,13884187,449
579.51,1552628114,12634.41,51.48236524,7.39860047,185.92,0.00,0.00,43.75,1,-97.00,-8.00,2.00,2.00,35.00,10.00,13884187,449
580.51,1552628115,12634.41,51.48236524,7.39860047,185.92,0.00,0.00,43.75,1,-97.00,-9.00,3.00,2.00,35.00,10.00,13884187,449
581.51,1552628116,12634.41,51.48236524,7.39860047,185.93,0.00,0.00,43.75,1,-97.00,-9.00,3.00,2.00,35.00,10.00,13884187,449
582.52,1552628117,12634.41,51.48236524,7.39860047,185.94,0.00,0.00,43.75,1,-96.00,-9.00,4.00,2.00,35.00,10.00,13884187,449
583.51,1552628118,12634.41,51.48236524,7.39860047,185.94,0.00,0.00,43.75,1,-96.00,-9.00,4.00,2.00,35.00,10.00,13884187,449
584.51,1552628119,12634.41,51.48236524,7.39860047,186.02,0.00,0.00,51.14,1,-96.00,-9.00,4.00,2.00,35.00,10.00,13884187,449
585.51,1552628120,12634.41,51.48236524,7.39860047,187.04,0.00,0.00,39.96,1,-96.00,-9.00,7.00,2.00,35.00,10.00,13884187,449
586.51,1552628121,12634.41,51.48246838,7.39873706,187.92,7.84,0.00,39.11,1,-96.00,-9.00,7.00,2.00,35.00,10.00,13884187,449
587.51,1552628122,12642.26,51.48252658,7.39880696,188.61,9.21,1.37,38.33,1,-99.00,-10.00,5.00,2.00,35.00,10.00,13884187,449
588.51,1552628123,12651.50,51.48259672,7.39889284,189.17,10.22,1.00,37.36,1,-99.00,-10.00,5.00,2.00,35.00,10.00,13884187,449
589.51,1552628124,12661.69,51.48266906,7.39897777,189.47,10.83,0.61,36.61,1,-100.00,-10.00,3.00,2.00,35.00,10.00,13884187,449
590.51,1552628125,12672.51,51.48274829,7.39906726,189.71,10.63,-0.19,35.80,1,-100.00,-10.00,3.00,2.00,35.00,10.00,13884187,449
591.51,1552628126,12683.14,51.48283780,7.39916125,189.94,11.54,0.90,35.28,1,-97.00,-10.00,3.00,2.00,38.00,10.00,13884186,449
592.51,1552628127,12694.68,51.48293445,7.39926190,189.91,12.43,0.89,34.63,1,-97.00,-10.00,3.00,2.00,38.00,10.00,13884186,449
593.51,1552628128,12707.11,51.48303341,7.39936109,189.85,13.14,0.71,34.01,1,-92.00,-7.00,7.00,2.00,40.00,10.00,13884186,448
594.51,1552628129,12720.24,51.48313237,7.39946225,189.86,13.52,0.38,33.34,1,-92.00,-7.00,7.00,2.00,40.00,10.00,13884186,448
595.51,1552628130,12733.76,51.48323601,7.39956857,189.98,13.74,0.22,33.28,1,-92.00,-8.00,8.00,2.00,41.00,10.00,13884186,448
596.51,1552628131,12747.50,51.48334157,7.39967728,190.09,14.05,0.31,33.93,1,-92.00,-8.00,8.00,2.00,41.00,10.00,13884186,448
597.51,1552628132,12761.58,51.48344967,7.39978858,189.83,14.14,0.09,33.85,1,-92.00,-8.00,10.00,2.00,42.00,10.00,13884186,448
598.51,1552628133,12775.68,51.48355519,7.39989880,189.45,13.86,-0.27,34.51,1,-92.00,-8.00,10.00,2.00,42.00,10.00,13884186,448
599.51,1552628134,12789.55,51.48366213,7.40000714,188.87,13.54,-0.33,34.88,1,-91.00,-8.00,10.00,2.00,43.00,10.00,13884186,448
600.51,1552628135,12803.08,51.48376128,7.40011420,188.46,13.37,-0.16,35.47,1,-91.00,-8.00,10.00,2.00,43.00,10.00,13884186,448
601.51,1552628136,12816.45,51.48385771,7.40022287,188.20,13.43,0.06,36.15,1,-93.00,-8.00,16.00,2.00,42.00,10.00,13884186,448
602.51,1552628137,12829.88,51.48395604,7.40033915,187.91,13.56,0.13,36.78,1,-93.00,-8.00,16.00,2.00,42.00,10.00,13884186,448
603.52,1552628138,12843.53,51.48405393,7.40045867,187.60,13.51,-0.04,37.50,1,-90.00,-6.00,4.00,2.00,43.00,10.00,13884186,448
604.51,1552628139,12856.95,51.48414914,7.40058123,187.45,13.42,-0.10,38.15,1,-90.00,-6.00,4.00,2.00,43.00,10.00,13884186,448
605.51,1552628140,12870.36,51.48424345,7.40070700,187.36,13.41,-0.01,39.15,1,-90.00,-6.00,4.00,2.00,43.00,10.00,13884186,448
606.51,1552628141,12883.77,51.48433895,7.40083714,187.35,13.65,0.24,40.00,1,-91.00,-7.00,1.00,2.00,42.00,10.00,13884186,448
607.51,1552628142,12897.42,51.48443699,7.40097445,187.23,13.46,-0.19,40.83,1,-91.00,-7.00,1.00,2.00,42.00,10.00,13884186,448
608.51,1552628143,12910.87,51.48453504,7.40110993,187.11,13.92,0.46,41.19,1,-92.00,-7.00,4.00,2.00,41.00,10.00,13884186,448
609.51,1552628144,12924.79,51.48462772,7.40124273,187.22,13.76,-0.16,41.95,1,-92.00,-7.00,4.00,2.00,41.00,10.00,13884186,448
610.51,1552628145,12938.56,51.48471186,7.40137337,187.13,13.72,-0.04,42.53,1,-95.00,-7.00,-3.00,2.00,39.00,10.00,13884186,448
611.51,1552628146,12952.29,51.48480027,7.40150607,187.12,14.01,0.28,41.76,1,-95.00,-7.00,-3.00,2.00,39.00,10.00,13884186,448
612.51,1552628147,12966.30,51.48489452,7.40164266,187.00,14.37,0.36,41.53,1,-94.00,-8.00,5.00,2.00,41.00,10.00,13884186,448
613.51,1552628148,12980.67,51.48498907,7.40178395,186.86,14.71,0.34,41.42,1,-94.00,-8.00,5.00,2.00,41.00,10.00,13884186,448
614.51,1552628149,12995.38,51.48508510,7.40192610,186.48,14.79,0.08,42.38,1,-98.00,-9.00,8.00,2.00,38.00,10.00,13884186,448
615.51,1552628150,13010.19,51.48517686,7.40207354,185.94,14.68,-0.11,43.84,1,-98.00,-9.00,8.00,2.00,38.00,10.00,13884186,448
616.51,1552628151,13024.85,51.48527001,7.40223225,185.52,14.60,-0.07,45.27,1,-97.00,-8.00,12.00,2.00,36.00,10.00,13884186,448
617.51,1552628152,13039.47,51.48535104,7.40238266,185.29,14.01,-0.60,46.82,1,-97.00,-8.00,12.00,2.00,36.00,10.00,13884186,448
618.51,1552628153,13053.46,51.48543018,7.40252773,185.13,12.51,-1.50,47.72,1,-93.00,-6.00,14.00,2.00,39.00,10.00,13884186,448
619.51,1552628154,13065.96,51.48550277,7.40266176,185.04,10.59,-1.92,48.34,1,-93.00,-6.00,14.00,2.00,39.00,10.00,13884186,448
620.51,1552628155,13076.56,51.48555878,7.40275814,184.83,8.65,-1.95,46.32,1,-93.00,-6.00,9.00,2.00,39.00,10.00,13884186,448
621.51,1552628156,13085.21,51.48562754,7.40279695,184.98,8.13,-0.52,19.25,1,-93.00,-6.00,9.00,2.00,39.00,10.00,13884186,448
622.51,1552628157,13093.34,51.48570434,7.40279450,185.10,8.88,0.76,356.07,1,-91.00,-6.00,14.00,2.00,41.00,10.00,13884186,448
623.51,1552628158,13102.22,51.48577047,7.40275795,184.99,9.00,0.11,340.16,1,-91.00,-6.00,14.00,2.00,41.00,10.00,13884186,448
624.52,1552628159,13111.27,51.48582946,7.40267352,184.88,10.02,1.02,320.46,1,-91.00,-7.00,12.00,2.00,42.00,10.00,13884186,448
625.51,1552628160,13121.22,51.48590712,7.40256716,184.69,11.05,1.04,319.75,1,-91.00,-7.00,12.00,2.00,42.00,10.00,13884186,448
626.51,1552628161,13132.30,51.48599445,7.40244978,184.76,12.07,1.02,321.24,1,-91.00,-7.00,12.00,2.00,42.00,10.00,13884186,448
627.51,1552628162,13144.35,51.48608067,7.40234576,184.66,12.47,0.40,323.42,1,-91.00,-6.00,10.00,2.00,41.00,10.00,13884186,448
628.51,1552628163,13156.82,51.48616853,7.40225105,185.00,12.14,-0.33,325.56,1,-91.00,-6.00,10.00,2.00,41.00,10.00,13884186,448
629.51,1552628164,13168.97,51.48625613,7.40216545,185.25,12.14,0.00,327.85,1,-96.00,-7.00,4.00,2.00,38.00,10.00,13884186,448
630.51,1552628165,13181.10,51.48635060,7.40208139,185.55,12.56,0.42,330.32,1,-96.00,-7.00,4.00,2.00,38.00,10.00,13884186,448
631.51,1552628166,13193.68,51.48645902,7.40199605,185.89,13.04,0.47,332.53,1,-97.00,-8.00,-1.00,2.00,37.00,10.00,13884186,448
632.51,1552628167,13206.71,51.48657837,7.40191336,186.21,13.53,0.49,335.16,1,-97.00,-8.00,-1.00,2.00,37.00,10.00,13884186,448
633.51,1552628168,13220.22,51.48669860,7.40184616,186.42,13.95,0.42,337.89,1,-97.00,-8.00,-4.00,2.00,36.00,10.00,13884186,448
634.51,1552628169,13234.17,51.48682038,7.40178618,186.38,13.98,0.03,340.41,1,-97.00,-8.00,-4.00,2.00,36.00,10.00,13884186,448
635.51,1552628170,13248.16,51.48694113,7.40174309,186.01,13.82,-0.16,343.32,1,-99.00,-10.00,-5.00,2.00,36.00,10.00,13884186,448
636.51,1552628171,13261.97,51.48706077,7.40170607,185.79,13.53,-0.29,345.85,1,-99.00,-10.00,-5.00,2.00,36.00,10.00,13884186,448
637.51,1552628172,13275.51,51.48718579,7.40167481,185.75,13.58,0.05,348.55,1,-94.00,-8.00,6.00,2.00,40.00,10.00,12895513,313
638.51,1552628173,13289.09,51.48730808,7.40165724,185.25,13.64,0.06,351.16,1,-94.00,-8.00,6.00,2.00,40.00,10.00,12895513,313
639.51,1552628174,13302.73,51.48743661,7.40164683,184.76,13.61,-0.03,353.58,1,-92.00,-8.00,10.00,2.00,40.00,10.00,12895513,313
640.51,1552628175,13316.35,51.48755973,7.40164347,184.47,13.49,-0.12,355.78,1,-92.00,-8.00,10.00,2.00,40.00,10.00,12895513,313
641.51,1552628176,13329.82,51.48768224,7.40165024,183.95,13.58,0.09,357.21,1,-90.00,-7.00,5.00,2.00,41.00,10.00,12895513,313
642.51,1552628177,13343.42,51.48780197,7.40165330,183.49,13.48,-0.09,358.35,1,-90.00,-7.00,5.00,2.00,41.00,10.00,12895513,313
643.51,1552628178,13356.88,51.48792013,7.40166339,182.85,13.52,0.04,359.11,1,-90.00,-8.00,6.00,2.00,41.00,10.00,12895513,313
644.51,1552628179,13370.40,51.48804278,7.40167866,182.24,13.34,-0.18,359.67,1,-90.00,-8.00,6.00,2.00,41.00,10.00,12895513,313
645.52,1552628180,13383.81,51.48815798,7.40169379,182.00,13.33,-0.01,0.51,1,-88.00,-8.00,-5.00,2.00,45.00,16.00,12895513,313
646.51,1552628181,13397.08,51.48828051,7.40170691,181.62,13.41,0.08,1.08,1,-88.00,-8.00,-5.00,2.00,45.00,16.00,12895513,313
647.51,1552628182,13410.49,51.48840496,7.40172041,180.99,13.52,0.11,0.63,1,-88.00,-8.00,-5.00,2.00,45.00,16.00,12895513,313
648.51,1552628183,13424.01,51.48852822,7.40173137,180.28,13.45,-0.07,0.68,1,-84.00,-6.00,3.00,6.00,49.00,4.00,13828123,451
649.51,1552628184,13437.47,51.48864925,7.40173719,179.46,13.32,-0.13,359.93,1,-84.00,-6.00,3.00,6.00,49.00,4.00,13828123,451
650.51,1552628185,13450.78,51.48876313,7.40174298,178.77,12.63,-0.70,0.25,1,-87.00,-6.00,16.00,11.00,44.00,4.00,13828123,451
651.51,1552628186,13463.45,51.48886818,7.40175008,178.08,11.23,-1.39,359.88,1,-87.00,-6.00,16.00,11.00,44.00,4.00,13828123,451
652.51,1552628187,13474.65,51.48896121,7.40175501,177.41,9.46,-1.78,0.44,1,-87.00,-8.00,16.00,14.00,46.00,4.00,13828123,451
653.51,1552628188,13484.09,51.48903868,7.40175998,176.69,8.25,-1.21,0.43,1,-87.00,-8.00,16.00,14.00,46.00,4.00,13828123,451
654.51,1552628189,13492.35,51.48910629,7.40176422,176.19,6.79,-1.46,0.88,1,-87.00,-8.00,14.00,11.00,45.00,4.00,13828123,451
655.51,1552628190,13499.14,51.48916372,7.40176619,175.89,6.14,-0.65,1.00,1,-87.00,-8.00,14.00,11.00,45.00,4.00,13828123,451
656.51,1552628191,13505.28,51.48921858,7.40176894,175.75,5.92,-0.22,0.58,1,-84.00,-7.00,10.00,12.00,48.00,4.00,13828123,451
657.51,1552628192,13511.20,51.48928012,7.40176867,175.66,6.61,0.69,0.12,1,-84.00,-7.00,10.00,12.00,48.00,4.00,13828123,451
658.51,1552628193,13517.82,51.48933630,7.40179000,175.81,6.60,-0.01,15.83,1,-88.00,-10.00,2.00,13.00,47.00,4.00,13828123,451
659.51,1552628194,13524.42,51.48937811,7.40184691,175.63,6.63,0.03,43.93,1,-88.00,-10.00,2.00,13.00,47.00,4.00,13828123,451
660.51,1552628195,13531.06,51.48939792,7.40193210,175.36,7.57,0.93,71.80,1,-87.00,-10.00,8.00,15.00,48.00,4.00,13828123,451
661.51,1552628196,13538.62,51.48940204,7.40203578,175.06,8.76,1.19,87.48,1,-87.00,-10.00,8.00,15.00,48.00,4.00,13828123,451
662.51,1552628197,13547.38,51.48940834,7.40216845,174.58,9.84,1.08,88.39,1,-85.00,-10.00,4.00,9.00,50.00,4.00,13828123,451
663.51,1552628198,13557.24,51.48941005,7.40232607,174.18,10.93,1.09,88.98,1,-85.00,-10.00,4.00,9.00,50.00,4.00,13828123,451
664.51,1552628199,13568.17,51.48940882,7.40249262,173.94,11.73,0.80,89.55,1,-89.00,-10.00,4.00,11.00,45.00,4.00,13828123,451
665.51,1552628200,13579.90,51.48940579,7.40267459,173.85,12.57,0.84,90.03,1,-89.00,-10.00,4.00,11.00,45.00,4.00,13828123,451
666.51,1552628201,13592.52,51.48940350,7.40286193,173.82,12.99,0.41,90.68,1,-85.00,-7.00,7.00,6.00,47.00,3.00,13828121,450
667.51,1552628202,13605.44,51.48940338,7.40304788,173.63,12.79,-0.20,90.84,1,-85.00,-7.00,7.00,6.00,47.00,3.00,13828121,450
668.51,1552628203,13618.24,51.48940305,7.40324312,173.66,12.90,0.11,90.80,1,-85.00,-7.00,7.00,6.00,47.00,3.00,13828121,450
669.51,1552628204,13631.14,51.48940300,7.40342881,173.73,12.97,0.08,90.49,1,-83.00,-7.00,12.00,15.00,47.00,3.00,13828121,450
670.51,1552628205,13644.11,51.48940204,7.40361822,173.93,13.27,0.30,90.73,1,-83.00,-7.00,12.00,15.00,47.00,3.00,13828121,450
671.51,1552628206,13657.41,51.48940087,7.40381357,174.25,13.66,0.39,90.75,1,-81.00,-7.00,18.00,11.00,51.00,3.00,13828121,450
672.51,1552628207,13671.03,51.48939915,7.40400985,174.45,14.27,0.61,90.90,1,-81.00,-7.00,18.00,11.00,51.00,3.00,13828121,450
673.51,1552628208,13685.30,51.48939531,7.40421695,174.54,14.73,0.46,91.22,1,-78.00,-6.00,17.00,13.00,54.00,3.00,13828121,450
674.51,1552628209,13700.03,51.48939157,7.40443050,174.54,15.18,0.45,91.01,1,-78.00,-6.00,17.00,13.00,54.00,3.00,13828121,450
675.51,1552628210,13715.21,51.48938739,7.40464899,174.69,14.74,-0.44,90.83,1,-78.00,-6.00,24.00,12.00,54.00,3.00,13828121,450
676.51,1552628211,13729.96,51.48938388,7.40486103,174.88,14.36,-0.37,90.53,1,-78.00,-6.00,24.00,12.00,54.00,3.00,13828121,450
677.51,1552628212,13744.31,51.48938342,7.40506708,175.05,14.12,-0.24,90.11,1,-71.00,-6.00,16.00,2.00,63.00,3.00,13828121,450
678.51,1552628213,13758.43,51.48938412,7.40526782,175.17,13.89,-0.24,89.30,1,-71.00,-6.00,16.00,2.00,63.00,3.00,13828121,450
679.51,1552628214,13772.32,51.48939088,7.40546598,175.34,13.58,-0.31,87.42,1,-73.00,-6.00,11.00,2.00,57.00,3.00,13828121,450
680.51,1552628215,13785.95,51.48940258,7.40566247,175.55,13.52,-0.06,85.57,1,-73.00,-6.00,11.00,2.00,57.00,3.00,13828121,450
681.51,1552628216,13799.44,51.48941968,7.40585445,175.69,13.55,0.03,83.57,1,-74.00,-7.00,12.00,2.00,58.00,3.00,13828121,450
682.51,1552628217,13812.98,51.48944208,7.40605535,175.80,13.77,0.23,82.25,1,-74.00,-7.00,12.00,2.00,58.00,3.00,13828121,450
683.51,1552628218,13826.74,51.48946646,7.40624829,176.16,14.00,0.22,80.88,1,-106.00,-18.00,-4.00,2.00,36.00,3.00,14298919,215
684.51,1552628219,13840.75,51.48949264,7.40644082,176.94,14.09,0.09,79.80,1,-106.00,-18.00,-4.00,2.00,36.00,3.00,14298919,215
685.51,1552628220,13854.86,51.48952272,7.40664818,177.65,14.31,0.22,79.14,1,-110.00,-18.00,-9.00,2.00,32.00,3.00,14298919,215
686.51,1552628221,13869.16,51.48955271,7.40684868,178.32,14.40,0.08,78.66,1,-110.00,-18.00,-9.00,2.00,32.00,3.00,14298919,215
687.52,1552628222,13883.64,51.48958149,7.40704694,178.70,14.56,0.16,77.96,1,-119.00,-18.00,-16.00,2.00,23.00,3.00,14298919,215
688.51,1552628223,13898.13,51.48961492,7.40725914,179.39,14.50,-0.06,77.87,1,-119.00,-18.00,-16.00,2.00,23.00,3.00,14298919,215
689.51,1552628224,13912.67,51.48964359,7.40745902,179.87,14.70,0.21,78.73,1,-119.00,-18.00,-16.00,2.00,23.00,3.00,14298919,215
690.51,1552628225,13927.32,51.48967135,7.40765792,180.22,14.39,-0.32,78.95,1,-117.00,-19.00,-16.00,2.00,27.00,147.00,13486885,159
691.51,1552628226,13941.69,51.48969801,7.40785074,180.45,13.07,-1.31,78.34,1,-117.00,-19.00,-16.00,2.00,27.00,147.00,13486885,159
692.51,1552628227,13954.79,51.48972400,7.40804390,180.53,13.63,0.56,78.03,1,-117.00,-16.00,-9.00,5.00,26.00,147.00,13486885,159
693.51,1552628228,13968.42,51.48975011,7.40824865,180.90,12.12,-1.52,77.87,1,-117.00,-16.00,-9.00,5.00,26.00,147.00,13486885,159
694.00,1552628229,13974.31,51.48977530,7.40842902,181.34,12.29,0.35,77.54,1,-125.00,-21.00,-14.00,1.00,23.00,147.00,13486885,159
695.00,1552628230,13986.64,51.48980101,7.40860124,181.59,12.14,-0.15,76.80,1,-125.00,-21.00,-14.00,1.00,23.00,147.00,13486885,159
696.00,1552628231,13998.76,51.48983034,7.40877295,181.71,12.09,-0.05,76.32,1,-77.00,-6.00,14.00,2.00,51.00,6.00,13821978,171
697.00,1552628232,14010.85,51.48985899,7.40894702,181.88,11.73,-0.36,75.99,1,-77.00,-6.00,14.00,2.00,51.00,6.00,13821978,171
698.00,1552628233,14022.56,51.48988521,7.40909359,181.52,11.80,0.07,76.59,1,-102.00,-18.00,-13.00,2.00,40.00,6.00,13880103,17
699.00,1552628234,14034.36,51.48990873,7.40925763,180.93,12.15,0.35,78.43,1,-102.00,-18.00,-13.00,2.00,40.00,6.00,13880103,17
700.00,1552628235,14046.52,51.48992784,7.40944051,180.79,12.02,-0.13,79.96,1,-111.00,-20.00,-9.00,2.00,34.00,6.00,13880103,17
701.00,1552628236,14058.54,51.48994513,7.40959774,180.32,12.16,0.14,79.53,1,-111.00,-20.00,-9.00,2.00,34.00,6.00,13880103,17
702.00,1552628237,14070.69,51.48996667,7.40977111,179.61,12.55,0.40,78.93,1,-71.00,-5.00,23.00,2.00,58.00,6.00,13821978,171
703.00,1552628238,14083.24,51.48998832,7.40996086,179.31,13.19,0.63,79.40,1,-71.00,-5.00,23.00,2.00,58.00,6.00,13821978,171
704.00,1552628239,14096.43,51.49000947,7.41013721,178.92,12.78,-0.40,78.92,1,-73.00,-5.00,13.00,2.00,58.00,6.00,13821978,171
705.00,1552628240,14109.21,51.49003246,7.41032736,178.46,13.27,0.49,78.96,1,-73.00,-5.00,13.00,2.00,58.00,6.00,13821978,171
706.00,1552628241,14122.50,51.49005489,7.41050524,177.74,13.10,-0.18,78.50,1,-76.00,-5.00,19.00,2.00,56.00,6.00,13821978,171
707.00,1552628242,14135.59,51.49007754,7.41067859,176.65,12.94,-0.16,77.81,1,-76.00,-5.00,19.00,2.00,56.00,6.00,13821978,171
708.01,1552628243,14148.61,51.49009897,7.41085217,175.20,12.88,-0.06,78.33,1,-84.00,-7.00,14.00,9.00,49.00,4.00,13821978,171
709.00,1552628244,14161.40,51.49012336,7.41103234,173.93,12.49,-0.39,78.12,1,-84.00,-7.00,14.00,9.00,49.00,4.00,13821978,171
710.00,1552628245,14173.89,51.49014759,7.41120733,172.76,12.24,-0.25,77.62,1,-84.00,-7.00,14.00,9.00,49.00,4.00,13821978,171
