54.09,1552976347,733.30,51.44464149,7.49153472,271.09,0.00,0.00,127.63,0,-132.00,-21.00,0.00,0.00,20.00,0.00,0,456
54.09,1552976347,733.30,51.44464149,7.49153472,271.09,0.00,0.00,127.63,0,-133.00,-22.00,0.00,0.00,20.00,0.00,0,16
54.09,1552976347,733.30,51.44464149,7.49153472,271.09,0.00,0.00,127.63,0,-133.00,-21.00,0.00,0.00,20.00,0.00,0,112
55.09,1552976348,733.30,51.44464149,7.49153472,271.08,0.00,0.00,127.63,0,-132.00,-21.00,0.00,0.00,20.00,0.00,0,456
55.09,1552976348,733.30,51.44464149,7.49153472,271.08,0.00,0.00,127.63,0,-133.00,-22.00,0.00,0.00,20.00,0.00,0,16
55.09,1552976348,733.30,51.44464149,7.49153472,271.08,0.00,0.00,127.63,0,-133.00,-21.00,0.00,0.00,20.00,0.00,0,112
98.09,1552976391,902.78,51.44306868,7.49011401,271.50,15.87,0.00,216.58,0,-96.00,-13.00,0.00,0.00,43.00,0.00,0,431
99.09,1552976392,918.66,51.44295492,7.48998019,271.58,15.80,0.00,216.42,0,-96.00,-13.00,0.00,0.00,43.00,0.00,0,431
106.08,1552976399,1028.25,51.44216647,7.48905812,273.34,15.39,0.00,217.30,0,-85.00,-12.00,0.00,0.00,52.00,0.00,0,431
107.08,1552976400,1043.64,51.44205482,7.48891595,272.94,15.80,0.00,218.52,0,-85.00,-12.00,0.00,0.00,52.00,0.00,0,431
108.08,1552976401,1059.43,51.44195023,7.48876920,272.69,15.47,0.00,220.29,0,-85.00,-12.00,0.00,0.00,52.00,0.00,0,431
109.09,1552976402,1074.91,51.44184829,7.48861754,272.64,16.02,0.00,221.98,0,-80.00,-12.00,0.00,0.00,58.00,0.00,0,431
110.08,1552976403,1090.92,51.44174435,7.48844901,272.22,15.39,0.00,224.43,0,-80.00,-12.00,0.00,0.00,58.00,0.00,0,431
111.09,1552976404,1106.34,51.44164539,7.48827221,272.50,16.55,0.00,226.74,0,-80.00,-7.00,0.00,0.00,54.00,0.00,0,431
112.09,1552976405,1122.87,51.44154744,7.48808100,273.01,17.63,0.00,228.84,0,-80.00,-7.00,0.00,0.00,54.00,0.00,0,431
123.08,1552976416,1302.40,51.44056827,7.48594742,276.79,17.16,0.00,233.11,0,-79.00,-10.00,0.00,0.00,58.00,0.00,0,430
124.08,1552976417,1319.57,51.44047552,7.48574680,277.29,17.23,0.00,232.87,0,-79.00,-10.00,0.00,0.00,58.00,0.00,0,430
125.08,1552976418,1336.80,51.44038334,7.48554495,277.88,17.21,0.00,232.49,0,-82.00,-8.00,0.00,0.00,52.00,0.00,0,430
126.09,1552976419,1354.03,51.44029133,7.48534527,278.55,17.02,0.00,232.88,0,-82.00,-8.00,0.00,0.00,52.00,0.00,0,430
127.10,1552976420,1371.21,51.44019582,7.48514637,279.15,17.07,0.00,232.74,0,-81.00,-13.00,0.00,0.00,59.00,0.00,0,431
128.09,1552976421,1388.13,51.44010188,7.48494658,280.07,17.47,0.00,232.36,0,-81.00,-13.00,0.00,0.00,59.00,0.00,0,431
129.09,1552976422,1405.68,51.44001262,7.48475029,281.66,17.22,0.00,232.44,0,-81.00,-13.00,0.00,0.00,59.00,0.00,0,431
153.09,1552976446,1815.80,51.43810995,7.47957651,286.94,18.57,0.00,243.19,0,-109.00,-11.00,0.00,0.00,28.00,0.00,0,38
154.09,1552976447,1834.41,51.43803305,7.47933352,286.91,18.65,0.00,242.47,0,-109.00,-11.00,0.00,0.00,28.00,0.00,0,38
155.09,1552976448,1853.04,51.43795811,7.47910261,287.32,18.09,0.00,242.81,0,-108.00,-10.00,0.00,0.00,27.00,0.00,0,38
156.09,1552976449,1871.11,51.43788608,7.47888650,287.44,16.86,0.00,243.08,0,-108.00,-10.00,0.00,0.00,27.00,0.00,0,38
157.09,1552976450,1888.00,51.43781423,7.47866944,287.69,17.82,0.00,242.91,0,-110.00,-11.00,0.00,0.00,26.00,0.00,0,38
157.09,1552976450,1888.02,51.43781423,7.47866944,287.69,17.82,0.00,242.91,0,-113.00,-12.00,0.00,0.00,24.00,0.00,0,70
158.09,1552976451,1905.82,51.43774312,7.47845491,288.54,16.21,0.00,242.61,0,-110.00,-11.00,0.00,0.00,26.00,0.00,0,38
158.09,1552976451,1905.82,51.43774312,7.47845491,288.54,16.21,0.00,242.61,0,-113.00,-12.00,0.00,0.00,24.00,0.00,0,70
159.09,1552976452,1922.02,51.43766722,7.47821861,289.43,16.95,0.00,243.16,0,-109.00,-10.00,0.00,0.00,27.00,0.00,0,38
159.09,1552976452,1922.03,51.43766722,7.47821861,289.43,16.95,0.00,243.16,0,-114.00,-14.00,0.00,0.00,26.00,0.00,0,70
160.09,1552976453,1939.00,51.43759788,7.47800183,290.35,16.81,0.00,242.69,0,-109.00,-10.00,0.00,0.00,27.00,0.00,0,38
160.09,1552976453,1939.02,51.43759788,7.47800183,290.35,16.81,0.00,242.69,0,-114.00,-14.00,0.00,0.00,26.00,0.00,0,70
161.09,1552976454,1955.81,51.43752812,7.47779517,291.12,17.01,0.00,242.04,0,-111.00,-13.00,0.00,0.00,27.00,0.00,0,38
161.09,1552976454,1955.82,51.43752812,7.47779517,291.12,17.01,0.00,242.04,0,-114.00,-15.00,0.00,0.00,27.00,0.00,0,70
161.09,1552976454,1955.82,51.43752812,7.47779517,291.12,17.01,0.00,242.04,0,-106.00,-17.00,0.00,0.00,36.00,0.00,0,391
161.09,1552976454,1955.84,51.43752812,7.47779517,291.12,17.01,0.00,242.04,0,-106.00,-16.00,0.00,0.00,36.00,0.00,0,135
161.09,1552976454,1955.86,51.43752812,7.47779517,291.12,17.01,0.00,242.04,0,-107.00,-17.00,0.00,0.00,36.00,0.00,0,213
162.09,1552976455,1972.85,51.43746261,7.47760049,291.77,15.23,0.00,242.93,0,-111.00,-13.00,0.00,0.00,27.00,0.00,0,38
162.09,1552976455,1972.87,51.43746261,7.47760049,291.77,15.23,0.00,242.93,0,-114.00,-15.00,0.00,0.00,27.00,0.00,0,70
162.09,1552976455,1972.88,51.43746261,7.47760049,291.77,15.23,0.00,242.93,0,-106.00,-17.00,0.00,0.00,36.00,0.00,0,391
162.09,1552976455,1972.90,51.43746261,7.47760049,291.77,15.23,0.00,242.93,0,-106.00,-16.00,0.00,0.00,36.00,0.00,0,135
162.09,1552976455,1972.90,51.43746261,7.47760049,291.77,15.23,0.00,242.93,0,-107.00,-17.00,0.00,0.00,36.00,0.00,0,213
163.09,1552976456,1988.03,51.43740310,7.47741701,291.72,14.18,0.00,243.57,0,-113.00,-11.00,0.00,0.00,24.00,0.00,0,38
163.09,1552976456,1988.05,51.43740310,7.47741701,291.72,14.18,0.00,243.57,0,-113.00,-12.00,0.00,0.00,24.00,0.00,0,70
163.09,1552976456,1988.06,51.43740310,7.47741701,291.72,14.18,0.00,243.57,0,-101.00,-13.00,0.00,0.00,38.00,0.00,0,213
163.09,1552976456,1988.06,51.43740310,7.47741701,291.72,14.18,0.00,243.57,0,-105.00,-16.00,0.00,0.00,37.00,0.00,0,135
163.09,1552976456,1988.07,51.43740310,7.47741701,291.72,14.18,0.00,243.57,0,-105.00,-16.00,0.00,0.00,37.00,0.00,0,71
164.09,1552976457,2002.23,51.43735160,7.47725372,291.68,12.08,0.00,244.30,0,-113.00,-11.00,0.00,0.00,24.00,0.00,0,38
164.09,1552976457,2002.24,51.43735160,7.47725372,291.68,12.08,0.00,244.30,0,-113.00,-12.00,0.00,0.00,24.00,0.00,0,70
164.09,1552976457,2002.25,51.43735160,7.47725372,291.68,12.08,0.00,244.30,0,-101.00,-13.00,0.00,0.00,38.00,0.00,0,213
164.09,1552976457,2002.25,51.43735160,7.47725372,291.68,12.08,0.00,244.30,0,-105.00,-16.00,0.00,0.00,37.00,0.00,0,135
164.09,1552976457,2002.26,51.43735160,7.47725372,291.68,12.08,0.00,244.30,0,-105.00,-16.00,0.00,0.00,37.00,0.00,0,71
165.09,1552976458,2014.31,51.43730581,7.47709947,291.53,11.12,0.00,245.02,0,-114.00,-12.00,0.00,0.00,24.00,0.00,0,70
165.09,1552976458,2014.31,51.43730581,7.47709947,291.53,11.12,0.00,245.02,0,-115.00,-14.00,0.00,0.00,24.00,0.00,0,38
165.09,1552976458,2014.32,51.43730581,7.47709947,291.53,11.12,0.00,245.02,0,-102.00,-14.00,0.00,0.00,38.00,0.00,0,213
165.09,1552976458,2014.34,51.43730581,7.47709947,291.53,11.12,0.00,245.02,0,-102.00,-15.00,0.00,0.00,38.00,0.00,0,457
165.09,1552976458,2014.34,51.43730581,7.47709947,291.53,11.12,0.00,245.02,0,-103.00,-15.00,0.00,0.00,38.00,0.00,0,71
166.09,1552976459,2025.41,51.43726164,7.47694854,291.16,10.49,0.00,245.88,0,-114.00,-12.00,0.00,0.00,24.00,0.00,0,70
166.09,1552976459,2025.42,51.43726164,7.47694854,291.16,10.49,0.00,245.88,0,-115.00,-14.00,0.00,0.00,24.00,0.00,0,38
166.09,1552976459,2025.43,51.43726164,7.47694854,291.16,10.49,0.00,245.88,0,-102.00,-14.00,0.00,0.00,38.00,0.00,0,213
166.09,1552976459,2025.43,51.43726164,7.47694854,291.16,10.49,0.00,245.88,0,-102.00,-15.00,0.00,0.00,38.00,0.00,0,457
166.09,1552976459,2025.44,51.43726164,7.47694854,291.16,10.49,0.00,245.88,0,-103.00,-15.00,0.00,0.00,38.00,0.00,0,71
167.09,1552976460,2035.91,51.43722911,7.47681078,290.67,9.87,0.00,248.62,0,-112.00,-10.00,0.00,0.00,23.00,0.00,0,70
167.09,1552976460,2035.92,51.43722911,7.47681078,290.67,9.87,0.00,248.62,0,-117.00,-14.00,0.00,0.00,23.00,0.00,0,38
167.09,1552976460,2035.93,51.43722911,7.47681078,290.67,9.87,0.00,248.62,0,-106.00,-16.00,0.00,0.00,36.00,0.00,0,391
167.09,1552976460,2035.93,51.43722911,7.47681078,290.67,9.87,0.00,248.62,0,-107.00,-17.00,0.00,0.00,36.00,0.00,0,213
167.09,1552976460,2035.94,51.43722911,7.47681078,290.67,9.87,0.00,248.62,0,-107.00,-18.00,0.00,0.00,36.00,0.00,0,457
168.09,1552976461,2045.78,51.43720145,7.47666339,290.29,9.77,0.00,252.25,0,-112.00,-10.00,0.00,0.00,23.00,0.00,0,70
168.09,1552976461,2045.79,51.43720145,7.47666339,290.29,9.77,0.00,252.25,0,-117.00,-14.00,0.00,0.00,23.00,0.00,0,38
168.09,1552976461,2045.80,51.43720145,7.47666339,290.29,9.77,0.00,252.25,0,-106.00,-16.00,0.00,0.00,36.00,0.00,0,391
168.09,1552976461,2045.80,51.43720145,7.47666339,290.29,9.77,0.00,252.25,0,-107.00,-17.00,0.00,0.00,36.00,0.00,0,213
168.09,1552976461,2045.81,51.43720145,7.47666339,290.29,9.77,0.00,252.25,0,-107.00,-18.00,0.00,0.00,36.00,0.00,0,457
214.09,1552976507,2924.64,51.44257977,7.48474114,275.94,25.09,0.00,25.64,0,-79.00,-10.00,0.00,0.00,58.00,0.00,0,429
215.09,1552976508,2949.73,51.44278089,7.48489094,274.93,24.67,0.00,24.53,0,-79.00,-10.00,0.00,0.00,58.00,0.00,0,429
216.09,1552976509,2974.40,51.44298811,7.48504011,274.02,24.42,0.00,23.80,0,-72.00,-7.00,0.00,0.00,61.00,0.00,0,429
217.09,1552976510,2998.82,51.44319522,7.48517964,273.40,24.16,0.00,22.87,0,-72.00,-7.00,0.00,0.00,61.00,0.00,0,429
218.09,1552976511,3023.03,51.44339626,7.48531350,273.03,23.67,0.00,22.63,0,-82.00,-7.00,0.00,0.00,50.00,0.00,0,429
219.09,1552976512,3046.70,51.44358937,7.48544326,272.49,23.00,0.00,22.79,0,-82.00,-7.00,0.00,0.00,50.00,0.00,0,429
253.09,1552976546,3628.08,51.44370919,7.48311639,264.18,27.09,0.00,267.83,0,-90.00,-9.00,0.00,0.00,44.00,0.00,0,430
254.08,1552976547,3654.96,51.44369768,7.48271758,264.46,27.91,0.00,267.39,0,-90.00,-9.00,0.00,0.00,44.00,0.00,0,430
255.08,1552976548,3682.87,51.44368634,7.48231107,264.70,28.71,0.00,267.07,0,-90.00,-9.00,0.00,0.00,44.00,0.00,0,430
256.08,1552976549,3711.58,51.44367055,7.48189473,264.83,29.49,0.00,266.63,0,-87.00,-6.00,0.00,0.00,45.00,0.00,0,430
257.08,1552976550,3741.07,51.44365387,7.48146824,264.88,30.22,0.00,266.20,0,-87.00,-6.00,0.00,0.00,45.00,0.00,0,430
258.08,1552976551,3771.26,51.44363274,7.48102913,264.75,30.94,0.00,265.60,0,-97.00,-13.00,0.00,0.00,42.00,0.00,0,429
259.08,1552976552,3802.20,51.44361202,7.48058324,264.61,30.83,0.00,264.82,0,-97.00,-13.00,0.00,0.00,42.00,0.00,0,429
274.09,1552976567,4250.00,51.44304546,7.47427840,254.35,28.76,0.00,258.93,0,-97.00,-8.00,0.00,0.00,36.00,0.00,0,397
275.09,1552976568,4278.53,51.44299573,7.47388757,253.44,27.81,0.00,258.68,0,-97.00,-8.00,0.00,0.00,36.00,0.00,0,397
276.09,1552976569,4306.34,51.44294783,7.47349953,252.75,26.98,0.00,258.90,0,-97.00,-8.00,0.00,0.00,36.00,0.00,0,397
277.09,1552976570,4333.35,51.44290236,7.47312390,252.08,26.61,0.00,258.62,0,-103.00,-10.00,0.00,0.00,32.00,0.00,0,397
277.09,1552976570,4333.38,51.44290236,7.47312390,252.08,26.61,0.00,258.62,0,-123.00,-16.00,0.00,0.00,25.00,0.00,0,112
278.09,1552976571,4360.04,51.44285704,7.47274717,251.51,26.26,0.00,258.58,0,-103.00,-10.00,0.00,0.00,32.00,0.00,0,397
278.09,1552976571,4360.04,51.44285704,7.47274717,251.51,26.26,0.00,258.58,0,-123.00,-16.00,0.00,0.00,25.00,0.00,0,112
279.09,1552976572,4386.30,51.44281244,7.47238182,250.96,25.81,0.00,258.67,0,-104.00,-11.00,0.00,0.00,32.00,0.00,0,397
279.09,1552976572,4386.30,51.44281244,7.47238182,250.96,25.81,0.00,258.67,0,-127.00,-19.00,0.00,0.00,23.00,0.00,0,112
280.09,1552976573,4412.05,51.44276853,7.47202462,250.43,25.36,0.00,258.55,0,-104.00,-11.00,0.00,0.00,32.00,0.00,0,397
280.09,1552976573,4412.08,51.44276853,7.47202462,250.43,25.36,0.00,258.55,0,-127.00,-19.00,0.00,0.00,23.00,0.00,0,112
281.09,1552976574,4437.38,51.44272206,7.47167358,249.92,24.96,0.00,258.50,0,-104.00,-10.00,0.00,0.00,30.00,0.00,0,397
281.09,1552976574,4437.41,51.44272206,7.47167358,249.92,24.96,0.00,258.50,0,-129.00,-20.00,0.00,0.00,22.00,0.00,0,112
282.09,1552976575,4462.39,51.44267761,7.47132362,249.40,24.66,0.00,258.19,0,-104.00,-10.00,0.00,0.00,30.00,0.00,0,397
282.09,1552976575,4462.39,51.44267761,7.47132362,249.40,24.66,0.00,258.19,0,-129.00,-20.00,0.00,0.00,22.00,0.00,0,112
283.09,1552976576,4487.04,51.44262978,7.47098265,248.91,24.72,0.00,257.40,0,-108.00,-11.00,0.00,0.00,28.00,0.00,0,397
284.09,1552976577,4511.71,51.44258062,7.47063579,248.41,25.08,0.00,256.78,0,-108.00,-11.00,0.00,0.00,28.00,0.00,0,397
285.09,1552976578,4536.80,51.44252679,7.47028226,247.80,25.90,0.00,256.32,0,-110.00,-12.00,0.00,0.00,27.00,0.00,0,397
286.09,1552976579,4562.68,51.44247005,7.46991073,247.10,27.04,0.00,255.92,0,-110.00,-12.00,0.00,0.00,27.00,0.00,0,397
287.09,1552976580,4589.72,51.44241111,7.46952360,246.37,28.12,0.00,256.55,0,-113.00,-13.00,0.00,0.00,26.00,0.00,0,397
288.09,1552976581,4617.87,51.44235690,7.46912360,245.62,28.91,0.00,257.75,0,-113.00,-13.00,0.00,0.00,26.00,0.00,0,397
291.09,1552976584,4706.02,51.44219521,7.46787224,243.14,30.30,0.00,259.01,0,-116.00,-15.00,0.00,0.00,25.00,0.00,0,397
291.09,1552976584,4706.05,51.44219521,7.46787224,243.14,30.30,0.00,259.01,0,-118.00,-15.00,0.00,0.00,22.00,0.00,0,118
291.09,1552976584,4706.08,51.44219521,7.46787224,243.14,30.30,0.00,259.01,0,-118.00,-15.00,0.00,0.00,23.00,0.00,0,72
292.09,1552976585,4736.29,51.44214362,7.46743703,242.32,30.92,0.00,259.51,0,-116.00,-15.00,0.00,0.00,25.00,0.00,0,397
292.09,1552976585,4736.29,51.44214362,7.46743703,242.32,30.92,0.00,259.51,0,-118.00,-15.00,0.00,0.00,22.00,0.00,0,118
292.09,1552976585,4736.32,51.44214362,7.46743703,242.32,30.92,0.00,259.51,0,-118.00,-15.00,0.00,0.00,23.00,0.00,0,72
293.09,1552976586,4767.24,51.44209127,7.46699533,241.45,31.39,0.00,259.99,0,-115.00,-13.00,0.00,0.00,24.00,0.00,0,118
293.09,1552976586,4767.27,51.44209127,7.46699533,241.45,31.39,0.00,259.99,0,-115.00,-13.00,0.00,0.00,24.00,0.00,0,72
293.09,1552976586,4767.30,51.44209127,7.46699533,241.45,31.39,0.00,259.99,0,-116.00,-15.00,0.00,0.00,24.00,0.00,0,397
293.09,1552976586,4767.30,51.44209127,7.46699533,241.45,31.39,0.00,259.99,0,0.00,0.00,0.00,0.00,63.00,0.00,0,427
293.09,1552976586,4767.36,51.44209127,7.46699533,241.45,31.39,0.00,259.99,0,0.00,0.00,0.00,0.00,63.00,0.00,0,31
293.10,1552976586,4767.40,51.44209127,7.46699533,241.45,31.39,0.00,259.99,0,0.00,0.00,0.00,0.00,63.00,0.00,0,61
293.10,1552976586,4767.40,51.44209127,7.46699533,241.45,31.39,0.00,259.99,0,0.00,0.00,0.00,0.00,63.00,0.00,0,29
294.09,1552976587,4798.69,51.44204419,7.46654144,240.67,32.07,0.00,260.38,0,-115.00,-13.00,0.00,0.00,24.00,0.00,0,118
294.09,1552976587,4798.72,51.44204419,7.46654144,240.67,32.07,0.00,260.38,0,-115.00,-13.00,0.00,0.00,24.00,0.00,0,72
294.09,1552976587,4798.76,51.44204419,7.46654144,240.67,32.07,0.00,260.38,0,-116.00,-15.00,0.00,0.00,24.00,0.00,0,397
294.09,1552976587,4798.76,51.44204419,7.46654144,240.67,32.07,0.00,260.38,0,0.00,0.00,0.00,0.00,63.00,0.00,0,427
294.09,1552976587,4798.76,51.44204419,7.46654144,240.67,32.07,0.00,260.38,0,0.00,0.00,0.00,0.00,63.00,0.00,0,31
294.10,1552976587,4798.79,51.44204419,7.46654144,240.67,32.07,0.00,260.38,0,0.00,0.00,0.00,0.00,63.00,0.00,0,61
294.10,1552976587,4798.79,51.44204419,7.46654144,240.67,32.07,0.00,260.38,0,0.00,0.00,0.00,0.00,63.00,0.00,0,29
295.09,1552976588,4830.76,51.44199680,7.46608272,239.78,32.67,0.00,260.43,0,-110.00,-11.00,0.00,0.00,26.00,0.00,0,118
295.09,1552976588,4830.80,51.44199680,7.46608272,239.78,32.67,0.00,260.43,0,-113.00,-13.00,0.00,0.00,26.00,0.00,0,72
295.09,1552976588,4830.83,51.44199680,7.46608272,239.78,32.67,0.00,260.43,0,-116.00,-16.00,0.00,0.00,25.00,0.00,0,157
295.10,1552976588,4830.86,51.44199680,7.46608272,239.78,32.67,0.00,260.43,0,0.00,0.00,0.00,0.00,63.00,0.00,0,427
295.10,1552976588,4830.86,51.44199680,7.46608272,239.78,32.67,0.00,260.43,0,0.00,0.00,0.00,0.00,63.00,0.00,0,31
295.10,1552976588,4830.89,51.44199680,7.46608272,239.78,32.67,0.00,260.43,0,0.00,0.00,0.00,0.00,63.00,0.00,0,61
295.10,1552976588,4830.93,51.44199680,7.46608272,239.78,32.67,0.00,260.43,0,0.00,0.00,0.00,0.00,63.00,0.00,0,29
296.09,1552976589,4863.37,51.44194839,7.46561865,238.91,33.25,0.00,261.12,0,-110.00,-11.00,0.00,0.00,26.00,0.00,0,118
296.09,1552976589,4863.40,51.44194839,7.46561865,238.91,33.25,0.00,261.12,0,-113.00,-13.00,0.00,0.00,26.00,0.00,0,72
296.09,1552976589,4863.43,51.44194839,7.46561865,238.91,33.25,0.00,261.12,0,-116.00,-16.00,0.00,0.00,25.00,0.00,0,157
296.09,1552976589,4863.43,51.44194839,7.46561865,238.91,33.25,0.00,261.12,0,0.00,0.00,0.00,0.00,63.00,0.00,0,427
296.09,1552976589,4863.50,51.44194839,7.46561865,238.91,33.25,0.00,261.12,0,0.00,0.00,0.00,0.00,63.00,0.00,0,31
296.10,1552976589,4863.53,51.44194839,7.46561865,238.91,33.25,0.00,261.12,0,0.00,0.00,0.00,0.00,63.00,0.00,0,61
296.10,1552976589,4863.57,51.44194839,7.46561865,238.91,33.25,0.00,261.12,0,0.00,0.00,0.00,0.00,63.00,0.00,0,29
297.10,1552976590,4897.05,51.44189996,7.46514599,237.97,33.86,0.00,261.21,0,-109.00,-10.00,0.00,0.00,27.00,0.00,0,118
297.10,1552976590,4897.05,51.44189996,7.46514599,237.97,33.86,0.00,261.21,0,-113.00,-13.00,0.00,0.00,26.00,0.00,0,72
297.10,1552976590,4897.09,51.44189996,7.46514599,237.97,33.86,0.00,261.21,0,-116.00,-17.00,0.00,0.00,26.00,0.00,0,157
297.11,1552976590,4897.12,51.44189996,7.46514599,237.97,33.86,0.00,261.21,0,-100.00,-14.00,0.00,0.00,40.00,0.00,0,448
297.11,1552976590,4897.12,51.44189996,7.46514599,237.97,33.86,0.00,261.21,0,-103.00,-18.00,0.00,0.00,40.00,0.00,0,51
297.11,1552976590,4897.15,51.44189996,7.46514599,237.97,33.86,0.00,261.21,0,-106.00,-21.00,0.00,0.00,40.00,0.00,0,457
297.11,1552976590,4897.19,51.44189996,7.46514599,237.97,33.86,0.00,261.21,0,0.00,0.00,0.00,0.00,63.00,0.00,0,427
297.11,1552976590,4897.19,51.44189996,7.46514599,237.97,33.86,0.00,261.21,0,0.00,0.00,0.00,0.00,63.00,0.00,0,31
297.11,1552976590,4897.22,51.44189996,7.46514599,237.97,33.86,0.00,261.21,0,0.00,0.00,0.00,0.00,63.00,0.00,0,29
297.11,1552976590,4897.26,51.44189996,7.46514599,237.97,33.86,0.00,261.21,0,0.00,0.00,0.00,0.00,63.00,0.00,0,61
298.09,1552976591,4930.57,51.44185317,7.46467440,236.91,33.75,0.00,261.35,0,-109.00,-10.00,0.00,0.00,27.00,0.00,0,118
298.09,1552976591,4930.60,51.44185317,7.46467440,236.91,33.75,0.00,261.35,0,-113.00,-13.00,0.00,0.00,26.00,0.00,0,72
298.10,1552976591,4930.64,51.44185317,7.46467440,236.91,33.75,0.00,261.35,0,-116.00,-17.00,0.00,0.00,26.00,0.00,0,157
298.10,1552976591,4930.64,51.44185317,7.46467440,236.91,33.75,0.00,261.35,0,-100.00,-14.00,0.00,0.00,40.00,0.00,0,448
298.10,1552976591,4930.67,51.44185317,7.46467440,236.91,33.75,0.00,261.35,0,-103.00,-18.00,0.00,0.00,40.00,0.00,0,51
298.10,1552976591,4930.71,51.44185317,7.46467440,236.91,33.75,0.00,261.35,0,-106.00,-21.00,0.00,0.00,40.00,0.00,0,457
298.10,1552976591,4930.71,51.44185317,7.46467440,236.91,33.75,0.00,261.35,0,0.00,0.00,0.00,0.00,63.00,0.00,0,427
298.10,1552976591,4930.74,51.44185317,7.46467440,236.91,33.75,0.00,261.35,0,0.00,0.00,0.00,0.00,63.00,0.00,0,31
298.10,1552976591,4930.77,51.44185317,7.46467440,236.91,33.75,0.00,261.35,0,0.00,0.00,0.00,0.00,63.00,0.00,0,29
298.10,1552976591,4930.77,51.44185317,7.46467440,236.91,33.75,0.00,261.35,0,0.00,0.00,0.00,0.00,63.00,0.00,0,61
299.10,1552976592,4964.39,51.44181736,7.46420631,235.87,32.95,0.00,262.67,0,-109.00,-10.00,0.00,0.00,27.00,0.00,0,118
299.10,1552976592,4964.42,51.44181736,7.46420631,235.87,32.95,0.00,262.67,0,-113.00,-13.00,0.00,0.00,26.00,0.00,0,72
299.10,1552976592,4964.42,51.44181736,7.46420631,235.87,32.95,0.00,262.67,0,-116.00,-17.00,0.00,0.00,26.00,0.00,0,157
299.10,1552976592,4964.46,51.44181736,7.46420631,235.87,32.95,0.00,262.67,0,-100.00,-14.00,0.00,0.00,40.00,0.00,0,448
299.10,1552976592,4964.46,51.44181736,7.46420631,235.87,32.95,0.00,262.67,0,-103.00,-18.00,0.00,0.00,40.00,0.00,0,51
299.10,1552976592,4964.49,51.44181736,7.46420631,235.87,32.95,0.00,262.67,0,-106.00,-21.00,0.00,0.00,40.00,0.00,0,457
299.10,1552976592,4964.49,51.44181736,7.46420631,235.87,32.95,0.00,262.67,0,0.00,0.00,0.00,0.00,63.00,0.00,0,427
299.10,1552976592,4964.52,51.44181736,7.46420631,235.87,32.95,0.00,262.67,0,0.00,0.00,0.00,0.00,63.00,0.00,0,31
299.10,1552976592,4964.55,51.44181736,7.46420631,235.87,32.95,0.00,262.67,0,0.00,0.00,0.00,0.00,63.00,0.00,0,29
299.10,1552976592,4964.55,51.44181736,7.46420631,235.87,32.95,0.00,262.67,0,0.00,0.00,0.00,0.00,63.00,0.00,0,61
300.09,1552976593,4997.24,51.44178281,7.46373375,235.02,32.98,0.00,263.16,0,-109.00,-10.00,0.00,0.00,27.00,0.00,0,118
300.09,1552976593,4997.27,51.44178281,7.46373375,235.02,32.98,0.00,263.16,0,-113.00,-14.00,0.00,0.00,26.00,0.00,0,72
300.09,1552976593,4997.27,51.44178281,7.46373375,235.02,32.98,0.00,263.16,0,-115.00,-16.00,0.00,0.00,27.00,0.00,0,157
300.09,1552976593,4997.30,51.44178281,7.46373375,235.02,32.98,0.00,263.16,0,-100.00,-13.00,0.00,0.00,39.00,0.00,0,448
300.09,1552976593,4997.30,51.44178281,7.46373375,235.02,32.98,0.00,263.16,0,-105.00,-18.00,0.00,0.00,38.00,0.00,0,51
300.10,1552976593,4997.34,51.44178281,7.46373375,235.02,32.98,0.00,263.16,0,0.00,0.00,0.00,0.00,63.00,0.00,0,427
300.10,1552976593,4997.34,51.44178281,7.46373375,235.02,32.98,0.00,263.16,0,0.00,0.00,0.00,0.00,63.00,0.00,0,31
300.10,1552976593,4997.34,51.44178281,7.46373375,235.02,32.98,0.00,263.16,0,0.00,0.00,0.00,0.00,63.00,0.00,0,29
300.10,1552976593,4997.37,51.44178281,7.46373375,235.02,32.98,0.00,263.16,0,0.00,0.00,0.00,0.00,63.00,0.00,0,61
301.09,1552976594,5030.18,51.44174850,7.46326295,234.32,32.98,0.00,263.27,0,-109.00,-10.00,0.00,0.00,27.00,0.00,0,118
301.09,1552976594,5030.22,51.44174850,7.46326295,234.32,32.98,0.00,263.27,0,-113.00,-14.00,0.00,0.00,26.00,0.00,0,72
301.09,1552976594,5030.25,51.44174850,7.46326295,234.32,32.98,0.00,263.27,0,-115.00,-16.00,0.00,0.00,27.00,0.00,0,157
301.09,1552976594,5030.28,51.44174850,7.46326295,234.32,32.98,0.00,263.27,0,-100.00,-13.00,0.00,0.00,39.00,0.00,0,448
301.10,1552976594,5030.32,51.44174850,7.46326295,234.32,32.98,0.00,263.27,0,-105.00,-18.00,0.00,0.00,38.00,0.00,0,51
301.10,1552976594,5030.32,51.44174850,7.46326295,234.32,32.98,0.00,263.27,0,0.00,0.00,0.00,0.00,63.00,0.00,0,427
301.10,1552976594,5030.35,51.44174850,7.46326295,234.32,32.98,0.00,263.27,0,0.00,0.00,0.00,0.00,63.00,0.00,0,31
301.10,1552976594,5030.35,51.44174850,7.46326295,234.32,32.98,0.00,263.27,0,0.00,0.00,0.00,0.00,63.00,0.00,0,29
301.10,1552976594,5030.38,51.44174850,7.46326295,234.32,32.98,0.00,263.27,0,0.00,0.00,0.00,0.00,63.00,0.00,0,61
302.09,1552976595,5063.27,51.44171934,7.46278886,233.80,33.13,0.00,264.05,0,-111.00,-12.00,0.00,0.00,26.00,0.00,0,72
302.10,1552976595,5063.30,51.44171934,7.46278886,233.80,33.13,0.00,264.05,0,-110.00,-11.00,0.00,0.00,26.00,0.00,0,118
302.10,1552976595,5063.33,51.44171934,7.46278886,233.80,33.13,0.00,264.05,0,-115.00,-18.00,0.00,0.00,28.00,0.00,0,397
302.10,1552976595,5063.33,51.44171934,7.46278886,233.80,33.13,0.00,264.05,0,-100.00,-13.00,0.00,0.00,39.00,0.00,0,448
302.10,1552976595,5063.37,51.44171934,7.46278886,233.80,33.13,0.00,264.05,0,-105.00,-18.00,0.00,0.00,38.00,0.00,0,51
302.10,1552976595,5063.40,51.44171934,7.46278886,233.80,33.13,0.00,264.05,0,0.00,0.00,0.00,0.00,63.00,0.00,0,427
302.10,1552976595,5063.43,51.44171934,7.46278886,233.80,33.13,0.00,264.05,0,0.00,0.00,0.00,0.00,63.00,0.00,0,31
302.10,1552976595,5063.43,51.44171934,7.46278886,233.80,33.13,0.00,264.05,0,0.00,0.00,0.00,0.00,63.00,0.00,0,29
302.10,1552976595,5063.47,51.44171934,7.46278886,233.80,33.13,0.00,264.05,0,0.00,0.00,0.00,0.00,63.00,0.00,0,61
303.09,1552976596,5096.30,51.44169015,7.46231528,233.53,33.13,0.00,264.30,0,-111.00,-12.00,0.00,0.00,26.00,0.00,0,72
303.09,1552976596,5096.34,51.44169015,7.46231528,233.53,33.13,0.00,264.30,0,-110.00,-11.00,0.00,0.00,26.00,0.00,0,118
303.09,1552976596,5096.37,51.44169015,7.46231528,233.53,33.13,0.00,264.30,0,-115.00,-18.00,0.00,0.00,28.00,0.00,0,397
303.09,1552976596,5096.37,51.44169015,7.46231528,233.53,33.13,0.00,264.30,0,-100.00,-13.00,0.00,0.00,39.00,0.00,0,448
303.09,1552976596,5096.40,51.44169015,7.46231528,233.53,33.13,0.00,264.30,0,-105.00,-18.00,0.00,0.00,38.00,0.00,0,51
303.10,1552976596,5096.44,51.44169015,7.46231528,233.53,33.13,0.00,264.30,0,0.00,0.00,0.00,0.00,63.00,0.00,0,427
303.10,1552976596,5096.44,51.44169015,7.46231528,233.53,33.13,0.00,264.30,0,0.00,0.00,0.00,0.00,63.00,0.00,0,31
303.10,1552976596,5096.47,51.44169015,7.46231528,233.53,33.13,0.00,264.30,0,0.00,0.00,0.00,0.00,63.00,0.00,0,29
303.10,1552976596,5096.47,51.44169015,7.46231528,233.53,33.13,0.00,264.30,0,0.00,0.00,0.00,0.00,63.00,0.00,0,61
304.09,1552976597,5129.47,51.44166027,7.46184385,233.32,32.90,0.00,264.56,0,-110.00,-12.00,0.00,0.00,27.00,0.00,0,118
304.09,1552976597,5129.50,51.44166027,7.46184385,233.32,32.90,0.00,264.56,0,-110.00,-12.00,0.00,0.00,28.00,0.00,0,72
304.09,1552976597,5129.53,51.44166027,7.46184385,233.32,32.90,0.00,264.56,0,-114.00,-17.00,0.00,0.00,28.00,0.00,0,35
304.10,1552976597,5129.57,51.44166027,7.46184385,233.32,32.90,0.00,264.56,0,-100.00,-13.00,0.00,0.00,39.00,0.00,0,448
304.10,1552976597,5129.57,51.44166027,7.46184385,233.32,32.90,0.00,264.56,0,-105.00,-18.00,0.00,0.00,38.00,0.00,0,51
304.10,1552976597,5129.60,51.44166027,7.46184385,233.32,32.90,0.00,264.56,0,0.00,0.00,0.00,0.00,63.00,0.00,0,427
304.10,1552976597,5129.63,51.44166027,7.46184385,233.32,32.90,0.00,264.56,0,0.00,0.00,0.00,0.00,63.00,0.00,0,31
304.10,1552976597,5129.63,51.44166027,7.46184385,233.32,32.90,0.00,264.56,0,0.00,0.00,0.00,0.00,63.00,0.00,0,29
304.10,1552976597,5129.67,51.44166027,7.46184385,233.32,32.90,0.00,264.56,0,0.00,0.00,0.00,0.00,63.00,0.00,0,61
305.09,1552976598,5162.34,51.44163841,7.46137194,233.09,32.86,0.00,265.78,0,-110.00,-12.00,0.00,0.00,27.00,0.00,0,118
305.09,1552976598,5162.37,51.44163841,7.46137194,233.09,32.86,0.00,265.78,0,-110.00,-12.00,0.00,0.00,28.00,0.00,0,72
305.09,1552976598,5162.40,51.44163841,7.46137194,233.09,32.86,0.00,265.78,0,-114.00,-17.00,0.00,0.00,28.00,0.00,0,35
305.09,1552976598,5162.44,51.44163841,7.46137194,233.09,32.86,0.00,265.78,0,-100.00,-13.00,0.00,0.00,39.00,0.00,0,448
305.10,1552976598,5162.47,51.44163841,7.46137194,233.09,32.86,0.00,265.78,0,-105.00,-18.00,0.00,0.00,38.00,0.00,0,51
305.10,1552976598,5162.47,51.44163841,7.46137194,233.09,32.86,0.00,265.78,0,0.00,0.00,0.00,0.00,63.00,0.00,0,427
305.10,1552976598,5162.50,51.44163841,7.46137194,233.09,32.86,0.00,265.78,0,0.00,0.00,0.00,0.00,63.00,0.00,0,31
305.10,1552976598,5162.53,51.44163841,7.46137194,233.09,32.86,0.00,265.78,0,0.00,0.00,0.00,0.00,63.00,0.00,0,29
305.10,1552976598,5162.53,51.44163841,7.46137194,233.09,32.86,0.00,265.78,0,0.00,0.00,0.00,0.00,63.00,0.00,0,61
308.09,1552976601,5260.69,51.44158305,7.45996212,232.69,32.55,0.00,267.22,0,-107.00,-11.00,0.00,0.00,29.00,0.00,0,72
308.09,1552976601,5260.73,51.44158305,7.45996212,232.69,32.55,0.00,267.22,0,-109.00,-12.00,0.00,0.00,29.00,0.00,0,35
308.09,1552976601,5260.76,51.44158305,7.45996212,232.69,32.55,0.00,267.22,0,-106.00,-12.00,0.00,0.00,32.00,0.00,0,430
308.09,1552976601,5260.76,51.44158305,7.45996212,232.69,32.55,0.00,267.22,0,-123.00,-19.00,0.00,0.00,26.00,0.00,0,16
308.09,1552976601,5260.79,51.44158305,7.45996212,232.69,32.55,0.00,267.22,0,-123.00,-20.00,0.00,0.00,27.00,0.00,0,97
308.09,1552976601,5260.82,51.44158305,7.45996212,232.69,32.55,0.00,267.22,0,-124.00,-20.00,0.00,0.00,27.00,0.00,0,388
309.09,1552976602,5293.27,51.44156949,7.45949145,232.39,32.72,0.00,267.96,0,-107.00,-11.00,0.00,0.00,29.00,0.00,0,72
309.09,1552976602,5293.31,51.44156949,7.45949145,232.39,32.72,0.00,267.96,0,-109.00,-12.00,0.00,0.00,29.00,0.00,0,35
309.09,1552976602,5293.31,51.44156949,7.45949145,232.39,32.72,0.00,267.96,0,-106.00,-12.00,0.00,0.00,32.00,0.00,0,430
309.09,1552976602,5293.34,51.44156949,7.45949145,232.39,32.72,0.00,267.96,0,-123.00,-19.00,0.00,0.00,26.00,0.00,0,16
309.09,1552976602,5293.37,51.44156949,7.45949145,232.39,32.72,0.00,267.96,0,-123.00,-20.00,0.00,0.00,27.00,0.00,0,97
309.09,1552976602,5293.40,51.44156949,7.45949145,232.39,32.72,0.00,267.96,0,-124.00,-20.00,0.00,0.00,27.00,0.00,0,388
310.09,1552976603,5326.09,51.44156028,7.45901073,232.11,32.98,0.00,268.44,0,-101.00,-9.00,0.00,0.00,33.00,0.00,0,72
310.09,1552976603,5326.09,51.44156028,7.45901073,232.11,32.98,0.00,268.44,0,-105.00,-10.00,0.00,0.00,30.00,0.00,0,35
310.09,1552976603,5326.13,51.44156028,7.45901073,232.11,32.98,0.00,268.44,0,-106.00,-13.00,0.00,0.00,33.00,0.00,0,430
310.10,1552976603,5326.16,51.44156028,7.45901073,232.11,32.98,0.00,268.44,0,-121.00,-19.00,0.00,0.00,29.00,0.00,0,388
310.10,1552976603,5326.16,51.44156028,7.45901073,232.11,32.98,0.00,268.44,0,-121.00,-19.00,0.00,0.00,29.00,0.00,0,16
310.10,1552976603,5326.19,51.44156028,7.45901073,232.11,32.98,0.00,268.44,0,-121.00,-20.00,0.00,0.00,29.00,0.00,0,97
311.09,1552976604,5359.01,51.44155151,7.45853330,231.81,32.94,0.00,268.89,0,-101.00,-9.00,0.00,0.00,33.00,0.00,0,72
311.09,1552976604,5359.01,51.44155151,7.45853330,231.81,32.94,0.00,268.89,0,-105.00,-10.00,0.00,0.00,30.00,0.00,0,35
311.09,1552976604,5359.04,51.44155151,7.45853330,231.81,32.94,0.00,268.89,0,-106.00,-13.00,0.00,0.00,33.00,0.00,0,430
311.09,1552976604,5359.07,51.44155151,7.45853330,231.81,32.94,0.00,268.89,0,-121.00,-19.00,0.00,0.00,29.00,0.00,0,388
311.09,1552976604,5359.07,51.44155151,7.45853330,231.81,32.94,0.00,268.89,0,-121.00,-19.00,0.00,0.00,29.00,0.00,0,16
311.09,1552976604,5359.11,51.44155151,7.45853330,231.81,32.94,0.00,268.89,0,-121.00,-20.00,0.00,0.00,29.00,0.00,0,97
312.09,1552976605,5391.78,51.44154478,7.45805800,231.84,33.07,0.00,269.31,0,-111.00,-19.00,0.00,0.00,39.00,0.00,0,388
313.09,1552976606,5424.98,51.44154734,7.45758766,231.88,33.24,0.00,269.92,0,-111.00,-19.00,0.00,0.00,39.00,0.00,0,388
314.09,1552976607,5458.13,51.44154895,7.45710652,231.74,33.49,0.00,270.41,0,-112.00,-19.00,0.00,0.00,38.00,0.00,0,388
315.09,1552976608,5491.71,51.44154954,7.45662815,231.17,33.22,0.00,270.52,0,-112.00,-19.00,0.00,0.00,38.00,0.00,0,388
316.09,1552976609,5524.83,51.44155160,7.45615619,230.87,33.08,0.00,270.56,0,-111.00,-19.00,0.00,0.00,39.00,0.00,0,388
317.09,1552976610,5557.84,51.44155931,7.45568121,230.58,33.10,0.00,271.26,0,-111.00,-19.00,0.00,0.00,39.00,0.00,0,388
318.09,1552976611,5591.15,51.44156604,7.45520655,230.18,32.93,0.00,271.72,0,-91.00,-9.00,0.00,0.00,48.00,0.00,0,449
319.08,1552976612,5623.84,51.44158112,7.45474836,229.99,32.55,0.00,272.51,0,-91.00,-9.00,0.00,0.00,48.00,0.00,0,449
320.08,1552976613,5656.36,51.44159727,7.45428696,229.87,32.26,0.00,273.35,0,-91.00,-9.00,0.00,0.00,48.00,0.00,0,449
348.09,1552976641,6546.27,51.44300156,7.44173857,219.91,27.68,0.00,285.82,0,-83.00,-10.00,0.00,0.00,52.00,0.00,0,74
349.09,1552976642,6573.99,51.44307022,7.44135143,219.77,27.95,0.00,286.68,0,-83.00,-10.00,0.00,0.00,52.00,0.00,0,74
379.08,1552976672,7475.95,51.44661543,7.42975192,197.34,32.02,0.00,310.38,0,-96.00,-13.00,0.00,0.00,46.00,0.00,0,70
380.09,1552976673,7508.22,51.44680373,7.42940443,197.17,32.14,0.00,311.05,0,-96.00,-13.00,0.00,0.00,46.00,0.00,0,70
381.09,1552976674,7540.49,51.44699628,7.42906564,196.46,32.39,0.00,312.29,0,-101.00,-12.00,0.00,0.00,39.00,0.00,0,70
382.08,1552976675,7572.65,51.44720153,7.42873536,195.77,32.53,0.00,314.73,0,-101.00,-12.00,0.00,0.00,39.00,0.00,0,70
383.09,1552976676,7605.31,51.44740890,7.42842070,194.57,32.58,0.00,316.59,0,-101.00,-12.00,0.00,0.00,39.00,0.00,0,70
384.08,1552976677,7637.63,51.44762203,7.42809715,193.56,32.76,0.00,316.73,0,-98.00,-9.00,0.00,0.00,40.00,0.00,0,70
384.08,1552976677,7637.63,51.44762203,7.42809715,193.56,32.76,0.00,316.73,0,-104.00,-10.00,0.00,0.00,35.00,0.00,0,78
385.08,1552976678,7670.52,51.44784409,7.42777914,192.55,32.93,0.00,318.09,0,-98.00,-9.00,0.00,0.00,40.00,0.00,0,70
385.09,1552976678,7670.56,51.44784409,7.42777914,192.55,32.93,0.00,318.09,0,-104.00,-10.00,0.00,0.00,35.00,0.00,0,78
386.09,1552976679,7703.49,51.44806737,7.42747412,191.63,32.59,0.00,319.53,0,-110.00,-9.00,0.00,0.00,25.00,0.00,0,312
386.09,1552976679,7703.52,51.44806737,7.42747412,191.63,32.59,0.00,319.53,0,-112.00,-13.00,0.00,0.00,26.00,0.00,0,40
386.09,1552976679,7703.56,51.44806737,7.42747412,191.63,32.59,0.00,319.53,0,-100.00,-12.00,0.00,0.00,42.00,0.00,0,70
387.09,1552976680,7736.08,51.44828947,7.42718796,190.27,32.44,0.00,321.50,0,-110.00,-9.00,0.00,0.00,25.00,0.00,0,312
387.09,1552976680,7736.11,51.44828947,7.42718796,190.27,32.44,0.00,321.50,0,-112.00,-13.00,0.00,0.00,26.00,0.00,0,40
387.09,1552976680,7736.14,51.44828947,7.42718796,190.27,32.44,0.00,321.50,0,-100.00,-12.00,0.00,0.00,42.00,0.00,0,70
388.09,1552976681,7768.55,51.44851803,7.42690866,188.52,32.40,0.00,322.84,0,-113.00,-12.00,0.00,0.00,25.00,0.00,0,40
388.09,1552976681,7768.58,51.44851803,7.42690866,188.52,32.40,0.00,322.84,0,-115.00,-12.00,0.00,0.00,23.00,0.00,0,312
388.09,1552976681,7768.58,51.44851803,7.42690866,188.52,32.40,0.00,322.84,0,-100.00,-8.00,0.00,0.00,37.00,0.00,0,70
389.09,1552976682,7800.97,51.44875079,7.42663910,186.50,32.33,0.00,323.87,0,-113.00,-12.00,0.00,0.00,25.00,0.00,0,40
389.09,1552976682,7801.01,51.44875079,7.42663910,186.50,32.33,0.00,323.87,0,-115.00,-12.00,0.00,0.00,23.00,0.00,0,312
389.09,1552976682,7801.01,51.44875079,7.42663910,186.50,32.33,0.00,323.87,0,-100.00,-8.00,0.00,0.00,37.00,0.00,0,70
390.09,1552976683,7833.27,51.44899298,7.42637521,183.91,32.45,0.00,325.37,0,-109.00,-12.00,0.00,0.00,27.00,0.00,0,40
390.09,1552976683,7833.31,51.44899298,7.42637521,183.91,32.45,0.00,325.37,0,-112.00,-12.00,0.00,0.00,25.00,0.00,0,312
390.09,1552976683,7833.34,51.44899298,7.42637521,183.91,32.45,0.00,325.37,0,-97.00,-7.00,0.00,0.00,39.00,0.00,0,70
391.09,1552976684,7865.73,51.44923443,7.42611812,181.43,32.84,0.00,326.34,0,-109.00,-12.00,0.00,0.00,27.00,0.00,0,40
391.09,1552976684,7865.73,51.44923443,7.42611812,181.43,32.84,0.00,326.34,0,-112.00,-12.00,0.00,0.00,25.00,0.00,0,312
391.09,1552976684,7865.76,51.44923443,7.42611812,181.43,32.84,0.00,326.34,0,-97.00,-7.00,0.00,0.00,39.00,0.00,0,70
392.09,1552976685,7898.57,51.44949097,7.42586674,179.22,33.30,0.00,327.83,0,-108.00,-10.00,0.00,0.00,27.00,0.00,0,40
393.09,1552976686,7931.84,51.44975614,7.42562375,177.20,33.63,0.00,329.37,0,-108.00,-10.00,0.00,0.00,27.00,0.00,0,40
394.09,1552976687,7965.70,51.45002149,7.42538411,175.33,33.49,0.00,329.94,0,-107.00,-9.00,0.00,0.00,28.00,0.00,0,27
394.09,1552976687,7965.74,51.45002149,7.42538411,175.33,33.49,0.00,329.94,0,-109.00,-12.00,0.00,0.00,28.00,0.00,0,40
394.09,1552976687,7965.74,51.45002149,7.42538411,175.33,33.49,0.00,329.94,0,-113.00,-13.00,0.00,0.00,26.00,0.00,0,157
395.09,1552976688,7999.06,51.45029344,7.42516372,173.73,33.80,0.00,332.15,0,-107.00,-9.00,0.00,0.00,28.00,0.00,0,27
395.09,1552976688,7999.10,51.45029344,7.42516372,173.73,33.80,0.00,332.15,0,-109.00,-12.00,0.00,0.00,28.00,0.00,0,40
395.09,1552976688,7999.10,51.45029344,7.42516372,173.73,33.80,0.00,332.15,0,-113.00,-13.00,0.00,0.00,26.00,0.00,0,157
396.09,1552976689,8032.86,51.45057227,7.42496114,171.85,33.58,0.00,335.13,0,-96.00,-13.00,0.00,0.00,42.00,0.00,0,376
396.09,1552976689,8032.90,51.45057227,7.42496114,171.85,33.58,0.00,335.13,0,-97.00,-14.00,0.00,0.00,43.00,0.00,0,386
396.09,1552976689,8032.90,51.45057227,7.42496114,171.85,33.58,0.00,335.13,0,-98.00,-13.00,0.00,0.00,42.00,0.00,0,132
397.09,1552976690,8066.44,51.45085001,7.42475594,170.37,33.18,0.00,335.50,0,-96.00,-13.00,0.00,0.00,42.00,0.00,0,376
397.09,1552976690,8066.47,51.45085001,7.42475594,170.37,33.18,0.00,335.50,0,-97.00,-14.00,0.00,0.00,43.00,0.00,0,386
397.09,1552976690,8066.51,51.45085001,7.42475594,170.37,33.18,0.00,335.50,0,-98.00,-13.00,0.00,0.00,42.00,0.00,0,132
398.09,1552976691,8099.59,51.45113048,7.42455671,168.99,32.61,0.00,335.70,0,-89.00,-9.00,0.00,0.00,46.00,0.00,0,230
398.09,1552976691,8099.59,51.45113048,7.42455671,168.99,32.61,0.00,335.70,0,-94.00,-14.00,0.00,0.00,46.00,0.00,0,376
399.09,1552976692,8132.20,51.45141451,7.42437888,167.88,32.68,0.00,337.92,0,-89.00,-9.00,0.00,0.00,46.00,0.00,0,230
399.09,1552976692,8132.23,51.45141451,7.42437888,167.88,32.68,0.00,337.92,0,-94.00,-14.00,0.00,0.00,46.00,0.00,0,376
400.09,1552976693,8164.91,51.45169592,7.42421413,166.94,32.85,0.00,339.29,0,-85.00,-7.00,0.00,0.00,48.00,0.00,0,230
400.09,1552976693,8164.94,51.45169592,7.42421413,166.94,32.85,0.00,339.29,0,-90.00,-13.00,0.00,0.00,48.00,0.00,0,70
400.09,1552976693,8164.94,51.45169592,7.42421413,166.94,32.85,0.00,339.29,0,-98.00,-7.00,0.00,0.00,36.00,0.00,0,119
401.09,1552976694,8197.83,51.45198122,7.42405992,165.86,32.95,0.00,340.34,0,-85.00,-7.00,0.00,0.00,48.00,0.00,0,230
401.09,1552976694,8197.86,51.45198122,7.42405992,165.86,32.95,0.00,340.34,0,-90.00,-13.00,0.00,0.00,48.00,0.00,0,70
401.09,1552976694,8197.89,51.45198122,7.42405992,165.86,32.95,0.00,340.34,0,-98.00,-7.00,0.00,0.00,36.00,0.00,0,119
402.10,1552976695,8230.97,51.45226909,7.42391431,164.76,33.10,0.00,341.50,0,-86.00,-7.00,0.00,0.00,47.00,0.00,0,230
402.10,1552976695,8231.01,51.45226909,7.42391431,164.76,33.10,0.00,341.50,0,-91.00,-12.00,0.00,0.00,46.00,0.00,0,70
402.10,1552976695,8231.01,51.45226909,7.42391431,164.76,33.10,0.00,341.50,0,-95.00,-7.00,0.00,0.00,38.00,0.00,0,119
403.09,1552976696,8263.78,51.45255521,7.42376656,163.67,33.23,0.00,342.29,0,-86.00,-7.00,0.00,0.00,47.00,0.00,0,230
403.09,1552976696,8263.81,51.45255521,7.42376656,163.67,33.23,0.00,342.29,0,-91.00,-12.00,0.00,0.00,46.00,0.00,0,70
403.09,1552976696,8263.84,51.45255521,7.42376656,163.67,33.23,0.00,342.29,0,-95.00,-7.00,0.00,0.00,38.00,0.00,0,119
404.09,1552976697,8297.07,51.45284202,7.42363189,162.46,33.45,0.00,342.62,0,-86.00,-7.00,0.00,0.00,47.00,0.00,0,230
404.09,1552976697,8297.07,51.45284202,7.42363189,162.46,33.45,0.00,342.62,0,-91.00,-12.00,0.00,0.00,46.00,0.00,0,70
404.09,1552976697,8297.11,51.45284202,7.42363189,162.46,33.45,0.00,342.62,0,-95.00,-7.00,0.00,0.00,38.00,0.00,0,119
407.09,1552976700,8397.78,51.45370811,7.42323617,158.39,33.38,0.00,343.78,0,-76.00,-7.00,0.00,0.00,57.00,0.00,0,70
407.09,1552976700,8397.81,51.45370811,7.42323617,158.39,33.38,0.00,343.78,0,-93.00,-9.00,0.00,0.00,41.00,0.00,0,40
408.09,1552976701,8431.12,51.45399020,7.42310962,157.30,32.89,0.00,343.93,0,-76.00,-7.00,0.00,0.00,57.00,0.00,0,70
408.09,1552976701,8431.15,51.45399020,7.42310962,157.30,32.89,0.00,343.93,0,-93.00,-9.00,0.00,0.00,41.00,0.00,0,40
411.09,1552976704,8525.92,51.45477571,7.42275022,155.23,29.21,0.00,343.42,0,-91.00,-10.00,0.00,0.00,45.00,0.00,0,119
412.09,1552976705,8555.31,51.45502464,7.42263271,155.09,29.05,0.00,343.15,0,-91.00,-10.00,0.00,0.00,45.00,0.00,0,119
413.09,1552976706,8584.19,51.45526658,7.42251474,155.12,29.04,0.00,342.81,0,-79.00,-9.00,0.00,0.00,55.00,0.00,0,230
413.09,1552976706,8584.22,51.45526658,7.42251474,155.12,29.04,0.00,342.81,0,-85.00,-7.00,0.00,0.00,48.00,0.00,0,119
414.08,1552976707,8613.17,51.45550912,7.42238485,155.18,29.17,0.00,342.31,0,-79.00,-9.00,0.00,0.00,55.00,0.00,0,230
414.09,1552976707,8613.20,51.45550912,7.42238485,155.18,29.17,0.00,342.31,0,-85.00,-7.00,0.00,0.00,48.00,0.00,0,119
415.09,1552976708,8642.38,51.45575907,7.42225326,155.02,29.49,0.00,342.01,0,-82.00,-8.00,0.00,0.00,53.00,0.00,0,119
416.08,1552976709,8671.84,51.45600809,7.42211502,154.73,29.59,0.00,341.14,0,-82.00,-8.00,0.00,0.00,53.00,0.00,0,119
417.09,1552976710,8701.46,51.45625627,7.42197722,154.35,29.51,0.00,340.33,0,-91.00,-10.00,0.00,0.00,47.00,0.00,0,119
418.08,1552976711,8730.94,51.45650303,7.42182936,153.94,29.53,0.00,339.43,0,-91.00,-10.00,0.00,0.00,47.00,0.00,0,119
419.08,1552976712,8760.47,51.45674771,7.42168109,153.45,29.49,0.00,338.54,0,-80.00,-12.00,0.00,0.00,57.00,0.00,0,230
420.08,1552976713,8789.95,51.45699037,7.42152123,153.01,29.22,0.00,337.69,0,-80.00,-12.00,0.00,0.00,57.00,0.00,0,230
421.08,1552976714,8819.17,51.45723259,7.42136147,152.65,28.73,0.00,336.84,0,-84.00,-11.00,0.00,0.00,52.00,0.00,0,230
421.09,1552976714,8819.20,51.45723259,7.42136147,152.65,28.73,0.00,336.84,0,-91.00,-9.00,0.00,0.00,44.00,0.00,0,119
422.09,1552976715,8847.93,51.45746620,7.42119578,152.34,28.67,0.00,336.34,0,-84.00,-11.00,0.00,0.00,52.00,0.00,0,230
422.09,1552976715,8847.96,51.45746620,7.42119578,152.34,28.67,0.00,336.34,0,-91.00,-9.00,0.00,0.00,44.00,0.00,0,119
423.10,1552976716,8876.88,51.45770066,7.42103052,152.15,28.21,0.00,335.47,0,-86.00,-11.00,0.00,0.00,51.00,0.00,0,230
423.10,1552976716,8876.91,51.45770066,7.42103052,152.15,28.21,0.00,335.47,0,-93.00,-9.00,0.00,0.00,43.00,0.00,0,119
423.10,1552976716,8876.91,51.45770066,7.42103052,152.15,28.21,0.00,335.47,0,-99.00,-14.00,0.00,0.00,41.00,0.00,0,39
424.09,1552976717,8904.92,51.45792714,7.42085708,152.00,27.48,0.00,334.29,0,-86.00,-11.00,0.00,0.00,51.00,0.00,0,230
424.09,1552976717,8904.94,51.45792714,7.42085708,152.00,27.48,0.00,334.29,0,-93.00,-9.00,0.00,0.00,43.00,0.00,0,119
424.09,1552976717,8904.94,51.45792714,7.42085708,152.00,27.48,0.00,334.29,0,-99.00,-14.00,0.00,0.00,41.00,0.00,0,39
425.09,1552976718,8932.37,51.45814641,7.42068686,151.95,26.85,0.00,333.52,0,-86.00,-11.00,0.00,0.00,51.00,0.00,0,230
425.09,1552976718,8932.40,51.45814641,7.42068686,151.95,26.85,0.00,333.52,0,-93.00,-9.00,0.00,0.00,43.00,0.00,0,119
425.09,1552976718,8932.42,51.45814641,7.42068686,151.95,26.85,0.00,333.52,0,-99.00,-14.00,0.00,0.00,41.00,0.00,0,39
426.08,1552976719,8959.03,51.45836401,7.42050810,152.00,27.09,0.00,332.83,0,-82.00,-11.00,0.00,0.00,56.00,0.00,0,69
426.08,1552976719,8959.03,51.45836401,7.42050810,152.00,27.09,0.00,332.83,0,-86.00,-11.00,0.00,0.00,51.00,0.00,0,386
427.09,1552976720,8986.26,51.45858189,7.42032738,152.20,27.40,0.00,332.22,0,-82.00,-11.00,0.00,0.00,56.00,0.00,0,69
427.09,1552976720,8986.29,51.45858189,7.42032738,152.20,27.40,0.00,332.22,0,-86.00,-11.00,0.00,0.00,51.00,0.00,0,386
428.09,1552976721,9013.72,51.45880138,7.42014255,152.49,27.71,0.00,331.84,0,-81.00,-10.00,0.00,0.00,54.00,0.00,0,69
428.09,1552976721,9013.75,51.45880138,7.42014255,152.49,27.71,0.00,331.84,0,-84.00,-11.00,0.00,0.00,54.00,0.00,0,70
428.09,1552976721,9013.77,51.45880138,7.42014255,152.49,27.71,0.00,331.84,0,-86.00,-13.00,0.00,0.00,53.00,0.00,0,386
428.09,1552976721,9013.77,51.45880138,7.42014255,152.49,27.71,0.00,331.84,0,-91.00,-11.00,0.00,0.00,48.00,0.00,0,40
428.09,1552976721,9013.80,51.45880138,7.42014255,152.49,27.71,0.00,331.84,0,-91.00,-12.00,0.00,0.00,48.00,0.00,0,39
429.09,1552976722,9041.46,51.45901798,7.41994659,152.69,27.96,0.00,331.06,0,-81.00,-10.00,0.00,0.00,54.00,0.00,0,69
429.09,1552976722,9041.46,51.45901798,7.41994659,152.69,27.96,0.00,331.06,0,-84.00,-11.00,0.00,0.00,54.00,0.00,0,70
429.09,1552976722,9041.48,51.45901798,7.41994659,152.69,27.96,0.00,331.06,0,-86.00,-13.00,0.00,0.00,53.00,0.00,0,386
429.09,1552976722,9041.51,51.45901798,7.41994659,152.69,27.96,0.00,331.06,0,-91.00,-11.00,0.00,0.00,48.00,0.00,0,40
429.09,1552976722,9041.51,51.45901798,7.41994659,152.69,27.96,0.00,331.06,0,-91.00,-12.00,0.00,0.00,48.00,0.00,0,39
430.09,1552976723,9069.39,51.45923636,7.41974624,152.66,28.18,0.00,330.22,0,-81.00,-10.00,0.00,0.00,54.00,0.00,0,69
430.09,1552976723,9069.42,51.45923636,7.41974624,152.66,28.18,0.00,330.22,0,-85.00,-12.00,0.00,0.00,53.00,0.00,0,386
430.09,1552976723,9069.44,51.45923636,7.41974624,152.66,28.18,0.00,330.22,0,-90.00,-10.00,0.00,0.00,51.00,0.00,0,39
431.09,1552976724,9097.57,51.45945416,7.41953608,152.86,28.45,0.00,329.27,0,-81.00,-10.00,0.00,0.00,54.00,0.00,0,69
431.09,1552976724,9097.57,51.45945416,7.41953608,152.86,28.45,0.00,329.27,0,-85.00,-12.00,0.00,0.00,53.00,0.00,0,386
431.09,1552976724,9097.59,51.45945416,7.41953608,152.86,28.45,0.00,329.27,0,-90.00,-10.00,0.00,0.00,51.00,0.00,0,39
432.09,1552976725,9125.99,51.45967942,7.41932204,153.22,28.91,0.00,328.30,0,-83.00,-8.00,0.00,0.00,52.00,0.00,0,119
433.09,1552976726,9154.87,51.45990420,7.41909396,153.54,29.31,0.00,327.16,0,-83.00,-8.00,0.00,0.00,52.00,0.00,0,119
434.09,1552976727,9184.24,51.46012902,7.41886365,153.50,29.72,0.00,326.16,0,-80.00,-10.00,0.00,0.00,56.00,0.00,0,230
434.09,1552976727,9184.24,51.46012902,7.41886365,153.50,29.72,0.00,326.16,0,-82.00,-8.00,0.00,0.00,52.00,0.00,0,93
434.09,1552976727,9184.27,51.46012902,7.41886365,153.50,29.72,0.00,326.16,0,-88.00,-10.00,0.00,0.00,48.00,0.00,0,119
435.09,1552976728,9213.97,51.46035396,7.41862189,153.53,30.25,0.00,325.47,0,-80.00,-10.00,0.00,0.00,56.00,0.00,0,230
435.09,1552976728,9213.97,51.46035396,7.41862189,153.53,30.25,0.00,325.47,0,-82.00,-8.00,0.00,0.00,52.00,0.00,0,93
435.09,1552976728,9214.00,51.46035396,7.41862189,153.53,30.25,0.00,325.47,0,-88.00,-10.00,0.00,0.00,48.00,0.00,0,119
436.08,1552976729,9244.04,51.46058258,7.41837484,153.18,30.57,0.00,324.54,0,-84.00,-10.00,0.00,0.00,52.00,0.00,0,230
436.08,1552976729,9244.04,51.46058258,7.41837484,153.18,30.57,0.00,324.54,0,-91.00,-8.00,0.00,0.00,44.00,0.00,0,119
436.08,1552976729,9244.07,51.46058258,7.41837484,153.18,30.57,0.00,324.54,0,-96.00,-12.00,0.00,0.00,42.00,0.00,0,93
437.09,1552976730,9274.79,51.46080740,7.41811529,152.83,30.64,0.00,323.81,0,-84.00,-10.00,0.00,0.00,52.00,0.00,0,230
437.09,1552976730,9274.82,51.46080740,7.41811529,152.83,30.64,0.00,323.81,0,-91.00,-8.00,0.00,0.00,44.00,0.00,0,119
437.09,1552976730,9274.82,51.46080740,7.41811529,152.83,30.64,0.00,323.81,0,-96.00,-12.00,0.00,0.00,42.00,0.00,0,93
444.10,1552976737,9491.16,51.46228956,7.41617039,148.76,31.12,0.00,317.80,0,-93.00,-14.00,0.00,0.00,47.00,0.00,0,93
445.09,1552976738,9522.00,51.46249261,7.41586440,148.95,31.31,0.00,316.81,0,-93.00,-14.00,0.00,0.00,47.00,0.00,0,93
446.09,1552976739,9553.34,51.46269572,7.41554411,149.13,31.59,0.00,315.76,0,-93.00,-14.00,0.00,0.00,47.00,0.00,0,93
459.09,1552976752,9996.70,51.46532856,7.41068266,152.05,36.65,0.00,308.03,0,-102.00,-10.00,0.00,0.00,33.00,0.00,0,93
460.09,1552976753,10033.34,51.46553328,7.41026933,152.45,36.22,0.00,308.03,0,-102.00,-10.00,0.00,0.00,33.00,0.00,0,93
461.09,1552976754,10069.60,51.46573594,7.40986080,152.91,36.00,0.00,308.04,0,-104.00,-11.00,0.00,0.00,33.00,0.00,0,266
461.09,1552976754,10069.64,51.46573594,7.40986080,152.91,36.00,0.00,308.04,0,-104.00,-12.00,0.00,0.00,33.00,0.00,0,458
461.09,1552976754,10069.67,51.46573594,7.40986080,152.91,36.00,0.00,308.04,0,-105.00,-12.00,0.00,0.00,33.00,0.00,0,377
462.09,1552976755,10105.60,51.46593738,7.40945215,153.44,35.96,0.00,308.19,0,-104.00,-11.00,0.00,0.00,33.00,0.00,0,266
462.09,1552976755,10105.64,51.46593738,7.40945215,153.44,35.96,0.00,308.19,0,-104.00,-12.00,0.00,0.00,33.00,0.00,0,458
462.09,1552976755,10105.67,51.46593738,7.40945215,153.44,35.96,0.00,308.19,0,-105.00,-12.00,0.00,0.00,33.00,0.00,0,377
463.09,1552976756,10141.56,51.46613605,7.40904891,153.99,35.49,0.00,308.23,0,-101.00,-11.00,0.00,0.00,35.00,0.00,0,458
463.09,1552976756,10141.59,51.46613605,7.40904891,153.99,35.49,0.00,308.23,0,-104.00,-14.00,0.00,0.00,36.00,0.00,0,341
463.09,1552976756,10141.63,51.46613605,7.40904891,153.99,35.49,0.00,308.23,0,-104.00,-12.00,0.00,0.00,35.00,0.00,0,377
464.09,1552976757,10177.12,51.46633063,7.40865071,154.51,34.73,0.00,308.27,0,-101.00,-11.00,0.00,0.00,35.00,0.00,0,458
464.09,1552976757,10177.12,51.46633063,7.40865071,154.51,34.73,0.00,308.27,0,-104.00,-14.00,0.00,0.00,36.00,0.00,0,341
464.09,1552976757,10177.15,51.46633063,7.40865071,154.51,34.73,0.00,308.27,0,-104.00,-12.00,0.00,0.00,35.00,0.00,0,377
465.10,1552976758,10212.09,51.46651948,7.40826764,154.83,33.80,0.00,308.54,0,-100.00,-11.00,0.00,0.00,36.00,0.00,0,93
465.10,1552976758,10212.12,51.46651948,7.40826764,154.83,33.80,0.00,308.54,0,-103.00,-12.00,0.00,0.00,34.00,0.00,0,417
465.10,1552976758,10212.15,51.46651948,7.40826764,154.83,33.80,0.00,308.54,0,-104.00,-15.00,0.00,0.00,35.00,0.00,0,458
465.10,1552976758,10212.15,51.46651948,7.40826764,154.83,33.80,0.00,308.54,0,-94.00,-12.00,0.00,0.00,47.00,0.00,0,431
465.10,1552976758,10212.19,51.46651948,7.40826764,154.83,33.80,0.00,308.54,0,-97.00,-13.00,0.00,0.00,45.00,0.00,0,386
466.09,1552976759,10245.62,51.46670407,7.40789611,155.08,32.95,0.00,308.71,0,-100.00,-11.00,0.00,0.00,36.00,0.00,0,93
466.09,1552976759,10245.65,51.46670407,7.40789611,155.08,32.95,0.00,308.71,0,-103.00,-12.00,0.00,0.00,34.00,0.00,0,417
466.09,1552976759,10245.68,51.46670407,7.40789611,155.08,32.95,0.00,308.71,0,-104.00,-15.00,0.00,0.00,35.00,0.00,0,458
466.09,1552976759,10245.68,51.46670407,7.40789611,155.08,32.95,0.00,308.71,0,-94.00,-12.00,0.00,0.00,47.00,0.00,0,431
466.09,1552976759,10245.72,51.46670407,7.40789611,155.08,32.95,0.00,308.71,0,-97.00,-13.00,0.00,0.00,45.00,0.00,0,386
467.09,1552976760,10278.57,51.46688679,7.40753106,155.08,32.48,0.00,308.89,0,-100.00,-11.00,0.00,0.00,36.00,0.00,0,93
467.09,1552976760,10278.60,51.46688679,7.40753106,155.08,32.48,0.00,308.89,0,-103.00,-12.00,0.00,0.00,34.00,0.00,0,417
467.09,1552976760,10278.64,51.46688679,7.40753106,155.08,32.48,0.00,308.89,0,-104.00,-15.00,0.00,0.00,35.00,0.00,0,458
467.09,1552976760,10278.64,51.46688679,7.40753106,155.08,32.48,0.00,308.89,0,-94.00,-12.00,0.00,0.00,47.00,0.00,0,431
467.09,1552976760,10278.67,51.46688679,7.40753106,155.08,32.48,0.00,308.89,0,-97.00,-13.00,0.00,0.00,45.00,0.00,0,386
468.09,1552976761,10311.05,51.46706404,7.40717249,155.07,31.55,0.00,309.22,0,-98.00,-11.00,0.00,0.00,38.00,0.00,0,93
468.09,1552976761,10311.08,51.46706404,7.40717249,155.07,31.55,0.00,309.22,0,-100.00,-11.00,0.00,0.00,37.00,0.00,0,417
468.09,1552976761,10311.08,51.46706404,7.40717249,155.07,31.55,0.00,309.22,0,-93.00,-12.00,0.00,0.00,48.00,0.00,0,57
468.09,1552976761,10311.11,51.46706404,7.40717249,155.07,31.55,0.00,309.22,0,-96.00,-14.00,0.00,0.00,49.00,0.00,0,386
469.09,1552976762,10342.64,51.46724207,7.40683264,154.79,31.37,0.00,309.74,0,-98.00,-11.00,0.00,0.00,38.00,0.00,0,93
469.09,1552976762,10342.67,51.46724207,7.40683264,154.79,31.37,0.00,309.74,0,-100.00,-11.00,0.00,0.00,37.00,0.00,0,417
469.09,1552976762,10342.70,51.46724207,7.40683264,154.79,31.37,0.00,309.74,0,-93.00,-12.00,0.00,0.00,48.00,0.00,0,57
469.09,1552976762,10342.70,51.46724207,7.40683264,154.79,31.37,0.00,309.74,0,-96.00,-14.00,0.00,0.00,49.00,0.00,0,386
470.09,1552976763,10373.97,51.46742217,7.40648829,154.63,31.33,0.00,310.07,0,-95.00,-11.00,0.00,0.00,41.00,0.00,0,93
470.09,1552976763,10374.00,51.46742217,7.40648829,154.63,31.33,0.00,310.07,0,-98.00,-11.00,0.00,0.00,40.00,0.00,0,458
470.09,1552976763,10374.03,51.46742217,7.40648829,154.63,31.33,0.00,310.07,0,-99.00,-13.00,0.00,0.00,40.00,0.00,0,39
470.09,1552976763,10374.03,51.46742217,7.40648829,154.63,31.33,0.00,310.07,0,-91.00,-11.00,0.00,0.00,50.00,0.00,0,386
470.09,1552976763,10374.07,51.46742217,7.40648829,154.63,31.33,0.00,310.07,0,-91.00,-13.00,0.00,0.00,51.00,0.00,0,69
471.09,1552976764,10405.34,51.46760220,7.40614346,154.67,31.46,0.00,310.44,0,-95.00,-11.00,0.00,0.00,41.00,0.00,0,93
471.09,1552976764,10405.37,51.46760220,7.40614346,154.67,31.46,0.00,310.44,0,-98.00,-11.00,0.00,0.00,40.00,0.00,0,458
471.09,1552976764,10405.40,51.46760220,7.40614346,154.67,31.46,0.00,310.44,0,-99.00,-13.00,0.00,0.00,40.00,0.00,0,39
471.09,1552976764,10405.40,51.46760220,7.40614346,154.67,31.46,0.00,310.44,0,-91.00,-11.00,0.00,0.00,50.00,0.00,0,386
471.09,1552976764,10405.43,51.46760220,7.40614346,154.67,31.46,0.00,310.44,0,-91.00,-13.00,0.00,0.00,51.00,0.00,0,69
472.09,1552976765,10436.70,51.46778709,7.40579978,154.83,31.69,0.00,310.92,0,-90.00,-12.00,0.00,0.00,48.00,0.00,0,93
473.09,1552976766,10468.43,51.46797421,7.40545004,155.21,32.07,0.00,311.37,0,-90.00,-12.00,0.00,0.00,48.00,0.00,0,93
476.09,1552976769,10563.52,51.46853136,7.40443096,156.15,31.29,0.00,312.23,0,-104.00,-13.00,0.00,0.00,34.00,0.00,0,74
476.09,1552976769,10563.55,51.46853136,7.40443096,156.15,31.29,0.00,312.23,0,-106.00,-14.00,0.00,0.00,34.00,0.00,0,119
476.09,1552976769,10563.58,51.46853136,7.40443096,156.15,31.29,0.00,312.23,0,-107.00,-16.00,0.00,0.00,35.00,0.00,0,39
477.09,1552976770,10594.80,51.46871580,7.40409695,156.35,31.26,0.00,312.57,0,-104.00,-13.00,0.00,0.00,34.00,0.00,0,74
477.09,1552976770,10594.83,51.46871580,7.40409695,156.35,31.26,0.00,312.57,0,-106.00,-14.00,0.00,0.00,34.00,0.00,0,119
477.09,1552976770,10594.86,51.46871580,7.40409695,156.35,31.26,0.00,312.57,0,-107.00,-16.00,0.00,0.00,35.00,0.00,0,39
478.09,1552976771,10626.09,51.46890743,7.40376079,156.65,31.11,0.00,313.06,0,-99.00,-16.00,0.00,0.00,46.00,0.00,0,386
478.09,1552976771,10626.09,51.46890743,7.40376079,156.65,31.11,0.00,313.06,0,-100.00,-17.00,0.00,0.00,45.00,0.00,0,69
479.09,1552976772,10657.23,51.46909690,7.40343092,156.92,31.23,0.00,313.49,0,-99.00,-16.00,0.00,0.00,46.00,0.00,0,386
479.09,1552976772,10657.26,51.46909690,7.40343092,156.92,31.23,0.00,313.49,0,-100.00,-17.00,0.00,0.00,45.00,0.00,0,69
480.09,1552976773,10688.45,51.46928976,7.40310264,157.21,31.48,0.00,313.36,0,-107.00,-15.00,0.00,0.00,33.00,0.00,0,146
480.09,1552976773,10688.49,51.46928976,7.40310264,157.21,31.48,0.00,313.36,0,-108.00,-16.00,0.00,0.00,33.00,0.00,0,119
480.09,1552976773,10688.49,51.46928976,7.40310264,157.21,31.48,0.00,313.36,0,-109.00,-15.00,0.00,0.00,33.00,0.00,0,266
480.09,1552976773,10688.52,51.46928976,7.40310264,157.21,31.48,0.00,313.36,0,-103.00,-15.00,0.00,0.00,41.00,0.00,0,386
480.09,1552976773,10688.55,51.46928976,7.40310264,157.21,31.48,0.00,313.36,0,-103.00,-16.00,0.00,0.00,42.00,0.00,0,69
481.09,1552976774,10719.90,51.46948398,7.40276854,157.13,31.48,0.00,314.04,0,-107.00,-15.00,0.00,0.00,33.00,0.00,0,146
481.09,1552976774,10719.94,51.46948398,7.40276854,157.13,31.48,0.00,314.04,0,-108.00,-16.00,0.00,0.00,33.00,0.00,0,119
481.09,1552976774,10719.97,51.46948398,7.40276854,157.13,31.48,0.00,314.04,0,-109.00,-15.00,0.00,0.00,33.00,0.00,0,266
481.09,1552976774,10720.00,51.46948398,7.40276854,157.13,31.48,0.00,314.04,0,-103.00,-15.00,0.00,0.00,41.00,0.00,0,386
481.09,1552976774,10720.00,51.46948398,7.40276854,157.13,31.48,0.00,314.04,0,-103.00,-16.00,0.00,0.00,42.00,0.00,0,69
482.09,1552976775,10751.44,51.46967787,7.40244058,157.36,31.34,0.00,313.88,0,-104.00,-10.00,0.00,0.00,32.00,0.00,0,266
482.09,1552976775,10751.48,51.46967787,7.40244058,157.36,31.34,0.00,313.88,0,-100.00,-14.00,0.00,0.00,43.00,0.00,0,386
482.09,1552976775,10751.48,51.46967787,7.40244058,157.36,31.34,0.00,313.88,0,-104.00,-18.00,0.00,0.00,43.00,0.00,0,69
483.09,1552976776,10782.72,51.46988562,7.40213876,157.75,31.25,0.00,317.45,0,-104.00,-10.00,0.00,0.00,32.00,0.00,0,266
483.09,1552976776,10782.75,51.46988562,7.40213876,157.75,31.25,0.00,317.45,0,-100.00,-14.00,0.00,0.00,43.00,0.00,0,386
483.09,1552976776,10782.78,51.46988562,7.40213876,157.75,31.25,0.00,317.45,0,-104.00,-18.00,0.00,0.00,43.00,0.00,0,69
484.09,1552976777,10814.00,51.47009002,7.40183768,158.26,30.69,0.00,317.64,0,-108.00,-13.00,0.00,0.00,30.00,0.00,0,377
484.09,1552976777,10814.00,51.47009002,7.40183768,158.26,30.69,0.00,317.64,0,-110.00,-16.00,0.00,0.00,31.00,0.00,0,458
484.09,1552976777,10814.03,51.47009002,7.40183768,158.26,30.69,0.00,317.64,0,-111.00,-16.00,0.00,0.00,31.00,0.00,0,134
484.09,1552976777,10814.06,51.47009002,7.40183768,158.26,30.69,0.00,317.64,0,-98.00,-12.00,0.00,0.00,44.00,0.00,0,386
484.09,1552976777,10814.06,51.47009002,7.40183768,158.26,30.69,0.00,317.64,0,-104.00,-18.00,0.00,0.00,44.00,0.00,0,376
485.09,1552976778,10844.69,51.47028937,7.40154390,158.82,29.93,0.00,317.28,0,-108.00,-13.00,0.00,0.00,30.00,0.00,0,377
485.09,1552976778,10844.72,51.47028937,7.40154390,158.82,29.93,0.00,317.28,0,-110.00,-16.00,0.00,0.00,31.00,0.00,0,458
485.09,1552976778,10844.72,51.47028937,7.40154390,158.82,29.93,0.00,317.28,0,-111.00,-16.00,0.00,0.00,31.00,0.00,0,134
485.09,1552976778,10844.75,51.47028937,7.40154390,158.82,29.93,0.00,317.28,0,-98.00,-12.00,0.00,0.00,44.00,0.00,0,386
485.09,1552976778,10844.78,51.47028937,7.40154390,158.82,29.93,0.00,317.28,0,-104.00,-18.00,0.00,0.00,44.00,0.00,0,376
486.10,1552976779,10874.82,51.47047745,7.40125449,159.40,28.64,0.00,316.01,0,-101.00,-13.00,0.00,0.00,41.00,0.00,0,376
486.10,1552976779,10874.82,51.47047745,7.40125449,159.40,28.64,0.00,316.01,0,-103.00,-14.00,0.00,0.00,40.00,0.00,0,386
487.09,1552976780,10903.21,51.47066466,7.40096511,160.16,28.39,0.00,316.76,0,-101.00,-13.00,0.00,0.00,41.00,0.00,0,376
487.09,1552976780,10903.24,51.47066466,7.40096511,160.16,28.39,0.00,316.76,0,-103.00,-14.00,0.00,0.00,40.00,0.00,0,386
488.09,1552976781,10931.57,51.47085346,7.40068192,160.92,28.52,0.00,317.02,0,-101.00,-13.00,0.00,0.00,41.00,0.00,0,376
488.09,1552976781,10931.60,51.47085346,7.40068192,160.92,28.52,0.00,317.02,0,-103.00,-14.00,0.00,0.00,40.00,0.00,0,386
503.09,1552976796,11355.38,51.47372789,7.39667938,166.29,26.80,0.00,321.81,0,-105.00,-12.00,0.00,0.00,37.00,0.00,0,431
503.09,1552976796,11355.38,51.47372789,7.39667938,166.29,26.80,0.00,321.81,0,-108.00,-15.00,0.00,0.00,36.00,0.00,0,78
504.09,1552976797,11382.13,51.47391253,7.39644369,166.92,26.04,0.00,322.00,0,-105.00,-12.00,0.00,0.00,37.00,0.00,0,431
504.09,1552976797,11382.13,51.47391253,7.39644369,166.92,26.04,0.00,322.00,0,-108.00,-15.00,0.00,0.00,36.00,0.00,0,78
505.09,1552976798,11408.16,51.47409739,7.39621817,167.53,25.61,0.00,323.02,0,-109.00,-14.00,0.00,0.00,35.00,0.00,0,57
505.09,1552976798,11408.19,51.47409739,7.39621817,167.53,25.61,0.00,323.02,0,-109.00,-15.00,0.00,0.00,36.00,0.00,0,431
506.09,1552976799,11433.78,51.47427716,7.39599912,167.99,25.04,0.00,323.38,0,-109.00,-14.00,0.00,0.00,35.00,0.00,0,57
506.09,1552976799,11433.78,51.47427716,7.39599912,167.99,25.04,0.00,323.38,0,-109.00,-15.00,0.00,0.00,36.00,0.00,0,431
507.10,1552976800,11459.02,51.47445628,7.39578908,168.30,24.79,0.00,324.09,0,-106.00,-9.00,0.00,0.00,29.00,0.00,0,120
507.10,1552976800,11459.02,51.47445628,7.39578908,168.30,24.79,0.00,324.09,0,-112.00,-13.00,0.00,0.00,27.00,0.00,0,312
507.10,1552976800,11459.04,51.47445628,7.39578908,168.30,24.79,0.00,324.09,0,-106.00,-15.00,0.00,0.00,37.00,0.00,0,431
507.10,1552976800,11459.04,51.47445628,7.39578908,168.30,24.79,0.00,324.09,0,-108.00,-15.00,0.00,0.00,37.00,0.00,0,57
508.09,1552976801,11483.64,51.47463782,7.39557807,168.55,24.68,0.00,324.65,0,-106.00,-9.00,0.00,0.00,29.00,0.00,0,120
508.09,1552976801,11483.64,51.47463782,7.39557807,168.55,24.68,0.00,324.65,0,-112.00,-13.00,0.00,0.00,27.00,0.00,0,312
508.09,1552976801,11483.66,51.47463782,7.39557807,168.55,24.68,0.00,324.65,0,-106.00,-15.00,0.00,0.00,37.00,0.00,0,431
508.09,1552976801,11483.69,51.47463782,7.39557807,168.55,24.68,0.00,324.65,0,-108.00,-15.00,0.00,0.00,37.00,0.00,0,57
509.09,1552976802,11508.32,51.47482604,7.39537215,169.10,24.95,0.00,325.74,0,-106.00,-9.00,0.00,0.00,29.00,0.00,0,120
509.09,1552976802,11508.35,51.47482604,7.39537215,169.10,24.95,0.00,325.74,0,-112.00,-13.00,0.00,0.00,27.00,0.00,0,312
509.09,1552976802,11508.35,51.47482604,7.39537215,169.10,24.95,0.00,325.74,0,-106.00,-15.00,0.00,0.00,37.00,0.00,0,431
509.09,1552976802,11508.37,51.47482604,7.39537215,169.10,24.95,0.00,325.74,0,-108.00,-15.00,0.00,0.00,37.00,0.00,0,57
510.09,1552976803,11533.25,51.47501451,7.39516563,169.81,25.04,0.00,326.26,0,-111.00,-14.00,0.00,0.00,28.00,0.00,0,312
510.09,1552976803,11533.25,51.47501451,7.39516563,169.81,25.04,0.00,326.26,0,-112.00,-12.00,0.00,0.00,26.00,0.00,0,74
511.09,1552976804,11558.30,51.47520942,7.39497185,170.43,25.51,0.00,328.28,0,-111.00,-14.00,0.00,0.00,28.00,0.00,0,312
511.09,1552976804,11558.32,51.47520942,7.39497185,170.43,25.51,0.00,328.28,0,-112.00,-12.00,0.00,0.00,26.00,0.00,0,74
512.09,1552976805,11583.86,51.47540892,7.39478322,171.02,25.79,0.00,329.69,0,-110.00,-11.00,0.00,0.00,27.00,0.00,0,378
512.09,1552976805,11583.89,51.47540892,7.39478322,171.02,25.79,0.00,329.69,0,-110.00,-12.00,0.00,0.00,27.00,0.00,0,449
512.09,1552976805,11583.89,51.47540892,7.39478322,171.02,25.79,0.00,329.69,0,-113.00,-12.00,0.00,0.00,25.00,0.00,0,312
513.09,1552976806,11609.60,51.47560714,7.39459561,171.17,26.02,0.00,329.86,0,-110.00,-11.00,0.00,0.00,27.00,0.00,0,378
513.09,1552976806,11609.63,51.47560714,7.39459561,171.17,26.02,0.00,329.86,0,-110.00,-12.00,0.00,0.00,27.00,0.00,0,449
513.09,1552976806,11609.65,51.47560714,7.39459561,171.17,26.02,0.00,329.86,0,-113.00,-12.00,0.00,0.00,25.00,0.00,0,312
514.09,1552976807,11635.59,51.47580784,7.39440927,171.42,25.57,0.00,330.39,0,-103.00,-7.00,0.00,0.00,30.00,0.00,0,449
514.09,1552976807,11635.62,51.47580784,7.39440927,171.42,25.57,0.00,330.39,0,-109.00,-11.00,0.00,0.00,27.00,0.00,0,312
515.09,1552976808,11661.21,51.47600815,7.39423222,171.90,25.09,0.00,330.90,0,-103.00,-7.00,0.00,0.00,30.00,0.00,0,449
515.09,1552976808,11661.21,51.47600815,7.39423222,171.90,25.09,0.00,330.90,0,-109.00,-11.00,0.00,0.00,27.00,0.00,0,312
516.09,1552976809,11686.31,51.47620238,7.39405873,172.22,24.82,0.00,331.39,0,-98.00,-6.00,0.00,0.00,33.00,0.00,0,449
516.09,1552976809,11686.33,51.47620238,7.39405873,172.22,24.82,0.00,331.39,0,-88.00,-10.00,0.00,0.00,49.00,0.00,0,392
516.09,1552976809,11686.33,51.47620238,7.39405873,172.22,24.82,0.00,331.39,0,-225.00,-225.00,0.00,0.00,63.00,0.00,0,323
516.09,1552976809,11686.35,51.47620238,7.39405873,172.22,24.82,0.00,331.39,0,-225.00,-225.00,0.00,0.00,63.00,0.00,0,101
517.09,1552976810,11711.12,51.47639795,7.39389494,172.18,24.81,0.00,332.43,0,-98.00,-6.00,0.00,0.00,33.00,0.00,0,449
517.09,1552976810,11711.15,51.47639795,7.39389494,172.18,24.81,0.00,332.43,0,-88.00,-10.00,0.00,0.00,49.00,0.00,0,392
517.09,1552976810,11711.15,51.47639795,7.39389494,172.18,24.81,0.00,332.43,0,-225.00,-225.00,0.00,0.00,63.00,0.00,0,323
517.09,1552976810,11711.17,51.47639795,7.39389494,172.18,24.81,0.00,332.43,0,-225.00,-225.00,0.00,0.00,63.00,0.00,0,101
518.09,1552976811,11735.94,51.47659796,7.39373934,171.95,24.61,0.00,334.06,0,-110.00,-13.00,0.00,0.00,28.00,0.00,0,378
518.09,1552976811,11735.96,51.47659796,7.39373934,171.95,24.61,0.00,334.06,0,-111.00,-12.00,0.00,0.00,27.00,0.00,0,312
518.09,1552976811,11735.99,51.47659796,7.39373934,171.95,24.61,0.00,334.06,0,-112.00,-14.00,0.00,0.00,28.00,0.00,0,120
519.09,1552976812,11760.62,51.47679683,7.39359081,171.90,23.90,0.00,335.11,0,-110.00,-13.00,0.00,0.00,28.00,0.00,0,378
519.09,1552976812,11760.62,51.47679683,7.39359081,171.90,23.90,0.00,335.11,0,-111.00,-12.00,0.00,0.00,27.00,0.00,0,312
519.09,1552976812,11760.64,51.47679683,7.39359081,171.90,23.90,0.00,335.11,0,-112.00,-14.00,0.00,0.00,28.00,0.00,0,120
520.09,1552976813,11784.42,51.47698955,7.39345304,171.97,23.36,0.00,336.51,0,-110.00,-10.00,0.00,0.00,26.00,0.00,0,312
520.09,1552976813,11784.44,51.47698955,7.39345304,171.97,23.36,0.00,336.51,0,-113.00,-13.00,0.00,0.00,26.00,0.00,0,120
521.09,1552976814,11807.80,51.47717766,7.39332866,172.08,22.22,0.00,338.26,0,-110.00,-10.00,0.00,0.00,26.00,0.00,0,312
521.09,1552976814,11807.82,51.47717766,7.39332866,172.08,22.22,0.00,338.26,0,-113.00,-13.00,0.00,0.00,26.00,0.00,0,120
522.09,1552976815,11830.05,51.47736378,7.39322099,172.45,20.69,0.00,341.03,0,-107.00,-10.00,0.00,0.00,29.00,0.00,0,120
522.09,1552976815,11830.07,51.47736378,7.39322099,172.45,20.69,0.00,341.03,0,-109.00,-13.00,0.00,0.00,29.00,0.00,0,378
522.09,1552976815,11830.07,51.47736378,7.39322099,172.45,20.69,0.00,341.03,0,-112.00,-15.00,0.00,0.00,28.00,0.00,0,312
523.09,1552976816,11850.68,51.47754101,7.39314311,172.88,19.32,0.00,345.69,0,-107.00,-10.00,0.00,0.00,29.00,0.00,0,120
523.09,1552976816,11850.70,51.47754101,7.39314311,172.88,19.32,0.00,345.69,0,-109.00,-13.00,0.00,0.00,29.00,0.00,0,378
523.09,1552976816,11850.72,51.47754101,7.39314311,172.88,19.32,0.00,345.69,0,-112.00,-15.00,0.00,0.00,28.00,0.00,0,312
524.09,1552976817,11870.06,51.47770840,7.39308079,173.39,18.88,0.00,347.68,0,-105.00,-11.00,0.00,0.00,31.00,0.00,0,120
524.09,1552976817,11870.07,51.47770840,7.39308079,173.39,18.88,0.00,347.68,0,-106.00,-10.00,0.00,0.00,30.00,0.00,0,312
524.09,1552976817,11870.07,51.47770840,7.39308079,173.39,18.88,0.00,347.68,0,-109.00,-14.00,0.00,0.00,32.00,0.00,0,378
525.09,1552976818,11888.88,51.47786658,7.39303826,174.22,18.60,0.00,351.06,0,-105.00,-11.00,0.00,0.00,31.00,0.00,0,120
525.09,1552976818,11888.90,51.47786658,7.39303826,174.22,18.60,0.00,351.06,0,-106.00,-10.00,0.00,0.00,30.00,0.00,0,312
525.09,1552976818,11888.92,51.47786658,7.39303826,174.22,18.60,0.00,351.06,0,-109.00,-14.00,0.00,0.00,32.00,0.00,0,378
533.09,1552976826,12035.87,51.47908195,7.39377026,181.70,15.67,0.00,28.84,0,-110.00,-11.00,0.00,0.00,26.00,0.00,0,312
534.09,1552976827,12051.60,51.47921006,7.39382000,182.38,14.84,0.00,11.29,0,-110.00,-11.00,0.00,0.00,26.00,0.00,0,312
564.09,1552976857,12531.46,51.48191290,7.39777026,185.72,11.99,0.00,53.94,0,-102.00,-12.00,0.00,0.00,36.00,0.00,0,448
564.09,1552976857,12531.46,51.48191290,7.39777026,185.72,11.99,0.00,53.94,0,-88.00,-11.00,0.00,0.00,52.00,0.00,0,52
565.09,1552976858,12543.45,51.48197237,7.39789222,186.04,9.56,0.00,52.99,0,-102.00,-12.00,0.00,0.00,36.00,0.00,0,448
565.09,1552976858,12543.46,51.48197237,7.39789222,186.04,9.56,0.00,52.99,0,-88.00,-11.00,0.00,0.00,52.00,0.00,0,52
566.09,1552976859,12553.01,51.48202538,7.39799433,186.50,8.50,0.00,51.99,0,-94.00,-10.00,0.00,0.00,42.00,0.00,0,448
566.09,1552976859,12553.02,51.48202538,7.39799433,186.50,8.50,0.00,51.99,0,-88.00,-10.00,0.00,0.00,51.00,0.00,0,52
567.09,1552976860,12561.50,51.48207562,7.39808727,186.92,7.71,0.00,50.78,0,-94.00,-10.00,0.00,0.00,42.00,0.00,0,448
567.09,1552976860,12561.51,51.48207562,7.39808727,186.92,7.71,0.00,50.78,0,-88.00,-10.00,0.00,0.00,51.00,0.00,0,52
568.09,1552976861,12569.22,51.48212225,7.39817180,187.20,6.84,0.00,49.79,0,-97.00,-10.00,0.00,0.00,40.00,0.00,0,448
568.09,1552976861,12569.23,51.48212225,7.39817180,187.20,6.84,0.00,49.79,0,-84.00,-10.00,0.00,0.00,57.00,0.00,0,52
569.09,1552976862,12576.05,51.48216313,7.39823992,187.36,5.74,0.00,49.13,0,-97.00,-10.00,0.00,0.00,40.00,0.00,0,448
569.09,1552976862,12576.05,51.48216313,7.39823992,187.36,5.74,0.00,49.13,0,-84.00,-10.00,0.00,0.00,57.00,0.00,0,52
570.09,1552976863,12581.79,51.48219721,7.39829504,187.52,4.77,0.00,48.13,0,-93.00,-10.00,0.00,0.00,44.00,0.00,0,448
570.09,1552976863,12581.79,51.48219721,7.39829504,187.52,4.77,0.00,48.13,0,-86.00,-10.00,0.00,0.00,52.00,0.00,0,52
571.09,1552976864,12586.55,51.48222277,7.39833614,187.53,3.34,0.00,47.31,0,-93.00,-10.00,0.00,0.00,44.00,0.00,0,448
571.09,1552976864,12586.56,51.48222277,7.39833614,187.53,3.34,0.00,47.31,0,-86.00,-10.00,0.00,0.00,52.00,0.00,0,52
575.09,1552976868,12592.62,51.48225002,7.39837595,187.54,0.00,0.00,45.60,0,-98.00,-10.00,0.00,0.00,38.00,0.00,0,448
576.09,1552976869,12592.62,51.48225002,7.39837595,187.54,0.00,0.00,45.60,0,-98.00,-10.00,0.00,0.00,38.00,0.00,0,448
577.09,1552976870,12592.62,51.48225002,7.39837595,187.53,0.00,0.00,45.60,0,-97.00,-10.00,0.00,0.00,40.00,0.00,0,448
578.09,1552976871,12592.62,51.48225002,7.39837595,187.51,0.00,0.00,45.60,0,-97.00,-10.00,0.00,0.00,40.00,0.00,0,448
579.09,1552976872,12592.62,51.48225002,7.39837595,187.50,0.00,0.00,45.60,0,-96.00,-10.00,0.00,0.00,42.00,0.00,0,448
580.09,1552976873,12592.62,51.48225002,7.39837595,187.49,0.00,0.00,45.60,0,-96.00,-10.00,0.00,0.00,42.00,0.00,0,448
581.09,1552976874,12592.62,51.48225002,7.39837595,187.49,0.00,0.00,45.60,0,-96.00,-10.00,0.00,0.00,42.00,0.00,0,448
582.09,1552976875,12592.62,51.48225002,7.39837595,187.48,0.00,0.00,45.60,0,-96.00,-10.00,0.00,0.00,42.00,0.00,0,448
583.09,1552976876,12592.62,51.48225002,7.39837595,187.48,0.00,0.00,45.60,0,-96.00,-11.00,0.00,0.00,42.00,0.00,0,448
584.09,1552976877,12592.62,51.48225002,7.39837595,187.48,0.00,0.00,45.60,0,-96.00,-11.00,0.00,0.00,42.00,0.00,0,448
585.09,1552976878,12592.62,51.48225002,7.39837595,187.47,0.00,0.00,45.60,0,-96.00,-11.00,0.00,0.00,42.00,0.00,0,448
586.09,1552976879,12592.62,51.48225002,7.39837595,187.47,0.00,0.00,45.60,0,-96.00,-11.00,0.00,0.00,42.00,0.00,0,448
587.09,1552976880,12592.62,51.48225002,7.39837595,187.47,0.00,0.00,45.60,0,-96.00,-11.00,0.00,0.00,42.00,0.00,0,448
588.09,1552976881,12592.62,51.48225002,7.39837595,187.48,0.00,0.00,45.60,0,-96.00,-11.00,0.00,0.00,42.00,0.00,0,448
589.09,1552976882,12592.62,51.48225002,7.39837595,187.48,0.00,0.00,45.60,0,-96.00,-10.00,0.00,0.00,41.00,0.00,0,448
590.09,1552976883,12592.62,51.48225002,7.39837595,187.48,0.00,0.00,45.60,0,-96.00,-10.00,0.00,0.00,41.00,0.00,0,448
591.09,1552976884,12592.62,51.48225002,7.39837595,187.48,0.00,0.00,45.60,0,-96.00,-11.00,0.00,0.00,42.00,0.00,0,448
592.09,1552976885,12592.62,51.48225002,7.39837595,187.48,0.00,0.00,45.60,0,-96.00,-11.00,0.00,0.00,42.00,0.00,0,448
593.10,1552976886,12592.62,51.48225002,7.39837595,187.47,0.00,0.00,45.60,0,-96.00,-11.00,0.00,0.00,42.00,0.00,0,448
594.09,1552976887,12592.62,51.48225002,7.39837595,187.47,0.00,0.00,45.60,0,-96.00,-11.00,0.00,0.00,42.00,0.00,0,448
595.09,1552976888,12592.62,51.48225002,7.39837595,187.48,0.00,0.00,45.60,0,-96.00,-11.00,0.00,0.00,42.00,0.00,0,448
596.09,1552976889,12592.62,51.48225002,7.39837595,187.47,0.00,0.00,45.60,0,-96.00,-11.00,0.00,0.00,41.00,0.00,0,448
597.09,1552976890,12592.62,51.48227869,7.39843174,187.47,0.00,0.00,52.76,0,-96.00,-11.00,0.00,0.00,41.00,0.00,0,448
598.09,1552976891,12592.62,51.48227869,7.39843174,187.38,0.00,0.00,50.01,0,-98.00,-12.00,0.00,0.00,39.00,0.00,0,448
599.09,1552976892,12592.63,51.48235711,7.39855755,188.00,6.58,0.00,47.62,0,-98.00,-12.00,0.00,0.00,39.00,0.00,0,448
600.09,1552976893,12599.21,51.48239570,7.39861092,188.35,6.57,0.00,45.49,0,-99.00,-11.00,0.00,0.00,38.00,0.00,0,448
601.09,1552976894,12605.79,51.48244397,7.39867609,188.86,7.61,0.00,43.54,0,-99.00,-11.00,0.00,0.00,38.00,0.00,0,448
602.09,1552976895,12613.39,51.48249084,7.39873711,188.91,8.92,0.00,41.85,0,-101.00,-11.00,0.00,0.00,37.00,0.00,0,448
603.09,1552976896,12622.30,51.48256259,7.39882614,189.03,10.59,0.00,40.04,0,-101.00,-11.00,0.00,0.00,37.00,0.00,0,448
604.09,1552976897,12632.90,51.48262662,7.39890319,188.65,10.96,0.00,38.51,0,-102.00,-13.00,0.00,0.00,37.00,0.00,0,448
605.09,1552976898,12643.87,51.48270354,7.39899152,188.47,10.93,0.00,37.18,0,-102.00,-13.00,0.00,0.00,37.00,0.00,0,448
606.09,1552976899,12654.79,51.48279382,7.39908954,188.55,11.19,0.00,36.19,0,-99.00,-12.00,0.00,0.00,39.00,0.00,0,448
607.09,1552976900,12665.98,51.48288782,7.39918352,188.99,11.99,0.00,34.78,0,-99.00,-12.00,0.00,0.00,39.00,0.00,0,448
608.09,1552976901,12678.00,51.48298827,7.39928534,189.36,12.59,0.00,34.32,0,-93.00,-9.00,0.00,0.00,42.00,0.00,0,448
608.09,1552976901,12678.01,51.48298827,7.39928534,189.36,12.59,0.00,34.32,0,-100.00,-10.00,0.00,0.00,37.00,0.00,0,313
609.09,1552976902,12690.57,51.48309987,7.39939716,189.95,13.13,0.00,34.74,0,-93.00,-9.00,0.00,0.00,42.00,0.00,0,448
609.09,1552976902,12690.57,51.48309987,7.39939716,189.95,13.13,0.00,34.74,0,-100.00,-10.00,0.00,0.00,37.00,0.00,0,313
610.09,1552976903,12703.68,51.48320509,7.39950528,190.51,13.40,0.00,34.35,0,-90.00,-7.00,0.00,0.00,43.00,0.00,0,448
611.09,1552976904,12717.08,51.48330681,7.39960746,190.87,13.32,0.00,34.09,0,-90.00,-7.00,0.00,0.00,43.00,0.00,0,448
612.09,1552976905,12730.46,51.48341320,7.39971344,190.68,13.81,0.00,34.16,0,-98.00,-14.00,0.00,0.00,42.00,0.00,0,313
613.09,1552976906,12744.22,51.48352077,7.39982140,190.14,14.59,0.00,34.27,0,-98.00,-14.00,0.00,0.00,42.00,0.00,0,313
614.10,1552976907,12758.94,51.48363206,7.39994502,189.27,15.69,0.00,34.79,0,-100.00,-15.00,0.00,0.00,40.00,0.00,0,313
615.09,1552976908,12774.50,51.48374856,7.40007182,188.51,16.23,0.00,35.12,0,-100.00,-15.00,0.00,0.00,40.00,0.00,0,313
616.09,1552976909,12790.71,51.48387100,7.40020391,187.61,16.38,0.00,35.49,0,-100.00,-15.00,0.00,0.00,40.00,0.00,0,313
625.09,1552976918,12936.94,51.48487366,7.40156053,184.22,15.27,0.00,41.56,0,-99.00,-11.00,0.00,0.00,38.00,0.00,0,313
626.09,1552976919,12952.21,51.48497011,7.40170461,184.45,14.76,0.00,41.01,0,-99.00,-11.00,0.00,0.00,38.00,0.00,0,313
627.09,1552976920,12966.95,51.48506032,7.40183969,184.44,14.05,0.00,41.42,0,-99.00,-10.00,0.00,0.00,37.00,0.00,0,313
628.09,1552976921,12981.02,51.48514841,7.40197696,184.46,13.25,0.00,43.15,0,-99.00,-10.00,0.00,0.00,37.00,0.00,0,313
642.08,1552976935,13124.18,51.48607876,7.40233559,185.01,11.16,0.00,323.63,0,-102.00,-10.00,0.00,0.00,35.00,0.00,0,451
643.08,1552976936,13135.37,51.48616692,7.40223735,184.82,11.66,0.00,324.92,0,-102.00,-10.00,0.00,0.00,35.00,0.00,0,451
644.09,1552976937,13147.08,51.48627005,7.40213900,184.72,11.80,0.00,327.01,0,-98.00,-9.00,0.00,0.00,37.00,0.00,0,451
644.09,1552976937,13147.08,51.48627005,7.40213900,184.72,11.80,0.00,327.01,0,-102.00,-14.00,0.00,0.00,39.00,0.00,0,313
645.09,1552976938,13158.89,51.48636465,7.40205173,185.09,11.31,0.00,329.41,0,-98.00,-9.00,0.00,0.00,37.00,0.00,0,451
645.09,1552976938,13158.89,51.48636465,7.40205173,185.09,11.31,0.00,329.41,0,-102.00,-14.00,0.00,0.00,39.00,0.00,0,313
646.09,1552976939,13170.19,51.48645316,7.40198586,185.34,11.38,0.00,332.19,0,-100.00,-13.00,0.00,0.00,39.00,0.00,0,313
646.09,1552976939,13170.21,51.48645316,7.40198586,185.34,11.38,0.00,332.19,0,-100.00,-13.00,0.00,0.00,40.00,0.00,0,451
647.09,1552976940,13181.58,51.48654232,7.40192649,185.72,11.02,0.00,334.98,0,-100.00,-13.00,0.00,0.00,39.00,0.00,0,313
647.09,1552976940,13181.59,51.48654232,7.40192649,185.72,11.02,0.00,334.98,0,-100.00,-13.00,0.00,0.00,40.00,0.00,0,451
648.09,1552976941,13192.60,51.48663405,7.40187277,185.96,11.24,0.00,337.77,0,-100.00,-12.00,0.00,0.00,39.00,0.00,0,313
648.09,1552976941,13192.61,51.48663405,7.40187277,185.96,11.24,0.00,337.77,0,-98.00,-10.00,0.00,0.00,39.00,0.00,0,481
648.09,1552976941,13192.61,51.48663405,7.40187277,185.96,11.24,0.00,337.77,0,-102.00,-14.00,0.00,0.00,39.00,0.00,0,451
649.09,1552976942,13203.84,51.48673215,7.40182207,186.64,11.47,0.00,340.09,0,-100.00,-12.00,0.00,0.00,39.00,0.00,0,313
649.09,1552976942,13203.86,51.48673215,7.40182207,186.64,11.47,0.00,340.09,0,-98.00,-10.00,0.00,0.00,39.00,0.00,0,481
649.09,1552976942,13203.87,51.48673215,7.40182207,186.64,11.47,0.00,340.09,0,-102.00,-14.00,0.00,0.00,39.00,0.00,0,451
650.09,1552976943,13215.33,51.48684054,7.40177488,187.47,12.05,0.00,342.33,0,-96.00,-9.00,0.00,0.00,40.00,0.00,0,313
650.09,1552976943,13215.34,51.48684054,7.40177488,187.47,12.05,0.00,342.33,0,-99.00,-12.00,0.00,0.00,39.00,0.00,0,451
650.09,1552976943,13215.34,51.48684054,7.40177488,187.47,12.05,0.00,342.33,0,-104.00,-19.00,0.00,0.00,41.00,0.00,0,397
651.09,1552976944,13227.36,51.48694823,7.40173692,188.09,11.67,0.00,344.27,0,-96.00,-9.00,0.00,0.00,40.00,0.00,0,313
651.09,1552976944,13227.37,51.48694823,7.40173692,188.09,11.67,0.00,344.27,0,-99.00,-12.00,0.00,0.00,39.00,0.00,0,451
651.09,1552976944,13227.38,51.48694823,7.40173692,188.09,11.67,0.00,344.27,0,-104.00,-19.00,0.00,0.00,41.00,0.00,0,397
652.09,1552976945,13239.05,51.48705701,7.40170389,188.53,11.67,0.00,346.33,0,-95.00,-8.00,0.00,0.00,40.00,0.00,0,313
652.09,1552976945,13239.05,51.48705701,7.40170389,188.53,11.67,0.00,346.33,0,-99.00,-11.00,0.00,0.00,39.00,0.00,0,451
652.09,1552976945,13239.06,51.48705701,7.40170389,188.53,11.67,0.00,346.33,0,-105.00,-18.00,0.00,0.00,40.00,0.00,0,397
653.09,1552976946,13250.74,51.48716262,7.40167854,188.66,11.85,0.00,348.76,0,-95.00,-8.00,0.00,0.00,40.00,0.00,0,313
653.09,1552976946,13250.76,51.48716262,7.40167854,188.66,11.85,0.00,348.76,0,-99.00,-11.00,0.00,0.00,39.00,0.00,0,451
653.09,1552976946,13250.76,51.48716262,7.40167854,188.66,11.85,0.00,348.76,0,-105.00,-18.00,0.00,0.00,40.00,0.00,0,397
654.09,1552976947,13262.59,51.48726977,7.40166156,188.22,12.51,0.00,351.56,0,-95.00,-11.00,0.00,0.00,42.00,0.00,0,451
655.09,1552976948,13275.06,51.48738112,7.40165406,187.62,12.51,0.00,353.89,0,-95.00,-11.00,0.00,0.00,42.00,0.00,0,451
656.09,1552976949,13287.55,51.48749405,7.40165337,187.11,12.27,0.00,355.45,0,-91.00,-16.00,0.00,0.00,52.00,0.00,0,451
657.08,1552976950,13299.78,51.48761041,7.40165827,186.26,12.36,0.00,357.04,0,-91.00,-16.00,0.00,0.00,52.00,0.00,0,451
658.09,1552976951,13312.19,51.48772437,7.40166644,185.20,12.42,0.00,358.65,0,-91.00,-16.00,0.00,0.00,52.00,0.00,0,451
659.08,1552976952,13324.59,51.48783711,7.40167580,184.27,11.94,0.00,359.25,0,-90.00,-13.00,0.00,0.00,49.00,0.00,0,451
660.09,1552976953,13336.56,51.48794664,7.40168600,183.42,11.71,0.00,359.74,0,-90.00,-13.00,0.00,0.00,49.00,0.00,0,451
661.08,1552976954,13348.20,51.48806004,7.40169903,182.38,11.61,0.00,0.10,0,-88.00,-11.00,0.00,0.00,47.00,0.00,0,451
662.08,1552976955,13359.81,51.48816385,7.40170842,181.53,11.60,0.00,0.32,0,-88.00,-11.00,0.00,0.00,47.00,0.00,0,451
682.09,1552976975,13410.42,51.48854885,7.40175462,179.88,0.00,0.00,0.46,0,-117.00,-19.00,0.00,0.00,32.00,0.00,0,17
682.09,1552976975,13410.42,51.48854885,7.40175462,179.88,0.00,0.00,0.46,0,-119.00,-21.00,0.00,0.00,32.00,0.00,0,176
682.09,1552976975,13410.42,51.48854885,7.40175462,179.88,0.00,0.00,0.46,0,-119.00,-20.00,0.00,0.00,32.00,0.00,0,36
682.09,1552976975,13410.42,51.48854885,7.40175462,179.88,0.00,0.00,0.46,0,-127.00,-13.00,0.00,0.00,17.00,0.00,0,227
682.09,1552976975,13410.42,51.48854885,7.40175462,179.88,0.00,0.00,0.46,0,-128.00,-14.00,0.00,0.00,17.00,0.00,0,223
683.09,1552976976,13410.42,51.48854885,7.40175462,179.91,0.00,0.00,0.46,0,-117.00,-19.00,0.00,0.00,32.00,0.00,0,17
683.09,1552976976,13410.42,51.48854885,7.40175462,179.91,0.00,0.00,0.46,0,-119.00,-21.00,0.00,0.00,32.00,0.00,0,176
683.09,1552976976,13410.42,51.48854885,7.40175462,179.91,0.00,0.00,0.46,0,-119.00,-20.00,0.00,0.00,32.00,0.00,0,36
683.09,1552976976,13410.42,51.48854885,7.40175462,179.91,0.00,0.00,0.46,0,-127.00,-13.00,0.00,0.00,17.00,0.00,0,227
683.09,1552976976,13410.42,51.48854885,7.40175462,179.91,0.00,0.00,0.46,0,-128.00,-14.00,0.00,0.00,17.00,0.00,0,223
684.09,1552976977,13410.42,51.48854885,7.40175462,179.94,0.00,0.00,0.46,0,-117.00,-20.00,0.00,0.00,33.00,0.00,0,17
684.09,1552976977,13410.42,51.48854885,7.40175462,179.94,0.00,0.00,0.46,0,-118.00,-20.00,0.00,0.00,32.00,0.00,0,176
684.09,1552976977,13410.42,51.48854885,7.40175462,179.94,0.00,0.00,0.46,0,-118.00,-20.00,0.00,0.00,32.00,0.00,0,36
684.09,1552976977,13410.42,51.48854885,7.40175462,179.94,0.00,0.00,0.46,0,-127.00,-13.00,0.00,0.00,17.00,0.00,0,227
684.09,1552976977,13410.42,51.48854885,7.40175462,179.94,0.00,0.00,0.46,0,-128.00,-14.00,0.00,0.00,17.00,0.00,0,223
685.09,1552976978,13410.42,51.48854885,7.40175462,179.97,0.00,0.00,0.46,0,-117.00,-20.00,0.00,0.00,33.00,0.00,0,17
685.09,1552976978,13410.42,51.48854885,7.40175462,179.97,0.00,0.00,0.46,0,-118.00,-20.00,0.00,0.00,32.00,0.00,0,176
685.09,1552976978,13410.42,51.48854885,7.40175462,179.97,0.00,0.00,0.46,0,-118.00,-20.00,0.00,0.00,32.00,0.00,0,36
685.09,1552976978,13410.42,51.48854885,7.40175462,179.97,0.00,0.00,0.46,0,-127.00,-13.00,0.00,0.00,17.00,0.00,0,227
685.09,1552976978,13410.42,51.48854885,7.40175462,179.97,0.00,0.00,0.46,0,-128.00,-14.00,0.00,0.00,17.00,0.00,0,223
686.09,1552976979,13410.42,51.48854885,7.40175462,180.00,0.00,0.00,0.46,0,-117.00,-20.00,0.00,0.00,33.00,0.00,0,17
686.09,1552976979,13410.42,51.48854885,7.40175462,180.00,0.00,0.00,0.46,0,-118.00,-20.00,0.00,0.00,32.00,0.00,0,176
686.09,1552976979,13410.42,51.48854885,7.40175462,180.00,0.00,0.00,0.46,0,-119.00,-20.00,0.00,0.00,32.00,0.00,0,36
686.09,1552976979,13410.42,51.48854885,7.40175462,180.00,0.00,0.00,0.46,0,-127.00,-13.00,0.00,0.00,17.00,0.00,0,227
686.09,1552976979,13410.42,51.48854885,7.40175462,180.00,0.00,0.00,0.46,0,-128.00,-14.00,0.00,0.00,17.00,0.00,0,223
687.09,1552976980,13410.42,51.48854885,7.40175462,180.03,0.00,0.00,0.46,0,-117.00,-20.00,0.00,0.00,33.00,0.00,0,17
687.09,1552976980,13410.42,51.48854885,7.40175462,180.03,0.00,0.00,0.46,0,-118.00,-20.00,0.00,0.00,32.00,0.00,0,176
687.09,1552976980,13410.42,51.48854885,7.40175462,180.03,0.00,0.00,0.46,0,-119.00,-20.00,0.00,0.00,32.00,0.00,0,36
687.09,1552976980,13410.42,51.48854885,7.40175462,180.03,0.00,0.00,0.46,0,-127.00,-13.00,0.00,0.00,17.00,0.00,0,227
687.09,1552976980,13410.42,51.48854885,7.40175462,180.03,0.00,0.00,0.46,0,-128.00,-14.00,0.00,0.00,17.00,0.00,0,223
688.09,1552976981,13410.42,51.48854885,7.40175462,180.06,0.00,0.00,0.46,0,-118.00,-20.00,0.00,0.00,31.00,0.00,0,176
688.09,1552976981,13410.42,51.48854885,7.40175462,180.06,0.00,0.00,0.46,0,-119.00,-20.00,0.00,0.00,31.00,0.00,0,36
688.09,1552976981,13410.42,51.48854885,7.40175462,180.06,0.00,0.00,0.46,0,-118.00,-20.00,0.00,0.00,32.00,0.00,0,17
688.09,1552976981,13410.42,51.48854885,7.40175462,180.06,0.00,0.00,0.46,0,-127.00,-13.00,0.00,0.00,17.00,0.00,0,227
688.09,1552976981,13410.42,51.48854885,7.40175462,180.06,0.00,0.00,0.46,0,-128.00,-14.00,0.00,0.00,17.00,0.00,0,223
689.09,1552976982,13410.42,51.48854885,7.40175462,180.08,0.00,0.00,0.46,0,-118.00,-20.00,0.00,0.00,31.00,0.00,0,176
689.09,1552976982,13410.42,51.48854885,7.40175462,180.08,0.00,0.00,0.46,0,-119.00,-20.00,0.00,0.00,31.00,0.00,0,36
689.09,1552976982,13410.42,51.48854885,7.40175462,180.08,0.00,0.00,0.46,0,-118.00,-20.00,0.00,0.00,32.00,0.00,0,17
689.09,1552976982,13410.42,51.48854885,7.40175462,180.08,0.00,0.00,0.46,0,-127.00,-13.00,0.00,0.00,17.00,0.00,0,227
689.10,1552976982,13410.42,51.48854885,7.40175462,180.08,0.00,0.00,0.46,0,-128.00,-14.00,0.00,0.00,17.00,0.00,0,223
690.09,1552976983,13410.42,51.48854885,7.40175462,180.11,0.00,0.00,0.46,0,-127.00,-13.00,0.00,0.00,17.00,0.00,0,227
690.09,1552976983,13410.42,51.48854885,7.40175462,180.11,0.00,0.00,0.46,0,-128.00,-14.00,0.00,0.00,17.00,0.00,0,223
691.09,1552976984,13410.42,51.48854885,7.40175462,180.14,0.00,0.00,0.46,0,-127.00,-13.00,0.00,0.00,17.00,0.00,0,227
691.09,1552976984,13410.42,51.48854885,7.40175462,180.14,0.00,0.00,0.46,0,-128.00,-14.00,0.00,0.00,17.00,0.00,0,223
692.09,1552976985,13410.42,51.48854885,7.40175462,180.16,0.00,0.00,0.46,0,-127.00,-14.00,0.00,0.00,18.00,0.00,0,227
692.09,1552976985,13410.42,51.48854885,7.40175462,180.16,0.00,0.00,0.46,0,-128.00,-15.00,0.00,0.00,18.00,0.00,0,223
693.09,1552976986,13410.42,51.48854885,7.40175462,180.19,0.00,0.00,0.46,0,-127.00,-14.00,0.00,0.00,18.00,0.00,0,227
693.09,1552976986,13410.42,51.48854885,7.40175462,180.19,0.00,0.00,0.46,0,-128.00,-15.00,0.00,0.00,18.00,0.00,0,223
694.09,1552976987,13410.42,51.48854885,7.40175462,180.21,0.00,0.00,0.46,0,-127.00,-14.00,0.00,0.00,18.00,0.00,0,227
694.09,1552976987,13410.42,51.48854885,7.40175462,180.21,0.00,0.00,0.46,0,-128.00,-15.00,0.00,0.00,18.00,0.00,0,223
695.09,1552976988,13410.42,51.48854885,7.40175462,180.23,0.00,0.00,0.46,0,-127.00,-14.00,0.00,0.00,18.00,0.00,0,227
695.09,1552976988,13410.42,51.48854885,7.40175462,180.23,0.00,0.00,0.46,0,-128.00,-15.00,0.00,0.00,18.00,0.00,0,223
709.08,1552977002,13455.14,51.48909357,7.40171511,185.50,9.48,0.00,0.51,0,-87.00,-9.00,0.00,0.00,48.00,0.00,0,450
710.09,1552977003,13464.64,51.48915531,7.40171448,184.95,7.09,0.00,0.15,0,-87.00,-9.00,0.00,0.00,48.00,0.00,0,450
711.09,1552977004,13471.74,51.48922649,7.40171956,184.63,6.51,0.00,0.58,0,-86.00,-9.00,0.00,0.00,49.00,0.00,0,450
712.09,1552977005,13478.24,51.48927854,7.40171972,184.02,6.41,0.00,0.61,0,-86.00,-9.00,0.00,0.00,49.00,0.00,0,450
713.09,1552977006,13484.65,51.48933549,7.40174659,183.39,5.31,0.00,13.18,0,-80.00,-11.00,0.00,0.00,56.00,0.00,0,450
714.09,1552977007,13489.97,51.48938774,7.40178918,183.18,5.12,0.00,27.73,0,-80.00,-11.00,0.00,0.00,56.00,0.00,0,450
715.09,1552977008,13495.09,51.48942068,7.40186765,182.94,5.67,0.00,58.37,0,-85.00,-8.00,0.00,0.00,49.00,0.00,0,450
716.09,1552977009,13500.78,51.48942790,7.40197897,182.59,7.84,0.00,87.68,0,-85.00,-8.00,0.00,0.00,49.00,0.00,0,450
717.09,1552977010,13508.61,51.48942748,7.40211231,181.57,9.36,0.00,88.71,0,-86.00,-9.00,0.00,0.00,49.00,0.00,0,450
718.09,1552977011,13517.96,51.48942653,7.40225408,180.45,10.62,0.00,89.28,0,-86.00,-9.00,0.00,0.00,49.00,0.00,0,450
719.10,1552977012,13528.69,51.48942320,7.40241985,179.38,11.71,0.00,89.79,0,-88.00,-10.00,0.00,0.00,48.00,0.00,0,450
720.09,1552977013,13540.29,51.48941915,7.40261160,178.17,12.80,0.00,90.67,0,-88.00,-10.00,0.00,0.00,48.00,0.00,0,450
721.09,1552977014,13553.09,51.48941196,7.40279914,177.42,13.80,0.00,91.48,0,-88.00,-10.00,0.00,0.00,48.00,0.00,0,450
722.09,1552977015,13566.89,51.48940535,7.40300458,176.84,14.66,0.00,90.84,0,-89.00,-10.00,0.00,0.00,47.00,0.00,0,450
723.09,1552977016,13581.55,51.48940028,7.40323046,176.04,15.24,0.00,90.31,0,-89.00,-10.00,0.00,0.00,47.00,0.00,0,450
726.09,1552977019,13626.56,51.48938706,7.40388404,173.42,14.67,0.00,91.02,0,-89.00,-13.00,0.00,0.00,49.00,0.00,0,451
726.09,1552977019,13626.56,51.48938706,7.40388404,173.42,14.67,0.00,91.02,0,-109.00,-18.00,0.00,0.00,39.00,0.00,0,36
726.09,1552977019,13626.57,51.48938706,7.40388404,173.42,14.67,0.00,91.02,0,-110.00,-18.00,0.00,0.00,39.00,0.00,0,159
727.77,1552977021,13651.16,51.48938326,7.40407698,173.29,14.42,0.00,90.75,0,-89.00,-13.00,0.00,0.00,49.00,0.00,0,451
727.77,1552977021,13651.16,51.48938326,7.40407698,173.29,14.42,0.00,90.75,0,-109.00,-18.00,0.00,0.00,39.00,0.00,0,36
727.77,1552977021,13651.16,51.48938326,7.40407698,173.29,14.42,0.00,90.75,0,-110.00,-18.00,0.00,0.00,39.00,0.00,0,159
730.76,1552977024,13693.87,51.48936663,7.40468154,173.80,13.76,0.00,91.12,0,-123.00,-19.00,0.00,0.00,24.00,0.00,0,348
730.76,1552977024,13693.87,51.48936663,7.40468154,173.80,13.76,0.00,91.12,0,-125.00,-20.00,0.00,0.00,24.00,0.00,0,36
730.76,1552977024,13693.88,51.48936663,7.40468154,173.80,13.76,0.00,91.12,0,-127.00,-21.00,0.00,0.00,24.00,0.00,0,176
730.76,1552977024,13693.89,51.48936663,7.40468154,173.80,13.76,0.00,91.12,0,-83.00,-7.00,0.00,0.00,52.00,0.00,0,450
730.76,1552977024,13693.91,51.48936663,7.40468154,173.80,13.76,0.00,91.12,0,-106.00,-15.00,0.00,0.00,37.00,0.00,0,316
730.76,1552977024,13693.91,51.48936663,7.40468154,173.80,13.76,0.00,91.12,0,-108.00,-18.00,0.00,0.00,37.00,0.00,0,38
730.77,1552977024,13693.92,51.48936663,7.40468154,173.80,13.76,0.00,91.12,0,-108.00,-16.00,0.00,0.00,37.00,0.00,0,27
730.77,1552977024,13693.93,51.48936663,7.40468154,173.80,13.76,0.00,91.12,0,0.00,0.00,0.00,0.00,63.00,0.00,0,149
731.76,1552977025,13707.62,51.48936356,7.40488509,173.88,13.34,0.00,90.70,0,-123.00,-19.00,0.00,0.00,24.00,0.00,0,348
731.76,1552977025,13707.63,51.48936356,7.40488509,173.88,13.34,0.00,90.70,0,-125.00,-20.00,0.00,0.00,24.00,0.00,0,36
731.76,1552977025,13707.64,51.48936356,7.40488509,173.88,13.34,0.00,90.70,0,-127.00,-21.00,0.00,0.00,24.00,0.00,0,176
731.76,1552977025,13707.64,51.48936356,7.40488509,173.88,13.34,0.00,90.70,0,-83.00,-7.00,0.00,0.00,52.00,0.00,0,450
731.76,1552977025,13707.66,51.48936356,7.40488509,173.88,13.34,0.00,90.70,0,-106.00,-15.00,0.00,0.00,37.00,0.00,0,316
731.76,1552977025,13707.67,51.48936356,7.40488509,173.88,13.34,0.00,90.70,0,-108.00,-18.00,0.00,0.00,37.00,0.00,0,38
731.76,1552977025,13707.67,51.48936356,7.40488509,173.88,13.34,0.00,90.70,0,-108.00,-16.00,0.00,0.00,37.00,0.00,0,27
731.77,1552977025,13707.68,51.48936356,7.40488509,173.88,13.34,0.00,90.70,0,0.00,0.00,0.00,0.00,63.00,0.00,0,149
738.76,1552977032,13799.19,51.48944857,7.40619937,177.02,12.78,0.00,79.36,0,-82.00,-15.00,0.00,0.00,59.00,0.00,0,452
738.76,1552977032,13799.19,51.48944857,7.40619937,177.02,12.78,0.00,79.36,0,-83.00,-15.00,0.00,0.00,58.00,0.00,0,171
739.76,1552977033,13811.94,51.48947589,7.40636680,176.88,11.22,0.00,78.31,0,-82.00,-15.00,0.00,0.00,59.00,0.00,0,452
739.76,1552977033,13811.95,51.48947589,7.40636680,176.88,11.22,0.00,78.31,0,-83.00,-15.00,0.00,0.00,58.00,0.00,0,171
740.77,1552977034,13823.29,51.48950439,7.40653280,176.92,11.07,0.00,77.64,0,-81.00,-13.00,0.00,0.00,58.00,0.00,0,452
740.77,1552977034,13823.29,51.48950439,7.40653280,176.92,11.07,0.00,77.64,0,-83.00,-15.00,0.00,0.00,58.00,0.00,0,171
741.76,1552977035,13834.25,51.48953269,7.40667944,177.26,10.91,0.00,76.81,0,-81.00,-13.00,0.00,0.00,58.00,0.00,0,452
741.76,1552977035,13834.26,51.48953269,7.40667944,177.26,10.91,0.00,76.81,0,-83.00,-15.00,0.00,0.00,58.00,0.00,0,171
742.76,1552977036,13845.15,51.48956185,7.40682568,177.35,9.75,0.00,77.46,0,-81.00,-13.00,0.00,0.00,58.00,0.00,0,452
742.76,1552977036,13845.15,51.48956185,7.40682568,177.35,9.75,0.00,77.46,0,-83.00,-15.00,0.00,0.00,58.00,0.00,0,171
743.76,1552977037,13854.90,51.48958657,7.40696476,177.04,9.42,0.00,77.57,0,-82.00,-15.00,0.00,0.00,59.00,0.00,0,452
744.76,1552977038,13864.35,51.48960883,7.40709921,176.47,9.25,0.00,77.84,0,-82.00,-15.00,0.00,0.00,59.00,0.00,0,452
747.76,1552977041,13892.89,51.48967640,7.40750510,174.96,10.25,0.00,79.35,0,-76.00,-10.00,0.00,0.00,60.00,0.00,0,450
747.76,1552977041,13892.90,51.48967640,7.40750510,174.96,10.25,0.00,79.35,0,-80.00,-13.00,0.00,0.00,58.00,0.00,0,452
748.76,1552977042,13903.14,51.48969149,7.40764364,174.76,10.32,0.00,80.03,0,-76.00,-10.00,0.00,0.00,60.00,0.00,0,450
748.76,1552977042,13903.15,51.48969149,7.40764364,174.76,10.32,0.00,80.03,0,-80.00,-13.00,0.00,0.00,58.00,0.00,0,452
749.76,1552977043,13913.46,51.48970952,7.40779303,174.49,10.89,0.00,80.99,0,-81.00,-13.00,0.00,0.00,57.00,0.00,0,450
750.76,1552977044,13924.34,51.48972478,7.40793869,174.30,10.70,0.00,80.58,0,-81.00,-13.00,0.00,0.00,57.00,0.00,0,450
