0.09,1552627538,0.00,51.45006822,7.48825352,252.12,10.21,0.00,170.58,1,-95.00,-6.00,13.00,11.00,29.00,7.00,13415170,315
1.09,1552627539,10.20,51.44997401,7.48828264,252.31,10.07,-0.15,171.03,1,-95.00,-6.00,13.00,11.00,29.00,7.00,13415170,315
2.09,1552627540,20.27,51.44986277,7.48831234,252.76,12.43,2.37,171.95,1,-99.00,-6.00,11.00,9.00,26.00,7.00,13415170,315
3.09,1552627541,32.70,51.44973821,7.48834388,253.01,13.49,1.06,172.93,1,-99.00,-6.00,11.00,9.00,26.00,7.00,13415170,315
4.09,1552627542,46.20,51.44960495,7.48836726,253.24,14.00,0.51,174.76,1,-98.00,-7.00,16.00,10.00,27.00,7.00,13415170,315
5.09,1552627543,60.20,51.44947463,7.48839114,253.16,14.14,0.14,175.87,1,-98.00,-7.00,16.00,10.00,27.00,7.00,13415170,315
6.09,1552627544,74.34,51.44934862,7.48840580,252.80,13.79,-0.35,177.68,1,-100.00,-9.00,10.00,12.00,27.00,7.00,13415170,315
7.09,1552627545,88.14,51.44922153,7.48841262,252.41,14.02,0.23,179.02,1,-100.00,-9.00,10.00,12.00,27.00,7.00,13415170,315
8.09,1552627546,102.17,51.44908937,7.48841092,252.28,14.32,0.30,180.17,1,-98.00,-7.00,11.00,10.00,29.00,7.00,13415170,315
9.09,1552627547,116.49,51.44895674,7.48839942,252.38,14.21,-0.11,183.10,1,-98.00,-7.00,11.00,10.00,29.00,7.00,13415170,315
10.09,1552627548,130.66,51.44882623,7.48837287,252.70,14.24,0.03,186.70,1,-101.00,-9.00,13.00,12.00,26.00,7.00,13415170,315
11.09,1552627549,144.94,51.44869791,7.48832522,253.21,14.74,0.50,189.28,1,-101.00,-9.00,13.00,12.00,26.00,7.00,13415170,315
12.10,1552627550,159.85,51.44857448,7.48828070,253.46,14.27,-0.47,190.84,1,-105.00,-8.00,2.00,9.00,22.00,7.00,13415170,315
13.10,1552627551,174.00,51.44844928,7.48823490,253.56,14.60,0.34,191.80,1,-105.00,-8.00,2.00,9.00,22.00,7.00,13415170,315
14.09,1552627552,188.59,51.44832324,7.48818737,253.81,13.89,-0.72,191.76,1,-105.00,-8.00,2.00,9.00,22.00,7.00,13415170,315
15.10,1552627553,202.49,51.44820089,7.48813538,253.90,14.34,0.45,192.50,1,-103.00,-9.00,0.00,9.00,24.00,7.00,13415170,315
16.10,1552627554,216.83,51.44806807,7.48808252,253.96,14.85,0.51,192.53,1,-103.00,-9.00,0.00,9.00,24.00,7.00,13415170,315
17.09,1552627555,231.66,51.44792734,7.48802332,254.32,14.65,-0.19,191.86,1,-109.00,-14.00,5.00,8.00,24.00,7.00,13415170,315
18.10,1552627556,246.33,51.44779333,7.48797552,254.37,14.62,-0.03,190.01,1,-109.00,-14.00,5.00,8.00,24.00,7.00,13415170,315
19.09,1552627557,260.94,51.44766000,7.48793809,254.63,14.82,0.20,188.09,1,-111.00,-14.00,-1.00,2.00,31.00,7.00,13415170,315
20.10,1552627558,275.78,51.44755056,7.48792796,254.59,15.01,0.18,185.52,1,-111.00,-14.00,-1.00,2.00,31.00,7.00,13415170,315
21.10,1552627559,290.78,51.44741670,7.48791813,254.61,15.17,0.16,183.19,1,-110.00,-13.00,0.00,2.00,23.00,7.00,13415170,315
22.10,1552627560,305.97,51.44727536,7.48792231,254.72,15.41,0.24,179.96,1,-110.00,-13.00,0.00,2.00,23.00,7.00,13415170,315
23.09,1552627561,321.35,51.44713985,7.48793752,254.93,15.52,0.11,177.13,1,-110.00,-12.00,0.00,2.00,22.00,7.00,13415170,315
24.10,1552627562,336.91,51.44700617,7.48796374,255.05,16.01,0.48,174.09,1,-110.00,-12.00,0.00,2.00,22.00,7.00,13415170,315
25.09,1552627563,352.87,51.44685908,7.48800185,255.39,16.21,0.21,170.47,1,-110.00,-12.00,0.00,2.00,21.00,7.00,13415170,315
26.10,1552627564,369.10,51.44672124,7.48805122,255.56,16.03,-0.18,167.59,1,-110.00,-12.00,0.00,2.00,21.00,7.00,13415170,315
27.09,1552627565,385.10,51.44658018,7.48812372,256.10,16.12,0.09,164.64,1,-110.00,-12.00,5.00,2.00,21.00,7.00,13415170,315
28.09,1552627566,401.23,51.44644001,7.48821511,256.86,16.10,-0.02,161.72,1,-110.00,-12.00,5.00,2.00,21.00,7.00,13415170,315
29.09,1552627567,417.33,51.44630307,7.48832321,257.76,16.64,0.55,157.62,1,-110.00,-10.00,5.00,2.00,20.00,7.00,13415170,315
30.09,1552627568,433.98,51.44617978,7.48847490,258.87,16.32,-0.32,144.33,1,-110.00,-10.00,5.00,2.00,20.00,7.00,13415170,315
31.09,1552627569,450.30,51.44606489,7.48861837,259.67,16.40,0.08,143.93,1,-106.00,-9.00,8.00,2.00,22.00,7.00,13415170,315
32.09,1552627570,466.70,51.44595184,7.48877420,260.42,15.76,-0.64,142.41,1,-106.00,-9.00,8.00,2.00,22.00,7.00,13415170,315
33.10,1552627571,482.54,51.44583936,7.48894203,261.34,16.18,0.41,140.24,1,-104.00,-8.00,6.00,7.00,23.00,13.00,13415170,315
34.10,1552627572,498.65,51.44574225,7.48910486,262.03,15.55,-0.63,137.21,1,-104.00,-8.00,6.00,7.00,23.00,13.00,13415170,315
35.09,1552627573,514.19,51.44564924,7.48927845,262.73,15.52,-0.03,134.37,1,-104.00,-8.00,6.00,7.00,23.00,13.00,13415170,315
36.09,1552627574,529.71,51.44555613,7.48946472,263.24,15.33,-0.19,131.92,1,-104.00,-9.00,7.00,12.00,24.00,13.00,13415170,315
37.09,1552627575,545.04,51.44546278,7.48965724,263.73,15.78,0.45,129.81,1,-104.00,-9.00,7.00,12.00,24.00,13.00,13415170,315
38.09,1552627576,560.74,51.44537493,7.48984740,264.10,15.68,-0.11,128.73,1,-103.00,-7.00,6.00,11.00,23.00,13.00,13415170,315
39.09,1552627577,576.48,51.44529737,7.49002788,264.17,15.35,-0.33,128.04,1,-103.00,-7.00,6.00,11.00,23.00,13.00,13415170,315
40.09,1552627578,591.84,51.44521347,7.49021667,264.42,14.91,-0.44,127.54,1,-105.00,-10.00,-1.00,7.00,25.00,13.00,13415170,315
41.09,1552627579,606.75,51.44513459,7.49039433,264.55,14.83,-0.08,126.67,1,-105.00,-10.00,-1.00,7.00,25.00,13.00,13415170,315
42.09,1552627580,621.58,51.44506448,7.49056304,264.58,14.34,-0.49,126.03,1,-105.00,-10.00,0.00,7.00,24.00,13.00,13415170,315
43.09,1552627581,635.92,51.44499400,7.49073753,264.92,13.67,-0.67,125.42,1,-105.00,-10.00,0.00,7.00,24.00,13.00,13415170,315
44.10,1552627582,649.62,51.44492561,7.49091249,265.66,12.93,-0.74,124.90,1,-109.00,-13.00,0.00,5.00,23.00,13.00,13415170,315
45.10,1552627583,662.53,51.44486220,7.49107008,266.31,12.46,-0.46,125.58,1,-109.00,-13.00,0.00,5.00,23.00,13.00,13415170,315
46.09,1552627584,674.98,51.44480213,7.49120666,267.17,11.39,-1.08,126.37,1,-106.00,-9.00,1.00,6.00,22.00,24.00,13417219,440
47.10,1552627585,686.38,51.44474960,7.49132772,267.79,9.60,-1.79,126.87,1,-106.00,-9.00,1.00,6.00,22.00,24.00,13417219,440
48.10,1552627586,695.98,51.44470778,7.49142907,268.33,7.82,-1.78,127.35,1,-111.00,-11.00,1.00,8.00,20.00,24.00,13417219,440
49.10,1552627587,703.80,51.44466955,7.49151088,268.77,5.89,-1.93,127.64,1,-111.00,-11.00,1.00,8.00,20.00,24.00,13417219,440
50.09,1552627588,709.68,51.44463981,7.49157124,268.82,3.70,-2.19,128.12,1,-110.00,-11.00,3.00,7.00,20.00,24.00,13417219,440
51.10,1552627589,713.38,51.44462372,7.49160612,268.89,1.34,-2.36,127.51,1,-110.00,-11.00,3.00,7.00,20.00,24.00,13417219,440
52.10,1552627590,714.71,51.44462372,7.49160612,268.89,0.00,-1.34,127.51,1,-109.00,-11.00,2.00,5.00,22.00,24.00,13417219,440
53.10,1552627591,714.71,51.44462372,7.49160612,268.90,0.00,0.00,127.51,1,-109.00,-11.00,2.00,5.00,22.00,24.00,13417219,440
54.10,1552627592,714.71,51.44462372,7.49160612,268.92,0.00,0.00,127.51,1,-109.00,-10.00,1.00,4.00,20.00,24.00,13417219,440
55.10,1552627593,714.71,51.44462372,7.49160612,268.92,0.00,0.00,127.51,1,-109.00,-10.00,1.00,4.00,20.00,24.00,13417219,440
56.10,1552627594,714.71,51.44462372,7.49160612,268.93,0.00,0.00,127.51,1,-109.00,-10.00,1.00,4.00,20.00,24.00,13417219,440
57.10,1552627595,714.71,51.44462372,7.49160612,268.93,0.00,0.00,127.51,1,-111.00,-10.00,2.00,4.00,19.00,24.00,13417219,440
58.10,1552627596,714.71,51.44462372,7.49160612,268.94,0.00,0.00,127.51,1,-111.00,-10.00,2.00,4.00,19.00,24.00,13417219,440
59.10,1552627597,714.71,51.44462372,7.49160612,268.95,0.00,0.00,127.51,1,-110.00,-11.00,1.00,7.00,19.00,24.00,13417219,440
60.10,1552627598,714.71,51.44462372,7.49160612,269.06,0.00,0.00,120.62,1,-110.00,-11.00,1.00,7.00,19.00,24.00,13417219,440
61.10,1552627599,714.71,51.44458960,7.49169470,270.67,0.00,0.00,122.34,1,-111.00,-11.00,1.00,9.00,19.00,24.00,13417219,440
62.10,1552627600,714.71,51.44456346,7.49175099,272.20,4.71,0.00,124.75,1,-111.00,-11.00,1.00,9.00,19.00,24.00,13417219,440
63.10,1552627601,719.44,51.44451508,7.49177368,273.20,6.05,1.34,161.28,1,-105.00,-7.00,-1.00,2.00,23.00,24.00,13417219,440
64.10,1552627602,725.50,51.44445474,7.49176885,274.30,6.18,0.13,183.06,1,-105.00,-7.00,-1.00,2.00,23.00,24.00,13417219,440
65.10,1552627603,731.68,51.44439269,7.49170643,275.02,8.20,2.02,213.05,1,-105.00,-11.00,1.00,2.00,26.00,24.00,13417219,440
66.10,1552627604,739.88,51.44431564,7.49163123,275.49,10.05,1.85,213.93,1,-105.00,-11.00,1.00,2.00,26.00,24.00,13417219,440
67.10,1552627605,749.95,51.44424296,7.49154354,275.62,10.97,0.92,215.20,1,-106.00,-12.00,1.00,2.00,26.00,24.00,13417219,440
68.10,1552627606,760.92,51.44415338,7.49143966,275.73,12.28,1.31,215.90,1,-106.00,-12.00,1.00,2.00,26.00,24.00,13417219,440
69.10,1552627607,773.19,51.44405705,7.49132744,275.62,13.27,0.99,215.20,1,-107.00,-12.00,3.00,2.00,25.00,24.00,13417219,440
70.10,1552627608,786.45,51.44396732,7.49121923,275.54,14.01,0.74,214.68,1,-107.00,-12.00,3.00,2.00,25.00,24.00,13417219,440
71.09,1552627609,800.40,51.44446930,7.49138170,275.35,13.82,-0.19,215.16,1,-101.00,-10.00,11.00,10.00,29.00,23.00,13417219,440
72.10,1552627610,814.24,51.44376343,7.49099022,275.10,13.89,0.07,216.02,1,-101.00,-10.00,11.00,10.00,29.00,23.00,13417219,440
73.09,1552627611,828.11,51.44365934,7.49087077,274.75,14.20,0.31,216.19,1,-107.00,-11.00,-2.00,7.00,24.00,23.00,13417219,440
74.09,1552627612,842.31,51.44354990,7.49073927,274.51,14.49,0.30,216.23,1,-107.00,-11.00,-2.00,7.00,24.00,23.00,13417219,440
75.11,1552627613,856.99,51.44344248,7.49060997,274.31,14.67,0.17,216.49,1,-106.00,-10.00,1.00,5.00,22.00,23.00,13417219,440
76.09,1552627614,871.47,51.44333134,7.49047127,274.22,14.89,0.23,216.90,1,-106.00,-10.00,1.00,5.00,22.00,23.00,13417219,440
77.09,1552627615,886.36,51.44323247,7.49035039,274.15,15.00,0.11,216.67,1,-106.00,-10.00,1.00,5.00,22.00,23.00,13417219,440
78.10,1552627616,901.38,51.44312611,7.49022267,274.27,14.87,-0.13,216.52,1,-109.00,-12.00,3.00,5.00,21.00,23.00,13417219,440
79.09,1552627617,916.23,51.44301099,7.49008295,274.61,14.73,-0.13,216.40,1,-109.00,-12.00,3.00,5.00,21.00,23.00,13417219,440
80.09,1552627618,930.96,51.44289906,7.48995106,275.20,14.87,0.13,216.50,1,-107.00,-11.00,2.00,4.00,24.00,23.00,13417219,440
81.09,1552627619,945.83,51.44278936,7.48982850,275.82,15.26,0.39,216.00,1,-107.00,-11.00,2.00,4.00,24.00,23.00,13417219,440
82.09,1552627620,961.09,51.44268685,7.48970809,276.36,15.23,-0.03,216.82,1,-103.00,-10.00,2.00,5.00,27.00,23.00,13417219,440
83.09,1552627621,976.25,51.44257186,7.48957333,276.76,15.21,-0.02,216.48,1,-103.00,-10.00,2.00,5.00,27.00,23.00,13417219,440
84.10,1552627622,991.55,51.44246771,7.48944714,276.98,14.92,-0.29,216.85,1,-103.00,-10.00,5.00,2.00,26.00,23.00,13417219,440
85.09,1552627623,1006.45,51.44236924,7.48932579,276.95,14.60,-0.32,216.06,1,-103.00,-10.00,5.00,2.00,26.00,23.00,13417219,440
86.10,1552627624,1021.08,51.44225436,7.48919012,277.20,14.61,0.01,216.57,1,-99.00,-8.00,7.00,2.00,28.00,23.00,13417219,440
87.10,1552627625,1035.69,51.44214634,7.48905382,277.70,14.79,0.18,217.26,1,-99.00,-8.00,7.00,2.00,28.00,23.00,13417219,440
88.10,1552627626,1050.47,51.44203606,7.48891624,277.94,15.47,0.68,217.98,1,-100.00,-7.00,4.00,2.00,27.00,23.00,13417219,440
89.10,1552627627,1065.94,51.44193840,7.48878056,277.99,14.04,-1.43,219.31,1,-100.00,-7.00,4.00,2.00,27.00,23.00,13417219,440
90.10,1552627628,1079.98,51.44184691,7.48864017,277.84,15.00,0.96,220.78,1,-99.00,-7.00,-7.00,2.00,28.00,23.00,13417219,440
91.10,1552627629,1094.98,51.44215260,7.48859450,277.86,14.83,-0.16,223.07,1,-99.00,-7.00,-7.00,2.00,28.00,23.00,13417219,440
92.09,1552627630,1109.78,51.44165282,7.48830979,277.62,14.31,-0.52,225.88,1,-100.00,-8.00,-2.00,5.00,30.00,20.00,13417219,440
93.09,1552627631,1124.09,51.44156651,7.48813981,277.80,13.51,-0.80,227.82,1,-100.00,-8.00,-2.00,5.00,30.00,20.00,13417219,440
94.09,1552627632,1137.60,51.44148834,7.48797735,278.25,13.98,0.48,228.74,1,-97.00,-8.00,-2.00,8.00,32.00,20.00,13417219,440
95.10,1552627633,1151.59,51.44140640,7.48780787,279.24,14.16,0.18,229.87,1,-97.00,-8.00,-2.00,8.00,32.00,20.00,13417219,440
96.10,1552627634,1165.87,51.44133209,7.48764880,280.00,14.14,-0.02,230.50,1,-96.00,-8.00,5.00,10.00,30.00,20.00,13417219,440
97.09,1552627635,1179.89,51.44125218,7.48747551,280.51,14.83,0.70,231.46,1,-96.00,-8.00,5.00,10.00,30.00,20.00,13417219,440
98.09,1552627636,1194.72,51.44117166,7.48730134,280.92,15.16,0.32,232.07,1,-96.00,-8.00,5.00,10.00,30.00,20.00,13417219,440
99.10,1552627637,1209.89,51.44109492,7.48712689,281.04,15.12,-0.04,232.52,1,-93.00,-6.00,16.00,13.00,33.00,20.00,13417219,440
100.10,1552627638,1225.00,51.44101336,7.48694354,281.05,15.15,0.03,233.04,1,-93.00,-6.00,16.00,13.00,33.00,20.00,13417219,440
101.09,1552627639,1240.14,51.44093831,7.48677181,281.06,14.91,-0.24,232.40,1,-96.00,-7.00,12.00,12.00,32.00,20.00,13417219,440
102.09,1552627640,1255.05,51.44085470,7.48658684,281.21,14.68,-0.23,233.23,1,-96.00,-7.00,12.00,12.00,32.00,20.00,13417219,440
103.09,1552627641,1269.73,51.44078150,7.48642109,281.55,14.70,0.02,232.54,1,-92.00,-6.00,10.00,2.00,42.00,20.00,13417219,440
104.10,1552627642,1284.49,51.44071055,7.48625422,281.71,14.69,-0.01,231.60,1,-92.00,-6.00,10.00,2.00,42.00,20.00,13417219,440
105.09,1552627643,1299.12,51.44063063,7.48607399,282.17,14.57,-0.12,232.81,1,-94.00,-6.00,-2.00,12.00,32.00,20.00,13417219,440
106.09,1552627644,1313.69,51.44055691,7.48589864,282.51,14.85,0.28,232.81,1,-94.00,-6.00,-2.00,12.00,32.00,20.00,13417219,440
107.10,1552627645,1328.55,51.44047763,7.48572224,283.05,14.72,-0.13,232.39,1,-96.00,-8.00,8.00,11.00,32.00,20.00,13417219,440
108.09,1552627646,1343.25,51.44040172,7.48555882,283.22,14.50,-0.22,231.99,1,-96.00,-8.00,8.00,11.00,32.00,20.00,13417219,440
109.09,1552627647,1357.75,51.44032540,7.48539019,283.59,14.39,-0.11,232.45,1,-93.00,-7.00,27.00,14.00,33.00,20.00,13417219,440
110.11,1552627648,1372.30,51.44025172,7.48522674,284.03,14.46,0.07,231.66,1,-93.00,-7.00,27.00,14.00,33.00,20.00,13417219,440
111.10,1552627649,1386.65,51.44017290,7.48506110,284.11,14.80,0.34,230.87,1,-89.00,-6.00,20.00,13.00,37.00,20.00,13417219,440
112.09,1552627650,1401.32,51.44008552,7.48488500,284.10,14.88,0.08,231.11,1,-89.00,-6.00,20.00,13.00,37.00,20.00,13417219,440
113.09,1552627651,1416.26,51.43999823,7.48471518,284.20,14.75,-0.13,230.91,1,-93.00,-11.00,15.00,7.00,39.00,20.00,13417219,440
114.09,1552627652,1430.94,51.43991034,7.48454494,284.52,14.69,-0.06,231.43,1,-93.00,-11.00,15.00,7.00,39.00,20.00,13417219,440
115.09,1552627653,1445.68,51.43983212,7.48437496,285.01,14.85,0.16,232.14,1,-95.00,-9.00,10.00,7.00,32.00,20.00,13417219,440
116.09,1552627654,1460.52,51.43974434,7.48419154,285.16,15.33,0.48,232.99,1,-95.00,-9.00,10.00,7.00,32.00,20.00,13417219,440
117.10,1552627655,1475.99,51.43965554,7.48400933,285.35,15.10,-0.23,233.33,1,-97.00,-10.00,7.00,8.00,32.00,20.00,13417219,440
118.09,1552627656,1490.95,51.43957914,7.48384042,285.55,15.43,0.33,233.97,1,-97.00,-10.00,7.00,8.00,32.00,20.00,13417219,440
119.09,1552627657,1506.38,51.43949941,7.48364400,286.14,15.26,-0.17,234.96,1,-97.00,-10.00,7.00,8.00,32.00,20.00,13417219,440
120.09,1552627658,1521.64,51.43942077,7.48344204,286.69,15.57,0.31,236.74,1,-96.00,-8.00,1.00,9.00,32.00,20.00,13417219,440
121.10,1552627659,1537.26,51.43935162,7.48325764,286.91,15.32,-0.25,238.20,1,-96.00,-8.00,1.00,9.00,32.00,20.00,13417219,440
122.10,1552627660,1552.58,51.43927772,7.48305635,287.27,15.86,0.54,239.06,1,-95.00,-8.00,7.00,9.00,34.00,20.00,13417219,440
123.10,1552627661,1568.44,51.43921725,7.48286807,287.57,15.73,-0.13,239.72,1,-95.00,-8.00,7.00,9.00,34.00,20.00,13417219,440
124.10,1552627662,1584.17,51.43914540,7.48266780,288.17,14.81,-0.92,238.80,1,-94.00,-8.00,13.00,10.00,35.00,20.00,13417219,440
125.09,1552627663,1598.97,51.43907286,7.48247040,288.56,15.26,0.45,239.13,1,-94.00,-8.00,13.00,10.00,35.00,20.00,13417219,440
126.10,1552627664,1614.25,51.43900892,7.48228802,288.64,15.32,0.05,239.65,1,-92.00,-6.00,16.00,11.00,34.00,20.00,13417219,440
127.10,1552627665,1629.56,51.43893953,7.48208302,288.62,15.22,-0.09,239.26,1,-92.00,-6.00,16.00,11.00,34.00,20.00,13417219,440
128.09,1552627666,1644.77,51.43887158,7.48188095,288.38,15.28,0.06,240.04,1,-93.00,-7.00,5.00,2.00,42.00,20.00,13417219,440
129.10,1552627667,1660.07,51.43879429,7.48166377,288.25,15.74,0.46,240.41,1,-93.00,-7.00,5.00,2.00,42.00,20.00,13417219,440
130.10,1552627668,1675.80,51.43871953,7.48144820,287.91,16.38,0.65,240.40,1,-96.00,-8.00,8.00,2.00,31.00,20.00,13417219,440
131.10,1552627669,1692.20,51.43864743,7.48124271,287.27,16.76,0.38,239.64,1,-96.00,-8.00,8.00,2.00,31.00,20.00,13417219,440
132.10,1552627670,1708.96,51.43856659,7.48101491,287.10,16.69,-0.07,239.63,1,-95.00,-7.00,7.00,2.00,32.00,20.00,13417219,440
133.10,1552627671,1725.66,51.43849401,7.48080509,287.28,16.49,-0.20,240.51,1,-95.00,-7.00,7.00,2.00,32.00,20.00,13417219,440
134.10,1552627672,1742.15,51.43842344,7.48059020,287.10,16.73,0.24,240.88,1,-95.00,-8.00,12.00,2.00,33.00,20.00,13417219,440
135.10,1552627673,1758.88,51.43835238,7.48037772,286.80,16.90,0.16,241.44,1,-95.00,-8.00,12.00,2.00,33.00,20.00,13417219,440
136.10,1552627674,1775.78,51.43828479,7.48018210,286.70,17.03,0.13,240.94,1,-95.00,-7.00,10.00,2.00,32.00,20.00,13417219,440
137.10,1552627675,1792.80,51.43820804,7.47997432,286.57,17.00,-0.02,241.08,1,-95.00,-7.00,10.00,2.00,32.00,20.00,13417219,440
138.10,1552627676,1809.94,51.43813584,7.47976573,286.15,16.47,-0.52,241.59,1,-96.00,-7.00,5.00,2.00,31.00,20.00,13417219,440
139.10,1552627677,1826.27,51.43806495,7.47954501,285.64,16.41,-0.06,242.49,1,-96.00,-7.00,5.00,2.00,31.00,20.00,13417219,440
140.10,1552627678,1842.68,51.43799757,7.47934932,285.27,16.35,-0.06,241.55,1,-96.00,-7.00,5.00,2.00,31.00,20.00,13417219,440
141.10,1552627679,1859.03,51.43793088,7.47914428,285.15,15.38,-0.97,241.19,1,-94.00,-7.00,10.00,2.00,33.00,20.00,13417219,440
142.10,1552627680,1874.41,51.43785999,7.47894293,284.43,14.77,-0.62,241.43,1,-94.00,-7.00,10.00,2.00,33.00,20.00,13417219,440
143.10,1552627681,1889.18,51.43778532,7.47872664,283.80,14.89,0.12,242.03,1,-94.00,-8.00,2.00,2.00,35.00,20.00,13417219,440
144.10,1552627682,1904.06,51.43771845,7.47852611,283.35,15.02,0.14,241.93,1,-94.00,-8.00,2.00,2.00,35.00,20.00,13417219,440
145.10,1552627683,1919.09,51.43764946,7.47831898,283.26,15.08,0.05,241.01,1,-90.00,-8.00,9.00,2.00,37.00,20.00,13417219,440
146.10,1552627684,1934.16,51.43757537,7.47811110,283.04,15.56,0.48,240.61,1,-90.00,-8.00,9.00,2.00,37.00,20.00,13417219,440
147.10,1552627685,1949.72,51.43750046,7.47790012,283.37,15.28,-0.27,241.08,1,-90.00,-7.00,5.00,2.00,37.00,20.00,13417219,440
148.10,1552627686,1965.00,51.43743013,7.47768634,283.08,15.23,-0.06,240.38,1,-90.00,-7.00,5.00,2.00,37.00,20.00,13417219,440
149.10,1552627687,1980.23,51.43736631,7.47749886,283.37,15.50,0.27,239.64,1,-91.00,-7.00,-3.00,2.00,36.00,20.00,13417219,440
150.10,1552627688,1995.73,51.43729449,7.47729537,283.63,15.48,-0.02,240.13,1,-91.00,-7.00,-3.00,2.00,36.00,20.00,13417219,440
151.10,1552627689,2011.22,51.43723365,7.47710042,283.77,14.96,-0.52,241.82,1,-93.00,-10.00,-3.00,2.00,37.00,20.00,13417219,440
152.10,1552627690,2026.18,51.43718197,7.47689555,284.15,14.53,-0.43,245.31,1,-93.00,-10.00,-3.00,2.00,37.00,20.00,13417219,440
153.10,1552627691,2040.70,51.43716507,7.47670401,284.61,13.05,-1.48,259.67,1,-89.00,-7.00,10.00,2.00,37.00,18.00,13523715,6
154.10,1552627692,2053.79,51.43716967,7.47649877,285.21,11.95,-1.11,272.39,1,-89.00,-7.00,10.00,2.00,37.00,18.00,13523715,6
155.09,1552627693,2065.69,51.43719741,7.47632235,285.55,10.40,-1.55,286.71,1,-88.00,-6.00,11.00,2.00,38.00,18.00,13523715,6
156.10,1552627694,2076.11,51.43725710,7.47621477,286.03,8.87,-1.53,314.89,1,-88.00,-6.00,11.00,2.00,38.00,18.00,13523715,6
157.09,1552627695,2084.96,51.43733387,7.47614783,286.23,8.44,-0.43,337.35,1,-93.00,-7.00,8.00,9.00,33.00,19.00,13523715,6
158.10,1552627696,2093.41,51.43741168,7.47613246,286.62,8.07,-0.37,359.89,1,-93.00,-7.00,8.00,9.00,33.00,19.00,13523715,6
159.10,1552627697,2101.55,51.43750978,7.47619703,286.44,9.81,1.73,28.18,1,-95.00,-7.00,9.00,11.00,30.00,19.00,13523715,6
160.10,1552627698,2111.27,51.43758377,7.47631404,286.52,11.03,1.23,46.65,1,-95.00,-7.00,9.00,11.00,30.00,19.00,13523715,6
161.09,1552627699,2122.29,51.43765997,7.47644367,286.61,11.74,0.72,48.87,1,-95.00,-7.00,9.00,11.00,30.00,19.00,13523715,6
162.09,1552627700,2134.03,51.43773758,7.47658961,286.31,12.39,0.65,51.45,1,-96.00,-8.00,10.00,14.00,32.00,19.00,13523715,6
163.10,1552627701,2146.43,51.43781669,7.47675700,285.93,14.52,2.13,52.31,1,-96.00,-8.00,10.00,14.00,32.00,19.00,13523715,6
164.09,1552627702,2160.93,51.43789448,7.47693309,285.58,15.64,1.13,53.18,1,-97.00,-7.00,8.00,9.00,30.00,19.00,13523715,6
165.09,1552627703,2176.58,51.43798298,7.47712917,285.13,16.53,0.88,54.28,1,-97.00,-7.00,8.00,9.00,30.00,19.00,13523715,6
166.10,1552627704,2193.12,51.43807319,7.47733413,284.74,17.81,1.28,54.75,1,-93.00,-7.00,-1.00,11.00,34.00,19.00,13523715,6
167.10,1552627705,2210.93,51.43816860,7.47755234,284.24,18.83,1.02,55.10,1,-93.00,-7.00,-1.00,11.00,34.00,19.00,13523715,6
168.10,1552627706,2229.76,51.43826501,7.47778550,283.77,19.65,0.82,55.84,1,-96.00,-7.00,4.00,11.00,31.00,19.00,13523715,6
169.10,1552627707,2249.42,51.43836570,7.47802896,283.53,20.80,1.15,56.68,1,-96.00,-7.00,4.00,11.00,31.00,19.00,13523715,6
170.10,1552627708,2270.20,51.43847349,7.47830120,283.52,21.11,0.32,56.99,1,-97.00,-10.00,15.00,10.00,32.00,19.00,13523715,6
171.10,1552627709,2291.31,51.43856960,7.47855882,283.54,21.90,0.79,58.75,1,-97.00,-10.00,15.00,10.00,32.00,19.00,13523715,6
172.10,1552627710,2313.21,51.43866506,7.47881765,283.72,22.68,0.78,59.11,1,-104.00,-10.00,2.00,8.00,26.00,19.00,13523715,6
173.10,1552627711,2335.89,51.43876743,7.47909364,283.90,23.22,0.55,58.28,1,-104.00,-10.00,2.00,8.00,26.00,19.00,13523715,6
174.10,1552627712,2359.11,51.43888948,7.47939255,284.13,24.24,1.01,55.85,1,-105.00,-9.00,3.00,8.00,24.00,19.00,13523715,6
175.10,1552627713,2383.35,51.43902164,7.47970012,284.09,24.64,0.40,54.94,1,-105.00,-9.00,3.00,8.00,24.00,19.00,13523715,6
176.10,1552627714,2407.99,51.43915110,7.47999454,284.03,25.68,1.04,54.58,1,-109.00,-11.00,0.00,6.00,23.00,19.00,13523715,6
177.10,1552627715,2433.67,51.43928493,7.48028679,283.96,25.27,-0.41,53.28,1,-109.00,-11.00,0.00,6.00,23.00,19.00,13523715,6
178.09,1552627716,2458.91,51.43941921,7.48057235,283.91,24.75,-0.52,52.05,1,-104.00,-8.00,4.00,10.00,25.00,22.00,13417219,440
179.09,1552627717,2483.66,51.43955823,7.48086526,283.84,24.56,-0.19,52.20,1,-104.00,-8.00,4.00,10.00,25.00,22.00,13417219,440
180.10,1552627718,2508.39,51.43969175,7.48113608,283.82,24.30,-0.26,52.34,1,-103.00,-8.00,7.00,7.00,24.00,22.00,13417219,440
181.09,1552627719,2532.52,51.43982820,7.48141758,283.80,24.27,-0.02,50.88,1,-103.00,-8.00,7.00,7.00,24.00,22.00,13417219,440
182.10,1552627720,2556.82,51.43996736,7.48168871,283.60,24.42,0.15,49.47,1,-103.00,-8.00,7.00,7.00,24.00,22.00,13417219,440
183.10,1552627721,2581.24,51.44011999,7.48195541,283.15,24.79,0.37,46.60,1,-107.00,-11.00,4.00,8.00,24.00,22.00,13417219,440
184.09,1552627722,2606.00,51.44027544,7.48220985,282.51,24.88,0.09,44.25,1,-107.00,-11.00,4.00,8.00,24.00,22.00,13417219,440
185.10,1552627723,2630.96,51.44043812,7.48245874,281.85,25.06,0.18,42.34,1,-107.00,-13.00,-3.00,5.00,24.00,22.00,13417219,440
186.10,1552627724,2656.00,51.44059736,7.48270310,281.10,25.07,0.01,42.17,1,-107.00,-13.00,-3.00,5.00,24.00,22.00,13417219,440
187.10,1552627725,2681.12,51.44076257,7.48293926,280.21,25.16,0.09,40.83,1,-110.00,-15.00,-6.00,3.00,25.00,22.00,13417219,440
188.10,1552627726,2706.26,51.44092653,7.48316889,279.24,25.09,-0.07,40.87,1,-110.00,-15.00,-6.00,3.00,25.00,22.00,13417219,440
189.10,1552627727,2731.37,51.44110006,7.48338766,278.24,24.73,-0.36,37.90,1,-110.00,-16.00,-7.00,3.00,25.00,22.00,13417219,440
190.10,1552627728,2756.10,51.44127439,7.48359348,277.02,24.68,-0.04,36.46,1,-110.00,-16.00,-7.00,3.00,25.00,22.00,13417219,440
191.10,1552627729,2780.71,51.44145849,7.48379601,275.84,24.62,-0.07,34.33,1,-111.00,-17.00,-9.00,2.00,26.00,22.00,13417219,440
192.09,1552627730,2805.30,51.44165185,7.48398844,274.87,24.82,0.20,31.47,1,-111.00,-17.00,-9.00,2.00,26.00,22.00,13417219,440
193.10,1552627731,2830.17,51.44184223,7.48416194,273.90,24.89,0.07,29.45,1,-109.00,-14.00,-8.00,5.00,24.00,22.00,13417219,440
194.10,1552627732,2855.06,51.44203869,7.48433134,273.12,25.16,0.27,27.78,1,-109.00,-14.00,-8.00,5.00,24.00,22.00,13417219,440
195.10,1552627733,2880.19,51.44223656,7.48449985,272.36,25.33,0.18,27.26,1,-112.00,-15.00,-7.00,3.00,23.00,22.00,13417219,440
196.10,1552627734,2905.52,51.44244047,7.48466022,271.63,25.51,0.17,25.98,1,-112.00,-15.00,-7.00,3.00,23.00,22.00,13417219,440
197.10,1552627735,2931.03,51.44264562,7.48481962,270.94,25.35,-0.16,25.18,1,-111.00,-13.00,-8.00,5.00,22.00,18.00,13415170,315
198.10,1552627736,2956.38,51.44285460,7.48496678,270.30,25.21,-0.14,23.79,1,-111.00,-13.00,-8.00,5.00,22.00,18.00,13415170,315
199.10,1552627737,2981.59,51.44306459,7.48511244,269.70,25.03,-0.18,23.39,1,-107.00,-12.00,-6.00,3.00,25.00,18.00,13415170,315
200.10,1552627738,3006.62,51.44327141,7.48525485,269.15,24.90,-0.13,23.28,1,-107.00,-12.00,-6.00,3.00,25.00,18.00,13415170,315
201.10,1552627739,3031.67,51.44347302,7.48539403,268.64,24.50,-0.40,23.26,1,-109.00,-12.00,1.00,7.00,22.00,18.00,13415170,315
202.09,1552627740,3056.00,51.44367396,7.48552393,268.40,23.38,-1.13,22.49,1,-109.00,-12.00,1.00,7.00,22.00,18.00,13415170,315
203.10,1552627741,3079.40,51.44385402,7.48564494,267.88,21.75,-1.63,21.70,1,-109.00,-12.00,1.00,7.00,22.00,18.00,13415170,315
204.09,1552627742,3101.13,51.44402966,7.48575446,267.30,20.48,-1.27,20.95,1,-106.00,-12.00,-1.00,8.00,24.00,18.00,13415170,315
205.09,1552627743,3121.61,51.44419777,7.48585995,266.75,20.17,-0.31,20.63,1,-106.00,-12.00,-1.00,8.00,24.00,18.00,13415170,315
206.10,1552627744,3141.84,51.44434725,7.48598011,266.27,17.47,-2.69,25.74,1,-107.00,-15.00,-10.00,2.00,26.00,18.00,13415170,315
207.10,1552627745,3159.30,51.44446829,7.48609688,265.99,15.53,-1.95,29.22,1,-107.00,-15.00,-10.00,2.00,26.00,18.00,13415170,315
208.09,1552627746,3174.80,51.44456926,7.48624749,265.41,14.49,-1.04,43.70,1,-106.00,-11.00,2.00,2.00,25.00,18.00,13415170,315
209.09,1552627747,3189.28,51.44464136,7.48642248,264.87,14.02,-0.47,58.84,1,-106.00,-11.00,2.00,2.00,25.00,18.00,13415170,315
210.09,1552627748,3203.30,51.44469142,7.48662326,264.54,13.58,-0.44,72.82,1,-118.00,-15.00,-8.00,3.00,17.00,15.00,13415170,315
211.09,1552627749,3216.88,51.44470978,7.48682308,264.44,13.73,0.15,86.32,1,-118.00,-15.00,-8.00,3.00,17.00,15.00,13415170,315
212.09,1552627750,3230.62,51.44468706,7.48701976,264.34,13.67,-0.06,104.29,1,-114.00,-15.00,-8.00,3.00,19.00,27.00,13417219,315
213.09,1552627751,3244.29,51.44463627,7.48718630,264.49,13.65,-0.02,119.41,1,-114.00,-15.00,-8.00,3.00,19.00,27.00,13417219,315
214.10,1552627752,3257.95,51.44455807,7.48732967,264.18,13.81,0.16,133.98,1,-111.00,-13.00,-3.00,5.00,20.00,27.00,13417219,440
215.10,1552627753,3271.76,51.44446372,7.48742939,264.14,13.87,0.06,148.62,1,-111.00,-13.00,-3.00,5.00,20.00,27.00,13417219,440
216.10,1552627754,3285.64,51.44435809,7.48752095,264.09,14.39,0.52,152.70,1,-113.00,-14.00,-5.00,5.00,19.00,27.00,13417219,440
217.10,1552627755,3300.02,51.44423623,7.48754652,263.73,13.92,-0.47,174.73,1,-113.00,-14.00,-5.00,5.00,19.00,27.00,13417219,440
218.10,1552627756,3313.96,51.44412195,7.48751459,263.12,13.69,-0.23,192.40,1,-115.00,-17.00,-7.00,1.00,20.00,27.00,13417219,440
219.10,1552627757,3327.64,51.44400471,7.48743088,262.59,13.96,0.28,207.49,1,-115.00,-17.00,-7.00,1.00,20.00,27.00,13417219,440
220.10,1552627758,3341.61,51.44390697,7.48731111,262.27,14.12,0.16,220.73,1,-114.00,-16.00,-6.00,2.00,22.00,27.00,13417219,440
221.10,1552627759,3355.75,51.44382882,7.48715156,262.33,14.46,0.33,236.36,1,-114.00,-16.00,-6.00,2.00,22.00,27.00,13417219,440
222.11,1552627760,3370.38,51.44378563,7.48695088,262.69,14.59,0.14,254.63,1,-116.00,-16.00,-10.00,2.00,31.00,27.00,13417219,440
223.10,1552627761,3384.83,51.44377678,7.48673765,263.08,14.98,0.39,270.38,1,-116.00,-16.00,-10.00,2.00,31.00,27.00,13417219,440
224.10,1552627762,3399.79,51.44377139,7.48650247,263.35,15.59,0.62,270.11,1,-116.00,-16.00,-10.00,2.00,31.00,27.00,13417219,440
225.10,1552627763,3415.40,51.44376428,7.48627024,263.17,16.80,1.21,269.71,1,-114.00,-17.00,-6.00,2.00,23.00,27.00,13417219,440
226.10,1552627764,3432.20,51.44375543,7.48601814,262.51,17.77,0.97,269.28,1,-114.00,-17.00,-6.00,2.00,23.00,27.00,13417219,440
227.10,1552627765,3449.93,51.44374899,7.48574399,262.41,18.83,1.06,268.58,1,-117.00,-18.00,-7.00,2.00,22.00,27.00,13417219,440
228.10,1552627766,3468.76,51.44374855,7.48547335,262.88,20.00,1.17,269.47,1,-117.00,-18.00,-7.00,2.00,22.00,27.00,13417219,440
229.10,1552627767,3488.78,51.44374395,7.48518120,263.67,20.16,0.16,269.66,1,-115.00,-19.00,-12.00,2.00,24.00,27.00,13417219,440
230.10,1552627768,3508.94,51.44373994,7.48490224,263.44,20.67,0.51,269.32,1,-115.00,-19.00,-12.00,2.00,24.00,27.00,13417219,440
231.10,1552627769,3529.67,51.44373343,7.48460839,263.70,21.22,0.55,270.19,1,-119.00,-20.00,-5.00,2.00,22.00,27.00,13417219,440
232.10,1552627770,3550.78,51.44372655,7.48431450,264.40,21.64,0.43,268.87,1,-119.00,-20.00,-5.00,2.00,22.00,27.00,13417219,440
233.09,1552627771,3572.32,51.44371674,7.48399122,264.90,21.95,0.31,268.41,1,-107.00,-20.00,-8.00,1.00,34.00,66.00,13177857,26
234.09,1552627772,3594.27,51.44370224,7.48365343,264.99,22.32,0.36,267.49,1,-107.00,-20.00,-8.00,1.00,34.00,66.00,13177857,26
235.11,1552627773,3616.94,51.44368916,7.48331367,264.54,23.24,0.91,268.17,1,-95.00,-21.00,-12.00,1.00,34.00,66.00,13177857,26
236.10,1552627774,3639.90,51.44367928,7.48297593,264.27,23.35,0.11,268.53,1,-95.00,-21.00,-12.00,1.00,34.00,66.00,13177857,26
237.10,1552627775,3663.26,51.44367048,7.48263665,264.25,23.67,0.32,268.19,1,-107.00,-15.00,-7.00,4.00,27.00,66.00,13177857,26
238.10,1552627776,3686.95,51.44365737,7.48228802,264.34,23.91,0.24,266.63,1,-107.00,-15.00,-7.00,4.00,27.00,66.00,13177857,26
239.10,1552627777,3710.84,51.44364622,7.48193796,264.94,24.45,0.54,266.25,1,-108.00,-13.00,-5.00,4.00,24.00,66.00,13177857,26
240.09,1552627778,3735.27,51.44363036,7.48158486,265.08,24.63,0.17,265.99,1,-108.00,-13.00,-5.00,4.00,24.00,66.00,13177857,26
241.10,1552627779,3759.99,51.44361925,7.48122555,265.25,24.71,0.09,265.64,1,-106.00,-13.00,-3.00,6.00,26.00,66.00,13177857,26
242.10,1552627780,3784.78,51.44360197,7.48087301,264.66,24.92,0.21,265.59,1,-106.00,-13.00,-3.00,6.00,26.00,66.00,13177857,26
243.11,1552627781,3809.95,51.44358269,7.48052170,263.38,25.16,0.23,264.93,1,-111.00,-16.00,-4.00,5.00,25.00,66.00,13177857,26
244.10,1552627782,3834.85,51.44356020,7.48016489,262.15,24.89,-0.27,264.02,1,-111.00,-16.00,-4.00,5.00,25.00,66.00,13177857,26
245.10,1552627783,3859.77,51.44353538,7.47980870,261.54,24.93,0.04,262.91,1,-111.00,-16.00,-4.00,5.00,25.00,66.00,13177857,26
246.10,1552627784,3884.65,51.44350878,7.47945627,261.26,24.85,-0.08,262.52,1,-108.00,-14.00,-2.00,4.00,27.00,66.00,13177857,26
247.10,1552627785,3909.55,51.44348138,7.47909768,260.95,24.86,0.01,262.24,1,-108.00,-14.00,-2.00,4.00,27.00,66.00,13177857,26
248.10,1552627786,3934.32,51.44345286,7.47873765,260.67,24.66,-0.21,262.54,1,-110.00,-15.00,-3.00,6.00,25.00,66.00,13177857,26
249.10,1552627787,3959.07,51.44342508,7.47838356,260.17,24.38,-0.27,263.22,1,-110.00,-15.00,-3.00,6.00,25.00,66.00,13177857,26
250.10,1552627788,3983.43,51.44339847,7.47803634,259.59,24.12,-0.27,262.59,1,-106.00,-13.00,0.00,7.00,27.00,66.00,13177857,26
251.10,1552627789,4007.55,51.44337266,7.47769557,258.94,23.89,-0.22,262.57,1,-106.00,-13.00,0.00,7.00,27.00,66.00,13177857,26
252.10,1552627790,4031.41,51.44334721,7.47735714,258.36,23.69,-0.20,262.26,1,-106.00,-12.00,1.00,5.00,25.00,66.00,13177857,26
253.10,1552627791,4055.10,51.44332101,7.47701990,257.73,23.38,-0.31,262.25,1,-106.00,-12.00,1.00,5.00,25.00,66.00,13177857,26
254.10,1552627792,4078.37,51.44329184,7.47670084,257.27,23.05,-0.33,261.68,1,-104.00,-10.00,6.00,8.00,25.00,66.00,13177857,26
255.10,1552627793,4101.42,51.44326121,7.47637242,256.20,22.57,-0.48,261.29,1,-104.00,-10.00,6.00,8.00,25.00,66.00,13177857,26
256.09,1552627794,4123.97,51.44323117,7.47605534,255.11,22.14,-0.43,260.94,1,-104.00,-9.00,4.00,7.00,26.00,66.00,13177857,26
257.09,1552627795,4146.11,51.44319890,7.47574872,254.46,21.96,-0.18,260.47,1,-104.00,-9.00,4.00,7.00,26.00,66.00,13177857,26
258.09,1552627796,4168.07,51.44316623,7.47544099,253.94,21.82,-0.14,260.47,1,-107.00,-11.00,4.00,5.00,25.00,66.00,13177857,26
259.09,1552627797,4189.88,51.44313209,7.47513208,253.53,22.03,0.21,259.59,1,-107.00,-11.00,4.00,5.00,25.00,66.00,13177857,26
260.09,1552627798,4211.91,51.44308962,7.47482254,252.68,22.17,0.15,258.86,1,-106.00,-11.00,2.00,5.00,27.00,66.00,13177857,26
261.09,1552627799,4234.08,51.44304547,7.47450769,251.69,22.49,0.32,258.37,1,-106.00,-11.00,2.00,5.00,27.00,66.00,13177857,26
262.09,1552627800,4256.57,51.44300104,7.47418650,250.61,23.16,0.67,258.34,1,-110.00,-11.00,-1.00,2.00,30.00,66.00,13177857,26
263.09,1552627801,4279.73,51.44295656,7.47386188,249.60,23.11,-0.05,258.73,1,-110.00,-11.00,-1.00,2.00,30.00,66.00,13177857,26
264.11,1552627802,4303.16,51.44291370,7.47353126,248.50,23.08,-0.03,259.55,1,-110.00,-12.00,-8.00,2.00,22.00,66.00,13177857,26
265.10,1552627803,4326.01,51.44287232,7.47320469,247.40,22.98,-0.10,259.72,1,-110.00,-12.00,-8.00,2.00,22.00,66.00,13177857,26
266.10,1552627804,4348.98,51.44283519,7.47288188,246.38,22.84,-0.14,259.94,1,-110.00,-12.00,-8.00,2.00,22.00,66.00,13177857,26
267.10,1552627805,4371.84,51.44279759,7.47255669,245.46,22.92,0.08,259.91,1,-111.00,-15.00,-3.00,2.00,23.00,66.00,13177857,26
268.10,1552627806,4394.73,51.44275931,7.47223123,244.60,23.11,0.20,259.73,1,-111.00,-15.00,-3.00,2.00,23.00,66.00,13177857,26
269.10,1552627807,4417.82,51.44272066,7.47190392,243.84,23.13,0.02,259.43,1,-112.00,-14.00,-6.00,2.00,22.00,66.00,13177857,26
270.10,1552627808,4440.96,51.44268165,7.47157580,243.14,23.20,0.07,258.99,1,-112.00,-14.00,-6.00,2.00,22.00,66.00,13177857,26
271.10,1552627809,4464.23,51.44263800,7.47125415,242.69,23.74,0.53,258.79,1,-114.00,-15.00,-9.00,2.00,20.00,66.00,13177857,26
272.10,1552627810,4487.94,51.44258711,7.47091762,242.30,24.66,0.93,256.95,1,-114.00,-15.00,-9.00,2.00,20.00,66.00,13177857,26
273.09,1552627811,4512.49,51.44253423,7.47056938,241.89,25.65,0.99,256.62,1,-118.00,-17.00,-6.00,4.00,18.00,54.00,13177857,26
274.09,1552627812,4538.16,51.44247798,7.47018872,241.20,27.02,1.37,256.12,1,-118.00,-17.00,-6.00,4.00,18.00,54.00,13177857,26
275.09,1552627813,4565.12,51.44242030,7.46980529,240.45,27.61,0.59,257.02,1,-119.00,-16.00,-8.00,4.00,16.00,54.00,13177857,26
276.10,1552627814,4592.93,51.44236210,7.46941691,239.71,28.01,0.40,257.75,1,-119.00,-16.00,-8.00,4.00,16.00,54.00,13177857,26
277.10,1552627815,4620.88,51.44230911,7.46901356,238.82,28.55,0.55,258.13,1,-122.00,-18.00,-10.00,2.00,16.00,27.00,13415170,315
278.10,1552627816,4649.40,51.44225600,7.46860904,237.92,28.94,0.38,258.58,1,-122.00,-18.00,-10.00,2.00,16.00,27.00,13415170,315
279.10,1552627817,4678.37,51.44220280,7.46819606,236.99,29.45,0.51,258.92,1,-121.00,-19.00,-9.00,3.00,17.00,27.00,13415170,315
280.10,1552627818,4707.82,51.44215561,7.46778635,236.57,29.38,-0.07,258.97,1,-121.00,-19.00,-9.00,3.00,17.00,27.00,13415170,315
281.09,1552627819,4737.11,51.44211504,7.46737342,236.47,29.44,0.06,259.42,1,-119.00,-11.00,3.00,7.00,10.00,84.00,13067273,288
282.09,1552627820,4766.56,51.44206720,7.46695115,236.14,29.60,0.16,259.54,1,-119.00,-11.00,3.00,7.00,10.00,84.00,13067273,288
283.10,1552627821,4796.19,51.44202154,7.46653216,235.94,29.63,0.03,259.70,1,-120.00,-11.00,3.00,8.00,9.00,84.00,13067273,288
284.10,1552627822,4825.81,51.44197326,7.46610713,235.43,29.84,0.22,259.85,1,-120.00,-11.00,3.00,8.00,9.00,84.00,13067273,288
285.10,1552627823,4855.92,51.44192950,7.46567570,234.79,30.14,0.29,260.85,1,-120.00,-12.00,4.00,6.00,8.00,84.00,13067273,288
286.10,1552627824,4885.83,51.44188560,7.46524362,233.92,30.50,0.36,261.25,1,-120.00,-12.00,4.00,6.00,8.00,84.00,13067273,288
287.10,1552627825,4916.33,51.44184381,7.46481146,233.65,30.65,0.15,261.55,1,-120.00,-12.00,4.00,6.00,8.00,84.00,13067273,288
288.09,1552627826,4946.91,51.44180921,7.46437445,233.59,30.87,0.23,262.36,1,-121.00,-14.00,-1.00,2.00,22.00,84.00,13067273,288
289.09,1552627827,4977.78,51.44177364,7.46393306,233.52,30.92,0.05,262.66,1,-121.00,-14.00,-1.00,2.00,22.00,84.00,13067273,288
290.10,1552627828,5008.83,51.44173940,7.46348432,232.81,31.27,0.34,262.95,1,-122.00,-13.00,-5.00,2.00,8.00,84.00,13067273,288
291.10,1552627829,5040.07,51.44163370,7.46320640,232.01,31.53,0.27,263.71,1,-122.00,-13.00,-5.00,2.00,8.00,84.00,13067273,288
292.09,1552627830,5071.51,51.44168226,7.46258448,231.71,31.75,0.22,264.31,1,-128.00,-16.00,-5.00,4.00,6.00,88.00,13067273,288
293.09,1552627831,5103.26,51.44165509,7.46212484,230.55,31.43,-0.33,264.84,1,-128.00,-16.00,-5.00,4.00,6.00,88.00,13067273,288
294.10,1552627832,5134.75,51.44162793,7.46167615,229.16,31.29,-0.13,265.23,1,-123.00,-13.00,1.00,6.00,9.00,88.00,13067273,288
295.10,1552627833,5166.04,51.44160540,7.46122378,227.44,31.33,0.03,265.84,1,-123.00,-13.00,1.00,6.00,9.00,88.00,13067273,288
296.10,1552627834,5197.40,51.44158368,7.46076723,225.90,31.24,-0.08,266.27,1,-123.00,-13.00,1.00,6.00,8.00,88.00,13067273,288
297.10,1552627835,5228.68,51.44156293,7.46031346,224.62,31.35,0.11,266.77,1,-123.00,-13.00,1.00,6.00,8.00,88.00,13067273,288
298.10,1552627836,5260.02,51.44154900,7.45987106,223.36,31.28,-0.07,267.21,1,-122.00,-13.00,-1.00,6.00,8.00,88.00,13067273,288
299.10,1552627837,5291.27,51.44153749,7.45941592,222.50,31.41,0.14,267.79,1,-122.00,-13.00,-1.00,6.00,8.00,88.00,13067273,288
300.10,1552627838,5322.68,51.44152835,7.45895086,222.07,31.68,0.26,268.39,1,-122.00,-12.00,-1.00,6.00,7.00,12.00,13857025,288
301.10,1552627839,5354.36,51.44151822,7.45849083,221.81,31.82,0.15,268.34,1,-122.00,-12.00,-1.00,6.00,7.00,12.00,13857025,288
302.10,1552627840,5386.12,51.44150838,7.45802623,221.72,32.10,0.28,268.96,1,-110.00,-12.00,1.00,5.00,21.00,12.00,13857025,171
303.10,1552627841,5418.22,51.44150476,7.45755784,221.80,32.51,0.41,269.77,1,-110.00,-12.00,1.00,5.00,21.00,12.00,13857025,171
304.10,1552627842,5450.80,51.44150377,7.45709803,222.29,32.61,0.09,269.70,1,-111.00,-11.00,-2.00,7.00,19.00,12.00,13857025,171
305.10,1552627843,5483.41,51.44150276,7.45662727,223.23,33.03,0.43,270.21,1,-111.00,-11.00,-2.00,7.00,19.00,12.00,13857025,171
306.11,1552627844,5516.74,51.44150212,7.45615818,224.14,32.61,-0.42,270.60,1,-117.00,-14.00,-4.00,5.00,17.00,12.00,13857025,171
307.10,1552627845,5549.06,51.44151012,7.45570113,225.11,32.55,-0.06,271.06,1,-117.00,-14.00,-4.00,5.00,17.00,12.00,13857025,171
308.10,1552627846,5581.61,51.44151793,7.45524026,225.63,32.49,-0.06,271.73,1,-117.00,-14.00,-4.00,5.00,17.00,12.00,13857025,171
309.10,1552627847,5614.03,51.44153209,7.45477905,226.15,32.42,-0.07,272.51,1,-114.00,-12.00,1.00,4.00,18.00,12.00,13857025,171
310.10,1552627848,5646.45,51.44154683,7.45431824,226.65,32.29,-0.13,273.38,1,-114.00,-12.00,1.00,4.00,18.00,12.00,13857025,171
311.10,1552627849,5678.74,51.44156831,7.45385448,227.08,32.28,-0.02,274.13,1,-111.00,-11.00,-3.00,5.00,21.00,12.00,13857025,171
312.10,1552627850,5711.02,51.44159164,7.45339944,227.15,32.05,-0.23,274.99,1,-111.00,-11.00,-3.00,5.00,21.00,12.00,13857025,171
313.10,1552627851,5743.13,51.44162003,7.45294101,227.16,31.65,-0.40,275.57,1,-111.00,-12.00,-4.00,5.00,22.00,12.00,13857025,171
314.10,1552627852,5774.75,51.44164896,7.45249358,227.17,31.21,-0.44,275.80,1,-111.00,-12.00,-4.00,5.00,22.00,12.00,13857025,171
315.10,1552627853,5805.99,51.44167737,7.45205089,227.07,30.93,-0.28,275.72,1,-118.00,-17.00,-7.00,2.00,19.00,12.00,13857025,171
316.10,1552627854,5836.95,51.44170681,7.45162030,227.00,30.38,-0.55,276.39,1,-118.00,-17.00,-7.00,2.00,19.00,12.00,13857025,171
317.09,1552627855,5867.21,51.44174647,7.45119692,227.02,29.93,-0.45,277.23,1,-120.00,-18.00,-7.00,2.00,27.00,148.00,14265602,179
318.09,1552627856,5897.14,51.44178596,7.45076637,227.28,29.86,-0.07,277.59,1,-120.00,-18.00,-7.00,2.00,27.00,148.00,14265602,179
319.09,1552627857,5927.00,51.44182409,7.45034199,227.59,29.82,-0.04,277.87,1,-120.00,-18.00,-12.00,2.00,27.00,148.00,14265602,179
320.09,1552627858,5956.81,51.44186271,7.44991322,227.91,29.80,-0.02,278.13,1,-120.00,-18.00,-12.00,2.00,27.00,148.00,14265602,179
321.10,1552627859,5986.70,51.44190136,7.44949301,227.98,29.97,0.17,278.25,1,-122.00,-19.00,-12.00,2.00,17.00,148.00,14265602,179
322.10,1552627860,6016.70,51.44193957,7.44907035,227.88,29.76,-0.21,278.45,1,-122.00,-19.00,-12.00,2.00,17.00,148.00,14265602,179
323.09,1552627861,6046.34,51.44197790,7.44865960,227.50,29.24,-0.52,278.93,1,-116.00,-14.00,-7.00,2.00,27.00,21.00,13857027,173
324.09,1552627862,6075.57,51.44202108,7.44824079,227.29,29.18,-0.05,279.35,1,-116.00,-14.00,-7.00,2.00,27.00,21.00,13857027,173
325.10,1552627863,6104.87,51.44206360,7.44783174,226.94,28.96,-0.22,279.69,1,-117.00,-14.00,-2.00,2.00,18.00,21.00,13857027,173
326.09,1552627864,6133.63,51.44211274,7.44742001,226.67,28.98,0.01,280.62,1,-117.00,-14.00,-2.00,2.00,18.00,21.00,13857027,173
327.11,1552627865,6163.10,51.44216188,7.44700726,226.29,29.29,0.30,281.34,1,-116.00,-14.00,-4.00,2.00,18.00,21.00,13857027,173
328.10,1552627866,6192.10,51.44222072,7.44659937,225.84,29.68,0.40,282.14,1,-116.00,-14.00,-4.00,2.00,18.00,21.00,13857027,173
329.10,1552627867,6221.78,51.44227790,7.44617780,225.24,30.15,0.47,282.50,1,-116.00,-14.00,-4.00,2.00,18.00,21.00,13857027,173
330.10,1552627868,6251.90,51.44233673,7.44575585,224.77,29.96,-0.18,282.55,1,-114.00,-13.00,-7.00,2.00,19.00,21.00,13857027,173
331.10,1552627869,6281.86,51.44239344,7.44533082,224.45,29.70,-0.26,282.71,1,-114.00,-13.00,-7.00,2.00,19.00,21.00,13857027,173
332.10,1552627870,6311.56,51.44245480,7.44491866,224.29,29.78,0.07,283.29,1,-110.00,-12.00,4.00,2.00,22.00,21.00,13857027,173
333.10,1552627871,6341.37,51.44251739,7.44450152,224.16,29.80,0.02,283.58,1,-110.00,-12.00,4.00,2.00,22.00,21.00,13857027,173
334.10,1552627872,6371.17,51.44258033,7.44408742,223.92,29.84,0.05,283.74,1,-106.00,-11.00,-2.00,2.00,25.00,21.00,13857027,173
335.10,1552627873,6401.01,51.44265103,7.44367315,223.80,29.87,0.02,284.45,1,-106.00,-11.00,-2.00,2.00,25.00,21.00,13857027,173
336.10,1552627874,6430.82,51.44272172,7.44326165,223.65,29.93,0.07,285.34,1,-106.00,-11.00,-8.00,2.00,25.00,21.00,13857027,173
337.10,1552627875,6460.75,51.44279528,7.44285101,223.41,30.28,0.35,285.53,1,-106.00,-11.00,-8.00,2.00,25.00,21.00,13857027,173
338.10,1552627876,6491.06,51.44286833,7.44243367,223.18,30.15,-0.13,285.60,1,-106.00,-11.00,-7.00,2.00,25.00,21.00,13857027,173
339.10,1552627877,6521.24,51.44294123,7.44202158,222.91,29.84,-0.31,286.12,1,-106.00,-11.00,-7.00,2.00,25.00,21.00,13857027,173
340.10,1552627878,6551.04,51.44301936,7.44161541,222.56,29.88,0.04,286.71,1,-108.00,-12.00,-6.00,2.00,24.00,21.00,13857027,173
341.10,1552627879,6580.92,51.44309839,7.44120110,222.18,30.19,0.31,287.12,1,-108.00,-12.00,-6.00,2.00,24.00,21.00,13857027,173
342.10,1552627880,6611.24,51.44318168,7.44077927,221.87,30.44,0.24,287.72,1,-109.00,-12.00,-5.00,2.00,23.00,21.00,13857027,173
343.10,1552627881,6641.68,51.44326534,7.44035878,221.62,30.71,0.27,288.47,1,-109.00,-12.00,-5.00,2.00,23.00,21.00,13857027,173
344.10,1552627882,6672.39,51.44335441,7.43994411,221.21,30.99,0.27,288.79,1,-110.00,-11.00,-2.00,2.00,21.00,21.00,13394178,496
345.10,1552627883,6703.34,51.44344557,7.43952484,220.63,31.27,0.28,289.49,1,-110.00,-11.00,-2.00,2.00,21.00,21.00,13394178,496
346.10,1552627884,6734.61,51.44353806,7.43910301,219.91,31.56,0.29,289.27,1,-109.00,-11.00,-9.00,2.00,21.00,21.00,13394178,496
347.10,1552627885,6766.16,51.44363599,7.43867877,219.09,31.87,0.31,289.87,1,-109.00,-11.00,-9.00,2.00,21.00,21.00,13394178,496
348.11,1552627886,6798.35,51.44373308,7.43825268,218.25,31.78,-0.09,289.63,1,-112.00,-13.00,-6.00,2.00,21.00,21.00,13394178,496
349.10,1552627887,6829.85,51.44383107,7.43782478,217.45,31.65,-0.13,290.43,1,-112.00,-13.00,-6.00,2.00,21.00,21.00,13394178,496
350.10,1552627888,6861.46,51.44392966,7.43739854,216.65,31.63,-0.02,290.79,1,-112.00,-13.00,-6.00,2.00,21.00,21.00,13394178,496
351.10,1552627889,6893.22,51.44403382,7.43697560,215.85,31.68,0.04,291.05,1,-114.00,-15.00,-6.00,2.00,21.00,21.00,13394178,496
352.11,1552627890,6924.96,51.44413764,7.43655126,215.10,31.79,0.11,291.25,1,-114.00,-15.00,-6.00,2.00,21.00,21.00,13394178,496
353.09,1552627891,6956.37,51.44424958,7.43613237,214.40,32.03,0.25,292.41,1,-113.00,-15.00,-5.00,5.00,21.00,31.00,13857027,173
354.09,1552627892,6988.40,51.44436360,7.43569297,213.50,32.32,0.29,293.26,1,-113.00,-15.00,-5.00,5.00,21.00,31.00,13857027,173
355.10,1552627893,7020.76,51.44447763,7.43526454,212.43,32.54,0.22,293.21,1,-113.00,-17.00,-5.00,3.00,24.00,36.00,13395457,173
356.10,1552627894,7053.37,51.44460213,7.43484053,211.03,33.11,0.56,294.33,1,-113.00,-17.00,-5.00,3.00,24.00,36.00,13395457,173
357.10,1552627895,7086.44,51.44473440,7.43441177,209.96,33.27,0.16,295.65,1,-105.00,-13.00,0.00,6.00,28.00,68.00,13081345,210
358.10,1552627896,7119.71,51.44486597,7.43398191,209.09,33.25,-0.02,296.48,1,-105.00,-13.00,0.00,6.00,28.00,68.00,13081345,210
359.10,1552627897,7152.93,51.44500578,7.43355626,208.37,33.56,0.31,297.53,1,-106.00,-14.00,1.00,7.00,28.00,68.00,13081345,210
360.09,1552627898,7186.45,51.44515370,7.43312718,207.61,34.04,0.48,298.80,1,-106.00,-14.00,1.00,7.00,28.00,68.00,13081345,210
361.10,1552627899,7220.52,51.44530398,7.43269610,206.79,34.51,0.46,299.68,1,-108.00,-14.00,-1.00,6.00,25.00,68.00,13081345,210
362.10,1552627900,7255.06,51.44547184,7.43226493,205.84,35.16,0.66,301.69,1,-108.00,-14.00,-1.00,6.00,25.00,68.00,13081345,210
363.10,1552627901,7290.23,51.44564686,7.43183603,204.75,35.83,0.67,303.11,1,-106.00,-11.00,0.00,7.00,25.00,32.00,13395457,210
364.10,1552627902,7326.06,51.44583556,7.43139338,203.70,36.43,0.59,304.60,1,-106.00,-11.00,0.00,7.00,25.00,32.00,13395457,210
365.09,1552627903,7362.41,51.44603140,7.43095114,202.75,37.26,0.84,305.64,1,-105.00,-9.00,6.00,8.00,24.00,32.00,13395457,111
366.10,1552627904,7399.71,51.44623477,7.43052234,201.82,37.51,0.24,307.69,1,-105.00,-9.00,6.00,8.00,24.00,32.00,13395457,111
367.09,1552627905,7437.18,51.44643840,7.43011330,200.66,37.09,-0.42,308.97,1,-102.00,-8.00,11.00,9.00,25.00,32.00,13395457,111
368.09,1552627906,7474.27,51.44665254,7.42971781,199.31,36.53,-0.56,311.30,1,-102.00,-8.00,11.00,9.00,25.00,32.00,13395457,111
369.10,1552627907,7511.13,51.44686583,7.42932966,197.67,36.04,-0.48,312.27,1,-94.00,-6.00,18.00,13.00,31.00,32.00,13395457,111
370.09,1552627908,7546.59,51.44708611,7.42896554,196.07,35.69,-0.36,314.02,1,-94.00,-6.00,18.00,13.00,31.00,32.00,13395457,111
371.10,1552627909,7582.57,51.44731772,7.42860797,194.49,35.93,0.24,316.18,1,-94.00,-6.00,18.00,13.00,31.00,32.00,13395457,111
372.09,1552627910,7618.46,51.44754946,7.42825438,193.13,35.63,-0.30,316.80,1,-91.00,-6.00,18.00,12.00,36.00,32.00,13395457,111
373.10,1552627911,7654.13,51.44778306,7.42791587,191.75,35.76,0.13,318.21,1,-91.00,-6.00,18.00,12.00,36.00,32.00,13395457,111
374.09,1552627912,7689.85,51.44802675,7.42758431,190.36,35.82,0.06,319.62,1,-93.00,-5.00,16.00,11.00,34.00,32.00,13395457,111
375.09,1552627913,7725.67,51.44827437,7.42726033,189.02,35.74,-0.08,321.20,1,-93.00,-5.00,16.00,11.00,34.00,32.00,13395457,111
376.09,1552627914,7761.41,51.44852551,7.42694609,187.76,35.78,0.04,322.70,1,-92.00,-5.00,16.00,2.00,41.00,32.00,13395457,111
377.09,1552627915,7797.20,51.44878218,7.42664540,186.45,36.18,0.40,324.81,1,-92.00,-5.00,16.00,2.00,41.00,32.00,13395457,111
378.09,1552627916,7833.38,51.44904410,7.42635224,185.14,36.15,-0.03,326.07,1,-103.00,-5.00,14.00,2.00,22.00,32.00,13395469,221
379.10,1552627917,7869.56,51.44931181,7.42606973,183.72,36.35,0.20,327.14,1,-103.00,-5.00,14.00,2.00,22.00,32.00,13395469,221
380.09,1552627918,7905.87,51.44958581,7.42580455,182.05,36.54,0.20,328.65,1,-106.00,-6.00,11.00,2.00,19.00,32.00,13395469,221
381.09,1552627919,7942.42,51.44986827,7.42555090,180.24,36.75,0.20,330.30,1,-106.00,-6.00,11.00,2.00,19.00,32.00,13395469,221
382.09,1552627920,7979.16,51.45016221,7.42529933,178.42,37.23,0.48,331.77,1,-110.00,-6.00,13.00,2.00,15.00,32.00,13395469,221
383.09,1552627921,8016.39,51.45046132,7.42506431,176.68,37.32,0.10,333.54,1,-110.00,-6.00,13.00,2.00,15.00,32.00,13395469,221
384.10,1552627922,8053.75,51.45076281,7.42482138,174.76,37.22,-0.10,334.43,1,-110.00,-6.00,13.00,2.00,15.00,32.00,13395469,221
385.10,1552627923,8090.98,51.45106854,7.42460580,172.91,37.04,-0.18,336.67,1,-110.00,-6.00,13.00,2.00,15.00,32.00,13395469,221
386.10,1552627924,8128.01,51.45137335,7.42440737,171.01,36.75,-0.29,338.05,1,-109.00,-6.00,10.00,2.00,16.00,32.00,13395469,221
387.09,1552627925,8164.73,51.45167530,7.42422750,169.42,36.77,0.02,339.27,1,-109.00,-6.00,10.00,2.00,16.00,32.00,13395469,221
388.10,1552627926,8201.53,51.45198421,7.42405623,167.78,36.84,0.07,340.55,1,-109.00,-7.00,3.00,2.00,16.00,32.00,13395469,221
389.10,1552627927,8238.37,51.45229818,7.42388397,166.15,36.84,0.00,341.21,1,-109.00,-7.00,3.00,2.00,16.00,32.00,13395469,221
390.11,1552627928,8275.58,51.45261735,7.42372406,164.63,37.47,0.63,342.35,1,-108.00,-8.00,0.00,2.00,19.00,32.00,13395469,221
391.10,1552627929,8312.71,51.45293514,7.42356112,163.14,37.43,-0.04,342.71,1,-108.00,-8.00,0.00,2.00,19.00,32.00,13395469,221
392.10,1552627930,8350.15,51.45325104,7.42340166,161.77,37.46,0.02,343.21,1,-108.00,-8.00,0.00,2.00,19.00,32.00,13395469,221
393.10,1552627931,8387.60,51.45356886,7.42325505,160.47,37.39,-0.06,343.75,1,-99.00,-6.00,8.00,15.00,24.00,19.00,13395469,221
394.10,1552627932,8425.03,51.45388667,7.42310773,159.27,37.22,-0.17,343.81,1,-99.00,-6.00,8.00,15.00,24.00,19.00,13395469,221
395.10,1552627933,8462.25,51.45420826,7.42295862,158.15,36.99,-0.23,343.94,1,-103.00,-7.00,22.00,8.00,22.00,19.00,13395469,221
396.10,1552627934,8499.43,51.45453238,7.42280831,157.36,36.85,-0.14,343.69,1,-103.00,-7.00,22.00,8.00,22.00,19.00,13395469,221
397.10,1552627935,8536.13,51.45485206,7.42265940,156.75,36.66,-0.19,343.55,1,-104.00,-8.00,8.00,12.00,22.00,19.00,13395469,221
398.10,1552627936,8572.71,51.45516607,7.42251254,156.23,36.53,-0.13,343.18,1,-104.00,-8.00,8.00,12.00,22.00,19.00,13395469,221
399.10,1552627937,8609.24,51.45547638,7.42235618,155.70,36.19,-0.34,342.39,1,-101.00,-6.00,8.00,14.00,25.00,19.00,13395469,221
400.10,1552627938,8645.43,51.45578629,7.42219959,155.16,36.11,-0.08,341.73,1,-101.00,-6.00,8.00,14.00,25.00,19.00,13395469,221
401.09,1552627939,8681.47,51.45609395,7.42203205,154.63,36.11,-0.00,340.90,1,-101.00,-6.00,10.00,11.00,26.00,19.00,13395469,221
402.09,1552627940,8717.57,51.45639686,7.42185715,154.14,35.98,-0.13,339.81,1,-101.00,-6.00,10.00,11.00,26.00,19.00,13395469,221
403.10,1552627941,8753.66,51.45669987,7.42167531,153.66,36.08,0.10,338.77,1,-102.00,-5.00,14.00,14.00,22.00,19.00,13395469,221
404.10,1552627942,8789.95,51.45699679,7.42149681,153.08,36.20,0.12,337.85,1,-102.00,-5.00,14.00,14.00,22.00,19.00,13395469,221
405.09,1552627943,8825.68,51.45728716,7.42130196,152.63,36.48,0.29,336.91,1,-105.00,-10.00,18.00,8.00,25.00,19.00,13395469,221
406.10,1552627944,8862.38,51.45758054,7.42109614,152.10,36.30,-0.18,335.61,1,-105.00,-10.00,18.00,8.00,25.00,19.00,13395469,221
407.09,1552627945,8898.60,51.45787414,7.42087696,151.70,36.10,-0.20,334.48,1,-102.00,-5.00,28.00,11.00,23.00,19.00,13395469,221
408.09,1552627946,8934.70,51.45817072,7.42065110,151.31,36.20,0.10,333.54,1,-102.00,-5.00,28.00,11.00,23.00,19.00,13395469,221
409.09,1552627947,8970.87,51.45845534,7.42041839,151.39,36.36,0.16,332.60,1,-102.00,-6.00,17.00,15.00,23.00,19.00,13395469,221
410.09,1552627948,9007.26,51.45874417,7.42018023,151.47,36.53,0.17,331.99,1,-102.00,-6.00,17.00,15.00,23.00,19.00,13395469,221
411.10,1552627949,9044.05,51.45903166,7.41991959,151.50,36.72,0.19,330.76,1,-95.00,-4.00,29.00,15.00,29.00,19.00,13395469,221
412.10,1552627950,9080.58,51.45931243,7.41965556,151.56,36.96,0.24,329.82,1,-95.00,-4.00,29.00,15.00,29.00,19.00,13395469,221
413.09,1552627951,9117.36,51.45960448,7.41938830,151.54,37.43,0.47,329.88,1,-95.00,-4.00,29.00,15.00,29.00,19.00,13395469,221
414.09,1552627952,9154.82,51.45988870,7.41911704,151.50,36.96,-0.47,329.51,1,-93.00,-6.00,23.00,10.00,33.00,19.00,13395469,221
415.09,1552627953,9191.82,51.46016629,7.41883776,151.21,36.23,-0.73,327.44,1,-93.00,-6.00,23.00,10.00,33.00,19.00,13395469,221
416.10,1552627954,9228.12,51.46042974,7.41855069,150.88,36.20,-0.03,325.35,1,-92.00,-7.00,13.00,10.00,34.00,19.00,13395469,221
417.09,1552627955,9264.17,51.46069174,7.41825146,150.48,36.13,-0.07,324.03,1,-92.00,-7.00,13.00,10.00,34.00,19.00,13395469,221
418.09,1552627956,9300.33,51.46096052,7.41794240,150.10,36.18,0.05,323.25,1,-90.00,-6.00,35.00,15.00,35.00,19.00,13395469,221
419.09,1552627957,9336.51,51.46122396,7.41761911,149.91,36.28,0.10,322.06,1,-90.00,-6.00,35.00,15.00,35.00,19.00,13395469,221
420.09,1552627958,9372.76,51.46148467,7.41728909,149.92,36.38,0.10,320.94,1,-92.00,-6.00,18.00,12.00,33.00,19.00,13395469,221
421.09,1552627959,9409.13,51.46174220,7.41695553,149.94,36.49,0.11,319.96,1,-92.00,-6.00,18.00,12.00,33.00,19.00,13395469,221
422.09,1552627960,9445.73,51.46199366,7.41661164,149.97,36.64,0.15,319.34,1,-98.00,-5.00,19.00,12.00,25.00,19.00,13395469,221
423.09,1552627961,9482.37,51.46223985,7.41625802,150.02,36.78,0.14,317.82,1,-98.00,-5.00,19.00,12.00,25.00,19.00,13395469,221
424.09,1552627962,9519.12,51.46247896,7.41589967,150.04,36.11,-0.67,316.59,1,-97.00,-6.00,23.00,15.00,29.00,19.00,13395469,221
425.09,1552627963,9555.23,51.46270890,7.41554135,150.13,35.82,-0.29,315.58,1,-97.00,-6.00,23.00,15.00,29.00,19.00,13395469,221
426.09,1552627964,9591.05,51.46293638,7.41517568,150.27,35.91,0.09,314.51,1,-96.00,-6.00,14.00,12.00,29.00,19.00,13395469,221
427.09,1552627965,9627.00,51.46315999,7.41479177,150.56,36.04,0.13,312.44,1,-96.00,-6.00,14.00,12.00,29.00,19.00,13395469,221
428.09,1552627966,9663.04,51.46337848,7.41439921,150.89,36.12,0.08,311.08,1,-104.00,-6.00,10.00,2.00,33.00,19.00,13395469,221
429.09,1552627967,9699.16,51.46359422,7.41400627,151.04,36.26,0.14,310.66,1,-104.00,-6.00,10.00,2.00,33.00,19.00,13395469,221
430.09,1552627968,9735.42,51.46380723,7.41361708,151.27,36.54,0.28,310.64,1,-103.00,-6.00,2.00,2.00,22.00,19.00,13395469,221
431.09,1552627969,9771.82,51.46402487,7.41322044,151.49,36.75,0.21,310.38,1,-103.00,-6.00,2.00,2.00,22.00,19.00,13395469,221
432.10,1552627970,9809.01,51.46423686,7.41281704,151.60,36.92,0.17,309.81,1,-110.00,-11.00,-3.00,2.00,20.00,19.00,13532430,433
433.10,1552627971,9845.71,51.46444942,7.41240934,151.75,37.00,0.07,309.26,1,-110.00,-11.00,-3.00,2.00,20.00,19.00,13532430,433
434.10,1552627972,9882.71,51.46465598,7.41199496,151.85,36.94,-0.06,308.72,1,-110.00,-11.00,-3.00,2.00,20.00,19.00,13532430,433
435.10,1552627973,9919.64,51.46486201,7.41157995,152.10,36.96,0.03,308.29,1,-107.00,-8.00,0.00,2.00,20.00,19.00,13395469,221
436.10,1552627974,9956.61,51.46506649,7.41117121,152.28,36.32,-0.64,308.14,1,-107.00,-8.00,0.00,2.00,20.00,19.00,13395469,221
437.10,1552627975,9992.93,51.46526713,7.41076677,152.61,35.76,-0.57,308.21,1,-110.00,-9.00,1.00,2.00,18.00,19.00,13395469,221
438.10,1552627976,10028.69,51.46546551,7.41036440,152.99,35.68,-0.08,308.20,1,-110.00,-9.00,1.00,2.00,18.00,19.00,13395469,221
439.10,1552627977,10064.40,51.46566451,7.40996246,153.35,35.58,-0.10,308.07,1,-115.00,-12.00,-6.00,2.00,15.00,19.00,13395469,221
440.10,1552627978,10099.98,51.46586310,7.40956116,153.70,35.64,0.06,308.23,1,-115.00,-12.00,-6.00,2.00,15.00,19.00,13395469,221
441.10,1552627979,10135.62,51.46606422,7.40915312,153.87,35.77,0.13,308.36,1,-113.00,-10.00,4.00,2.00,16.00,19.00,13395469,221
442.10,1552627980,10171.39,51.46626028,7.40875364,153.93,35.93,0.16,308.36,1,-113.00,-10.00,4.00,2.00,16.00,19.00,13395469,221
443.10,1552627981,10207.36,51.46645904,7.40835351,153.97,36.01,0.08,308.57,1,-110.00,-10.00,-9.00,2.00,18.00,19.00,13395469,221
444.10,1552627982,10243.33,51.46665664,7.40795800,153.92,35.11,-0.91,308.92,1,-110.00,-10.00,-9.00,2.00,18.00,19.00,13395469,221
445.10,1552627983,10278.62,51.46685205,7.40756809,153.96,34.30,-0.80,309.04,1,-117.00,-14.00,-8.00,2.00,16.00,19.00,13395469,221
446.10,1552627984,10312.95,51.46704530,7.40718834,153.97,33.86,-0.44,309.30,1,-117.00,-14.00,-8.00,2.00,16.00,19.00,13395469,221
447.10,1552627985,10346.78,51.46723787,7.40681069,153.98,33.47,-0.38,309.47,1,-116.00,-13.00,7.00,2.00,16.00,19.00,13395469,221
448.10,1552627986,10380.25,51.46743223,7.40644355,154.13,33.28,-0.19,309.87,1,-116.00,-13.00,7.00,2.00,16.00,19.00,13395469,221
449.10,1552627987,10413.50,51.46762532,7.40607824,154.28,33.18,-0.11,310.29,1,-114.00,-11.00,2.00,2.00,15.00,19.00,13395469,221
450.10,1552627988,10446.64,51.46781778,7.40571197,154.56,33.16,-0.01,310.79,1,-114.00,-11.00,2.00,2.00,15.00,19.00,13395469,221
451.10,1552627989,10479.80,51.46801538,7.40535299,154.75,33.16,-0.01,311.03,1,-113.00,-11.00,1.00,2.00,16.00,19.00,13395469,221
452.09,1552627990,10512.73,51.46821412,7.40499369,154.93,33.27,0.12,311.66,1,-113.00,-11.00,1.00,2.00,16.00,19.00,13395469,221
453.10,1552627991,10546.13,51.46841987,7.40463534,155.06,33.52,0.25,312.17,1,-117.00,-11.00,-1.00,4.00,15.00,10.00,13395469,221
454.10,1552627992,10579.66,51.46862085,7.40428124,155.17,33.64,0.11,312.31,1,-117.00,-11.00,-1.00,4.00,15.00,10.00,13395469,221
455.10,1552627993,10613.30,51.46882592,7.40392219,155.21,33.65,0.01,312.92,1,-117.00,-11.00,-1.00,4.00,15.00,10.00,13395469,221
456.10,1552627994,10646.88,51.46903037,7.40356479,155.26,33.50,-0.15,312.96,1,-85.00,-6.00,-1.00,10.00,46.00,11.00,13395458,112
457.10,1552627995,10680.41,51.46923936,7.40321259,155.42,33.80,0.29,313.23,1,-85.00,-6.00,-1.00,10.00,46.00,11.00,13395458,112
458.10,1552627996,10714.21,51.46944708,7.40285772,155.33,33.31,-0.48,313.93,1,-91.00,-6.00,11.00,9.00,35.00,11.00,13395458,112
459.10,1552627997,10747.52,51.46965873,7.40249780,155.87,33.38,0.06,313.97,1,-91.00,-6.00,11.00,9.00,35.00,11.00,13395458,112
460.10,1552627998,10780.93,51.46987020,7.40215273,156.60,33.39,0.01,314.51,1,-94.00,-8.00,24.00,11.00,33.00,11.00,13395458,112
461.10,1552627999,10814.49,51.47006935,7.40182470,156.89,32.74,-0.64,314.95,1,-94.00,-8.00,24.00,11.00,33.00,11.00,13395458,112
462.09,1552628000,10846.97,51.47027686,7.40150400,157.33,31.75,-1.00,315.74,1,-98.00,-9.00,4.00,9.00,31.00,11.00,13395458,112
463.09,1552628001,10878.69,51.47048376,7.40119424,157.85,30.80,-0.95,316.94,1,-98.00,-9.00,4.00,9.00,31.00,11.00,13395458,112
464.09,1552628002,10909.51,51.47069161,7.40089158,158.56,30.54,-0.25,317.96,1,-100.00,-14.00,2.00,7.00,33.00,11.00,13395458,112
465.09,1552628003,10940.06,51.47089326,7.40060150,159.12,29.70,-0.85,317.97,1,-100.00,-14.00,2.00,7.00,33.00,11.00,13395458,112
466.09,1552628004,10969.76,51.47109499,7.40031439,159.75,28.99,-0.71,317.50,1,-100.00,-8.00,7.00,7.00,28.00,11.00,13395458,112
467.09,1552628005,10998.75,51.47128603,7.40003146,160.42,28.48,-0.51,316.92,1,-100.00,-8.00,7.00,7.00,28.00,11.00,13395458,112
468.09,1552628006,11027.23,51.47146940,7.39975655,160.96,27.54,-0.94,317.14,1,-103.00,-10.00,-1.00,8.00,27.00,11.00,13395458,112
469.09,1552628007,11054.77,51.47165472,7.39949009,161.60,26.95,-0.60,317.94,1,-103.00,-10.00,-1.00,8.00,27.00,11.00,13395458,112
470.09,1552628008,11081.72,51.47183469,7.39923356,162.30,26.08,-0.87,318.37,1,-104.00,-11.00,-1.00,8.00,28.00,11.00,13395458,112
471.09,1552628009,11107.77,51.46539650,7.40588180,163.05,25.37,-0.70,318.26,1,-104.00,-11.00,-1.00,8.00,28.00,11.00,13395458,112
472.09,1552628010,11133.17,51.47217556,7.39874609,163.52,24.92,-0.45,318.61,1,-102.00,-8.00,7.00,6.00,26.00,28.00,13081345,210
473.09,1552628011,11158.09,51.47234095,7.39851172,163.81,24.85,-0.07,318.85,1,-102.00,-8.00,7.00,6.00,26.00,28.00,13081345,210
474.10,1552628012,11183.11,51.47251139,7.39828211,164.13,24.73,-0.12,319.49,1,-100.00,-8.00,10.00,7.00,29.00,28.00,13081345,210
475.09,1552628013,11207.67,51.47267917,7.39805135,164.39,24.36,-0.37,319.44,1,-100.00,-8.00,10.00,7.00,29.00,28.00,13081345,210
476.10,1552628014,11232.10,51.47284434,7.39782312,164.62,24.22,-0.14,319.43,1,-100.00,-8.00,10.00,7.00,29.00,28.00,13081345,210
477.10,1552628015,11256.30,51.47300981,7.39759644,164.86,24.05,-0.17,319.52,1,-104.00,-9.00,-1.00,5.00,26.00,28.00,13081345,210
478.10,1552628016,11280.43,51.47317373,7.39737449,165.08,23.88,-0.18,319.97,1,-104.00,-9.00,-1.00,5.00,26.00,28.00,13081345,210
479.10,1552628017,11304.21,51.47333161,7.39715877,165.34,23.82,-0.06,320.17,1,-103.00,-11.00,2.00,6.00,27.00,28.00,13081345,210
480.09,1552628018,11328.00,51.47349458,7.39693843,165.50,23.70,-0.12,320.46,1,-103.00,-11.00,2.00,6.00,27.00,28.00,13081345,210
481.09,1552628019,11351.68,51.47366785,7.39671686,165.90,23.65,-0.05,321.46,1,-94.00,-7.00,9.00,8.00,33.00,28.00,13081345,210
482.09,1552628020,11375.34,51.47384079,7.39649714,166.51,23.48,-0.18,321.98,1,-94.00,-7.00,9.00,8.00,33.00,28.00,13081345,210
483.09,1552628021,11398.81,51.47400559,7.39628573,167.30,23.50,0.02,322.24,1,-92.00,-6.00,16.00,8.00,34.00,28.00,13081345,210
484.09,1552628022,11422.31,51.47417282,7.39608649,167.72,24.22,0.72,323.46,1,-92.00,-6.00,16.00,8.00,34.00,28.00,13081345,210
485.09,1552628023,11446.53,51.47434835,7.39587974,167.96,24.23,0.02,323.51,1,-98.00,-8.00,3.00,8.00,30.00,28.00,13081345,210
486.10,1552628024,11470.81,51.47452297,7.39567685,168.23,24.03,-0.20,324.14,1,-98.00,-8.00,3.00,8.00,30.00,28.00,13081345,210
487.10,1552628025,11494.88,51.47470675,7.39546956,168.56,24.15,0.12,324.68,1,-100.00,-9.00,7.00,7.00,29.00,28.00,13081345,210
488.10,1552628026,11519.04,51.47488971,7.39526284,169.06,24.23,0.08,324.63,1,-100.00,-9.00,7.00,7.00,29.00,28.00,13081345,210
489.10,1552628027,11543.29,51.47507592,7.39506817,169.54,24.39,0.15,326.85,1,-100.00,-9.00,7.00,7.00,29.00,28.00,13081345,210
490.10,1552628028,11567.66,51.47526778,7.39488438,170.07,24.74,0.35,329.33,1,-100.00,-9.00,7.00,7.00,29.00,28.00,13081345,210
491.09,1552628029,11592.32,51.47184020,7.38228040,170.54,24.75,0.00,329.40,1,-101.00,-8.00,7.00,7.00,27.00,28.00,13081345,210
492.10,1552628030,11617.12,51.47564894,7.39452366,170.96,24.59,-0.16,329.73,1,-101.00,-8.00,7.00,7.00,27.00,28.00,13081345,210
493.10,1552628031,11641.75,51.47583604,7.39434602,171.40,24.18,-0.41,330.26,1,-98.00,-7.00,20.00,2.00,29.00,11.00,13067529,354
494.10,1552628032,11665.88,51.47602286,7.39418376,171.74,23.69,-0.48,331.65,1,-98.00,-7.00,20.00,2.00,29.00,11.00,13067529,354
495.10,1552628033,11689.58,51.47620606,7.39402404,171.98,23.30,-0.40,331.91,1,-98.00,-5.00,20.00,2.00,37.00,11.00,13067529,354
496.09,1552628034,11712.80,51.47638796,7.39387007,172.15,22.87,-0.43,332.66,1,-98.00,-5.00,20.00,2.00,37.00,11.00,13067529,354
497.10,1552628035,11735.88,51.47656956,7.39372523,172.47,22.42,-0.44,334.05,1,-103.00,-6.00,17.00,11.00,21.00,11.00,13067529,354
498.09,1552628036,11758.10,51.47675122,7.39358332,172.73,22.30,-0.12,334.93,1,-103.00,-6.00,17.00,11.00,21.00,11.00,13067529,354
499.09,1552628037,11780.39,51.47693422,7.39345310,172.97,22.09,-0.21,336.20,1,-103.00,-6.00,17.00,11.00,21.00,11.00,13067529,354
500.09,1552628038,11802.48,51.47711462,7.39333139,173.17,21.58,-0.51,337.25,1,-101.00,-6.00,22.00,13.00,23.00,11.00,13067529,354
501.10,1552628039,11824.10,51.47729413,7.39322529,173.40,20.84,-0.73,340.10,1,-101.00,-6.00,22.00,13.00,23.00,11.00,13067529,354
502.09,1552628040,11844.87,51.47747075,7.39314535,173.55,19.86,-0.99,344.36,1,-98.00,-6.00,25.00,12.00,27.00,11.00,13067529,354
503.09,1552628041,11864.75,51.47764429,7.39308852,173.74,19.37,-0.48,349.43,1,-98.00,-6.00,25.00,12.00,27.00,11.00,13067529,354
504.09,1552628042,11884.12,51.47781243,7.39304390,174.23,18.91,-0.46,351.52,1,-96.00,-7.00,21.00,15.00,30.00,11.00,13067529,354
505.09,1552628043,11903.05,51.47797495,7.39302028,174.55,18.30,-0.61,355.12,1,-96.00,-7.00,21.00,15.00,30.00,11.00,13067529,354
506.09,1552628044,11921.36,51.47813346,7.39305499,174.81,18.25,-0.06,8.50,1,-100.00,-6.00,25.00,13.00,24.00,11.00,13067529,354
507.09,1552628045,11939.60,51.47830395,7.39311341,175.05,18.72,0.47,10.94,1,-100.00,-6.00,25.00,13.00,24.00,11.00,13067529,354
508.10,1552628046,11958.39,51.47846843,7.39319347,175.09,18.24,-0.47,14.58,1,-100.00,-6.00,25.00,15.00,25.00,11.00,13067529,354
509.09,1552628047,11976.55,51.47861772,7.39333652,175.13,18.12,-0.12,30.69,1,-100.00,-6.00,25.00,15.00,25.00,11.00,13067529,354
510.09,1552628048,11994.65,51.47875499,7.39347630,175.03,17.43,-0.69,31.96,1,-91.00,-6.00,22.00,15.00,33.00,11.00,13067529,354
511.09,1552628049,12012.12,51.47527380,7.39585370,175.04,16.14,-1.29,32.95,1,-91.00,-6.00,22.00,15.00,33.00,11.00,13067529,354
512.09,1552628050,12028.26,51.47900626,7.39374178,175.11,14.71,-1.43,31.34,1,-75.00,-6.00,31.00,15.00,50.00,11.00,13067529,354
513.10,1552628051,12043.01,51.47913243,7.39380563,175.35,14.44,-0.27,15.44,1,-75.00,-6.00,31.00,15.00,50.00,11.00,13067529,354
514.09,1552628052,12057.37,51.47927013,7.39386158,175.71,14.35,-0.08,12.22,1,-77.00,-6.00,30.00,15.00,47.00,11.00,13067529,354
515.09,1552628053,12071.72,51.47938235,7.39384784,176.00,13.84,-0.51,353.24,1,-77.00,-6.00,30.00,15.00,47.00,11.00,13067529,354
516.09,1552628054,12085.57,51.47948846,7.39381822,176.47,13.69,-0.15,349.52,1,-79.00,-5.00,25.00,15.00,46.00,11.00,13067529,354
517.09,1552628055,12099.26,51.47958465,7.39374016,176.93,13.98,0.29,334.60,1,-79.00,-5.00,25.00,15.00,46.00,11.00,13067529,354
518.10,1552628056,12113.40,51.47969385,7.39365281,177.47,14.33,0.34,333.61,1,-80.00,-6.00,32.00,15.00,44.00,11.00,13067529,354
519.10,1552628057,12127.62,51.47980742,7.39356229,178.31,14.05,-0.28,333.66,1,-80.00,-6.00,32.00,15.00,44.00,11.00,13067529,354
520.09,1552628058,12141.63,51.47991478,7.39348076,179.12,12.46,-1.60,335.27,1,-80.00,-6.00,32.00,15.00,44.00,11.00,13067529,354
521.09,1552628059,12154.08,51.48002028,7.39345037,179.97,11.09,-1.36,351.94,1,-66.00,-5.00,25.00,15.00,59.00,11.00,13067529,354
522.09,1552628060,12165.18,51.48012455,7.39346683,180.87,10.95,-0.15,9.09,1,-66.00,-5.00,25.00,15.00,59.00,11.00,13067529,354
523.10,1552628061,12176.16,51.48021915,7.39351946,181.50,11.12,0.17,26.16,1,-65.00,-6.00,31.00,15.00,60.00,11.00,13067529,354
524.09,1552628062,12187.23,51.48029106,7.39362135,182.05,11.21,0.09,45.89,1,-65.00,-6.00,31.00,15.00,60.00,11.00,13067529,354
525.09,1552628063,12198.44,51.48035206,7.39374216,182.41,12.52,1.31,49.63,1,-66.00,-5.00,31.00,15.00,60.00,11.00,13067529,354
526.09,1552628064,12210.91,51.48042208,7.39388684,182.47,13.18,0.66,53.04,1,-66.00,-5.00,31.00,15.00,60.00,11.00,13067529,354
527.09,1552628065,12224.11,51.48049746,7.39405412,182.41,14.58,1.40,54.15,1,-83.00,-6.00,29.00,15.00,40.00,11.00,13067529,354
528.09,1552628066,12238.74,51.48057696,7.39423455,182.36,15.82,1.23,54.90,1,-83.00,-6.00,29.00,15.00,40.00,11.00,13067529,354
529.10,1552628067,12254.62,51.48066321,7.39444172,182.40,16.95,1.13,55.73,1,-87.00,-6.00,21.00,15.00,38.00,11.00,13067529,354
530.09,1552628068,12271.52,51.48073816,7.39463842,182.43,17.52,0.58,56.74,1,-87.00,-6.00,21.00,15.00,38.00,11.00,13067529,354
531.09,1552628069,12289.04,51.48090830,7.39413450,182.12,17.49,-0.04,57.64,1,-83.00,-6.00,30.00,15.00,42.00,11.00,13067529,354
532.09,1552628070,12306.55,51.48090636,7.39506939,182.08,17.23,-0.26,58.39,1,-83.00,-6.00,30.00,15.00,42.00,11.00,13067529,354
533.10,1552628071,12323.81,51.48098295,7.39527929,182.05,17.05,-0.18,58.79,1,-80.00,-6.00,17.00,15.00,45.00,11.00,13067529,354
534.09,1552628072,12340.81,51.48106293,7.39549712,182.49,17.07,0.02,59.13,1,-80.00,-6.00,17.00,15.00,45.00,11.00,13067529,354
535.09,1552628073,12357.88,51.48113495,7.39570765,182.72,17.11,0.04,59.81,1,-77.00,-6.00,24.00,15.00,47.00,11.00,13067529,354
536.09,1552628074,12374.99,51.48120750,7.39591602,182.84,16.75,-0.36,60.15,1,-77.00,-6.00,24.00,15.00,47.00,11.00,13067529,354
537.09,1552628075,12391.74,51.48127849,7.39612293,183.03,16.34,-0.41,60.74,1,-77.00,-8.00,7.00,15.00,47.00,11.00,13067529,354
538.09,1552628076,12408.08,51.48134428,7.39631898,182.96,15.92,-0.42,60.29,1,-77.00,-8.00,7.00,15.00,47.00,11.00,13067529,354
539.10,1552628077,12424.12,51.48141653,7.39651746,182.68,15.48,-0.43,59.56,1,-86.00,-11.00,17.00,13.00,43.00,11.00,13067529,354
540.09,1552628078,12439.51,51.48148595,7.39671059,182.71,15.15,-0.34,58.59,1,-86.00,-11.00,17.00,13.00,43.00,11.00,13067529,354
541.09,1552628079,12454.66,51.48155408,7.39689621,182.88,14.69,-0.46,58.15,1,-86.00,-11.00,17.00,13.00,43.00,11.00,13067529,354
542.09,1552628080,12469.33,51.48162506,7.39707403,182.92,14.30,-0.39,57.63,1,-83.00,-6.00,10.00,6.00,41.00,5.00,13067528,356
543.09,1552628081,12483.65,51.48169632,7.39724203,182.88,13.86,-0.45,57.02,1,-83.00,-6.00,10.00,6.00,41.00,5.00,13067528,356
544.09,1552628082,12497.50,51.48176433,7.39740594,182.95,13.49,-0.36,56.29,1,-74.00,-6.00,30.00,15.00,46.00,5.00,13067528,356
545.10,1552628083,12511.08,51.48183617,7.39756618,182.87,13.10,-0.38,55.43,1,-74.00,-6.00,30.00,15.00,46.00,5.00,13067528,356
546.09,1552628084,12524.06,51.48190333,7.39771472,182.89,12.64,-0.47,54.42,1,-67.00,-5.00,30.00,15.00,46.00,5.00,13067528,356
547.09,1552628085,12536.72,51.48196891,7.39785262,182.84,12.16,-0.49,53.35,1,-67.00,-5.00,30.00,15.00,46.00,5.00,13067528,356
548.09,1552628086,12548.87,51.48203505,7.39798666,182.83,11.70,-0.45,52.32,1,-62.00,-5.00,30.00,15.00,52.00,5.00,13067528,356
549.09,1552628087,12560.58,51.48210166,7.39811376,182.99,11.19,-0.52,51.15,1,-62.00,-5.00,30.00,15.00,52.00,5.00,13067528,356
550.09,1552628088,12571.77,51.48216616,7.39823350,183.25,10.67,-0.52,49.90,1,-61.00,-5.00,17.00,15.00,54.00,5.00,13067528,356
551.09,1552628089,12582.42,51.48211560,7.39982950,183.51,9.70,-0.97,48.01,1,-61.00,-5.00,17.00,15.00,54.00,5.00,13067528,356
552.09,1552628090,12592.12,51.48228365,7.39842545,183.68,7.90,-1.80,46.39,1,-79.00,-5.00,32.00,15.00,44.00,5.00,13067528,356
553.09,1552628091,12600.01,51.48233105,7.39849765,183.88,6.13,-1.76,45.01,1,-79.00,-5.00,32.00,15.00,44.00,5.00,13067528,356
554.09,1552628092,12606.15,51.48236648,7.39855382,183.91,4.10,-2.03,44.09,1,-68.00,-6.00,29.00,15.00,48.00,5.00,13067528,356
555.09,1552628093,12610.25,51.48238983,7.39858801,183.95,1.95,-2.15,42.66,1,-68.00,-6.00,29.00,15.00,48.00,5.00,13067528,356
556.09,1552628094,12612.20,51.48238983,7.39858801,183.96,0.00,-1.96,42.66,1,-68.00,-5.00,31.00,15.00,46.00,5.00,13067528,356
557.09,1552628095,12612.20,51.48238983,7.39858801,183.97,0.00,0.00,42.66,1,-68.00,-5.00,31.00,15.00,46.00,5.00,13067528,356
558.09,1552628096,12612.20,51.48238983,7.39858801,183.97,0.00,0.00,42.66,1,-70.00,-5.00,30.00,15.00,43.00,5.00,13067528,356
559.09,1552628097,12612.20,51.48238983,7.39858801,183.98,0.00,0.00,42.66,1,-70.00,-5.00,30.00,15.00,43.00,5.00,13067528,356
560.10,1552628098,12612.20,51.48238983,7.39858801,183.98,0.00,0.00,42.66,1,-70.00,-5.00,30.00,15.00,44.00,5.00,13067528,356
561.09,1552628099,12612.20,51.48238983,7.39858801,183.99,0.00,0.00,42.66,1,-70.00,-5.00,30.00,15.00,44.00,5.00,13067528,356
562.09,1552628100,12612.20,51.48238983,7.39858801,183.99,0.00,0.00,42.66,1,-70.00,-5.00,30.00,15.00,44.00,5.00,13067528,356
563.09,1552628101,12612.20,51.48238983,7.39858801,183.99,0.00,0.00,42.66,1,-70.00,-5.00,30.00,15.00,44.00,5.00,13067528,356
564.09,1552628102,12612.20,51.48238983,7.39858801,183.99,0.00,0.00,42.66,1,-70.00,-5.00,30.00,15.00,44.00,5.00,13067528,356
565.09,1552628103,12612.20,51.48238983,7.39858801,184.00,0.00,0.00,42.66,1,-70.00,-5.00,31.00,15.00,44.00,5.00,13067528,356
566.10,1552628104,12612.20,51.48238983,7.39858801,184.00,0.00,0.00,42.66,1,-70.00,-5.00,31.00,15.00,44.00,5.00,13067528,356
567.09,1552628105,12612.20,51.48238983,7.39858801,183.99,0.00,0.00,42.66,1,-71.00,-5.00,31.00,15.00,43.00,5.00,13067528,356
568.09,1552628106,12612.20,51.48238983,7.39858801,183.99,0.00,0.00,42.66,1,-71.00,-5.00,31.00,15.00,43.00,5.00,13067528,356
569.09,1552628107,12612.20,51.48238983,7.39858801,183.99,0.00,0.00,42.66,1,-72.00,-5.00,24.00,15.00,44.00,5.00,13067528,356
570.09,1552628108,12612.20,51.48238983,7.39858801,183.99,0.00,0.00,42.66,1,-72.00,-5.00,24.00,15.00,44.00,5.00,13067528,356
571.09,1552628109,12612.20,51.48862090,7.40405530,183.99,0.00,0.00,42.66,1,-72.00,-5.00,39.00,15.00,46.00,5.00,13067528,356
572.09,1552628110,12612.20,51.48238983,7.39858801,184.00,0.00,0.00,42.66,1,-72.00,-5.00,39.00,15.00,46.00,5.00,13067528,356
573.09,1552628111,12612.20,51.48238983,7.39858801,184.00,0.00,0.00,42.66,1,-71.00,-4.00,26.00,15.00,45.00,5.00,13067528,356
574.09,1552628112,12612.20,51.48238983,7.39858801,184.01,0.00,0.00,42.66,1,-71.00,-4.00,26.00,15.00,45.00,5.00,13067528,356
575.09,1552628113,12612.20,51.48238983,7.39858801,184.02,0.00,0.00,42.66,1,-71.00,-4.00,25.00,15.00,45.00,5.00,13067528,356
576.10,1552628114,12612.20,51.48238983,7.39858801,184.02,0.00,0.00,42.66,1,-71.00,-4.00,25.00,15.00,45.00,5.00,13067528,356
577.09,1552628115,12612.20,51.48238983,7.39858801,184.03,0.00,0.00,42.66,1,-69.00,-4.00,29.00,15.00,48.00,5.00,13067528,356
578.09,1552628116,12612.20,51.48238983,7.39858801,184.04,0.00,0.00,42.66,1,-69.00,-4.00,29.00,15.00,48.00,5.00,13067528,356
579.09,1552628117,12612.20,51.48238983,7.39858801,184.04,0.00,0.00,42.66,1,-71.00,-4.00,31.00,15.00,46.00,5.00,13067528,356
580.09,1552628118,12612.20,51.48238983,7.39858801,184.05,0.00,0.00,42.66,1,-71.00,-4.00,31.00,15.00,46.00,5.00,13067528,356
581.10,1552628119,12612.20,51.48238983,7.39858801,184.06,0.00,0.00,42.66,1,-71.00,-5.00,27.00,15.00,46.00,5.00,13067528,356
582.09,1552628120,12612.20,51.48238983,7.39858801,184.06,0.00,0.00,42.66,1,-71.00,-5.00,27.00,15.00,46.00,5.00,13067528,356
583.09,1552628121,12612.20,51.48238983,7.39858801,184.07,0.00,0.00,42.66,1,-71.00,-5.00,27.00,15.00,46.00,5.00,13067528,356
584.09,1552628122,12612.20,51.48238983,7.39858801,184.08,0.00,0.00,42.66,1,-71.00,-4.00,25.00,15.00,46.00,5.00,13067528,356
585.09,1552628123,12612.20,51.48238983,7.39858801,184.19,0.00,0.00,49.13,1,-71.00,-4.00,25.00,15.00,46.00,5.00,13067528,356
586.09,1552628124,12612.20,51.48238983,7.39858801,184.88,0.00,0.00,45.47,1,-70.00,-4.00,32.00,13.00,47.00,5.00,13067528,356
587.10,1552628125,12612.20,51.48247778,7.39872150,185.55,8.02,0.00,42.94,1,-70.00,-4.00,32.00,13.00,47.00,5.00,13067528,356
588.09,1552628126,12620.17,51.48253472,7.39879902,186.07,9.17,1.16,40.89,1,-78.00,-5.00,22.00,15.00,42.00,5.00,13067528,356
589.09,1552628127,12629.35,51.48260550,7.39888707,186.43,10.29,1.11,39.11,1,-78.00,-5.00,22.00,15.00,42.00,5.00,13067528,356
590.09,1552628128,12639.64,51.48268291,7.39897673,186.67,10.82,0.53,37.66,1,-67.00,-5.00,25.00,15.00,48.00,5.00,13067528,356
591.09,1552628129,12650.45,51.48243070,7.40006690,186.77,10.67,-0.15,36.39,1,-67.00,-5.00,25.00,15.00,48.00,5.00,13067528,356
592.09,1552628130,12661.11,51.48284420,7.39915060,186.60,11.01,0.34,35.51,1,-83.00,-5.00,15.00,15.00,39.00,5.00,13067528,356
593.09,1552628131,12672.12,51.48293712,7.39924689,186.59,12.32,1.31,34.97,1,-83.00,-5.00,15.00,15.00,39.00,5.00,13067528,356
594.09,1552628132,12684.44,51.48303396,7.39935020,186.84,12.96,0.64,34.25,1,-74.00,-5.00,18.00,15.00,43.00,5.00,13067528,356
595.09,1552628133,12697.41,51.48313987,7.39945889,187.07,13.43,0.47,33.51,1,-74.00,-5.00,18.00,15.00,43.00,5.00,13067528,356
596.09,1552628134,12710.84,51.48325014,7.39956700,187.20,13.72,0.29,32.94,1,-75.00,-4.00,28.00,15.00,43.00,5.00,13067528,356
597.10,1552628135,12724.62,51.48335711,7.39967460,187.30,14.02,0.29,33.79,1,-75.00,-4.00,28.00,15.00,43.00,5.00,13067528,356
598.10,1552628136,12738.63,51.48346065,7.39977840,187.33,14.14,0.12,34.05,1,-73.00,-5.00,27.00,15.00,43.00,5.00,13067528,356
599.09,1552628137,12752.73,51.48356658,7.39988439,187.34,13.82,-0.32,34.25,1,-73.00,-5.00,27.00,15.00,43.00,5.00,13067528,356
600.09,1552628138,12766.54,51.48366892,7.39999248,187.12,13.58,-0.25,34.70,1,-80.00,-5.00,20.00,15.00,41.00,5.00,13067528,356
601.09,1552628139,12780.13,51.48377263,7.40010212,186.76,13.43,-0.15,35.22,1,-80.00,-5.00,20.00,15.00,41.00,5.00,13067528,356
602.10,1552628140,12793.66,51.48386948,7.40021015,186.47,13.50,0.07,35.75,1,-79.00,-5.00,27.00,15.00,43.00,5.00,13067528,356
603.09,1552628141,12807.06,51.48396736,7.40032302,186.18,13.57,0.07,36.57,1,-79.00,-5.00,27.00,15.00,43.00,5.00,13067528,356
604.09,1552628142,12820.62,51.48406406,7.40044084,185.79,13.52,-0.05,37.31,1,-79.00,-5.00,27.00,15.00,43.00,5.00,13067528,356
605.09,1552628143,12834.15,51.48415392,7.40055856,185.89,13.48,-0.04,37.91,1,-82.00,-5.00,27.00,15.00,39.00,5.00,13067528,356
606.09,1552628144,12847.61,51.48425429,7.40069111,185.88,13.53,0.05,38.77,1,-82.00,-5.00,27.00,15.00,39.00,5.00,13067528,356
607.09,1552628145,12861.17,51.48435195,7.40082322,185.95,13.54,0.01,39.71,1,-83.00,-5.00,30.00,15.00,38.00,5.00,13067528,356
608.10,1552628146,12874.78,51.48444342,7.40095224,186.02,13.79,0.26,40.44,1,-83.00,-5.00,30.00,15.00,38.00,5.00,13067528,356
609.09,1552628147,12888.48,51.48453772,7.40108525,185.91,13.81,0.02,41.14,1,-88.00,-5.00,31.00,15.00,35.00,5.00,13067528,356
610.09,1552628148,12902.28,51.48462574,7.40122048,185.38,13.74,-0.07,41.89,1,-88.00,-5.00,31.00,15.00,35.00,5.00,13067528,356
611.09,1552628149,12916.03,51.48471398,7.40135589,184.88,13.75,0.01,42.52,1,-92.00,-5.00,27.00,15.00,31.00,5.00,13067528,356
612.09,1552628150,12929.78,51.48480723,7.40149949,184.30,14.17,0.42,41.77,1,-92.00,-5.00,27.00,15.00,31.00,5.00,13067528,356
613.09,1552628151,12943.97,51.48489356,7.40162625,184.17,14.43,0.25,41.07,1,-90.00,-5.00,22.00,15.00,31.00,5.00,13067528,356
614.09,1552628152,12958.40,51.48499144,7.40176540,183.87,14.58,0.15,41.68,1,-90.00,-5.00,22.00,15.00,31.00,5.00,13067528,356
615.09,1552628153,12972.97,51.48508810,7.40190424,183.63,14.76,0.18,42.58,1,-81.00,-5.00,26.00,15.00,38.00,5.00,13067528,356
616.09,1552628154,12987.65,51.48518386,7.40205344,183.20,14.71,-0.05,43.92,1,-81.00,-5.00,26.00,15.00,38.00,5.00,13067528,356
617.09,1552628155,13002.44,51.48527649,7.40221131,182.48,14.47,-0.24,45.59,1,-86.00,-5.00,18.00,15.00,36.00,5.00,13067528,356
618.09,1552628156,13016.94,51.48535912,7.40236166,182.35,13.95,-0.52,47.14,1,-86.00,-5.00,18.00,15.00,36.00,5.00,13067528,356
619.09,1552628157,13030.90,51.48543760,7.40250706,182.57,12.49,-1.45,47.96,1,-89.00,-5.00,27.00,13.00,31.00,5.00,13067528,356
620.10,1552628158,13043.47,51.48550530,7.40263804,182.62,10.42,-2.06,48.79,1,-89.00,-5.00,27.00,13.00,31.00,5.00,13067528,356
621.09,1552628159,13053.82,51.48556206,7.40274175,182.56,8.63,-1.80,46.74,1,-87.00,-4.00,24.00,15.00,33.00,10.00,13067528,356
622.09,1552628160,13062.45,51.48562895,7.40278681,182.73,8.15,-0.49,16.64,1,-87.00,-4.00,24.00,15.00,33.00,10.00,13067528,356
623.10,1552628161,13070.67,51.48569656,7.40278628,183.19,8.89,0.73,354.63,1,-87.00,-5.00,25.00,15.00,34.00,10.00,13067528,356
624.09,1552628162,13079.45,51.48575756,7.40273884,183.71,8.98,0.10,334.06,1,-87.00,-5.00,25.00,15.00,34.00,10.00,13067528,356
625.10,1552628163,13088.49,51.48582057,7.40265981,184.31,9.93,0.94,320.01,1,-87.00,-5.00,25.00,15.00,34.00,10.00,13067528,356
626.09,1552628164,13098.34,51.48589199,7.40256353,184.59,10.94,1.02,319.91,1,-90.00,-5.00,23.00,15.00,33.00,10.00,13067528,356
627.09,1552628165,13109.31,51.48597463,7.40245836,184.60,12.00,1.06,321.37,1,-90.00,-5.00,23.00,15.00,33.00,10.00,13067528,356
628.09,1552628166,13121.31,51.48606215,7.40235104,184.70,12.63,0.63,323.67,1,-91.00,-5.00,22.00,14.00,30.00,10.00,13067528,356
629.09,1552628167,13133.94,51.48615316,7.40225546,184.70,12.34,-0.29,325.68,1,-91.00,-5.00,22.00,14.00,30.00,10.00,13067528,356
630.09,1552628168,13146.28,51.48624971,7.40216323,184.89,11.96,-0.38,327.72,1,-96.00,-5.00,24.00,13.00,29.00,10.00,13067528,356
631.09,1552628169,13158.26,51.48635014,7.40207649,185.17,12.20,0.24,330.03,1,-96.00,-5.00,24.00,13.00,29.00,10.00,13067528,356
632.10,1552628170,13170.49,51.48646213,7.40198339,185.29,13.25,1.05,332.59,1,-92.00,-5.00,25.00,15.00,33.00,10.00,13067528,356
633.09,1552628171,13183.68,51.48656458,7.40191367,185.43,13.22,-0.03,335.35,1,-92.00,-5.00,25.00,15.00,33.00,10.00,13067528,356
634.09,1552628172,13196.92,51.48668130,7.40184315,185.48,14.44,1.22,337.61,1,-94.00,-5.00,32.00,12.00,29.00,10.00,13067528,356
635.10,1552628173,13211.40,51.48680220,7.40178529,185.63,13.94,-0.49,340.56,1,-94.00,-5.00,32.00,12.00,29.00,10.00,13067528,356
636.09,1552628174,13225.30,51.48692638,7.40174232,185.39,13.74,-0.20,343.42,1,-84.00,-5.00,25.00,15.00,41.00,10.00,13067528,356
637.09,1552628175,13239.04,51.48704707,7.40170801,185.36,13.55,-0.19,346.20,1,-84.00,-5.00,25.00,15.00,41.00,10.00,13067528,356
638.09,1552628176,13252.58,51.48716950,7.40168129,185.30,13.45,-0.10,348.96,1,-84.00,-6.00,22.00,15.00,40.00,10.00,13067528,356
639.09,1552628177,13266.04,51.48729377,7.40165930,185.60,13.52,0.07,351.43,1,-84.00,-6.00,22.00,15.00,40.00,10.00,13067528,356
640.09,1552628178,13279.55,51.48742210,7.40165272,185.50,13.46,-0.06,353.91,1,-74.00,-6.00,27.00,15.00,41.00,10.00,13067528,356
641.09,1552628179,13293.00,51.48755645,7.40165048,185.23,13.48,0.02,355.98,1,-74.00,-6.00,27.00,15.00,41.00,10.00,13067528,356
642.09,1552628180,13306.51,51.48767945,7.40165735,184.77,13.61,0.13,357.50,1,-79.00,-5.00,22.00,15.00,34.00,10.00,13067528,356
643.10,1552628181,13320.15,51.48779393,7.40166006,184.69,13.17,-0.44,357.91,1,-79.00,-5.00,22.00,15.00,34.00,10.00,13067528,356
644.10,1552628182,13333.38,51.48791205,7.40166685,184.57,13.33,0.16,359.18,1,-81.00,-5.00,18.00,15.00,34.00,10.00,13067528,356
645.09,1552628183,13346.62,51.48803648,7.40167036,184.31,13.46,0.13,359.71,1,-81.00,-5.00,18.00,15.00,34.00,10.00,13067528,356
646.09,1552628184,13360.08,51.48816420,7.40167768,183.63,13.30,-0.15,0.19,1,-81.00,-5.00,18.00,15.00,34.00,10.00,13067528,356
647.09,1552628185,13373.38,51.48828545,7.40168853,182.77,13.30,-0.00,0.55,1,-87.00,-5.00,27.00,15.00,32.00,10.00,13067528,356
648.09,1552628186,13386.68,51.48840775,7.40170050,181.81,13.46,0.15,0.54,1,-87.00,-5.00,27.00,15.00,32.00,10.00,13067528,356
649.10,1552628187,13400.17,51.48853180,7.40170846,180.84,13.35,-0.11,0.56,1,-92.00,-6.00,19.00,15.00,29.00,10.00,13067528,356
650.09,1552628188,13413.46,51.48864450,7.40171514,180.20,13.15,-0.20,0.24,1,-92.00,-6.00,19.00,15.00,29.00,10.00,13067528,356
651.09,1552628189,13426.61,51.48875955,7.40171915,179.56,12.33,-0.81,359.86,1,-97.00,-5.00,19.00,11.00,24.00,10.00,13067528,356
652.09,1552628190,13438.95,51.48886659,7.40172121,179.02,11.07,-1.26,0.59,1,-97.00,-5.00,19.00,11.00,24.00,10.00,13067528,356
653.09,1552628191,13450.04,51.48895519,7.40172408,178.64,9.62,-1.45,0.49,1,-102.00,-6.00,16.00,11.00,20.00,10.00,13067528,356
654.09,1552628192,13459.66,51.48903630,7.40172991,177.64,8.31,-1.31,0.85,1,-102.00,-6.00,16.00,11.00,20.00,10.00,13067528,356
655.09,1552628193,13467.98,51.48910236,7.40173372,176.47,6.81,-1.51,0.44,1,-103.00,-7.00,15.00,11.00,22.00,10.00,13067528,356
656.09,1552628194,13474.78,51.48915700,7.40173570,175.56,5.94,-0.87,1.41,1,-103.00,-7.00,15.00,11.00,22.00,10.00,13067528,356
657.09,1552628195,13480.72,51.48921090,7.40174105,174.94,5.98,0.04,2.28,1,-104.00,-6.00,13.00,14.00,21.00,10.00,13067528,356
658.09,1552628196,13486.70,51.48925920,7.40174968,174.96,5.87,-0.11,1.91,1,-104.00,-6.00,13.00,14.00,21.00,10.00,13067528,356
659.09,1552628197,13492.57,51.48931441,7.40175837,175.43,5.67,-0.19,4.92,1,-104.00,-6.00,15.00,14.00,22.00,10.00,13067528,356
660.09,1552628198,13498.24,51.48936310,7.40182192,175.61,6.02,0.34,44.77,1,-104.00,-6.00,15.00,14.00,22.00,10.00,13067528,356
661.09,1552628199,13504.26,51.48938257,7.40190741,175.99,7.40,1.38,75.58,1,-104.00,-6.00,14.00,12.00,20.00,10.00,13067528,356
662.09,1552628200,13511.66,51.48940415,7.40203897,176.14,8.78,1.39,78.71,1,-104.00,-6.00,14.00,12.00,20.00,10.00,13067528,356
663.09,1552628201,13520.44,51.48941632,7.40217087,175.86,10.03,1.25,82.38,1,-111.00,-10.00,10.00,2.00,30.00,10.00,13067528,356
664.09,1552628202,13530.47,51.48942359,7.40231288,175.47,10.69,0.65,84.74,1,-111.00,-10.00,10.00,2.00,30.00,10.00,13067528,356
665.11,1552628203,13541.28,51.48942209,7.40246431,175.19,11.89,1.19,87.09,1,-109.00,-8.00,4.00,2.00,17.00,10.00,13067528,356
666.10,1552628204,13553.05,51.48942209,7.40264785,174.99,12.45,0.57,88.32,1,-109.00,-8.00,4.00,2.00,17.00,10.00,13067528,356
667.10,1552628205,13565.51,51.48942203,7.40282153,174.86,12.96,0.51,89.11,1,-109.00,-8.00,4.00,2.00,17.00,10.00,13067528,356
668.10,1552628206,13578.49,51.48941972,7.40300784,175.06,12.88,-0.08,89.70,1,-109.00,-7.00,6.00,2.00,16.00,10.00,13067528,356
669.10,1552628207,13591.37,51.48941744,7.40319574,175.42,12.85,-0.03,90.05,1,-109.00,-7.00,6.00,2.00,16.00,10.00,13067528,356
670.10,1552628208,13604.21,51.48941367,7.40338641,175.79,13.01,0.15,91.02,1,-109.00,-7.00,10.00,2.00,15.00,10.00,13067528,356
671.10,1552628209,13617.20,51.48942850,7.40363300,176.03,13.16,0.15,90.89,1,-109.00,-7.00,10.00,2.00,15.00,10.00,13067528,356
672.10,1552628210,13630.36,51.48940573,7.40377192,176.26,13.66,0.50,90.83,1,-110.00,-8.00,4.00,2.00,16.00,10.00,13067528,356
673.10,1552628211,13644.01,51.48940143,7.40396994,176.45,14.18,0.52,90.89,1,-110.00,-8.00,4.00,2.00,16.00,10.00,13067528,356
674.10,1552628212,13658.19,51.48939816,7.40418146,176.67,14.78,0.60,91.88,1,-111.00,-8.00,-1.00,2.00,16.00,10.00,13067528,356
675.10,1552628213,13672.97,51.48939564,7.40439926,176.94,15.17,0.39,91.17,1,-111.00,-8.00,-1.00,2.00,16.00,10.00,13067528,356
676.10,1552628214,13688.18,51.48939260,7.40461042,177.22,14.76,-0.41,90.69,1,-112.00,-10.00,3.00,2.00,16.00,10.00,13067528,356
677.10,1552628215,13702.94,51.48939045,7.40482135,177.54,14.33,-0.44,90.21,1,-112.00,-10.00,3.00,2.00,16.00,10.00,13067528,356
678.10,1552628216,13717.28,51.48939014,7.40502604,177.81,14.02,-0.31,89.76,1,-112.00,-11.00,14.00,2.00,18.00,10.00,13067528,356
679.10,1552628217,13731.29,51.48939090,7.40522802,178.01,13.82,-0.20,89.02,1,-112.00,-11.00,14.00,2.00,18.00,10.00,13067528,356
680.10,1552628218,13745.11,51.48939739,7.40542203,178.07,13.62,-0.20,87.33,1,-109.00,-10.00,3.00,2.00,21.00,10.00,13067528,356
681.10,1552628219,13758.72,51.48940927,7.40561006,178.09,13.58,-0.03,85.43,1,-109.00,-10.00,3.00,2.00,21.00,10.00,13067528,356
682.09,1552628220,13772.27,51.48942606,7.40581196,178.19,13.53,-0.05,83.59,1,-99.00,-7.00,17.00,2.00,40.00,70.00,13067274,289
683.09,1552628221,13785.80,51.48944795,7.40599687,178.22,13.69,0.16,81.91,1,-99.00,-7.00,17.00,2.00,40.00,70.00,13067274,289
684.10,1552628222,13799.52,51.48947637,7.40620856,178.54,13.92,0.23,80.42,1,-98.00,-6.00,11.00,2.00,27.00,70.00,13067274,289
685.10,1552628223,13813.44,51.48950153,7.40641882,178.79,14.04,0.12,79.47,1,-98.00,-6.00,11.00,2.00,27.00,70.00,13067274,289
686.10,1552628224,13827.57,51.48952921,7.40662880,179.17,14.10,0.06,78.63,1,-98.00,-6.00,10.00,2.00,26.00,70.00,13067274,289
687.10,1552628225,13841.57,51.48955610,7.40682683,179.39,14.46,0.36,77.91,1,-98.00,-6.00,10.00,2.00,26.00,70.00,13067274,289
688.10,1552628226,13856.04,51.48958458,7.40703521,179.65,14.47,0.01,77.83,1,-98.00,-6.00,10.00,2.00,26.00,70.00,13067274,289
689.09,1552628227,13870.50,51.48961612,7.40726108,180.37,14.46,-0.01,78.06,1,-103.00,-6.00,14.00,2.00,23.00,13.00,13532175,337
690.09,1552628228,13884.96,51.48964361,7.40746505,180.80,14.30,-0.16,78.47,1,-103.00,-6.00,14.00,2.00,23.00,13.00,13532175,337
691.09,1552628229,13899.26,51.48967079,7.40765673,180.93,14.24,-0.06,78.42,1,-104.00,-6.00,9.00,2.00,22.00,13.00,13532175,337
692.09,1552628230,13913.50,51.48969791,7.40784002,180.48,13.74,-0.50,78.40,1,-104.00,-6.00,9.00,2.00,22.00,13.00,13532175,337
693.09,1552628231,13927.24,51.48972426,7.40804925,180.37,13.67,-0.07,78.90,1,-108.00,-7.00,10.00,8.00,18.00,16.00,13532175,337
694.09,1552628232,13940.92,51.48974780,7.40822604,180.00,12.27,-1.40,78.39,1,-108.00,-7.00,10.00,8.00,18.00,16.00,13532175,337
695.10,1552628233,13953.21,51.48977049,7.40839514,179.58,12.10,-0.17,77.90,1,-111.00,-8.00,5.00,5.00,16.00,16.00,13532175,337
696.10,1552628234,13965.32,51.48979441,7.40855743,179.36,11.98,-0.12,77.01,1,-111.00,-8.00,5.00,5.00,16.00,16.00,13532175,337
697.10,1552628235,13977.29,51.48982377,7.40873450,179.13,11.85,-0.13,76.01,1,-115.00,-9.00,6.00,8.00,13.00,16.00,13532175,337
698.09,1552628236,13989.12,51.48985484,7.40893092,179.24,11.87,0.02,75.60,1,-115.00,-9.00,6.00,8.00,13.00,16.00,13532175,337
699.10,1552628237,14001.01,51.48988001,7.40906832,178.88,11.82,-0.05,76.39,1,-110.00,-7.00,8.00,10.00,15.00,16.00,13532175,337
700.10,1552628238,14012.83,51.48990120,7.40921137,177.99,11.91,0.09,78.40,1,-110.00,-7.00,8.00,10.00,15.00,16.00,13532175,337
701.10,1552628239,14024.76,51.48991937,7.40938873,177.14,12.30,0.39,79.97,1,-113.00,-8.00,7.00,7.00,14.00,16.00,13532175,337
702.10,1552628240,14037.04,51.48993780,7.40955277,176.06,12.13,-0.17,79.20,1,-113.00,-8.00,7.00,7.00,14.00,16.00,13532175,337
703.10,1552628241,14049.18,51.48995987,7.40975063,175.30,12.29,0.16,78.68,1,-118.00,-9.00,2.00,2.00,22.00,16.00,13532175,337
704.10,1552628242,14061.48,51.48998042,7.40991640,174.44,12.73,0.43,78.50,1,-118.00,-9.00,2.00,2.00,22.00,16.00,13532175,337
705.10,1552628243,14074.18,51.49000374,7.41009508,173.46,13.02,0.30,78.81,1,-118.00,-9.00,7.00,2.00,10.00,16.00,13532175,337
706.10,1552628244,14087.20,51.49002728,7.41028825,172.59,13.07,0.05,78.45,1,-118.00,-9.00,7.00,2.00,10.00,16.00,13532175,337
707.11,1552628245,14100.42,51.49005061,7.41046647,171.36,13.00,-0.07,78.13,1,-117.00,-9.00,5.00,2.00,9.00,16.00,13532175,337
708.09,1552628246,14113.18,51.49007688,7.41064290,170.20,12.90,-0.11,77.92,1,-117.00,-9.00,5.00,2.00,9.00,16.00,13532175,337
709.09,1552628247,14126.09,51.49010022,7.41082345,169.13,12.97,0.07,77.99,1,-117.00,-9.00,5.00,2.00,9.00,16.00,13532175,337
710.10,1552628248,14139.15,51.49012301,7.41100496,168.52,12.49,-0.48,78.10,1,-117.00,-9.00,-1.00,2.00,10.00,16.00,13532175,337
