0.09,1552976295,0.00,51.45012231,7.48824067,248.70,7.77,0.00,167.93,1,-94.00,-7.00,10.00,14.00,31.00,6.00,13415170,315
1.09,1552976296,7.73,51.45004431,7.48827231,248.22,9.01,1.25,167.72,1,-96.00,-7.00,10.00,10.00,32.00,6.00,13415170,315
2.09,1552976297,16.74,51.44995802,7.48829963,248.31,9.77,0.76,168.18,1,-96.00,-7.00,10.00,10.00,32.00,6.00,13415170,315
3.09,1552976298,26.52,51.44985521,7.48833833,248.29,10.81,1.04,168.80,1,-95.00,-8.00,9.00,10.00,32.00,6.00,13415170,315
4.09,1552976299,37.32,51.44974787,7.48837637,247.70,11.92,1.11,169.94,1,-95.00,-8.00,9.00,10.00,32.00,6.00,13415170,315
5.09,1552976300,49.25,51.44964030,7.48840184,247.58,12.58,0.65,171.43,1,-99.00,-8.00,9.00,12.00,28.00,6.00,13415170,315
6.09,1552976301,61.82,51.44951868,7.48842285,247.59,13.46,0.88,173.73,1,-99.00,-8.00,9.00,12.00,28.00,6.00,13415170,315
7.09,1552976302,75.27,51.44939294,7.48843658,247.75,14.20,0.74,175.94,1,-96.00,-6.00,7.00,8.00,31.00,6.00,13415170,315
8.09,1552976303,89.48,51.44926310,7.48844596,247.62,14.19,-0.00,177.54,1,-96.00,-6.00,7.00,8.00,31.00,6.00,13415170,315
9.09,1552976304,103.67,51.44913457,7.48844411,248.00,14.12,-0.07,179.55,1,-101.00,-7.00,7.00,7.00,26.00,6.00,13415170,315
10.15,1552976305,118.63,51.44900544,7.48843074,248.32,14.35,0.21,182.10,1,-101.00,-7.00,7.00,7.00,26.00,6.00,13415170,315
11.09,1552976306,132.16,51.44887988,7.48840208,248.98,14.59,0.26,185.23,1,-102.00,-8.00,5.00,12.00,25.00,6.00,13415170,315
12.09,1552976307,146.80,51.44874317,7.48836910,249.52,14.90,0.30,188.26,1,-102.00,-8.00,5.00,12.00,25.00,6.00,13415170,315
13.10,1552976308,161.78,51.44860900,7.48832418,250.47,15.01,0.11,190.49,1,-106.00,-9.00,2.00,9.00,23.00,6.00,13415170,315
14.09,1552976309,176.66,51.44847332,7.48826385,251.54,15.12,0.11,191.83,1,-106.00,-9.00,2.00,9.00,23.00,6.00,13415170,315
15.09,1552976310,191.77,51.44833792,7.48820725,252.47,15.49,0.37,193.00,1,-106.00,-9.00,2.00,9.00,23.00,6.00,13415170,315
16.09,1552976311,207.28,51.44819941,7.48815124,253.22,15.65,0.16,193.52,1,-110.00,-10.00,1.00,8.00,20.00,6.00,13415170,315
17.09,1552976312,222.91,51.44806520,7.48809453,253.90,15.57,-0.07,192.91,1,-110.00,-10.00,1.00,8.00,20.00,6.00,13415170,315
18.09,1552976313,238.53,51.44793759,7.48804349,254.16,15.10,-0.48,192.43,1,-111.00,-12.00,-1.00,7.00,20.00,6.00,13415170,315
19.09,1552976314,253.63,51.44780030,7.48799973,254.75,14.90,-0.20,191.71,1,-111.00,-12.00,-1.00,7.00,20.00,6.00,13415170,315
20.09,1552976315,268.51,51.44766359,7.48796422,255.60,14.51,-0.39,190.45,1,-110.00,-14.00,-2.00,5.00,23.00,22.00,13415426,315
21.10,1552976316,283.04,51.44752841,7.48792976,256.44,14.79,0.29,188.85,1,-110.00,-14.00,-2.00,5.00,23.00,22.00,13415426,315
22.09,1552976317,297.81,51.44739839,7.48791617,256.97,14.35,-0.44,186.91,1,-109.00,-11.00,-1.00,9.00,20.00,22.00,13415426,265
23.09,1552976318,312.17,51.44726301,7.48790527,257.75,15.46,1.10,183.43,1,-109.00,-11.00,-1.00,9.00,20.00,22.00,13415426,265
24.09,1552976319,327.54,51.44712705,7.48791127,258.38,15.81,0.36,179.66,1,-113.00,-15.00,-4.00,6.00,21.00,22.00,13415426,265
25.09,1552976320,343.43,51.44698344,7.48796809,258.91,16.39,0.58,166.10,1,-113.00,-15.00,-4.00,6.00,21.00,22.00,13415426,265
26.09,1552976321,359.83,51.44684949,7.48802602,259.33,16.18,-0.21,165.29,1,-113.00,-14.00,-3.00,6.00,20.00,22.00,13415426,265
27.09,1552976322,376.02,51.44670612,7.48810287,259.69,16.29,0.11,163.58,1,-113.00,-14.00,-3.00,6.00,20.00,22.00,13415426,265
28.09,1552976323,392.26,51.44656910,7.48818618,259.90,15.42,-0.87,161.23,1,-111.00,-12.00,-4.00,6.00,21.00,22.00,13415426,265
29.09,1552976324,407.71,51.44642959,7.48828727,260.07,16.10,0.68,158.46,1,-111.00,-12.00,-4.00,6.00,21.00,22.00,13415426,265
30.09,1552976325,423.79,51.44629444,7.48839775,259.95,15.90,-0.20,155.84,1,-104.00,-9.00,4.00,10.00,25.00,12.00,13415170,315
31.09,1552976326,439.70,51.44617363,7.48850940,260.00,15.32,-0.58,152.86,1,-104.00,-9.00,4.00,10.00,25.00,12.00,13415170,315
32.09,1552976327,454.99,51.44604891,7.48863739,260.27,15.52,0.20,149.38,1,-105.00,-8.00,18.00,10.00,22.00,12.00,13415170,315
33.10,1552976328,470.57,51.44592967,7.48878611,260.46,15.58,0.06,145.57,1,-105.00,-8.00,18.00,10.00,22.00,12.00,13415170,315
34.10,1552976329,486.20,51.44582682,7.48893620,260.88,15.63,0.06,142.51,1,-105.00,-7.00,6.00,9.00,22.00,12.00,13415170,315
35.09,1552976330,501.72,51.44572939,7.48909796,261.34,15.93,0.30,139.11,1,-105.00,-7.00,6.00,9.00,22.00,12.00,13415170,315
36.09,1552976331,517.65,51.44562150,7.48929158,261.60,16.07,0.14,135.55,1,-105.00,-7.00,6.00,9.00,22.00,12.00,13415170,315
37.09,1552976332,533.66,51.44552222,7.48948621,261.81,16.19,0.12,133.14,1,-104.00,-8.00,3.00,9.00,24.00,12.00,13415170,315
38.09,1552976333,549.93,51.44543411,7.48967429,262.53,16.20,0.01,131.31,1,-104.00,-8.00,3.00,9.00,24.00,12.00,13415170,315
39.09,1552976334,566.03,51.44534536,7.48986931,263.71,16.23,0.03,129.72,1,-103.00,-8.00,7.00,9.00,23.00,12.00,13415170,315
40.09,1552976335,582.35,51.44526605,7.49005944,264.95,16.26,0.02,128.71,1,-103.00,-8.00,7.00,9.00,23.00,12.00,13415170,315
41.09,1552976336,598.62,51.44518760,7.49024550,266.17,16.37,0.12,127.79,1,-106.00,-10.00,-3.00,7.00,23.00,12.00,13415170,315
42.09,1552976337,615.00,51.44510751,7.49043765,267.37,16.43,0.06,127.25,1,-106.00,-10.00,-3.00,7.00,23.00,12.00,13415170,315
43.09,1552976338,631.41,51.44502907,7.49062144,268.42,15.76,-0.68,127.30,1,-108.00,-11.00,6.00,10.00,21.00,12.00,13415170,315
44.09,1552976339,647.17,51.44494549,7.49081383,269.30,14.74,-1.02,127.52,1,-108.00,-11.00,6.00,10.00,21.00,12.00,13415170,315
45.09,1552976340,661.91,51.44488567,7.49095812,270.45,13.47,-1.27,126.71,1,-108.00,-11.00,-5.00,6.00,22.00,24.00,13417219,315
46.09,1552976341,675.39,51.44482492,7.49110649,271.33,12.22,-1.25,126.85,1,-108.00,-11.00,-5.00,6.00,22.00,24.00,13417219,315
47.09,1552976342,687.61,51.44477434,7.49122742,271.96,10.46,-1.76,127.33,1,-111.00,-12.00,-1.00,4.00,20.00,24.00,13417219,440
48.09,1552976343,698.07,51.44473029,7.49132546,272.28,8.98,-1.48,126.40,1,-111.00,-12.00,-1.00,4.00,20.00,24.00,13417219,440
49.09,1552976344,707.02,51.44468260,7.49143342,272.06,7.55,-1.44,126.92,1,-113.00,-12.00,-4.00,6.00,18.00,24.00,13417219,440
50.09,1552976345,714.59,51.44465273,7.49150622,271.97,6.01,-1.53,127.35,1,-113.00,-12.00,-4.00,6.00,18.00,24.00,13417219,440
51.09,1552976346,720.60,51.44463080,7.49155867,271.95,3.13,-2.88,127.50,1,-112.00,-11.00,1.00,7.00,17.00,24.00,13417219,440
52.09,1552976347,723.74,51.44462779,7.49157336,271.93,0.63,-2.50,127.50,1,-112.00,-11.00,1.00,7.00,17.00,24.00,13417219,440
53.09,1552976348,724.37,51.44462779,7.49157336,271.93,0.00,-0.64,127.50,1,-111.00,-11.00,0.00,2.00,28.00,24.00,13417219,440
54.09,1552976349,724.37,51.44462779,7.49157336,271.93,0.00,0.00,127.50,1,-111.00,-11.00,0.00,2.00,28.00,24.00,13417219,440
55.10,1552976350,724.37,51.44462779,7.49157336,271.94,0.00,0.00,127.50,1,-111.00,-10.00,1.00,2.00,19.00,24.00,13417219,440
56.09,1552976351,724.37,51.44462779,7.49157336,271.95,0.00,0.00,127.50,1,-111.00,-10.00,1.00,2.00,19.00,24.00,13417219,440
57.09,1552976352,724.37,51.44462779,7.49157336,271.97,0.00,0.00,127.50,1,-111.00,-10.00,1.00,2.00,19.00,24.00,13417219,440
58.09,1552976353,724.37,51.44462779,7.49157336,271.98,0.00,0.00,127.50,1,-111.00,-11.00,2.00,2.00,19.00,24.00,13417219,440
59.09,1552976354,724.37,51.44462779,7.49157336,272.00,0.00,0.00,127.50,1,-111.00,-11.00,2.00,2.00,19.00,24.00,13417219,440
60.09,1552976355,724.37,51.44462779,7.49157336,272.02,0.00,0.00,127.50,1,-111.00,-11.00,2.00,2.00,19.00,24.00,13417219,440
61.09,1552976356,724.37,51.44462779,7.49157336,272.03,0.00,0.00,127.50,1,-111.00,-11.00,2.00,2.00,19.00,24.00,13417219,440
62.09,1552976357,724.37,51.44462779,7.49157336,272.05,0.00,0.00,127.50,1,-111.00,-11.00,1.00,2.00,19.00,24.00,13417219,440
63.09,1552976358,724.37,51.44462779,7.49157336,272.06,0.00,0.00,127.50,1,-111.00,-11.00,1.00,2.00,19.00,24.00,13417219,440
64.09,1552976359,724.37,51.44462779,7.49157336,272.08,0.00,0.00,127.50,1,-111.00,-10.00,1.00,2.00,19.00,24.00,13417219,440
65.09,1552976360,724.37,51.44462779,7.49157336,272.10,0.00,0.00,127.50,1,-111.00,-10.00,1.00,2.00,19.00,24.00,13417219,440
66.09,1552976361,724.37,51.44462779,7.49157336,272.12,0.00,0.00,127.50,1,-110.00,-10.00,2.00,2.00,19.00,24.00,13417219,440
67.09,1552976362,724.37,51.44462779,7.49157336,272.14,0.00,0.00,127.50,1,-110.00,-10.00,2.00,2.00,19.00,24.00,13417219,440
68.09,1552976363,724.37,51.44462779,7.49157336,272.16,0.00,0.00,127.50,1,-110.00,-10.00,2.00,2.00,19.00,24.00,13417219,440
69.09,1552976364,724.37,51.44462779,7.49157336,272.18,0.00,0.00,127.50,1,-110.00,-10.00,2.00,2.00,19.00,24.00,13417219,440
70.09,1552976365,724.37,51.44462779,7.49157336,272.20,0.00,0.00,127.50,1,-111.00,-10.00,0.00,2.00,19.00,24.00,13417219,440
71.09,1552976366,724.37,51.44462779,7.49157336,272.21,0.00,0.00,127.50,1,-111.00,-10.00,0.00,2.00,19.00,24.00,13417219,440
72.09,1552976367,724.37,51.44462779,7.49157336,272.23,0.00,0.00,127.50,1,-111.00,-11.00,2.00,2.00,19.00,24.00,13417219,440
73.09,1552976368,724.37,51.44462779,7.49157336,272.24,0.00,0.00,127.50,1,-111.00,-11.00,2.00,2.00,19.00,24.00,13417219,440
74.09,1552976369,724.37,51.44462779,7.49157336,272.26,0.00,0.00,127.50,1,-111.00,-11.00,2.00,2.00,19.00,24.00,13417219,440
75.09,1552976370,724.37,51.44462779,7.49157336,272.27,0.00,0.00,127.50,1,-111.00,-11.00,2.00,2.00,19.00,24.00,13417219,440
76.10,1552976371,724.37,51.44462779,7.49157336,272.28,0.00,0.00,127.50,1,-111.00,-10.00,2.00,2.00,19.00,24.00,13417219,440
77.09,1552976372,724.37,51.44462779,7.49157336,272.29,0.00,0.00,127.50,1,-111.00,-10.00,2.00,2.00,19.00,24.00,13417219,440
78.09,1552976373,724.37,51.44462779,7.49157336,272.30,0.00,0.00,127.50,1,-111.00,-10.00,2.00,2.00,19.00,24.00,13417219,440
79.09,1552976374,724.37,51.44462779,7.49157336,272.40,0.00,0.00,127.50,1,-111.00,-11.00,-2.00,2.00,19.00,24.00,13417219,440
80.09,1552976375,724.37,51.44460974,7.49162053,273.17,0.00,0.00,126.31,1,-111.00,-11.00,-2.00,2.00,19.00,24.00,13417219,440
81.09,1552976376,724.37,51.44457022,7.49167448,273.41,0.00,0.00,141.43,1,-111.00,-10.00,-2.00,2.00,19.00,24.00,13417219,440
82.09,1552976377,724.37,51.44451048,7.49169560,273.40,1.42,0.00,172.84,1,-111.00,-10.00,-2.00,2.00,19.00,24.00,13417219,440
83.09,1552976378,725.79,51.44446444,7.49167957,273.50,2.31,0.89,191.04,1,-111.00,-12.00,1.00,2.00,20.00,24.00,13417219,440
84.09,1552976379,728.10,51.44440628,7.49163301,273.41,3.01,0.70,214.60,1,-111.00,-12.00,1.00,2.00,20.00,24.00,13417219,440
85.09,1552976380,731.11,51.44434710,7.49156470,273.48,9.66,6.66,215.70,1,-106.00,-13.00,1.00,8.00,27.00,23.00,13417219,440
86.09,1552976381,740.77,51.44426583,7.49148078,272.85,10.56,0.89,215.06,1,-106.00,-13.00,1.00,8.00,27.00,23.00,13417219,440
87.09,1552976382,751.34,51.44417405,7.49138162,272.31,11.67,1.11,215.89,1,-107.00,-12.00,6.00,4.00,25.00,23.00,13417219,440
88.09,1552976383,762.99,51.44408134,7.49128014,271.76,12.53,0.86,215.32,1,-107.00,-12.00,6.00,4.00,25.00,23.00,13417219,440
89.09,1552976384,775.54,51.44398096,7.49116769,271.42,13.22,0.68,214.91,1,-106.00,-9.00,-2.00,8.00,23.00,23.00,13417219,440
90.09,1552976385,788.74,51.44387914,7.49106106,270.91,14.03,0.82,214.05,1,-106.00,-9.00,-2.00,8.00,23.00,23.00,13417219,440
91.09,1552976386,802.78,51.44376893,7.49093839,270.71,14.93,0.89,214.88,1,-107.00,-8.00,0.00,10.00,21.00,23.00,13417219,440
92.09,1552976387,817.70,51.44365342,7.49080637,270.48,15.72,0.79,215.39,1,-107.00,-8.00,0.00,10.00,21.00,23.00,13417219,440
93.09,1552976388,833.43,51.44353674,7.49067333,270.25,16.24,0.53,216.37,1,-109.00,-10.00,5.00,4.00,23.00,23.00,13417219,440
94.09,1552976389,849.69,51.44342063,7.49053469,270.23,16.70,0.46,216.84,1,-109.00,-10.00,5.00,4.00,23.00,23.00,13417219,440
95.09,1552976390,866.36,51.44330057,7.49039065,270.30,16.63,-0.07,216.51,1,-108.00,-11.00,-2.00,2.00,33.00,23.00,13417219,440
96.09,1552976391,883.02,51.44318509,7.49025309,270.55,16.16,-0.48,216.68,1,-108.00,-11.00,-2.00,2.00,33.00,23.00,13417219,440
97.11,1552976392,899.40,51.44307444,7.49011920,270.84,15.93,-0.22,216.44,1,-110.00,-13.00,-4.00,2.00,22.00,23.00,13417219,440
98.10,1552976393,915.19,51.44295523,7.48997712,271.05,15.81,-0.13,216.41,1,-110.00,-13.00,-4.00,2.00,22.00,23.00,13417219,440
99.10,1552976394,931.01,51.44283950,7.48984471,270.87,15.76,-0.05,217.06,1,-110.00,-13.00,-4.00,2.00,22.00,23.00,13417219,440
100.09,1552976395,946.66,51.44272699,7.48971488,270.91,15.83,0.07,216.65,1,-106.00,-10.00,2.00,7.00,23.00,21.00,13417219,440
101.09,1552976396,962.50,51.44260701,7.48957291,271.24,15.88,0.05,216.03,1,-106.00,-10.00,2.00,7.00,23.00,21.00,13417219,440
102.09,1552976397,978.37,51.44249674,7.48944045,271.67,16.23,0.35,216.60,1,-105.00,-10.00,-1.00,8.00,24.00,21.00,13417219,440
103.09,1552976398,994.59,51.44238877,7.48931243,272.07,15.48,-0.74,217.43,1,-105.00,-10.00,-1.00,8.00,24.00,21.00,13417219,440
104.09,1552976399,1010.09,51.44228006,7.48918233,272.48,15.18,-0.30,217.78,1,-101.00,-7.00,6.00,12.00,26.00,21.00,13417219,440
105.09,1552976400,1025.26,51.44216339,7.48904777,272.40,15.18,-0.00,217.84,1,-101.00,-7.00,6.00,12.00,26.00,21.00,13417219,440
106.09,1552976401,1040.45,51.44205212,7.48891241,272.46,15.44,0.26,218.61,1,-102.00,-8.00,10.00,11.00,24.00,21.00,13417219,440
107.09,1552976402,1055.88,51.44194082,7.48877195,272.39,15.96,0.53,219.99,1,-102.00,-8.00,10.00,11.00,24.00,21.00,13417219,440
108.09,1552976403,1071.84,51.44182147,7.48860842,272.61,16.28,0.31,220.91,1,-99.00,-8.00,-7.00,8.00,27.00,21.00,13417219,440
109.09,1552976404,1088.13,51.44171825,7.48844180,273.14,14.94,-1.33,222.15,1,-99.00,-8.00,-7.00,8.00,27.00,21.00,13417219,440
110.09,1552976405,1103.06,51.44161774,7.48827058,273.86,15.37,0.43,223.03,1,-98.00,-9.00,0.00,5.00,29.00,21.00,13417219,440
111.09,1552976406,1118.45,51.44151682,7.48808348,273.85,16.50,1.13,225.63,1,-98.00,-9.00,0.00,5.00,29.00,21.00,13417219,440
112.09,1552976407,1134.95,51.44140817,7.48787967,274.06,15.95,-0.55,227.43,1,-94.00,-7.00,10.00,15.00,31.00,21.00,13417219,440
113.09,1552976408,1150.90,51.44132108,7.48769046,274.03,16.25,0.30,228.97,1,-94.00,-7.00,10.00,15.00,31.00,21.00,13417219,440
114.09,1552976409,1167.14,51.44124320,7.48751389,274.13,16.54,0.28,230.13,1,-97.00,-8.00,12.00,11.00,34.00,21.00,13417219,440
115.09,1552976410,1183.70,51.44115610,7.48731979,274.35,16.18,-0.35,230.86,1,-97.00,-8.00,12.00,11.00,34.00,21.00,13417219,440
116.09,1552976411,1199.85,51.44107335,7.48712842,274.82,16.06,-0.13,231.29,1,-90.00,-7.00,10.00,15.00,35.00,21.00,13417219,440
117.10,1552976412,1215.99,51.44098356,7.48693839,275.13,16.04,-0.02,231.80,1,-90.00,-7.00,10.00,15.00,35.00,21.00,13417219,440
118.10,1552976413,1232.08,51.44089434,7.48674371,275.51,16.07,0.03,232.20,1,-91.00,-6.00,13.00,15.00,35.00,21.00,13417219,440
119.09,1552976414,1248.03,51.44080777,7.48654512,276.23,16.23,0.16,232.81,1,-91.00,-6.00,13.00,15.00,35.00,21.00,13417219,440
120.10,1552976415,1264.37,51.44072192,7.48635393,276.69,16.51,0.28,232.90,1,-91.00,-6.00,13.00,15.00,35.00,21.00,13417219,440
121.09,1552976416,1280.72,51.44063267,7.48615676,277.34,16.80,0.29,233.67,1,-94.00,-6.00,14.00,2.00,32.00,20.00,13417219,440
122.09,1552976417,1297.56,51.44054813,7.48596331,277.99,17.36,0.56,232.90,1,-94.00,-6.00,14.00,2.00,32.00,20.00,13417219,440
123.09,1552976418,1314.88,51.44045531,7.48575121,278.50,17.54,0.18,232.16,1,-98.00,-13.00,10.00,7.00,34.00,20.00,13417219,440
124.09,1552976419,1332.44,51.44036076,7.48554411,279.06,17.00,-0.54,232.50,1,-98.00,-13.00,10.00,7.00,34.00,20.00,13417219,440
125.09,1552976420,1349.44,51.44026288,7.48533320,279.92,17.07,0.07,232.72,1,-95.00,-11.00,8.00,11.00,34.00,20.00,13417219,440
126.09,1552976421,1366.49,51.44017106,7.48512954,280.71,16.83,-0.24,233.49,1,-95.00,-11.00,8.00,11.00,34.00,20.00,13417219,440
127.09,1552976422,1383.34,51.44008429,7.48494468,281.40,16.81,-0.02,233.10,1,-89.00,-9.00,9.00,15.00,38.00,20.00,13417219,440
128.09,1552976423,1400.12,51.43999406,7.48475110,282.20,16.61,-0.21,232.75,1,-89.00,-9.00,9.00,15.00,38.00,20.00,13417219,440
129.09,1552976424,1416.75,51.43990700,7.48457030,282.36,16.46,-0.14,231.94,1,-96.00,-8.00,1.00,8.00,31.00,20.00,13417219,440
130.09,1552976425,1433.22,51.43981333,7.48437721,282.56,16.59,0.13,231.36,1,-96.00,-8.00,1.00,8.00,31.00,20.00,13417219,440
131.09,1552976426,1449.83,51.43971720,7.48418126,282.84,16.14,-0.45,231.99,1,-97.00,-8.00,6.00,7.00,31.00,20.00,13417219,440
132.09,1552976427,1465.97,51.43962261,7.48397606,283.40,16.53,0.39,232.56,1,-97.00,-8.00,6.00,7.00,31.00,20.00,13417219,440
133.09,1552976428,1482.51,51.43953436,7.48379465,283.80,16.35,-0.18,233.31,1,-98.00,-8.00,3.00,8.00,30.00,20.00,13417219,440
134.09,1552976429,1498.87,51.43944660,7.48359901,284.13,16.58,0.22,234.05,1,-98.00,-8.00,3.00,8.00,30.00,20.00,13417219,440
135.09,1552976430,1515.44,51.43936155,7.48339181,284.43,15.93,-0.64,236.28,1,-99.00,-9.00,5.00,8.00,29.00,20.00,13417219,440
136.09,1552976431,1531.38,51.43928814,7.48319253,284.69,15.32,-0.61,237.51,1,-99.00,-9.00,5.00,8.00,29.00,20.00,13417219,440
137.09,1552976432,1546.70,51.43921367,7.48299331,284.79,14.93,-0.39,237.95,1,-97.00,-9.00,2.00,8.00,32.00,20.00,13417219,440
138.09,1552976433,1561.63,51.43914468,7.48279666,284.91,14.54,-0.40,238.74,1,-97.00,-9.00,2.00,8.00,32.00,20.00,13417219,440
139.10,1552976434,1576.30,51.43907644,7.48260331,284.91,14.35,-0.19,239.75,1,-95.00,-9.00,7.00,8.00,34.00,20.00,13417219,440
140.09,1552976435,1590.43,51.43900577,7.48239633,284.67,15.49,1.16,239.38,1,-95.00,-9.00,7.00,8.00,34.00,20.00,13417219,440
141.09,1552976436,1606.02,51.43893681,7.48219993,284.85,15.20,-0.29,239.00,1,-95.00,-9.00,7.00,8.00,34.00,20.00,13417219,440
142.09,1552976437,1621.22,51.43885602,7.48199180,284.58,14.93,-0.27,236.51,1,-97.00,-9.00,6.00,7.00,32.00,20.00,13417219,440
143.09,1552976438,1636.13,51.43876981,7.48176632,284.44,14.77,-0.16,236.01,1,-97.00,-9.00,6.00,7.00,32.00,20.00,13417219,440
144.09,1552976439,1650.92,51.43867832,7.48153105,283.81,16.49,1.72,236.44,1,-96.00,-8.00,7.00,11.00,33.00,20.00,13417219,440
145.09,1552976440,1667.41,51.43859153,7.48129538,283.55,17.12,0.63,237.14,1,-96.00,-8.00,7.00,11.00,33.00,20.00,13417219,440
146.09,1552976441,1684.53,51.43850679,7.48105705,283.31,17.42,0.30,237.61,1,-94.00,-7.00,10.00,14.00,34.00,20.00,13417219,440
147.09,1552976442,1701.96,51.43842370,7.48082229,283.33,17.60,0.18,237.15,1,-94.00,-7.00,10.00,14.00,34.00,20.00,13417219,440
148.09,1552976443,1719.53,51.43834040,7.48058955,283.15,17.75,0.15,237.57,1,-97.00,-8.00,8.00,11.00,30.00,20.00,13417219,440
149.09,1552976444,1737.30,51.43825676,7.48035815,283.31,17.89,0.14,238.52,1,-97.00,-8.00,8.00,11.00,30.00,20.00,13417219,440
150.09,1552976445,1755.17,51.43817888,7.48012287,283.82,18.11,0.22,239.09,1,-94.00,-13.00,8.00,11.00,38.00,20.00,13417219,440
151.09,1552976446,1773.28,51.43810303,7.47988941,284.33,17.56,-0.56,239.46,1,-94.00,-13.00,8.00,11.00,38.00,20.00,13417219,440
152.09,1552976447,1790.84,51.43802857,7.47965615,284.82,17.86,0.31,239.97,1,-91.00,-9.00,8.00,2.00,45.00,20.00,13417219,440
153.09,1552976448,1808.70,51.43795741,7.47944004,284.64,18.21,0.35,240.65,1,-91.00,-9.00,8.00,2.00,45.00,20.00,13417219,440
154.09,1552976449,1826.94,51.43788117,7.47920420,284.36,18.00,-0.20,241.11,1,-96.00,-9.00,7.00,2.00,33.00,20.00,13417219,440
155.09,1552976450,1844.95,51.43780985,7.47897174,284.09,16.73,-1.28,241.77,1,-96.00,-9.00,7.00,2.00,33.00,20.00,13417219,440
156.09,1552976451,1861.68,51.43774583,7.47875111,283.38,16.94,0.21,241.39,1,-94.00,-8.00,14.00,2.00,35.00,20.00,13417219,440
157.09,1552976452,1878.60,51.43766915,7.47850402,283.37,15.99,-0.95,240.60,1,-94.00,-8.00,14.00,2.00,35.00,20.00,13417219,440
158.09,1552976453,1894.57,51.43759489,7.47827244,283.94,15.79,-0.20,239.99,1,-92.00,-8.00,1.00,11.00,37.00,22.00,13417219,440
159.09,1552976454,1910.36,51.43752643,7.47806058,284.19,16.11,0.32,239.60,1,-92.00,-8.00,1.00,11.00,37.00,22.00,13417219,440
160.10,1552976455,1926.61,51.43745999,7.47784943,284.73,15.45,-0.65,240.64,1,-88.00,-8.00,16.00,9.00,41.00,22.00,13417219,440
161.09,1552976456,1941.93,51.43739170,7.47763738,285.21,15.25,-0.20,241.07,1,-88.00,-8.00,16.00,9.00,41.00,22.00,13417219,440
162.09,1552976457,1957.18,51.43733424,7.47746002,285.32,13.25,-2.00,240.50,1,-88.00,-8.00,16.00,9.00,41.00,22.00,13417219,440
163.09,1552976458,1970.41,51.43728068,7.47730121,285.42,11.54,-1.71,241.81,1,-86.00,-6.00,0.00,6.00,44.00,19.00,13523715,6
164.09,1552976459,1981.99,51.43723285,7.47712355,286.30,10.73,-0.80,243.35,1,-86.00,-6.00,0.00,6.00,44.00,19.00,13523715,6
165.09,1552976460,1992.68,51.43718914,7.47695610,287.67,10.32,-0.41,246.08,1,-89.00,-7.00,11.00,10.00,38.00,19.00,13523715,6
166.09,1552976461,2003.00,51.43716108,7.47679368,289.99,9.87,-0.45,248.19,1,-89.00,-7.00,11.00,10.00,38.00,19.00,13523715,6
167.09,1552976462,2012.88,51.43714176,7.47664678,291.51,9.32,-0.56,252.01,1,-88.00,-6.00,8.00,9.00,39.00,19.00,13523715,6
168.09,1552976463,2022.20,51.43715206,7.47650175,292.18,9.86,0.54,270.99,1,-88.00,-6.00,8.00,9.00,39.00,19.00,13523715,6
169.09,1552976464,2032.05,51.43718611,7.47634816,292.42,9.66,-0.20,288.44,1,-88.00,-7.00,11.00,9.00,38.00,19.00,13523715,6
170.09,1552976465,2041.70,51.43723736,7.47623336,292.75,8.77,-0.89,306.35,1,-88.00,-7.00,11.00,9.00,38.00,19.00,13523715,6
171.09,1552976466,2050.47,51.43730419,7.47615411,292.94,8.59,-0.17,326.76,1,-93.00,-7.00,10.00,9.00,34.00,19.00,13523715,6
172.09,1552976467,2059.07,51.43737904,7.47612722,292.78,8.79,0.20,351.78,1,-93.00,-7.00,10.00,9.00,34.00,19.00,13523715,6
173.09,1552976468,2067.86,51.43746183,7.47613776,292.61,9.49,0.70,9.14,1,-87.00,-5.00,7.00,2.00,47.00,19.00,13523715,6
174.09,1552976469,2077.35,51.43753476,7.47622539,292.19,10.11,0.62,42.52,1,-87.00,-5.00,7.00,2.00,47.00,19.00,13523715,6
175.09,1552976470,2087.47,51.43762039,7.47635412,291.76,10.55,0.44,45.58,1,-92.00,-8.00,7.00,2.00,35.00,19.00,13523715,6
176.09,1552976471,2098.02,51.43769872,7.47649642,291.50,11.71,1.16,48.92,1,-92.00,-8.00,7.00,2.00,35.00,19.00,13523715,6
177.09,1552976472,2109.73,51.43778027,7.47665433,291.01,13.42,1.71,50.76,1,-93.00,-7.00,8.00,2.00,33.00,19.00,13523715,6
178.09,1552976473,2123.15,51.43786168,7.47681995,290.40,14.09,0.66,51.97,1,-93.00,-7.00,8.00,2.00,33.00,19.00,13523715,6
179.09,1552976474,2137.24,51.43794690,7.47699813,289.90,15.50,1.41,52.81,1,-94.00,-7.00,9.00,2.00,33.00,19.00,13523715,6
180.09,1552976475,2152.75,51.43803115,7.47718656,289.28,16.15,0.65,53.65,1,-94.00,-7.00,9.00,2.00,33.00,19.00,13523715,6
181.10,1552976476,2169.02,51.43812491,7.47739537,288.74,17.32,1.16,54.58,1,-95.00,-6.00,3.00,8.00,30.00,20.00,13523715,6
182.09,1552976477,2186.20,51.43822268,7.47762054,288.12,17.57,0.26,55.34,1,-95.00,-6.00,3.00,8.00,30.00,20.00,13523715,6
183.09,1552976478,2203.76,51.43831912,7.47784285,287.86,17.95,0.37,55.79,1,-95.00,-6.00,3.00,8.00,30.00,20.00,13523715,6
184.09,1552976479,2221.72,51.43840185,7.47804950,287.36,17.71,-0.24,56.35,1,-95.00,-7.00,10.00,12.00,29.00,20.00,13523715,6
185.09,1552976480,2239.45,51.43849705,7.47828825,286.80,18.58,0.87,56.81,1,-95.00,-7.00,10.00,12.00,29.00,20.00,13523715,6
186.09,1552976481,2258.01,51.43859058,7.47852351,286.82,19.22,0.64,57.52,1,-100.00,-9.00,3.00,6.00,30.00,20.00,13523715,6
187.09,1552976482,2277.23,51.43869296,7.47877181,287.45,20.24,1.02,57.13,1,-100.00,-9.00,3.00,6.00,30.00,20.00,13523715,6
188.09,1552976483,2297.47,51.43878879,7.47900548,287.59,20.79,0.55,56.73,1,-102.00,-10.00,2.00,8.00,26.00,20.00,13523715,6
189.09,1552976484,2318.26,51.43888580,7.47924870,288.33,20.56,-0.23,56.48,1,-102.00,-10.00,2.00,8.00,26.00,20.00,13523715,6
190.09,1552976485,2338.82,51.43898026,7.47948383,288.61,20.70,0.14,56.23,1,-103.00,-9.00,4.00,9.00,24.00,20.00,13523715,6
191.09,1552976486,2359.52,51.43908257,7.47974059,288.75,21.24,0.54,55.67,1,-103.00,-9.00,4.00,9.00,24.00,20.00,13523715,6
192.09,1552976487,2380.76,51.43918957,7.47999885,288.58,21.29,0.05,55.57,1,-111.00,-13.00,-1.00,5.00,23.00,20.00,13523715,6
193.09,1552976488,2402.05,51.43929626,7.48024514,288.56,20.98,-0.31,55.04,1,-111.00,-13.00,-1.00,5.00,23.00,20.00,13523715,6
194.09,1552976489,2422.93,51.43940772,7.48050834,289.12,22.06,1.09,54.15,1,-103.00,-9.00,6.00,7.00,25.00,23.00,13417219,440
195.09,1552976490,2445.10,51.43953067,7.48076780,289.41,22.41,0.35,52.64,1,-103.00,-9.00,6.00,7.00,25.00,23.00,13417219,440
196.09,1552976491,2467.50,51.43965391,7.48102657,289.46,22.76,0.34,52.98,1,-105.00,-10.00,7.00,8.00,24.00,23.00,13417219,440
197.09,1552976492,2490.25,51.43978359,7.48129620,289.32,22.89,0.13,52.56,1,-105.00,-10.00,7.00,8.00,24.00,23.00,13417219,440
198.09,1552976493,2513.14,51.43992620,7.48155995,289.43,23.96,1.07,49.19,1,-102.00,-8.00,4.00,6.00,26.00,23.00,13417219,440
199.09,1552976494,2537.11,51.44007411,7.48182541,289.37,24.15,0.19,47.90,1,-102.00,-8.00,4.00,6.00,26.00,23.00,13417219,440
200.09,1552976495,2561.28,51.44023586,7.48208357,289.00,25.11,0.96,44.29,1,-108.00,-11.00,-3.00,6.00,24.00,23.00,13417219,440
201.09,1552976496,2586.39,51.44040763,7.48234465,288.43,24.89,-0.22,43.08,1,-108.00,-11.00,-3.00,6.00,24.00,23.00,13417219,440
202.11,1552976497,2611.63,51.44057979,7.48259760,287.97,24.94,0.05,42.05,1,-107.00,-12.00,-8.00,2.00,25.00,23.00,13417219,440
203.10,1552976498,2636.32,51.44075148,7.48283665,287.53,25.11,0.16,40.63,1,-107.00,-12.00,-8.00,2.00,25.00,23.00,13417219,440
204.10,1552976499,2661.43,51.44092415,7.48306580,287.07,25.00,-0.10,39.07,1,-107.00,-12.00,-8.00,2.00,25.00,23.00,13417219,440
205.09,1552976500,2686.30,51.44110073,7.48328877,286.33,25.31,0.31,37.72,1,-104.00,-11.00,0.00,8.00,26.00,22.00,13415426,265
206.09,1552976501,2711.64,51.44127610,7.48349892,285.91,25.28,-0.03,36.06,1,-104.00,-11.00,0.00,8.00,26.00,22.00,13415426,265
207.09,1552976502,2736.94,51.44145511,7.48370301,285.28,24.97,-0.30,34.70,1,-106.00,-12.00,-1.00,7.00,26.00,22.00,13415426,265
208.09,1552976503,2761.92,51.44163648,7.48389716,284.30,24.75,-0.23,33.12,1,-106.00,-12.00,-1.00,7.00,26.00,22.00,13415426,265
209.09,1552976504,2786.69,51.44182335,7.48407485,283.23,25.11,0.36,30.39,1,-107.00,-11.00,-3.00,7.00,23.00,22.00,13415426,265
210.09,1552976505,2811.80,51.44201599,7.48425090,282.11,25.21,0.10,28.77,1,-107.00,-11.00,-3.00,7.00,23.00,22.00,13415426,265
211.09,1552976506,2836.98,51.44221091,7.48442126,281.20,25.30,0.09,27.77,1,-109.00,-13.00,-4.00,6.00,22.00,22.00,13415426,265
212.09,1552976507,2862.28,51.44241177,7.48458763,280.30,25.49,0.19,26.72,1,-109.00,-13.00,-4.00,6.00,22.00,22.00,13415426,265
213.09,1552976508,2887.79,51.44261438,7.48474381,279.55,25.03,-0.46,25.39,1,-111.00,-16.00,-4.00,5.00,24.00,20.00,13415170,265
214.09,1552976509,2912.79,51.44281144,7.48489298,278.99,24.94,-0.08,24.83,1,-111.00,-16.00,-4.00,5.00,24.00,20.00,13415170,265
215.09,1552976510,2937.73,51.44301026,7.48503294,278.53,24.63,-0.31,23.81,1,-107.00,-11.00,-5.00,6.00,24.00,20.00,13415170,315
216.09,1552976511,2962.37,51.44320640,7.48517090,277.97,24.41,-0.22,23.39,1,-107.00,-11.00,-5.00,6.00,24.00,20.00,13415170,315
217.09,1552976512,2986.78,51.44339988,7.48530200,277.25,23.62,-0.80,22.74,1,-107.00,-11.00,-8.00,2.00,32.00,20.00,13415170,315
218.09,1552976513,3010.37,51.44359302,7.48542941,276.65,22.82,-0.79,22.70,1,-107.00,-11.00,-8.00,2.00,32.00,20.00,13415170,315
219.09,1552976514,3033.24,51.44377474,7.48555222,276.07,21.66,-1.16,22.58,1,-108.00,-13.00,-5.00,2.00,25.00,20.00,13415170,315
220.09,1552976515,3054.90,51.44395334,7.48567127,275.35,20.18,-1.48,22.28,1,-108.00,-13.00,-5.00,2.00,25.00,20.00,13415170,315
221.09,1552976516,3075.05,51.44411950,7.48577237,274.64,18.51,-1.66,21.22,1,-109.00,-12.00,1.00,8.00,22.00,16.00,13415170,315
222.09,1552976517,3093.57,51.44427385,7.48587025,273.94,17.29,-1.22,22.07,1,-109.00,-12.00,1.00,8.00,22.00,16.00,13415170,315
223.10,1552976518,3111.00,51.44440581,7.48596867,272.97,16.01,-1.27,24.12,1,-105.00,-10.00,0.00,7.00,24.00,16.00,13415170,315
224.09,1552976519,3126.85,51.44452932,7.48610903,271.71,14.68,-1.35,37.95,1,-105.00,-10.00,0.00,7.00,24.00,16.00,13415170,315
225.09,1552976520,3141.53,51.44463743,7.48625171,270.53,13.55,-1.13,41.40,1,-105.00,-10.00,0.00,7.00,24.00,16.00,13415170,315
226.09,1552976521,3155.11,51.44470920,7.48643157,269.66,13.21,-0.34,60.53,1,-109.00,-12.00,-4.00,5.00,22.00,16.00,13415170,315
227.09,1552976522,3168.32,51.44476285,7.48659763,269.14,13.10,-0.11,64.20,1,-109.00,-12.00,-4.00,5.00,22.00,16.00,13415170,315
228.09,1552976523,3181.43,51.44477076,7.48678779,268.98,13.33,0.23,87.51,1,-117.00,-15.00,-6.00,4.00,18.00,16.00,13415170,315
229.09,1552976524,3194.67,51.44473955,7.48697933,268.27,13.71,0.39,103.30,1,-117.00,-15.00,-6.00,4.00,18.00,16.00,13415170,315
230.09,1552976525,3208.47,51.44467707,7.48716825,267.32,13.89,0.18,117.97,1,-117.00,-16.00,-8.00,4.00,19.00,26.00,13417219,440
231.09,1552976526,3222.35,51.44459280,7.48732452,266.71,14.45,0.56,133.23,1,-117.00,-16.00,-8.00,4.00,19.00,26.00,13417219,440
232.09,1552976527,3236.81,51.44448483,7.48744121,266.03,13.92,-0.54,150.04,1,-112.00,-14.00,-7.00,6.00,20.00,26.00,13417219,440
233.09,1552976528,3250.72,51.44436414,7.48751582,265.33,13.82,-0.10,163.44,1,-112.00,-14.00,-7.00,6.00,20.00,26.00,13417219,440
234.10,1552976529,3264.55,51.44424643,7.48753034,264.64,13.30,-0.51,178.29,1,-119.00,-17.00,-8.00,3.00,19.00,26.00,13417219,440
235.09,1552976530,3277.84,51.44412416,7.48753952,264.00,13.65,0.34,180.16,1,-119.00,-17.00,-8.00,3.00,19.00,26.00,13417219,440
236.09,1552976531,3291.48,51.44401076,7.48745170,263.36,14.08,0.43,205.71,1,-117.00,-17.00,-9.00,2.00,19.00,26.00,13417219,440
237.09,1552976532,3305.57,51.44391528,7.48733928,262.61,14.09,0.01,218.42,1,-117.00,-17.00,-9.00,2.00,19.00,26.00,13417219,440
238.09,1552976533,3319.64,51.44382524,7.48717554,262.35,14.05,-0.04,231.83,1,-116.00,-16.00,-7.00,2.00,19.00,26.00,13417219,440
239.09,1552976534,3333.69,51.44377780,7.48696071,262.32,13.90,-0.15,255.18,1,-116.00,-16.00,-7.00,2.00,19.00,26.00,13417219,440
240.10,1552976535,3347.62,51.44375396,7.48676879,262.52,14.36,0.46,259.11,1,-116.00,-16.00,-10.00,2.00,20.00,26.00,13417219,440
241.10,1552976536,3362.02,51.44373971,7.48655629,262.90,15.13,0.76,262.48,1,-116.00,-16.00,-10.00,2.00,20.00,26.00,13417219,440
242.09,1552976537,3377.01,51.44372914,7.48632387,263.17,16.26,1.14,264.23,1,-117.00,-20.00,-9.00,2.00,22.00,21.00,13417219,440
243.09,1552976538,3393.27,51.44372061,7.48607106,263.47,17.59,1.33,265.41,1,-117.00,-20.00,-9.00,2.00,22.00,21.00,13417219,440
244.10,1552976539,3411.05,51.44371502,7.48580746,263.77,18.86,1.26,266.31,1,-117.00,-19.00,-11.00,1.00,18.00,21.00,13417219,440
245.09,1552976540,3429.76,51.44371247,7.48553171,263.82,20.27,1.42,267.13,1,-117.00,-19.00,-11.00,1.00,18.00,21.00,13417219,440
246.09,1552976541,3450.03,51.44370622,7.48520866,263.62,20.38,0.11,266.66,1,-117.00,-19.00,-11.00,1.00,18.00,21.00,13417219,440
247.09,1552976542,3470.37,51.44369854,7.48488300,262.87,20.60,0.22,267.29,1,-119.00,-16.00,-11.00,4.00,15.00,22.00,13415426,265
248.09,1552976543,3490.97,51.44369946,7.48456506,262.57,23.41,2.81,268.99,1,-119.00,-16.00,-11.00,4.00,15.00,22.00,13415426,265
249.09,1552976544,3514.36,51.44370437,7.48423089,262.57,24.44,1.03,269.38,1,-112.00,-14.00,-7.00,4.00,19.00,22.00,13415426,265
250.09,1552976545,3538.82,51.44370388,7.48386865,262.79,25.42,0.98,268.69,1,-112.00,-14.00,-7.00,4.00,19.00,22.00,13415426,265
251.09,1552976546,3564.27,51.44370259,7.48349409,263.13,26.09,0.67,268.31,1,-108.00,-17.00,-9.00,4.00,27.00,22.00,13415426,265
252.09,1552976547,3590.44,51.44369895,7.48310901,263.40,26.99,0.89,268.24,1,-108.00,-17.00,-9.00,4.00,27.00,22.00,13415426,265
253.10,1552976548,3617.49,51.44368924,7.48271556,263.47,27.95,0.95,267.35,1,-111.00,-14.00,-7.00,5.00,22.00,22.00,13415426,265
254.10,1552976549,3645.44,51.44367714,7.48230803,263.54,28.72,0.77,267.09,1,-111.00,-14.00,-7.00,5.00,22.00,22.00,13415426,265
255.09,1552976550,3674.10,51.44366598,7.48189289,263.51,29.44,0.72,266.52,1,-111.00,-13.00,-4.00,5.00,21.00,22.00,13415426,265
256.09,1552976551,3703.54,51.44364875,7.48146471,263.50,30.02,0.58,266.29,1,-111.00,-13.00,-4.00,5.00,21.00,22.00,13415426,265
257.09,1552976552,3733.56,51.44363065,7.48102537,263.60,30.88,0.86,265.60,1,-110.00,-14.00,-2.00,5.00,23.00,22.00,13415426,265
258.10,1552976553,3764.47,51.44360542,7.48057985,263.82,30.76,-0.13,264.93,1,-110.00,-14.00,-2.00,5.00,23.00,22.00,13415426,265
259.10,1552976554,3795.26,51.44357899,7.48013889,264.20,30.32,-0.44,264.28,1,-112.00,-15.00,-3.00,5.00,21.00,22.00,13415426,265
260.10,1552976555,3825.58,51.44354712,7.47971178,264.50,29.48,-0.84,263.29,1,-112.00,-15.00,-3.00,5.00,21.00,22.00,13415426,265
261.10,1552976556,3855.09,51.44351546,7.47929348,264.77,29.27,-0.21,262.98,1,-107.00,-15.00,-3.00,6.00,27.00,22.00,13415426,265
262.10,1552976557,3884.36,51.44348502,7.47886933,265.25,29.47,0.20,262.89,1,-107.00,-15.00,-3.00,6.00,27.00,22.00,13415426,265
263.10,1552976558,3913.86,51.44345406,7.47844244,265.63,29.68,0.21,262.79,1,-102.00,-12.00,-1.00,8.00,30.00,22.00,13415426,265
264.10,1552976559,3943.57,51.44342172,7.47801050,265.99,30.06,0.38,262.44,1,-102.00,-12.00,-1.00,8.00,30.00,22.00,13415426,265
265.11,1552976560,3973.80,51.44338941,7.47758653,266.07,30.09,0.03,262.30,1,-100.00,-14.00,1.00,8.00,33.00,22.00,13415426,265
266.10,1552976561,4003.74,51.44334990,7.47716359,266.01,30.01,-0.07,261.53,1,-100.00,-14.00,1.00,8.00,33.00,22.00,13415426,265
267.10,1552976562,4033.72,51.44330885,7.47673544,266.02,29.93,-0.09,261.45,1,-100.00,-14.00,1.00,8.00,33.00,22.00,13415426,265
268.09,1552976563,4063.47,51.44327036,7.47631617,265.71,30.09,0.16,261.18,1,-100.00,-13.00,2.00,5.00,30.00,22.00,13415426,265
269.09,1552976564,4093.59,51.44323197,7.47589430,265.03,30.15,0.06,260.55,1,-100.00,-13.00,2.00,5.00,30.00,22.00,13415426,265
270.09,1552976565,4123.73,51.44318787,7.47547698,264.22,29.81,-0.34,260.06,1,-105.00,-14.00,0.00,4.00,29.00,22.00,13415426,265
271.09,1552976566,4153.51,51.44314370,7.47505968,263.35,29.29,-0.52,259.50,1,-105.00,-14.00,0.00,4.00,29.00,22.00,13415426,265
272.09,1552976567,4182.78,51.44309807,7.47464958,262.39,28.99,-0.31,259.07,1,-108.00,-14.00,0.00,5.00,26.00,22.00,13415426,265
273.09,1552976568,4211.76,51.44304644,7.47424302,261.33,28.83,-0.16,258.46,1,-108.00,-14.00,0.00,5.00,26.00,22.00,13415426,265
274.09,1552976569,4240.59,51.44299665,7.47384851,260.26,27.86,-0.97,258.10,1,-108.00,-13.00,1.00,6.00,23.00,22.00,13415426,265
275.09,1552976570,4268.45,51.44294818,7.47346415,259.16,27.23,-0.62,258.26,1,-108.00,-13.00,1.00,6.00,23.00,22.00,13415426,265
276.09,1552976571,4295.68,51.44290162,7.47309074,258.10,26.57,-0.66,258.69,1,-97.00,-9.00,0.00,11.00,27.00,22.00,13415426,265
277.09,1552976572,4322.25,51.44285586,7.47272098,257.09,26.14,-0.43,258.86,1,-97.00,-9.00,0.00,11.00,27.00,22.00,13415426,265
278.09,1552976573,4348.37,51.44281193,7.47235657,256.20,25.79,-0.35,258.73,1,-106.00,-11.00,2.00,9.00,24.00,22.00,13415426,265
279.09,1552976574,4374.18,51.44276827,7.47200121,255.28,25.30,-0.49,258.84,1,-106.00,-11.00,2.00,9.00,24.00,22.00,13415426,265
280.09,1552976575,4399.48,51.44272486,7.47165213,254.29,24.81,-0.49,258.72,1,-106.00,-9.00,4.00,6.00,23.00,22.00,13415426,265
281.09,1552976576,4424.27,51.44268139,7.47130814,253.24,24.48,-0.33,258.59,1,-106.00,-9.00,4.00,6.00,23.00,22.00,13415426,265
282.09,1552976577,4448.75,51.44263995,7.47096731,252.17,24.62,0.14,257.51,1,-107.00,-9.00,5.00,6.00,22.00,22.00,13415426,265
283.09,1552976578,4473.37,51.44259034,7.47061771,251.21,25.09,0.47,256.64,1,-107.00,-9.00,5.00,6.00,22.00,22.00,13415426,265
284.09,1552976579,4498.46,51.44253494,7.47024936,250.64,25.78,0.69,256.47,1,-105.00,-8.00,4.00,2.00,31.00,22.00,13415426,265
285.09,1552976580,4524.23,51.44247625,7.46987364,250.02,26.56,0.78,257.21,1,-105.00,-8.00,4.00,2.00,31.00,22.00,13415426,265
286.10,1552976581,4551.09,51.44241671,7.46948420,249.39,28.08,1.51,256.63,1,-104.00,-8.00,9.00,2.00,24.00,22.00,13415426,265
287.09,1552976582,4578.92,51.44235623,7.46908273,248.67,28.86,0.78,257.53,1,-104.00,-8.00,9.00,2.00,24.00,22.00,13415426,265
288.09,1552976583,4607.77,51.44230038,7.46866647,248.23,29.18,0.32,258.15,1,-104.00,-8.00,9.00,2.00,24.00,22.00,13415426,265
289.09,1552976584,4636.96,51.44224627,7.46824713,247.76,29.88,0.70,258.73,1,-103.00,-8.00,4.00,2.00,25.00,22.00,13415426,265
290.09,1552976585,4666.84,51.44219021,7.46781438,247.44,30.51,0.63,258.96,1,-103.00,-8.00,4.00,2.00,25.00,22.00,13415426,265
291.09,1552976586,4697.29,51.44213368,7.46737404,247.12,31.07,0.56,258.98,1,-115.00,-11.00,3.00,2.00,14.00,84.00,13067273,288
292.10,1552976587,4728.71,51.44207891,7.46693320,246.66,31.40,0.32,259.10,1,-115.00,-11.00,3.00,2.00,14.00,84.00,13067273,288
293.09,1552976588,4759.79,51.44203124,7.46648460,245.99,32.04,0.65,259.97,1,-117.00,-11.00,2.00,2.00,12.00,84.00,13067273,288
294.09,1552976589,4791.83,51.44198206,7.46602419,245.22,32.65,0.61,260.22,1,-117.00,-11.00,2.00,2.00,12.00,84.00,13067273,288
295.09,1552976590,4824.49,51.44193742,7.46555788,244.43,33.42,0.76,261.08,1,-110.00,-12.00,-4.00,2.00,22.00,13.00,13415426,265
296.09,1552976591,4857.90,51.44189191,7.46508268,243.62,33.69,0.27,261.61,1,-110.00,-12.00,-4.00,2.00,22.00,13.00,13415426,265
297.09,1552976592,4891.66,51.44184595,7.46460276,242.93,33.56,-0.13,261.34,1,-112.00,-14.00,-4.00,2.00,22.00,13.00,13415426,265
298.09,1552976593,4925.22,51.44180206,7.46413038,242.37,33.20,-0.36,261.96,1,-112.00,-14.00,-4.00,2.00,22.00,13.00,13415426,265
299.10,1552976594,4958.52,51.44176947,7.46366508,242.11,32.90,-0.30,263.19,1,-114.00,-15.00,-5.00,2.00,21.00,13.00,13415426,265
300.09,1552976595,4991.32,51.44173837,7.46320431,241.75,32.88,-0.02,263.36,1,-114.00,-15.00,-5.00,2.00,21.00,13.00,13415426,265
301.09,1552976596,5024.17,51.44170788,7.46273795,241.42,33.06,0.18,263.94,1,-104.00,-9.00,4.00,8.00,23.00,13.00,13415427,264
302.09,1552976597,5057.19,51.44168258,7.46226256,241.15,33.03,-0.02,264.44,1,-104.00,-9.00,4.00,8.00,23.00,13.00,13415427,264
303.09,1552976598,5090.19,51.44165697,7.46179304,241.03,32.75,-0.28,265.20,1,-99.00,-7.00,7.00,8.00,27.00,13.00,13415427,264
304.09,1552976599,5122.94,51.44163781,7.46132474,240.89,32.89,0.13,265.91,1,-99.00,-7.00,7.00,8.00,27.00,13.00,13415427,264
305.09,1552976600,5155.83,51.44161653,7.46085426,240.52,32.99,0.11,266.09,1,-101.00,-8.00,10.00,11.00,27.00,13.00,13415427,264
306.09,1552976601,5188.82,51.44159644,7.46038552,240.07,32.71,-0.28,265.96,1,-101.00,-8.00,10.00,11.00,27.00,13.00,13415427,264
307.10,1552976602,5221.82,51.44157788,7.45992190,239.53,32.66,-0.05,266.13,1,-101.00,-7.00,24.00,8.00,26.00,13.00,13415427,264
308.09,1552976603,5254.18,51.44156863,7.45945404,238.90,32.72,0.06,267.96,1,-101.00,-7.00,24.00,8.00,26.00,13.00,13415427,264
309.09,1552976604,5286.87,51.44155918,7.45898272,237.99,32.98,0.27,268.43,1,-101.00,-7.00,24.00,8.00,26.00,13.00,13415427,264
310.09,1552976605,5319.95,51.44154983,7.45851045,237.14,33.03,0.04,268.54,1,-96.00,-7.00,25.00,14.00,30.00,13.00,13415427,264
311.10,1552976606,5353.04,51.44154817,7.45803755,236.49,33.11,0.08,269.49,1,-96.00,-7.00,25.00,14.00,30.00,13.00,13415427,264
312.09,1552976607,5385.95,51.44154745,7.45756034,236.11,33.30,0.19,269.94,1,-98.00,-7.00,25.00,8.00,30.00,13.00,13415427,264
313.09,1552976608,5419.26,51.44154701,7.45707891,235.74,33.52,0.22,270.19,1,-98.00,-7.00,25.00,8.00,30.00,13.00,13415427,264
314.09,1552976609,5452.71,51.44155112,7.45660098,235.02,33.17,-0.35,270.69,1,-105.00,-9.00,10.00,8.00,23.00,13.00,13415427,264
315.09,1552976610,5486.01,51.44155498,7.45612851,234.48,33.02,-0.15,270.66,1,-105.00,-9.00,10.00,8.00,23.00,13.00,13415427,264
316.09,1552976611,5518.96,51.44155906,7.45565383,234.09,33.09,0.07,271.07,1,-103.00,-12.00,7.00,10.00,29.00,13.00,13415427,264
317.09,1552976612,5552.05,51.44156773,7.45517775,233.74,32.90,-0.19,271.72,1,-103.00,-12.00,7.00,10.00,29.00,13.00,13415427,264
318.09,1552976613,5584.92,51.44157711,7.45470864,233.42,32.48,-0.42,272.40,1,-98.00,-7.00,8.00,9.00,27.00,13.00,13415427,264
319.09,1552976614,5617.40,51.44159365,7.45424478,233.14,32.24,-0.24,273.12,1,-98.00,-7.00,8.00,9.00,27.00,13.00,13415427,264
320.09,1552976615,5649.68,51.44161117,7.45378654,232.75,32.24,-0.00,273.91,1,-97.00,-7.00,11.00,7.00,28.00,13.00,13415427,264
321.09,1552976616,5681.98,51.44163501,7.45331926,232.55,32.23,-0.01,274.44,1,-97.00,-7.00,11.00,7.00,28.00,13.00,13415427,264
322.09,1552976617,5714.21,51.44165820,7.45286277,232.15,32.34,0.11,274.92,1,-102.00,-9.00,5.00,8.00,28.00,13.00,13415427,264
323.09,1552976618,5746.59,51.44168136,7.45239759,231.72,32.62,0.28,275.37,1,-102.00,-9.00,5.00,8.00,28.00,13.00,13415427,264
324.09,1552976619,5779.21,51.44171103,7.45193186,231.36,32.82,0.20,275.71,1,-108.00,-11.00,2.00,8.00,22.00,13.00,13415427,264
325.09,1552976620,5812.02,51.44174100,7.45146400,231.28,33.21,0.39,276.70,1,-108.00,-11.00,2.00,8.00,22.00,13.00,13415427,264
326.09,1552976621,5845.20,51.44178064,7.45098517,231.09,33.52,0.31,277.10,1,-106.00,-8.00,4.00,8.00,20.00,13.00,13415427,264
327.09,1552976622,5878.75,51.44181907,7.45051037,230.92,33.03,-0.49,277.60,1,-106.00,-8.00,4.00,8.00,20.00,13.00,13415427,264
328.10,1552976623,5912.05,51.44185764,7.45003905,230.77,32.80,-0.23,277.97,1,-102.00,-12.00,8.00,2.00,39.00,13.00,13415427,264
329.09,1552976624,5944.58,51.44190200,7.44957338,230.57,32.77,-0.03,278.24,1,-102.00,-12.00,8.00,2.00,39.00,13.00,13415427,264
330.09,1552976625,5977.31,51.44194664,7.44910953,230.32,32.44,-0.33,278.50,1,-102.00,-12.00,8.00,2.00,39.00,13.00,13415427,264
331.09,1552976626,6009.81,51.44199034,7.44865353,230.03,32.07,-0.37,278.93,1,-102.00,-11.00,12.00,2.00,28.00,13.00,13415427,264
332.09,1552976627,6041.88,51.44203902,7.44819730,229.69,31.69,-0.38,279.48,1,-102.00,-11.00,12.00,2.00,28.00,13.00,13415427,264
333.09,1552976628,6073.54,51.44208593,7.44774934,229.46,31.43,-0.26,280.36,1,-92.00,-7.00,14.00,14.00,33.00,18.00,13415427,264
334.09,1552976629,6104.94,51.44214100,7.44730615,229.08,31.45,0.02,280.95,1,-92.00,-7.00,14.00,14.00,33.00,18.00,13415427,264
335.09,1552976630,6136.38,51.44219429,7.44686073,228.73,31.60,0.16,281.41,1,-99.00,-7.00,11.00,11.00,29.00,18.00,13415427,264
336.09,1552976631,6167.99,51.44225298,7.44642140,228.26,31.41,-0.19,282.27,1,-99.00,-7.00,11.00,11.00,29.00,18.00,13415427,264
337.09,1552976632,6199.40,51.44231282,7.44597579,227.97,31.39,-0.03,282.67,1,-101.00,-8.00,11.00,12.00,30.00,18.00,13415427,264
338.09,1552976633,6230.79,51.44237483,7.44553681,227.78,31.43,0.05,282.95,1,-101.00,-8.00,11.00,12.00,30.00,18.00,13415427,264
339.09,1552976634,6262.22,51.44243770,7.44509543,227.63,31.54,0.11,283.13,1,-103.00,-7.00,8.00,10.00,23.00,18.00,13415427,264
340.09,1552976635,6293.79,51.44250565,7.44464773,227.71,31.65,0.11,283.47,1,-103.00,-7.00,8.00,10.00,23.00,18.00,13415427,264
341.09,1552976636,6325.44,51.44257293,7.44421596,227.63,31.40,-0.25,283.85,1,-106.00,-12.00,4.00,10.00,26.00,18.00,13415427,264
342.09,1552976637,6356.84,51.44263698,7.44378819,227.15,30.99,-0.41,283.89,1,-106.00,-12.00,4.00,10.00,26.00,18.00,13415427,264
343.09,1552976638,6387.86,51.44270736,7.44336648,226.52,30.69,-0.29,284.86,1,-105.00,-10.00,-3.00,7.00,24.00,18.00,13415427,264
344.09,1552976639,6418.56,51.44277789,7.44294103,225.64,30.80,0.11,285.49,1,-105.00,-10.00,-3.00,7.00,24.00,18.00,13415427,264
345.09,1552976640,6449.33,51.44285159,7.44252244,224.67,29.62,-1.18,285.20,1,-106.00,-11.00,1.00,7.00,23.00,18.00,13415427,264
346.09,1552976641,6478.98,51.44292294,7.44212920,223.69,27.97,-1.65,286.10,1,-106.00,-11.00,1.00,7.00,23.00,18.00,13415427,264
347.09,1552976642,6506.95,51.44299327,7.44174904,222.85,27.69,-0.28,286.48,1,-106.00,-11.00,-1.00,7.00,25.00,18.00,13415427,264
348.09,1552976643,6534.63,51.44306393,7.44136732,222.20,27.86,0.18,287.04,1,-106.00,-11.00,-1.00,7.00,25.00,18.00,13415427,264
349.12,1552976644,6563.22,51.44313819,7.44098758,221.86,28.17,0.30,287.60,1,-107.00,-10.00,-4.00,5.00,23.00,27.00,13246978,264
350.10,1552976645,6590.75,51.44321530,7.44059879,221.32,28.52,0.36,287.87,1,-107.00,-10.00,-4.00,5.00,23.00,27.00,13246978,264
351.09,1552976646,6619.15,51.44329353,7.44020624,220.49,29.10,0.58,287.95,1,-107.00,-10.00,-4.00,5.00,23.00,27.00,13246978,264
352.09,1552976647,6648.28,51.44337342,7.43980890,219.64,29.28,0.18,287.75,1,-106.00,-9.00,2.00,8.00,23.00,27.00,13246978,157
353.09,1552976648,6677.56,51.44345618,7.43940100,218.75,29.74,0.46,287.32,1,-106.00,-9.00,2.00,8.00,23.00,27.00,13246978,157
354.09,1552976649,6707.27,51.44354528,7.43899724,217.80,30.10,0.37,289.32,1,-105.00,-9.00,2.00,9.00,23.00,27.00,13246978,157
355.09,1552976650,6737.37,51.44363856,7.43858444,216.94,30.20,0.09,289.35,1,-105.00,-9.00,2.00,9.00,23.00,27.00,13246978,157
356.10,1552976651,6767.66,51.44373197,7.43817299,216.01,30.67,0.47,290.14,1,-102.00,-10.00,-8.00,2.00,26.00,27.00,13246978,157
357.09,1552976652,6798.30,51.44383135,7.43775918,215.05,30.74,0.07,290.72,1,-102.00,-10.00,-8.00,2.00,26.00,27.00,13246978,157
358.10,1552976653,6829.07,51.44392884,7.43735598,214.03,30.48,-0.26,291.22,1,-103.00,-9.00,3.00,2.00,25.00,27.00,13246978,157
359.10,1552976654,6859.55,51.44402566,7.43695428,212.98,30.15,-0.33,291.32,1,-103.00,-9.00,3.00,2.00,25.00,27.00,13246978,157
360.10,1552976655,6889.70,51.44412929,7.43655409,211.85,29.71,-0.44,291.80,1,-104.00,-9.00,4.00,2.00,24.00,27.00,13246978,157
361.10,1552976656,6919.41,51.44423343,7.43614614,210.54,29.50,-0.21,292.73,1,-104.00,-9.00,4.00,2.00,24.00,27.00,13246978,157
362.10,1552976657,6948.91,51.44433701,7.43577432,209.39,29.50,0.00,292.89,1,-105.00,-9.00,4.00,2.00,24.00,27.00,13246978,157
363.09,1552976658,6978.39,51.44444606,7.43539576,208.53,29.94,0.44,293.59,1,-105.00,-9.00,4.00,2.00,24.00,27.00,13246978,157
364.09,1552976659,7008.33,51.44455788,7.43500452,207.84,30.31,0.37,293.84,1,-106.00,-11.00,-4.00,2.00,25.00,27.00,13246978,157
365.09,1552976660,7038.64,51.44468223,7.43459682,207.63,30.22,-0.09,294.78,1,-106.00,-11.00,-4.00,2.00,25.00,27.00,13246978,157
366.10,1552976661,7068.92,51.44480546,7.43421007,207.36,30.11,-0.11,295.86,1,-108.00,-12.00,-7.00,2.00,23.00,27.00,13246978,157
367.10,1552976662,7099.06,51.44492754,7.43382561,206.97,29.99,-0.12,296.97,1,-108.00,-12.00,-7.00,2.00,23.00,27.00,13246978,157
368.09,1552976663,7128.90,51.44505341,7.43345356,206.24,30.09,0.11,298.05,1,-110.00,-11.00,-6.00,2.00,21.00,27.00,13415427,264
369.09,1552976664,7158.96,51.44518672,7.43307509,205.34,30.83,0.73,299.06,1,-110.00,-11.00,-6.00,2.00,21.00,27.00,13415427,264
370.10,1552976665,7190.07,51.44532781,7.43269525,204.32,30.67,-0.15,300.59,1,-109.00,-11.00,4.00,2.00,22.00,27.00,13395457,111
371.09,1552976666,7220.46,51.44546704,7.43231828,203.37,30.63,-0.04,301.26,1,-109.00,-11.00,4.00,2.00,22.00,27.00,13395457,111
372.09,1552976667,7251.09,51.44561241,7.43194576,202.49,30.63,-0.00,302.07,1,-109.00,-11.00,4.00,2.00,22.00,27.00,13395457,111
373.09,1552976668,7281.79,51.44575975,7.43157521,201.60,30.59,-0.04,302.92,1,-109.00,-10.00,7.00,2.00,21.00,27.00,13395457,111
374.09,1552976669,7312.38,51.44592176,7.43120872,200.56,31.08,0.49,305.53,1,-109.00,-10.00,7.00,2.00,21.00,27.00,13395457,111
375.09,1552976670,7343.47,51.44608443,7.43084357,199.76,30.99,-0.10,305.95,1,-107.00,-9.00,6.00,2.00,21.00,27.00,13395457,111
376.09,1552976671,7374.45,51.44625859,7.43047790,199.48,31.41,0.42,308.03,1,-107.00,-9.00,6.00,2.00,21.00,27.00,13395457,111
377.09,1552976672,7405.89,51.44643885,7.43011794,199.52,31.77,0.36,309.32,1,-115.00,-7.00,8.00,2.00,12.00,27.00,13395469,221
378.10,1552976673,7437.75,51.44662923,7.42976378,199.58,32.10,0.33,311.20,1,-115.00,-7.00,8.00,2.00,12.00,27.00,13395469,221
379.09,1552976674,7469.66,51.44682190,7.42940948,199.49,32.12,0.02,311.40,1,-114.00,-7.00,11.00,2.00,12.00,27.00,13395469,221
380.09,1552976675,7501.79,51.44701757,7.42906782,199.22,32.54,0.42,312.79,1,-114.00,-7.00,11.00,2.00,12.00,27.00,13395469,221
381.09,1552976676,7534.33,51.44722106,7.42873673,198.83,32.39,-0.15,314.46,1,-102.00,-5.00,24.00,12.00,25.00,29.00,13395469,221
382.10,1552976677,7566.91,51.44742520,7.42841168,198.30,32.41,0.02,315.80,1,-102.00,-5.00,24.00,12.00,25.00,29.00,13395469,221
383.09,1552976678,7598.99,51.44763594,7.42809200,197.23,32.59,0.19,316.88,1,-96.00,-5.00,28.00,15.00,28.00,29.00,13395469,221
384.09,1552976679,7631.78,51.44784980,7.42777862,195.80,32.80,0.20,317.98,1,-96.00,-5.00,28.00,15.00,28.00,29.00,13395469,221
385.09,1552976680,7664.45,51.44806674,7.42748214,193.67,32.74,-0.05,319.73,1,-103.00,-6.00,22.00,12.00,23.00,29.00,13395469,221
386.09,1552976681,7697.23,51.44829222,7.42718984,191.67,32.49,-0.25,321.09,1,-103.00,-6.00,22.00,12.00,23.00,29.00,13395469,221
387.09,1552976682,7729.72,51.44852559,7.42690534,189.59,32.75,0.26,322.32,1,-103.00,-7.00,20.00,12.00,25.00,29.00,13395469,221
388.09,1552976683,7762.50,51.44876085,7.42663531,187.47,32.68,-0.07,324.06,1,-103.00,-7.00,20.00,12.00,25.00,29.00,13395469,221
389.09,1552976684,7795.12,51.44900558,7.42637083,185.37,32.72,0.04,325.95,1,-108.00,-7.00,13.00,14.00,19.00,29.00,13395469,221
390.09,1552976685,7827.84,51.44925063,7.42610822,183.37,32.88,0.16,326.66,1,-108.00,-7.00,13.00,14.00,19.00,29.00,13395469,221
391.10,1552976686,7861.02,51.44949974,7.42585640,181.74,33.19,0.30,327.61,1,-114.00,-8.00,9.00,11.00,12.00,29.00,13395469,221
392.09,1552976687,7893.91,51.44975612,7.42561044,180.59,33.39,0.20,329.44,1,-114.00,-8.00,9.00,11.00,12.00,29.00,13395469,221
393.09,1552976688,7927.33,51.45002457,7.42537322,179.87,33.53,0.14,331.01,1,-114.00,-8.00,9.00,11.00,12.00,29.00,13395469,221
394.09,1552976689,7960.82,51.45029711,7.42514384,179.43,33.56,0.03,332.05,1,-110.00,-7.00,7.00,10.00,15.00,29.00,13395469,221
395.09,1552976690,7994.45,51.45057466,7.42493526,178.88,33.39,-0.17,334.05,1,-110.00,-7.00,7.00,10.00,15.00,29.00,13395469,221
396.09,1552976691,8027.91,51.45083523,7.42474107,177.91,33.22,-0.17,334.70,1,-111.00,-8.00,2.00,10.00,17.00,29.00,13395469,221
397.09,1552976692,8061.13,51.45110519,7.42455866,176.20,32.94,-0.29,336.64,1,-111.00,-8.00,2.00,10.00,17.00,29.00,13395469,221
398.09,1552976693,8094.07,51.45137711,7.42437887,174.10,32.89,-0.04,337.60,1,-109.00,-8.00,3.00,7.00,22.00,29.00,13395469,221
399.09,1552976694,8126.93,51.45164831,7.42422102,172.38,32.94,0.05,339.37,1,-109.00,-8.00,3.00,7.00,22.00,29.00,13395469,221
400.09,1552976695,8159.90,51.45191962,7.42406488,171.01,33.03,0.09,340.21,1,-111.00,-8.00,4.00,2.00,17.00,29.00,13395469,221
401.09,1552976696,8192.77,51.45219783,7.42391564,169.81,33.03,-0.00,340.77,1,-111.00,-8.00,4.00,2.00,17.00,29.00,13395469,221
402.09,1552976697,8226.00,51.45248358,7.42376494,168.81,33.00,-0.03,341.59,1,-107.00,-10.00,4.00,10.00,22.00,21.00,13395469,221
403.09,1552976698,8259.00,51.45278920,7.42362200,167.44,33.48,0.48,342.62,1,-107.00,-10.00,4.00,10.00,22.00,21.00,13395469,221
404.09,1552976699,8292.45,51.45307613,7.42348466,166.21,33.52,0.04,342.86,1,-100.00,-9.00,7.00,13.00,29.00,21.00,13395469,221
405.09,1552976700,8325.94,51.45336269,7.42334792,165.32,33.60,0.08,343.13,1,-100.00,-9.00,7.00,13.00,29.00,21.00,13395469,221
406.09,1552976701,8359.54,51.45365639,7.42321315,164.21,33.15,-0.45,343.55,1,-99.00,-8.00,8.00,9.00,26.00,21.00,13395469,221
407.09,1552976702,8392.72,51.45394331,7.42308817,162.82,32.74,-0.41,343.75,1,-99.00,-8.00,8.00,9.00,26.00,21.00,13395469,221
408.09,1552976703,8425.49,51.45422236,7.42296645,161.38,31.86,-0.88,343.71,1,-103.00,-7.00,10.00,10.00,23.00,21.00,13395469,221
409.09,1552976704,8457.32,51.45448676,7.42285135,159.95,29.83,-2.03,343.48,1,-103.00,-7.00,10.00,10.00,23.00,21.00,13395469,221
410.09,1552976705,8487.15,51.45473968,7.42273902,158.64,29.07,-0.77,343.28,1,-108.00,-10.00,4.00,7.00,22.00,21.00,13395469,221
411.09,1552976706,8516.25,51.45498959,7.42262701,157.49,28.92,-0.14,343.23,1,-108.00,-10.00,4.00,7.00,22.00,21.00,13395469,221
412.10,1552976707,8545.35,51.45523996,7.42251202,156.52,28.94,0.02,342.77,1,-104.00,-7.00,1.00,2.00,35.00,21.00,13395469,221
413.09,1552976708,8574.03,51.45548840,7.42238794,155.73,29.19,0.25,342.40,1,-104.00,-7.00,1.00,2.00,35.00,21.00,13395469,221
414.09,1552976709,8603.21,51.45574018,7.42226436,154.52,29.53,0.34,342.02,1,-104.00,-7.00,1.00,2.00,35.00,21.00,13395469,221
415.10,1552976710,8632.86,51.45599526,7.42212988,153.15,29.62,0.09,341.16,1,-105.00,-9.00,4.00,2.00,24.00,21.00,13395469,221
416.09,1552976711,8662.44,51.45624588,7.42199772,151.95,29.46,-0.15,340.24,1,-105.00,-9.00,4.00,2.00,24.00,21.00,13395469,221
417.09,1552976712,8691.91,51.45649437,7.42185355,150.97,29.53,0.06,339.52,1,-106.00,-10.00,4.00,2.00,23.00,21.00,13395469,221
418.09,1552976713,8721.40,51.45674163,7.42170111,150.25,29.44,-0.09,338.39,1,-106.00,-10.00,4.00,2.00,23.00,21.00,13395469,221
419.09,1552976714,8750.84,51.45698743,7.42154631,149.51,29.11,-0.33,337.75,1,-107.00,-9.00,0.00,2.00,22.00,21.00,13395469,221
420.09,1552976715,8779.98,51.45721956,7.42138568,149.40,28.60,-0.51,336.68,1,-107.00,-9.00,0.00,2.00,22.00,21.00,13395469,221
421.09,1552976716,8808.55,51.45745167,7.42122247,149.58,28.58,-0.01,336.22,1,-107.00,-10.00,4.00,2.00,22.00,21.00,13395469,221
422.09,1552976717,8837.13,51.45768151,7.42105282,149.84,28.13,-0.45,335.07,1,-107.00,-10.00,4.00,2.00,22.00,21.00,13395469,221
423.09,1552976718,8865.21,51.45790110,7.42088501,150.25,27.47,-0.66,334.30,1,-105.00,-7.00,13.00,14.00,21.00,13.00,13395469,221
424.09,1552976719,8892.70,51.45811914,7.42071010,150.39,26.93,-0.54,333.34,1,-105.00,-7.00,13.00,14.00,21.00,13.00,13395469,221
425.09,1552976720,8919.68,51.45833755,7.42053375,150.49,27.00,0.07,332.85,1,-106.00,-7.00,-1.00,11.00,21.00,13.00,13395469,221
426.09,1552976721,8946.68,51.45855862,7.42035335,150.47,27.25,0.25,332.44,1,-106.00,-7.00,-1.00,11.00,21.00,13.00,13395469,221
427.09,1552976722,8973.90,51.45877559,7.42016668,150.31,27.55,0.30,331.63,1,-102.00,-7.00,5.00,11.00,26.00,13.00,13395469,221
428.09,1552976723,9001.46,51.45900114,7.41997567,150.01,27.81,0.25,330.65,1,-102.00,-7.00,5.00,11.00,26.00,13.00,13395469,221
429.09,1552976724,9029.21,51.45922471,7.41976592,150.07,27.96,0.16,330.20,1,-96.00,-5.00,13.00,14.00,30.00,13.00,13395469,221
430.09,1552976725,9057.17,51.45944882,7.41956191,150.19,28.39,0.42,329.28,1,-96.00,-5.00,13.00,14.00,30.00,13.00,13395469,221
431.09,1552976726,9085.62,51.45967047,7.41933650,150.33,28.77,0.39,328.31,1,-92.00,-6.00,20.00,11.00,34.00,13.00,13395469,221
432.09,1552976727,9114.36,51.45988784,7.41911170,150.33,29.22,0.45,327.19,1,-92.00,-6.00,20.00,11.00,34.00,13.00,13395469,221
433.10,1552976728,9143.85,51.46010841,7.41888252,150.21,29.74,0.51,326.23,1,-98.00,-7.00,10.00,8.00,28.00,13.00,13395469,221
434.09,1552976729,9173.35,51.46032866,7.41863960,150.02,30.21,0.48,325.49,1,-98.00,-7.00,10.00,8.00,28.00,13.00,13395469,221
435.09,1552976730,9203.55,51.46055065,7.41838435,150.13,30.60,0.39,324.48,1,-98.00,-7.00,10.00,8.00,28.00,13.00,13395469,221
436.09,1552976731,9234.09,51.46077539,7.41812350,150.30,30.64,0.04,323.77,1,-97.00,-7.00,22.00,2.00,30.00,13.00,13395469,221
437.09,1552976732,9264.73,51.46099448,7.41785400,150.54,30.77,0.14,322.77,1,-97.00,-7.00,22.00,2.00,30.00,13.00,13395469,221
438.09,1552976733,9295.50,51.46120889,7.41759597,150.66,30.80,0.03,322.36,1,-96.00,-6.00,20.00,2.00,30.00,13.00,13395469,221
439.09,1552976734,9326.31,51.46142545,7.41732243,150.44,30.90,0.10,321.21,1,-96.00,-6.00,20.00,2.00,30.00,13.00,13395469,221
440.09,1552976735,9357.21,51.46164094,7.41703976,150.06,30.97,0.07,320.16,1,-98.00,-8.00,8.00,2.00,28.00,13.00,13395469,221
441.09,1552976736,9388.21,51.46185710,7.41674967,149.80,31.07,0.11,319.36,1,-98.00,-8.00,8.00,2.00,28.00,13.00,13395469,221
442.09,1552976737,9419.31,51.46207021,7.41644923,149.69,31.10,0.03,319.13,1,-102.00,-8.00,11.00,11.00,27.00,7.00,13395469,221
443.10,1552976738,9450.48,51.46227827,7.41614477,149.70,31.20,0.10,317.78,1,-102.00,-8.00,11.00,11.00,27.00,7.00,13395469,221
444.09,1552976739,9481.61,51.46249050,7.41582754,150.14,31.33,0.13,316.75,1,-97.00,-10.00,13.00,9.00,32.00,7.00,13395469,221
445.10,1552976740,9513.04,51.46269966,7.41551780,150.51,31.65,0.31,315.81,1,-97.00,-10.00,13.00,9.00,32.00,7.00,13395469,221
446.09,1552976741,9544.62,51.46289716,7.41520359,150.62,31.94,0.29,315.37,1,-102.00,-8.00,8.00,14.00,23.00,7.00,13395469,221
447.09,1552976742,9576.56,51.46310347,7.41486829,150.68,32.62,0.68,314.02,1,-102.00,-8.00,8.00,14.00,23.00,7.00,13395469,221
448.09,1552976743,9609.12,51.46330172,7.41453707,150.40,32.99,0.36,313.19,1,-94.00,-6.00,24.00,11.00,30.00,7.00,13395469,221
449.09,1552976744,9642.17,51.46350313,7.41418355,150.18,33.55,0.56,312.43,1,-94.00,-6.00,24.00,11.00,30.00,7.00,13395469,221
450.09,1552976745,9675.69,51.46370296,7.41382680,150.06,34.00,0.45,311.62,1,-104.00,-7.00,15.00,12.00,21.00,7.00,13395469,221
451.09,1552976746,9709.66,51.46390015,7.41345347,150.06,34.42,0.41,310.78,1,-104.00,-7.00,15.00,12.00,21.00,7.00,13395469,221
452.09,1552976747,9744.11,51.46409972,7.41307834,150.03,34.70,0.28,310.22,1,-103.00,-6.00,0.00,6.00,21.00,15.00,13532430,433
453.09,1552976748,9778.77,51.46429793,7.41269270,149.98,34.89,0.20,309.69,1,-103.00,-6.00,0.00,6.00,21.00,15.00,13532430,433
454.10,1552976749,9813.91,51.46449721,7.41230205,150.16,35.13,0.24,309.22,1,-99.00,-8.00,4.00,14.00,25.00,4.00,13395469,221
455.09,1552976750,9848.80,51.46469421,7.41190136,150.52,35.56,0.43,308.58,1,-99.00,-8.00,4.00,14.00,25.00,4.00,13395469,221
456.09,1552976751,9884.35,51.46489510,7.41149786,150.96,35.93,0.37,308.44,1,-99.00,-8.00,4.00,14.00,25.00,4.00,13395469,221
457.09,1552976752,9920.32,51.46509776,7.41108674,151.47,36.37,0.43,308.26,1,-115.00,-10.00,1.00,7.00,14.00,4.00,13395469,221
458.09,1552976753,9956.69,51.46530030,7.41067356,151.89,36.69,0.32,308.06,1,-115.00,-10.00,1.00,7.00,14.00,4.00,13395469,221
459.09,1552976754,9993.30,51.46550623,7.41025876,152.51,36.32,-0.37,308.19,1,-115.00,-10.00,2.00,2.00,25.00,4.00,13395469,221
460.09,1552976755,10029.65,51.46570415,7.40985086,152.85,36.04,-0.28,308.21,1,-115.00,-10.00,2.00,2.00,25.00,4.00,13395469,221
461.10,1552976756,10065.91,51.46590397,7.40944534,153.25,35.88,-0.16,307.99,1,-120.00,-15.00,11.00,2.00,14.00,4.00,13395469,221
462.10,1552976757,10101.79,51.46609984,7.40904579,153.51,35.43,-0.45,308.06,1,-120.00,-15.00,11.00,2.00,14.00,4.00,13395469,221
463.09,1552976758,10137.04,51.46630238,7.40864293,153.88,34.55,-0.89,308.56,1,-116.00,-12.00,8.00,2.00,15.00,4.00,13395469,221
464.09,1552976759,10171.59,51.46649684,7.40825111,154.26,33.84,-0.71,308.66,1,-116.00,-12.00,8.00,2.00,15.00,4.00,13395469,221
465.09,1552976760,10205.46,51.46667808,7.40788209,154.36,32.99,-0.85,308.97,1,-113.00,-12.00,-10.00,2.00,18.00,4.00,13395469,221
466.09,1552976761,10238.45,51.46685728,7.40751505,154.60,32.22,-0.76,309.07,1,-113.00,-12.00,-10.00,2.00,18.00,4.00,13395469,221
467.10,1552976762,10270.87,51.46703259,7.40716013,154.69,31.60,-0.62,309.20,1,-107.00,-7.00,-1.00,2.00,28.00,4.00,12973583,57
468.10,1552976763,10302.43,51.46720776,7.40680606,154.86,31.29,-0.31,309.53,1,-107.00,-7.00,-1.00,2.00,28.00,4.00,12973583,57
469.09,1552976764,10333.56,51.46738767,7.40646316,154.83,31.29,-0.00,310.01,1,-113.00,-9.00,1.00,2.00,12.00,4.00,12973583,57
470.09,1552976765,10364.85,51.46756852,7.40612274,154.80,31.40,0.11,310.40,1,-113.00,-9.00,1.00,2.00,12.00,4.00,12973583,57
471.10,1552976766,10396.31,51.46775066,7.40577776,154.95,31.59,0.19,310.68,1,-114.00,-11.00,-4.00,2.00,16.00,4.00,13177357,447
472.10,1552976767,10427.90,51.46794091,7.40543230,155.09,32.05,0.47,311.23,1,-114.00,-11.00,-4.00,2.00,16.00,4.00,13177357,447
473.09,1552976768,10459.79,51.46812950,7.40509221,155.07,31.73,-0.32,311.26,1,-114.00,-11.00,4.00,2.00,16.00,4.00,13177357,447
474.09,1552976769,10491.52,51.46831976,7.40475857,155.08,31.18,-0.55,312.26,1,-114.00,-11.00,4.00,2.00,16.00,4.00,13177357,447
475.11,1552976770,10523.20,51.46851281,7.40442233,155.46,31.20,0.02,312.35,1,-116.00,-12.00,-6.00,2.00,15.00,4.00,13177357,447
476.10,1552976771,10554.09,51.46870534,7.40408703,156.07,31.20,-0.00,312.37,1,-116.00,-12.00,-6.00,2.00,15.00,4.00,13177357,447
477.10,1552976772,10585.29,51.46889461,7.40375570,156.80,31.15,-0.05,312.85,1,-116.00,-12.00,-6.00,2.00,15.00,4.00,13177357,447
478.09,1552976773,10616.13,51.46908869,7.40342915,157.55,31.33,0.18,313.38,1,-118.00,-13.00,-3.00,2.00,13.00,4.00,13395469,221
479.09,1552976774,10647.46,51.46927826,7.40311268,157.93,31.25,-0.09,313.21,1,-118.00,-13.00,-3.00,2.00,13.00,4.00,13395469,221
480.10,1552976775,10678.96,51.46948389,7.40278170,158.34,31.75,0.50,314.61,1,-86.00,-8.00,-3.00,2.00,39.00,4.00,13395458,112
481.10,1552976776,10710.74,51.46969039,7.40245411,158.52,31.36,-0.39,314.53,1,-86.00,-8.00,-3.00,2.00,39.00,4.00,13395458,112
482.09,1552976777,10742.01,51.46990665,7.40214090,158.79,31.26,-0.10,317.43,1,-99.00,-11.00,-5.00,8.00,30.00,12.00,13395458,112
483.09,1552976778,10773.27,51.47011995,7.40183088,159.30,31.08,-0.18,317.27,1,-99.00,-11.00,-5.00,8.00,30.00,12.00,13395458,112
484.09,1552976779,10804.35,51.47031956,7.40153469,159.94,29.97,-1.11,317.09,1,-93.00,-7.00,-1.00,6.00,42.00,17.00,13022465,205
485.09,1552976780,10834.29,51.47050929,7.40124790,160.58,28.89,-1.08,316.21,1,-93.00,-7.00,-1.00,6.00,42.00,17.00,13022465,205
486.09,1552976781,10863.18,51.47069759,7.40096108,161.38,28.71,-0.18,316.35,1,-92.00,-8.00,6.00,14.00,36.00,17.00,13022465,205
487.09,1552976782,10891.90,51.47088281,7.40067288,162.32,28.63,-0.08,316.90,1,-92.00,-8.00,6.00,14.00,36.00,17.00,13022465,205
488.09,1552976783,10920.50,51.47106966,7.40038571,163.48,28.95,0.32,316.92,1,-89.00,-8.00,28.00,14.00,39.00,17.00,13022465,205
489.10,1552976784,10949.59,51.47124747,7.40010448,164.71,29.05,0.10,317.15,1,-89.00,-8.00,28.00,14.00,39.00,17.00,13022465,205
490.09,1552976785,10978.35,51.47143382,7.39982513,165.98,29.04,-0.01,317.40,1,-91.00,-6.00,12.00,10.00,33.00,17.00,13022465,205
491.09,1552976786,11007.38,51.47162435,7.39954700,167.27,28.37,-0.66,317.88,1,-91.00,-6.00,12.00,10.00,33.00,17.00,13022465,205
492.09,1552976787,11035.76,51.47181195,7.39927500,168.50,27.83,-0.54,317.96,1,-89.00,-12.00,13.00,9.00,41.00,17.00,13022465,205
493.11,1552976788,11064.23,51.47199784,7.39900215,169.82,27.89,0.05,318.13,1,-89.00,-12.00,13.00,9.00,41.00,17.00,13022465,205
494.09,1552976789,11091.53,51.47218880,7.39873281,171.25,28.07,0.19,318.58,1,-90.00,-7.00,13.00,7.00,36.00,17.00,13022465,205
495.09,1552976790,11119.60,51.47237536,7.39847109,172.45,28.16,0.09,318.87,1,-90.00,-7.00,13.00,7.00,36.00,17.00,13022465,205
496.10,1552976791,11148.04,51.47256731,7.39820799,173.76,28.39,0.23,319.30,1,-90.00,-6.00,14.00,12.00,32.00,17.00,13022465,205
497.09,1552976792,11176.14,51.47276155,7.39794231,174.80,28.52,0.14,319.52,1,-90.00,-6.00,14.00,12.00,32.00,17.00,13022465,205
498.09,1552976793,11204.66,51.47295819,7.39768000,175.66,28.41,-0.12,319.93,1,-90.00,-6.00,14.00,12.00,32.00,17.00,13022465,205
499.09,1552976794,11233.13,51.47315514,7.39741721,176.47,28.15,-0.26,320.39,1,-88.00,-5.00,30.00,12.00,36.00,17.00,13022465,205
500.10,1552976795,11261.42,51.47335062,7.39715439,177.00,27.74,-0.41,321.01,1,-88.00,-5.00,30.00,12.00,36.00,17.00,13022465,205
501.09,1552976796,11289.01,51.47354206,7.39690201,177.46,27.34,-0.40,321.02,1,-85.00,-6.00,37.00,15.00,39.00,17.00,13022465,205
502.09,1552976797,11316.33,51.47372922,7.39666629,177.57,26.85,-0.49,322.17,1,-85.00,-6.00,37.00,15.00,39.00,17.00,13022465,205
503.09,1552976798,11343.15,51.47391185,7.39643511,177.47,26.10,-0.75,322.34,1,-85.00,-5.00,20.00,15.00,40.00,17.00,13022465,205
504.09,1552976799,11369.28,51.47409688,7.39620178,177.40,25.64,-0.46,323.45,1,-85.00,-5.00,20.00,15.00,40.00,17.00,13022465,205
505.09,1552976800,11394.89,51.47427887,7.39597372,177.66,25.12,-0.52,323.43,1,-84.00,-5.00,33.00,15.00,41.00,17.00,13022465,205
506.09,1552976801,11420.01,51.47445909,7.39576194,178.13,24.71,-0.41,324.18,1,-84.00,-5.00,33.00,15.00,41.00,17.00,13022465,205
507.09,1552976802,11444.74,51.47463528,7.39555261,178.38,24.79,0.08,324.41,1,-77.00,-5.00,21.00,15.00,46.00,17.00,13022465,205
508.09,1552976803,11469.54,51.47481729,7.39534410,178.41,24.98,0.19,325.63,1,-77.00,-5.00,21.00,15.00,46.00,17.00,13022465,205
509.09,1552976804,11494.52,51.47500726,7.39513595,178.59,25.22,0.23,327.09,1,-81.00,-5.00,36.00,15.00,44.00,17.00,13022465,205
510.10,1552976805,11519.88,51.47520235,7.39494899,178.89,25.27,0.05,329.22,1,-81.00,-5.00,36.00,15.00,44.00,17.00,13022465,205
511.09,1552976806,11545.00,51.47539743,7.39476023,179.01,25.85,0.58,329.44,1,-76.00,-5.00,21.00,15.00,51.00,17.00,13022465,205
512.09,1552976807,11570.84,51.47560047,7.39456989,179.00,26.16,0.32,329.68,1,-76.00,-5.00,21.00,15.00,51.00,17.00,13022465,205
513.09,1552976808,11597.01,51.47579797,7.39438862,178.50,25.90,-0.26,330.46,1,-74.00,-4.00,35.00,15.00,52.00,17.00,13022465,205
514.09,1552976809,11622.88,51.47599344,7.39421442,177.81,25.03,-0.87,331.52,1,-74.00,-4.00,35.00,15.00,52.00,17.00,13022465,205
515.09,1552976810,11647.94,51.47618696,7.39404631,176.87,24.94,-0.09,332.03,1,-69.00,-5.00,25.00,15.00,56.00,17.00,13022465,205
516.09,1552976811,11672.88,51.47638376,7.39388247,176.05,24.86,-0.08,332.75,1,-69.00,-5.00,25.00,15.00,56.00,17.00,13022465,205
517.10,1552976812,11697.92,51.47658299,7.39372446,175.45,24.59,-0.27,334.13,1,-66.00,-5.00,29.00,15.00,60.00,17.00,13022465,205
518.09,1552976813,11722.31,51.47677901,7.39356694,175.26,23.85,-0.74,335.07,1,-66.00,-5.00,29.00,15.00,60.00,17.00,13022465,205
519.09,1552976814,11746.19,51.47696992,7.39342508,175.20,23.11,-0.74,335.95,1,-66.00,-5.00,29.00,15.00,60.00,17.00,13022465,205
520.09,1552976815,11769.30,51.47715628,7.39329861,175.21,22.15,-0.96,338.09,1,-72.00,-5.00,37.00,13.00,53.00,17.00,13022465,205
521.10,1552976816,11791.60,51.47733352,7.39319535,175.35,21.03,-1.11,341.68,1,-72.00,-5.00,37.00,13.00,53.00,17.00,13022465,205
522.09,1552976817,11812.49,51.47750448,7.39311639,175.37,19.40,-1.65,345.59,1,-64.00,-5.00,30.00,12.00,61.00,17.00,13022465,205
523.09,1552976818,11831.86,51.47767427,7.39305371,175.04,18.37,-1.03,346.92,1,-64.00,-5.00,30.00,12.00,61.00,17.00,13022465,205
524.09,1552976819,11850.24,51.47785716,7.39300659,174.89,18.52,0.15,350.56,1,-64.00,-5.00,39.00,10.00,61.00,17.00,13022465,205
525.09,1552976820,11868.78,51.47803997,7.39302176,175.03,18.33,-0.19,3.16,1,-64.00,-5.00,39.00,10.00,61.00,17.00,13022465,205
526.09,1552976821,11887.13,51.47821551,7.39304699,175.72,18.11,-0.22,5.00,1,-73.00,-5.00,38.00,15.00,52.00,17.00,13022465,205
527.09,1552976822,11905.24,51.47838730,7.39309458,176.58,18.64,0.53,8.87,1,-73.00,-5.00,38.00,15.00,52.00,17.00,13022465,205
528.09,1552976823,11923.86,51.47852513,7.39320981,177.45,18.34,-0.30,25.82,1,-72.00,-5.00,22.00,15.00,52.00,17.00,13022465,205
529.09,1552976824,11942.19,51.47867098,7.39334528,178.23,18.29,-0.05,28.24,1,-72.00,-5.00,22.00,15.00,52.00,17.00,13022465,205
530.09,1552976825,11960.48,51.47881634,7.39349026,179.06,18.03,-0.26,30.70,1,-70.00,-5.00,16.00,15.00,55.00,17.00,13022465,205
531.09,1552976826,11978.55,51.47895128,7.39363570,179.69,17.81,-0.22,31.62,1,-70.00,-5.00,16.00,15.00,55.00,17.00,13022465,205
532.09,1552976827,11996.36,51.47907878,7.39375863,180.56,16.00,-1.81,29.08,1,-89.00,-6.00,30.00,15.00,35.00,17.00,13022465,205
533.10,1552976828,12012.47,51.47920691,7.39381420,181.02,14.92,-1.07,11.17,1,-89.00,-6.00,30.00,15.00,35.00,17.00,13022465,205
534.08,1552976829,12027.19,51.47932780,7.39381592,181.52,14.50,-0.43,358.06,1,-83.00,-7.00,19.00,9.00,43.00,5.00,13022465,205
535.09,1552976830,12041.74,51.47945366,7.39381078,181.46,14.81,0.31,354.38,1,-83.00,-7.00,19.00,9.00,43.00,5.00,13022465,205
536.09,1552976831,12056.55,51.47956623,7.39373301,181.53,14.82,0.01,334.81,1,-81.00,-5.00,31.00,15.00,44.00,6.00,13067529,354
537.09,1552976832,12071.38,51.47967806,7.39364807,181.98,15.19,0.38,334.04,1,-81.00,-5.00,31.00,15.00,44.00,6.00,13067529,354
538.10,1552976833,12086.74,51.47979301,7.39355778,182.60,14.85,-0.34,334.02,1,-73.00,-5.00,31.00,15.00,51.00,6.00,13067529,354
539.09,1552976834,12101.42,51.47990341,7.39346846,183.41,13.18,-1.70,335.09,1,-73.00,-5.00,31.00,15.00,51.00,6.00,13067529,354
540.09,1552976835,12114.61,51.48001980,7.39342700,184.01,10.96,-2.22,350.61,1,-73.00,-5.00,31.00,15.00,51.00,6.00,13067529,354
541.09,1552976836,12125.56,51.48012290,7.39340175,184.16,11.61,0.66,353.53,1,-67.00,-5.00,32.00,15.00,58.00,6.00,13067529,354
542.09,1552976837,12137.17,51.48022206,7.39344801,184.56,11.34,-0.27,20.40,1,-67.00,-5.00,32.00,15.00,58.00,6.00,13067529,354
543.10,1552976838,12148.64,51.48030820,7.39356889,184.70,11.73,0.38,44.76,1,-65.00,-5.00,32.00,15.00,56.00,6.00,13067529,354
544.09,1552976839,12160.23,51.48036927,7.39372748,184.95,12.74,1.02,59.53,1,-65.00,-5.00,32.00,15.00,56.00,6.00,13067529,354
545.09,1552976840,12172.97,51.48042345,7.39388432,185.14,13.61,0.88,58.92,1,-78.00,-5.00,29.00,15.00,45.00,6.00,13067529,354
546.09,1552976841,12186.58,51.48049453,7.39406572,185.22,14.99,1.38,57.99,1,-78.00,-5.00,29.00,15.00,45.00,6.00,13067529,354
547.09,1552976842,12201.57,51.48056003,7.39424323,185.32,16.06,1.07,57.17,1,-84.00,-5.00,26.00,15.00,40.00,6.00,13067529,354
548.09,1552976843,12217.63,51.48063494,7.39444148,185.43,17.20,1.14,57.58,1,-84.00,-5.00,26.00,15.00,40.00,6.00,13067529,354
549.09,1552976844,12234.85,51.48072170,7.39466228,185.15,18.07,0.87,58.11,1,-87.00,-5.00,27.00,15.00,35.00,6.00,13067529,354
550.09,1552976845,12252.90,51.48080886,7.39488954,184.95,18.70,0.63,58.54,1,-87.00,-5.00,27.00,15.00,35.00,6.00,13067529,354
551.09,1552976846,12271.60,51.48090067,7.39512535,184.67,18.33,-0.37,58.90,1,-85.00,-6.00,15.00,15.00,40.00,6.00,13067529,354
552.09,1552976847,12289.92,51.48098563,7.39535593,184.56,18.39,0.06,59.26,1,-85.00,-6.00,15.00,15.00,40.00,6.00,13067529,354
553.09,1552976848,12308.35,51.48107127,7.39558899,184.34,18.74,0.35,60.13,1,-78.00,-7.00,24.00,15.00,46.00,6.00,13067529,354
554.09,1552976849,12327.17,51.48115463,7.39583017,184.18,19.04,0.30,61.08,1,-78.00,-7.00,24.00,15.00,46.00,6.00,13067529,354
555.09,1552976850,12346.15,51.48123982,7.39607309,184.23,19.51,0.47,60.73,1,-74.00,-8.00,19.00,15.00,53.00,6.00,13067529,354
556.09,1552976851,12365.66,51.48132856,7.39631433,184.35,19.41,-0.10,59.83,1,-74.00,-8.00,19.00,15.00,53.00,6.00,13067529,354
557.09,1552976852,12385.05,51.48141500,7.39655460,184.47,19.49,0.08,59.31,1,-87.00,-10.00,13.00,11.00,40.00,6.00,13067529,354
558.09,1552976853,12404.56,51.48150323,7.39678701,184.99,19.41,-0.08,58.37,1,-87.00,-10.00,13.00,11.00,40.00,6.00,13067529,354
559.10,1552976854,12424.16,51.48159371,7.39701259,185.33,18.93,-0.47,56.34,1,-68.00,-5.00,21.00,15.00,56.00,5.00,13067528,356
560.09,1552976855,12442.88,51.48168591,7.39723685,185.52,17.58,-1.37,55.42,1,-68.00,-5.00,21.00,15.00,56.00,5.00,13067528,356
561.09,1552976856,12460.46,51.48177787,7.39744432,185.72,16.08,-1.49,55.07,1,-68.00,-5.00,21.00,15.00,56.00,5.00,13067528,356
562.09,1552976857,12476.54,51.48186441,7.39763196,186.17,14.59,-1.49,54.33,1,-74.00,-5.00,37.00,15.00,50.00,5.00,13067528,356
563.09,1552976858,12491.16,51.48194166,7.39778379,186.48,12.05,-2.53,53.50,1,-74.00,-5.00,37.00,15.00,50.00,5.00,13067528,356
564.09,1552976859,12503.18,51.48200943,7.39791209,187.08,9.50,-2.56,52.71,1,-70.00,-5.00,31.00,12.00,54.00,5.00,13067528,356
565.09,1552976860,12512.71,51.48206628,7.39801549,188.05,8.50,-1.00,51.80,1,-70.00,-5.00,31.00,12.00,54.00,5.00,13067528,356
566.09,1552976861,12521.17,51.48212098,7.39810944,189.34,7.68,-0.82,50.72,1,-68.00,-5.00,27.00,15.00,56.00,5.00,13067528,356
567.09,1552976862,12528.85,51.48216913,7.39819226,190.73,6.74,-0.94,49.96,1,-68.00,-5.00,27.00,15.00,56.00,5.00,13067528,356
568.09,1552976863,12535.59,51.48221377,7.39826491,191.73,5.82,-0.92,49.01,1,-80.00,-5.00,40.00,15.00,44.00,5.00,13067528,356
569.09,1552976864,12541.42,51.48224232,7.39830896,192.57,4.94,-0.88,47.53,1,-80.00,-5.00,40.00,15.00,44.00,5.00,13067528,356
570.09,1552976865,12546.36,51.48226353,7.39834237,192.65,3.24,-1.70,48.14,1,-77.00,-5.00,39.00,15.00,48.00,5.00,13067528,356
571.09,1552976866,12549.60,51.48227703,7.39836407,192.70,2.07,-1.18,47.57,1,-77.00,-5.00,39.00,15.00,48.00,5.00,13067528,356
572.09,1552976867,12551.66,51.48228224,7.39837227,192.71,0.42,-1.65,47.57,1,-80.00,-6.00,39.00,15.00,44.00,5.00,13067528,356
573.09,1552976868,12552.09,51.48228224,7.39837227,192.71,0.00,-0.42,47.57,1,-80.00,-6.00,39.00,15.00,44.00,5.00,13067528,356
574.09,1552976869,12552.09,51.48228224,7.39837227,192.71,0.00,0.00,47.57,1,-79.00,-5.00,23.00,15.00,43.00,5.00,13067528,356
575.09,1552976870,12552.09,51.48228224,7.39837227,192.71,0.00,0.00,47.57,1,-79.00,-5.00,23.00,15.00,43.00,5.00,13067528,356
576.09,1552976871,12552.09,51.48228224,7.39837227,192.71,0.00,0.00,47.57,1,-79.00,-5.00,37.00,15.00,43.00,5.00,13067528,356
577.09,1552976872,12552.09,51.48228224,7.39837227,192.71,0.00,0.00,47.57,1,-79.00,-5.00,37.00,15.00,43.00,5.00,13067528,356
578.09,1552976873,12552.09,51.48228224,7.39837227,192.71,0.00,0.00,47.57,1,-80.00,-6.00,39.00,15.00,43.00,5.00,13067528,356
579.09,1552976874,12552.09,51.48228224,7.39837227,192.72,0.00,0.00,47.57,1,-80.00,-6.00,39.00,15.00,43.00,5.00,13067528,356
580.10,1552976875,12552.09,51.48228224,7.39837227,192.72,0.00,0.00,47.57,1,-79.00,-6.00,35.00,15.00,43.00,5.00,13067528,356
581.09,1552976876,12552.09,51.48228224,7.39837227,192.73,0.00,0.00,47.57,1,-79.00,-6.00,35.00,15.00,43.00,5.00,13067528,356
582.09,1552976877,12552.09,51.48228224,7.39837227,192.73,0.00,0.00,47.57,1,-79.00,-6.00,35.00,15.00,43.00,5.00,13067528,356
583.09,1552976878,12552.09,51.48228224,7.39837227,192.74,0.00,0.00,47.57,1,-79.00,-5.00,38.00,15.00,43.00,5.00,13067528,356
584.09,1552976879,12552.09,51.48228224,7.39837227,192.74,0.00,0.00,47.57,1,-79.00,-5.00,38.00,15.00,43.00,5.00,13067528,356
585.10,1552976880,12552.09,51.48228224,7.39837227,192.74,0.00,0.00,47.57,1,-79.00,-5.00,29.00,15.00,43.00,5.00,13067528,356
586.09,1552976881,12552.09,51.48228224,7.39837227,192.75,0.00,0.00,47.57,1,-79.00,-5.00,29.00,15.00,43.00,5.00,13067528,356
587.09,1552976882,12552.09,51.48228224,7.39837227,192.75,0.00,0.00,47.57,1,-80.00,-5.00,29.00,15.00,43.00,5.00,13067528,356
588.09,1552976883,12552.09,51.48228224,7.39837227,192.75,0.00,0.00,47.57,1,-80.00,-5.00,29.00,15.00,43.00,5.00,13067528,356
589.09,1552976884,12552.09,51.48228224,7.39837227,192.76,0.00,0.00,47.57,1,-79.00,-5.00,24.00,15.00,42.00,5.00,13067528,356
590.09,1552976885,12552.09,51.48228224,7.39837227,192.76,0.00,0.00,47.57,1,-79.00,-5.00,24.00,15.00,42.00,5.00,13067528,356
591.09,1552976886,12552.09,51.48228224,7.39837227,192.76,0.00,0.00,47.57,1,-80.00,-5.00,39.00,15.00,43.00,5.00,13067528,356
592.09,1552976887,12552.09,51.48228224,7.39837227,192.76,0.00,0.00,47.57,1,-80.00,-5.00,39.00,15.00,43.00,5.00,13067528,356
593.09,1552976888,12552.09,51.48228224,7.39837227,192.76,0.00,0.00,47.57,1,-80.00,-6.00,40.00,15.00,43.00,5.00,13067528,356
594.09,1552976889,12552.09,51.48228224,7.39837227,192.76,0.00,0.00,47.57,1,-80.00,-6.00,40.00,15.00,43.00,5.00,13067528,356
595.09,1552976890,12552.09,51.48228224,7.39837227,192.75,0.00,0.00,47.57,1,-78.00,-5.00,40.00,15.00,44.00,5.00,13067528,356
596.09,1552976891,12552.09,51.48228224,7.39837227,192.75,0.00,0.00,44.17,1,-78.00,-5.00,40.00,15.00,44.00,5.00,13067528,356
597.09,1552976892,12552.09,51.48228224,7.39837227,192.61,0.00,0.00,44.65,1,-75.00,-6.00,40.00,15.00,50.00,5.00,13067528,356
598.09,1552976893,12552.09,51.48236746,7.39851870,192.22,6.37,0.00,43.94,1,-75.00,-6.00,40.00,15.00,50.00,5.00,13067528,356
599.09,1552976894,12558.45,51.48240684,7.39857917,191.96,6.90,0.53,42.86,1,-73.00,-5.00,40.00,15.00,52.00,5.00,13067528,356
600.09,1552976895,12565.34,51.48245079,7.39864515,191.81,7.41,0.52,42.03,1,-73.00,-5.00,40.00,15.00,52.00,5.00,13067528,356
601.10,1552976896,12572.82,51.48251391,7.39872951,191.62,8.41,0.99,40.92,1,-78.00,-5.00,26.00,15.00,45.00,5.00,13067528,356
602.09,1552976897,12581.17,51.48258674,7.39882271,191.63,10.49,2.10,39.60,1,-78.00,-5.00,26.00,15.00,45.00,5.00,13067528,356
603.09,1552976898,12591.69,51.48266017,7.39891039,191.42,11.03,0.53,38.30,1,-78.00,-5.00,26.00,15.00,45.00,5.00,13067528,356
604.09,1552976899,12602.68,51.48273115,7.39899197,190.53,10.85,-0.18,37.12,1,-71.00,-4.00,31.00,15.00,52.00,5.00,13067528,356
605.09,1552976900,12613.53,51.48280438,7.39907337,189.34,11.30,0.45,36.04,1,-71.00,-4.00,31.00,15.00,52.00,5.00,13067528,356
606.09,1552976901,12624.88,51.48289338,7.39916663,188.92,10.98,-0.33,34.86,1,-83.00,-5.00,40.00,12.00,40.00,5.00,13067528,356
607.09,1552976902,12635.81,51.48299038,7.39926974,188.81,12.16,1.19,34.28,1,-83.00,-5.00,40.00,12.00,40.00,5.00,13067528,356
608.09,1552976903,12647.99,51.48308252,7.39936235,188.95,13.31,1.14,33.68,1,-78.00,-5.00,40.00,15.00,47.00,5.00,13067528,356
609.09,1552976904,12661.28,51.48319589,7.39947677,189.46,13.40,0.09,33.71,1,-78.00,-5.00,40.00,15.00,47.00,5.00,13067528,356
610.09,1552976905,12674.69,51.48330558,7.39958861,189.96,13.33,-0.07,33.99,1,-76.00,-4.00,30.00,15.00,47.00,5.00,13067528,356
611.09,1552976906,12688.02,51.48340747,7.39969315,190.06,13.75,0.42,34.23,1,-76.00,-4.00,30.00,15.00,47.00,5.00,13067528,356
612.09,1552976907,12701.77,51.48351919,7.39981014,190.20,14.65,0.90,34.26,1,-75.00,-4.00,27.00,15.00,47.00,5.00,13067528,356
613.09,1552976908,12716.47,51.48363407,7.39993932,190.38,15.41,0.76,35.12,1,-75.00,-4.00,27.00,15.00,47.00,5.00,13067528,356
614.09,1552976909,12731.84,51.48375280,7.40007158,190.42,16.15,0.74,35.83,1,-77.00,-5.00,40.00,15.00,45.00,5.00,13067528,356
615.09,1552976910,12747.97,51.48387100,7.40021132,190.43,16.37,0.22,36.62,1,-77.00,-5.00,40.00,15.00,45.00,5.00,13067528,356
616.09,1552976911,12764.41,51.48398303,7.40034669,190.18,16.06,-0.31,37.04,1,-87.00,-5.00,28.00,15.00,37.00,5.00,13067528,356
617.09,1552976912,12780.40,51.48409239,7.40048173,189.79,15.76,-0.30,37.79,1,-87.00,-5.00,28.00,15.00,37.00,5.00,13067528,356
618.09,1552976913,12796.15,51.48420312,7.40062029,189.32,16.15,0.40,38.53,1,-82.00,-5.00,40.00,15.00,42.00,5.00,13067528,356
619.09,1552976914,12812.31,51.48431778,7.40077616,188.97,16.24,0.09,39.37,1,-82.00,-5.00,40.00,15.00,42.00,5.00,13067528,356
620.09,1552976915,12828.58,51.48443041,7.40093015,188.71,16.43,0.19,40.12,1,-82.00,-4.00,40.00,15.00,41.00,5.00,13067528,356
621.09,1552976916,12845.01,51.48454152,7.40109080,188.37,16.53,0.10,40.92,1,-82.00,-4.00,40.00,15.00,41.00,5.00,13067528,356
622.10,1552976917,12861.66,51.48465136,7.40124976,188.24,16.05,-0.48,41.44,1,-91.00,-5.00,24.00,14.00,32.00,5.00,13067528,356
623.09,1552976918,12877.65,51.48476064,7.40140909,188.38,15.55,-0.50,41.88,1,-91.00,-5.00,24.00,14.00,32.00,5.00,13067528,356
624.09,1552976919,12893.14,51.48486790,7.40156233,188.15,15.09,-0.46,41.65,1,-91.00,-5.00,24.00,14.00,32.00,5.00,13067528,356
625.09,1552976920,12908.25,51.48496428,7.40170199,188.10,14.97,-0.12,41.06,1,-89.00,-5.00,19.00,15.00,32.00,5.00,13067528,356
626.09,1552976921,12923.21,51.48506511,7.40184431,188.21,14.10,-0.87,41.43,1,-89.00,-5.00,19.00,15.00,32.00,5.00,13067528,356
627.09,1552976922,12937.33,51.48515926,7.40198777,188.19,13.18,-0.91,43.23,1,-80.00,-5.00,38.00,15.00,41.00,5.00,13067528,356
628.09,1552976923,12950.54,51.48523856,7.40212165,188.25,12.82,-0.37,44.81,1,-80.00,-5.00,38.00,15.00,41.00,5.00,13067528,356
629.09,1552976924,12963.31,51.48531201,7.40225177,188.29,12.31,-0.51,46.15,1,-89.00,-5.00,30.00,12.00,36.00,5.00,13067528,356
630.09,1552976925,12975.61,51.48537910,7.40237641,188.32,11.51,-0.80,47.38,1,-89.00,-5.00,30.00,12.00,36.00,5.00,13067528,356
631.09,1552976926,12987.12,51.48544087,7.40249346,188.41,10.79,-0.72,48.34,1,-89.00,-5.00,18.00,12.00,34.00,5.00,13067528,356
632.09,1552976927,12997.92,51.48549323,7.40260055,188.58,9.64,-1.15,48.94,1,-89.00,-5.00,18.00,12.00,34.00,5.00,13067528,356
633.09,1552976928,13007.56,51.48554673,7.40270360,188.68,8.67,-0.97,48.41,1,-90.00,-5.00,36.00,15.00,34.00,5.00,13067528,356
634.09,1552976929,13016.25,51.48561458,7.40276042,188.62,8.48,-0.18,25.17,1,-90.00,-5.00,36.00,15.00,34.00,5.00,13067528,356
635.09,1552976930,13024.70,51.48568125,7.40275579,188.20,8.95,0.47,356.89,1,-86.00,-5.00,37.00,15.00,38.00,5.00,13067528,356
636.09,1552976931,13033.65,51.48575474,7.40272690,187.66,8.70,-0.25,338.85,1,-86.00,-5.00,37.00,15.00,38.00,5.00,13067528,356
637.09,1552976932,13042.34,51.48580454,7.40266568,187.14,8.69,-0.00,321.89,1,-91.00,-5.00,39.00,12.00,31.00,5.00,13067528,356
638.09,1552976933,13051.07,51.48585960,7.40259837,186.51,9.26,0.56,322.37,1,-91.00,-5.00,39.00,12.00,31.00,5.00,13067528,356
639.09,1552976934,13060.29,51.48592674,7.40252033,185.86,10.11,0.85,322.98,1,-96.00,-5.00,34.00,1.00,25.00,5.00,13067528,356
640.09,1552976935,13070.41,51.48600066,7.40243199,185.33,10.75,0.64,323.62,1,-96.00,-5.00,34.00,1.00,25.00,5.00,13067528,356
641.09,1552976936,13081.15,51.48608893,7.40232985,185.38,11.43,0.68,325.80,1,-95.00,-5.00,21.00,12.00,29.00,5.00,13067528,356
642.09,1552976937,13092.57,51.48617666,7.40223581,185.88,11.69,0.26,326.92,1,-95.00,-5.00,21.00,12.00,29.00,5.00,13067528,356
643.10,1552976938,13104.36,51.48626790,7.40214758,186.58,11.80,0.11,328.10,1,-95.00,-5.00,20.00,12.00,28.00,5.00,13067528,356
644.09,1552976939,13116.07,51.48636882,7.40205203,187.66,11.50,-0.31,330.10,1,-95.00,-5.00,20.00,12.00,28.00,5.00,13067528,356
645.09,1552976940,13127.61,51.48645678,7.40198636,187.99,11.28,-0.21,332.62,1,-95.00,-5.00,20.00,12.00,28.00,5.00,13067528,356
646.09,1552976941,13138.84,51.48655718,7.40192309,188.27,11.14,-0.14,335.40,1,-93.00,-5.00,22.00,11.00,29.00,5.00,13067528,356
647.09,1552976942,13149.98,51.48665267,7.40187252,188.20,11.75,0.61,337.93,1,-93.00,-5.00,22.00,11.00,29.00,5.00,13067528,356
648.09,1552976943,13161.75,51.48675017,7.40182773,187.99,11.40,-0.35,339.75,1,-88.00,-5.00,37.00,15.00,37.00,5.00,13067528,356
649.09,1552976944,13173.18,51.48684956,7.40178702,187.97,11.73,0.33,341.75,1,-88.00,-5.00,37.00,15.00,37.00,5.00,13067528,356
650.09,1552976945,13184.85,51.48695879,7.40175221,187.65,11.68,-0.05,343.87,1,-84.00,-4.00,38.00,15.00,38.00,5.00,13067528,356
651.09,1552976946,13196.52,51.48706255,7.40171916,187.23,11.64,-0.04,346.08,1,-84.00,-4.00,38.00,15.00,38.00,5.00,13067528,356
652.09,1552976947,13208.18,51.48716559,7.40169607,187.24,11.99,0.35,348.67,1,-83.00,-5.00,25.00,14.00,43.00,5.00,13067528,356
653.09,1552976948,13220.16,51.48727644,7.40167976,186.99,12.15,0.16,350.97,1,-83.00,-5.00,25.00,14.00,43.00,5.00,13067528,356
654.09,1552976949,13232.31,51.48739806,7.40167049,186.85,12.12,-0.03,353.11,1,-84.00,-5.00,25.00,15.00,36.00,5.00,13067528,356
655.09,1552976950,13244.44,51.48750571,7.40166796,186.78,12.09,-0.02,354.82,1,-84.00,-5.00,25.00,15.00,36.00,5.00,13067528,356
656.09,1552976951,13256.55,51.48761461,7.40166920,186.65,12.22,0.12,356.53,1,-85.00,-4.00,38.00,15.00,37.00,5.00,13067528,356
657.09,1552976952,13268.79,51.48771822,7.40167178,186.57,11.65,-0.57,357.43,1,-85.00,-4.00,38.00,15.00,37.00,5.00,13067528,356
658.09,1552976953,13280.40,51.48781903,7.40167574,186.47,11.73,0.09,358.45,1,-87.00,-5.00,27.00,15.00,33.00,5.00,13067528,356
659.09,1552976954,13292.18,51.48791459,7.40167824,186.24,11.56,-0.18,359.20,1,-87.00,-5.00,27.00,15.00,33.00,5.00,13067528,356
660.08,1552976955,13303.63,51.48801560,7.40168518,186.13,11.75,0.20,359.89,1,-90.00,-5.00,24.00,14.00,33.00,5.00,13067528,356
661.09,1552976956,13315.43,51.48812829,7.40169761,185.89,11.54,-0.21,0.64,1,-90.00,-5.00,24.00,14.00,33.00,5.00,13067528,356
662.09,1552976957,13326.97,51.48822496,7.40170535,185.67,10.82,-0.72,359.72,1,-90.00,-5.00,35.00,15.00,34.00,5.00,13067528,356
663.09,1552976958,13337.80,51.48831529,7.40171212,185.24,10.12,-0.70,0.46,1,-90.00,-5.00,35.00,15.00,34.00,5.00,13067528,356
664.09,1552976959,13347.91,51.48839234,7.40172004,184.45,6.73,-3.40,0.86,1,-91.00,-5.00,35.00,15.00,30.00,5.00,13067528,356
665.09,1552976960,13354.65,51.48844149,7.40173118,183.62,4.60,-2.12,1.63,1,-91.00,-5.00,35.00,15.00,30.00,5.00,13067528,356
666.10,1552976961,13359.29,51.48847031,7.40173739,183.58,2.92,-1.67,1.20,1,-92.00,-5.00,19.00,10.00,31.00,5.00,13067528,356
667.09,1552976962,13362.19,51.48848738,7.40174114,183.51,1.86,-1.07,0.24,1,-92.00,-5.00,19.00,10.00,31.00,5.00,13067528,356
668.09,1552976963,13364.05,51.48849897,7.40174391,183.42,1.54,-0.32,1.15,1,-92.00,-5.00,19.00,10.00,31.00,5.00,13067528,356
669.09,1552976964,13365.59,51.48851717,7.40174444,183.27,0.57,-0.97,1.15,1,-88.00,-5.00,37.00,15.00,35.00,5.00,13067528,356
670.10,1552976965,13366.17,51.48851717,7.40174444,183.25,0.00,-0.57,1.15,1,-88.00,-5.00,37.00,15.00,35.00,5.00,13067528,356
671.09,1552976966,13366.17,51.48851717,7.40174444,183.22,0.00,0.00,1.15,1,-92.00,-5.00,37.00,15.00,32.00,5.00,13067528,356
672.09,1552976967,13366.17,51.48851717,7.40174444,183.18,0.00,0.00,1.15,1,-92.00,-5.00,37.00,15.00,32.00,5.00,13067528,356
673.09,1552976968,13366.17,51.48851717,7.40174444,183.13,0.00,0.00,1.15,1,-92.00,-6.00,37.00,10.00,32.00,5.00,13067528,356
674.09,1552976969,13366.17,51.48851717,7.40174444,183.08,0.00,0.00,1.15,1,-92.00,-6.00,37.00,10.00,32.00,5.00,13067528,356
675.09,1552976970,13366.17,51.48851717,7.40174444,183.03,0.00,0.00,1.15,1,-92.00,-5.00,22.00,10.00,33.00,5.00,13067528,356
676.09,1552976971,13366.17,51.48851717,7.40174444,182.98,0.00,0.00,1.15,1,-92.00,-5.00,22.00,10.00,33.00,5.00,13067528,356
677.09,1552976972,13366.17,51.48851717,7.40174444,182.93,0.00,0.00,1.15,1,-92.00,-5.00,39.00,11.00,33.00,5.00,13067528,356
678.09,1552976973,13366.17,51.48851717,7.40174444,182.88,0.00,0.00,1.15,1,-92.00,-5.00,39.00,11.00,33.00,5.00,13067528,356
679.09,1552976974,13366.17,51.48851717,7.40174444,182.84,0.00,0.00,1.15,1,-92.00,-5.00,29.00,12.00,33.00,5.00,13067528,356
680.10,1552976975,13366.17,51.48851717,7.40174444,182.80,0.00,0.00,1.15,1,-92.00,-5.00,29.00,12.00,33.00,5.00,13067528,356
681.09,1552976976,13366.17,51.48851717,7.40174444,182.77,0.00,0.00,1.15,1,-92.00,-5.00,26.00,10.00,33.00,5.00,13067528,356
682.09,1552976977,13366.17,51.48851717,7.40174444,182.74,0.00,0.00,1.15,1,-92.00,-5.00,26.00,10.00,33.00,5.00,13067528,356
683.09,1552976978,13366.17,51.48851717,7.40174444,182.71,0.00,0.00,1.15,1,-92.00,-5.00,38.00,13.00,33.00,5.00,13067528,356
684.09,1552976979,13366.17,51.48851717,7.40174444,182.69,0.00,0.00,1.15,1,-92.00,-5.00,38.00,13.00,33.00,5.00,13067528,356
685.09,1552976980,13366.17,51.48851717,7.40174444,182.66,0.00,0.00,1.15,1,-92.00,-5.00,36.00,10.00,33.00,5.00,13067528,356
686.09,1552976981,13366.17,51.48851717,7.40174444,182.64,0.00,0.00,1.15,1,-92.00,-5.00,36.00,10.00,33.00,5.00,13067528,356
687.10,1552976982,13366.17,51.48851717,7.40174444,182.62,0.00,0.00,1.15,1,-92.00,-6.00,38.00,12.00,33.00,5.00,13067528,356
688.09,1552976983,13366.17,51.48851717,7.40174444,182.59,0.00,0.00,1.15,1,-92.00,-6.00,38.00,12.00,33.00,5.00,13067528,356
689.09,1552976984,13366.17,51.48851717,7.40174444,182.58,0.00,0.00,1.15,1,-92.00,-6.00,38.00,12.00,33.00,5.00,13067528,356
690.10,1552976985,13366.17,51.48851717,7.40174444,182.57,0.00,0.00,1.15,1,-92.00,-5.00,38.00,1.00,33.00,5.00,13067528,356
691.09,1552976986,13366.17,51.48851717,7.40174444,182.57,0.00,0.00,1.15,1,-92.00,-5.00,38.00,1.00,33.00,5.00,13067528,356
692.09,1552976987,13366.17,51.48851717,7.40174444,182.55,0.00,0.00,1.15,1,-94.00,-5.00,26.00,12.00,30.00,5.00,13067528,356
693.09,1552976988,13366.17,51.48851717,7.40174444,182.55,0.00,0.00,1.15,1,-94.00,-5.00,26.00,12.00,30.00,5.00,13067528,356
694.09,1552976989,13366.17,51.48851717,7.40174444,182.54,0.00,0.00,1.15,1,-91.00,-5.00,37.00,10.00,33.00,5.00,13067528,356
695.09,1552976990,13366.17,51.48851717,7.40174444,182.53,0.00,0.00,1.15,1,-91.00,-5.00,37.00,10.00,33.00,5.00,13067528,356
696.09,1552976991,13366.17,51.48851717,7.40174444,182.52,0.00,0.00,1.15,1,-92.00,-5.00,36.00,13.00,33.00,5.00,13067528,356
697.09,1552976992,13366.17,51.48851717,7.40174444,182.29,0.00,0.00,1.15,1,-92.00,-5.00,36.00,13.00,33.00,5.00,13067528,356
698.09,1552976993,13366.17,51.48851717,7.40174444,181.93,0.00,0.00,1.15,1,-92.00,-5.00,26.00,14.00,31.00,5.00,13067528,356
699.09,1552976994,13366.17,51.48851717,7.40174444,181.62,0.00,0.00,1.15,1,-92.00,-5.00,26.00,14.00,31.00,5.00,13067528,356
700.09,1552976995,13366.17,51.48851717,7.40174444,181.31,0.00,0.00,356.13,1,-91.00,-5.00,37.00,14.00,33.00,5.00,13067528,356
701.10,1552976996,13366.17,51.48862697,7.40175161,181.01,0.00,0.00,357.36,1,-91.00,-5.00,37.00,14.00,33.00,5.00,13067528,356
702.09,1552976997,13366.17,51.48867059,7.40175230,178.73,4.94,0.00,356.64,1,-97.00,-5.00,16.00,10.00,27.00,5.00,13067528,356
703.09,1552976998,13371.11,51.48872823,7.40174983,177.34,6.02,1.08,357.20,1,-97.00,-5.00,16.00,10.00,27.00,5.00,13067528,356
704.09,1552976999,13377.13,51.48876639,7.40174265,176.82,6.03,0.01,356.92,1,-98.00,-6.00,30.00,12.00,24.00,5.00,13067528,356
705.09,1552977000,13383.17,51.48882940,7.40173797,176.67,7.22,1.19,357.08,1,-98.00,-6.00,30.00,12.00,24.00,5.00,13067528,356
706.09,1552977001,13390.39,51.48890651,7.40173306,176.84,9.31,2.09,357.90,1,-101.00,-6.00,30.00,15.00,22.00,5.00,13067528,356
707.09,1552977002,13399.70,51.48900227,7.40172969,176.32,9.17,-0.14,358.70,1,-101.00,-6.00,30.00,15.00,22.00,5.00,13067528,356
708.10,1552977003,13408.94,51.48909894,7.40173553,175.75,9.42,0.25,359.21,1,-105.00,-6.00,27.00,9.00,20.00,5.00,13067528,356
709.09,1552977004,13418.28,51.48916829,7.40174111,175.20,7.02,-2.41,359.77,1,-105.00,-6.00,27.00,9.00,20.00,5.00,13067528,356
710.09,1552977005,13425.30,51.48923328,7.40174490,174.15,5.77,-1.26,0.29,1,-105.00,-6.00,27.00,9.00,20.00,5.00,13067528,356
711.09,1552977006,13431.09,51.48931643,7.40175419,173.05,5.83,0.06,0.55,1,-103.00,-7.00,10.00,15.00,23.00,5.00,13067528,356
712.09,1552977007,13436.91,51.48938925,7.40177127,172.90,5.48,-0.36,1.40,1,-103.00,-7.00,10.00,15.00,23.00,5.00,13067528,356
713.09,1552977008,13442.38,51.48942959,7.40180067,173.39,5.72,0.24,22.24,1,-104.00,-6.00,21.00,9.00,18.00,5.00,13067528,356
714.09,1552977009,13448.10,51.48943884,7.40188359,173.38,6.26,0.54,67.90,1,-104.00,-6.00,21.00,9.00,18.00,5.00,13067528,356
715.09,1552977010,13454.37,51.48944416,7.40200184,172.84,8.06,1.80,84.36,1,-107.00,-8.00,7.00,15.00,22.00,5.00,13067528,356
716.09,1552977011,13462.40,51.48944000,7.40211795,172.11,9.42,1.36,86.19,1,-107.00,-8.00,7.00,15.00,22.00,5.00,13067528,356
717.09,1552977012,13471.83,51.48943979,7.40226510,171.28,10.55,1.13,87.59,1,-109.00,-9.00,9.00,8.00,16.00,5.00,13067528,356
718.09,1552977013,13482.38,51.48943863,7.40242590,170.69,11.66,1.11,88.43,1,-109.00,-9.00,9.00,8.00,16.00,5.00,13067528,356
719.09,1552977014,13494.05,51.48943550,7.40260984,170.06,12.73,1.06,89.24,1,-108.00,-8.00,10.00,8.00,17.00,5.00,13067528,356
720.09,1552977015,13506.77,51.48943215,7.40279998,169.81,13.72,1.00,89.86,1,-108.00,-8.00,10.00,8.00,17.00,5.00,13067528,356
721.09,1552977016,13520.51,51.48942588,7.40301129,169.75,14.66,0.93,90.71,1,-107.00,-7.00,21.00,10.00,17.00,5.00,13067528,356
722.09,1552977017,13535.18,51.48941996,7.40322989,169.88,15.33,0.67,90.70,1,-107.00,-7.00,21.00,10.00,17.00,5.00,13067528,356
723.09,1552977018,13550.50,51.48941365,7.40344486,170.13,14.99,-0.34,90.62,1,-109.00,-8.00,7.00,8.00,16.00,5.00,13067528,356
724.09,1552977019,13565.49,51.48940747,7.40365580,170.48,14.78,-0.21,90.61,1,-109.00,-8.00,7.00,8.00,16.00,5.00,13067528,356
725.09,1552977020,13580.30,51.48940204,7.40386412,170.91,14.70,-0.08,90.93,1,-110.00,-8.00,15.00,8.00,16.00,5.00,13067528,356
726.09,1552977021,13595.00,51.48939630,7.40407233,171.40,14.31,-0.39,90.94,1,-110.00,-8.00,15.00,8.00,16.00,5.00,13067528,356
727.09,1552977022,13609.30,51.48939111,7.40427394,171.95,14.17,-0.13,91.24,1,-111.00,-10.00,1.00,2.00,29.00,5.00,13067528,356
728.09,1552977023,13623.47,51.48938738,7.40447767,172.47,14.21,0.04,90.82,1,-111.00,-10.00,1.00,2.00,29.00,5.00,13067528,356
729.10,1552977024,13637.86,51.48938377,7.40468364,172.72,13.81,-0.40,90.90,1,-112.00,-12.00,4.00,2.00,18.00,5.00,13067528,356
730.10,1552977025,13651.54,51.48938171,7.40487612,173.18,13.39,-0.42,90.44,1,-112.00,-12.00,4.00,2.00,18.00,5.00,13067528,356
731.09,1552977026,13664.92,51.48938164,7.40506587,173.77,13.24,-0.15,89.47,1,-112.00,-12.00,4.00,2.00,18.00,5.00,13067528,356
732.09,1552977027,13678.16,51.48938123,7.40525379,174.19,13.16,-0.08,88.55,1,-112.00,-11.00,13.00,2.00,18.00,5.00,13067528,356
733.09,1552977028,13691.32,51.48938600,7.40545209,174.75,12.99,-0.17,87.36,1,-112.00,-11.00,13.00,2.00,18.00,5.00,13067528,356
734.09,1552977029,13704.31,51.48939641,7.40563192,175.22,12.52,-0.47,85.01,1,-110.00,-10.00,8.00,2.00,19.00,5.00,13067528,356
735.09,1552977030,13716.83,51.48941339,7.40580841,175.70,13.11,0.59,82.99,1,-110.00,-10.00,8.00,2.00,19.00,5.00,13067528,356
736.09,1552977031,13729.90,51.48943500,7.40600143,176.07,13.33,0.23,81.13,1,-99.00,-6.00,12.00,2.00,37.00,70.00,13067274,289
737.09,1552977032,13743.23,51.48946113,7.40619450,176.62,12.69,-0.65,79.51,1,-99.00,-6.00,12.00,2.00,37.00,70.00,13067274,289
738.09,1552977033,13755.96,51.48948410,7.40635458,177.36,11.27,-1.41,78.74,1,-105.00,-8.00,12.00,2.00,24.00,70.00,13067274,289
739.09,1552977034,13767.22,51.48951090,7.40651586,178.12,10.87,-0.40,78.11,1,-105.00,-8.00,12.00,2.00,24.00,70.00,13067274,289
740.09,1552977035,13778.06,51.48954091,7.40668168,179.13,10.74,-0.13,77.78,1,-108.00,-6.00,8.00,2.00,29.00,13.00,13532175,337
741.09,1552977036,13788.80,51.48957031,7.40683301,180.30,9.84,-0.90,77.41,1,-108.00,-6.00,8.00,2.00,29.00,13.00,13532175,337
742.09,1552977037,13798.66,51.48959030,7.40695914,181.07,9.40,-0.44,78.10,1,-106.00,-6.00,8.00,12.00,18.00,17.00,13532175,337
743.09,1552977038,13808.06,51.48960879,7.40708128,181.41,9.14,-0.27,77.87,1,-106.00,-6.00,8.00,12.00,18.00,17.00,13532175,337
744.09,1552977039,13817.19,51.48962798,7.40721126,181.45,9.61,0.47,77.96,1,-109.00,-7.00,11.00,8.00,17.00,17.00,13532175,337
745.09,1552977040,13826.79,51.48965069,7.40735401,181.53,10.08,0.48,77.94,1,-109.00,-7.00,11.00,8.00,17.00,17.00,13532175,337
746.09,1552977041,13836.88,51.48967135,7.40749809,181.49,10.25,0.16,78.75,1,-111.00,-8.00,10.00,11.00,17.00,17.00,13532175,337
747.09,1552977042,13847.13,51.48968903,7.40762941,181.03,10.43,0.18,78.63,1,-111.00,-8.00,10.00,11.00,17.00,17.00,13532175,337
748.09,1552977043,13857.57,51.48970645,7.40777341,180.37,10.88,0.45,79.28,1,-106.00,-7.00,9.00,14.00,20.00,17.00,13532175,337
749.09,1552977044,13868.43,51.48972375,7.40792415,179.52,10.61,-0.26,80.25,1,-106.00,-7.00,9.00,14.00,20.00,17.00,13532175,337
750.10,1552977045,13879.14,51.48974006,7.40806921,178.66,10.18,-0.42,79.70,1,-114.00,-9.00,5.00,8.00,14.00,17.00,13532175,337
751.09,1552977046,13889.25,51.48975590,7.40821377,177.84,10.18,-0.01,79.18,1,-114.00,-9.00,5.00,8.00,14.00,17.00,13532175,337
752.09,1552977047,13899.42,51.48977410,7.40836860,177.06,11.23,1.06,78.50,1,-114.00,-9.00,5.00,8.00,14.00,17.00,13532175,337
753.09,1552977048,13910.65,51.48979401,7.40852216,176.37,11.48,0.25,77.97,1,-117.00,-11.00,1.00,2.00,25.00,17.00,13532175,337
754.09,1552977049,13922.14,51.48981401,7.40868236,175.71,11.56,0.08,77.89,1,-117.00,-11.00,1.00,2.00,25.00,17.00,13532175,337
755.09,1552977050,13933.68,51.48983873,7.40886656,175.12,11.66,0.10,78.18,1,-116.00,-10.00,10.00,2.00,13.00,17.00,13532175,337
756.09,1552977051,13945.33,51.48986236,7.40903501,175.14,11.69,0.03,77.80,1,-116.00,-10.00,10.00,2.00,13.00,17.00,13532175,337
757.09,1552977052,13957.02,51.48988755,7.40920289,175.23,11.70,0.01,78.07,1,-114.00,-8.00,7.00,2.00,13.00,17.00,13532175,337
758.09,1552977053,13968.72,51.48991140,7.40937291,175.36,11.71,0.01,78.26,1,-114.00,-8.00,7.00,2.00,13.00,17.00,13532175,337
759.09,1552977054,13980.42,51.48993435,7.40953570,175.38,11.42,-0.28,78.19,1,-114.00,-8.00,8.00,2.00,13.00,17.00,13532175,337
760.09,1552977055,13991.85,51.48995741,7.40969600,175.17,11.15,-0.27,78.75,1,-114.00,-8.00,8.00,2.00,13.00,17.00,13532175,337
761.09,1552977056,14003.00,51.48997854,7.40984490,174.91,9.68,-1.47,78.39,1,-117.00,-9.00,3.00,2.00,10.00,17.00,13532175,337
762.09,1552977057,14012.68,51.48999295,7.40996523,174.90,7.97,-1.71,79.12,1,-117.00,-9.00,3.00,2.00,10.00,17.00,13532175,337
763.09,1552977058,14020.65,51.49000204,7.41006705,175.00,7.20,-0.77,80.25,1,-118.00,-9.00,2.00,2.00,9.00,17.00,13532175,337
764.09,1552977059,14027.85,51.49001054,7.41016216,173.99,8.74,1.53,79.45,1,-118.00,-9.00,2.00,2.00,9.00,17.00,13532175,337
765.09,1552977060,14036.59,51.49002516,7.41029523,172.73,10.47,1.73,78.96,1,-119.00,-10.00,2.00,2.00,9.00,17.00,13532175,337
766.09,1552977061,14047.05,51.49004348,7.41044928,171.18,10.37,-0.10,78.83,1,-119.00,-10.00,2.00,2.00,9.00,17.00,13532175,337
767.09,1552977062,14057.45,51.49006480,7.41061354,169.94,10.71,0.34,78.49,1,-118.00,-9.00,1.00,2.00,9.00,17.00,13532175,337
768.09,1552977063,14068.16,51.49008591,7.41076546,168.51,11.43,0.72,77.83,1,-118.00,-9.00,1.00,2.00,9.00,17.00,13532175,337
769.10,1552977064,14079.60,51.49010960,7.41092950,167.21,12.00,0.57,77.42,1,-120.00,-10.00,1.00,2.00,8.00,17.00,13532175,337
770.09,1552977065,14091.53,51.49013524,7.41110314,166.22,12.01,0.01,77.72,1,-120.00,-10.00,1.00,2.00,8.00,17.00,13532175,337
