0.10,1553059997,0.02,51.45014558,7.48823514,248.40,8.47,0.00,163.54,0,-110.00,-12.00,0.00,0.00,28.00,0.00,0,465
5.03,1553060002,48.72,51.44968691,7.48837441,248.18,12.08,0.00,171.30,0,-110.00,-10.00,0.00,0.00,25.00,0.00,0,118
6.03,1553060003,60.78,51.44957533,7.48838935,248.80,12.98,0.00,172.93,0,-110.00,-10.00,0.00,0.00,25.00,0.00,0,118
54.03,1553060051,689.27,51.44476806,7.49127886,266.57,0.00,0.00,127.99,0,-132.00,-21.00,0.00,0.00,20.00,0.00,0,388
55.03,1553060052,689.27,51.44476806,7.49127886,266.57,0.00,0.00,127.99,0,-132.00,-21.00,0.00,0.00,20.00,0.00,0,388
56.03,1553060053,689.27,51.44476806,7.49127886,266.54,0.00,0.00,127.99,0,-132.00,-21.00,0.00,0.00,20.00,0.00,0,388
57.02,1553060054,689.27,51.44476806,7.49127886,266.50,0.00,0.00,129.85,0,-132.00,-21.00,0.00,0.00,20.00,0.00,0,388
83.03,1553060080,957.24,51.44267563,7.48965883,272.88,15.78,0.00,216.62,0,-90.00,-11.00,0.00,0.00,47.00,0.00,0,431
84.03,1553060081,973.01,51.44256611,7.48952691,273.06,15.66,0.00,216.93,0,-90.00,-11.00,0.00,0.00,47.00,0.00,0,431
85.03,1553060082,988.64,51.44245673,7.48939810,273.06,15.88,0.00,216.28,0,-85.00,-14.00,0.00,0.00,57.00,0.00,0,431
86.03,1553060083,1004.54,51.44234220,7.48926383,273.16,16.17,0.00,215.92,0,-85.00,-14.00,0.00,0.00,57.00,0.00,0,431
87.02,1553060084,1020.67,51.44222547,7.48912606,273.34,15.26,0.00,216.27,0,-85.00,-10.00,0.00,0.00,51.00,0.00,0,431
88.03,1553060085,1035.96,51.44211189,7.48898474,273.16,15.39,0.00,217.40,0,-85.00,-10.00,0.00,0.00,51.00,0.00,0,431
89.03,1553060086,1051.34,51.44200162,7.48885407,272.88,15.46,0.00,218.38,0,-82.00,-9.00,0.00,0.00,54.00,0.00,0,431
90.03,1553060087,1066.81,51.44189905,7.48871684,272.69,15.74,0.00,220.10,0,-82.00,-9.00,0.00,0.00,54.00,0.00,0,431
91.03,1553060088,1082.55,51.44180001,7.48855943,272.97,15.21,0.00,223.21,0,-80.00,-9.00,0.00,0.00,55.00,0.00,0,431
92.03,1553060089,1097.77,51.44170565,7.48839561,272.89,14.97,0.00,225.17,0,-80.00,-9.00,0.00,0.00,55.00,0.00,0,431
93.04,1553060090,1112.88,51.44160626,7.48821549,272.31,15.29,0.00,227.27,0,-75.00,-6.00,0.00,0.00,58.00,0.00,0,431
94.03,1553060091,1128.03,51.44151435,7.48803861,272.52,15.27,0.00,228.67,0,-75.00,-6.00,0.00,0.00,58.00,0.00,0,431
95.02,1553060092,1143.24,51.44143293,7.48787256,272.94,15.41,0.00,230.04,0,-75.00,-6.00,0.00,0.00,58.00,0.00,0,431
106.03,1553060103,1314.95,51.44050404,7.48582099,276.56,15.72,0.00,233.40,0,-81.00,-10.00,0.00,0.00,55.00,0.00,0,430
107.03,1553060104,1330.67,51.44042136,7.48563799,276.68,15.64,0.00,233.54,0,-81.00,-10.00,0.00,0.00,55.00,0.00,0,430
108.03,1553060105,1346.31,51.44033914,7.48546023,277.26,15.82,0.00,233.09,0,-82.00,-9.00,0.00,0.00,52.00,0.00,0,430
109.03,1553060106,1362.15,51.44025288,7.48527742,278.21,15.83,0.00,232.87,0,-82.00,-9.00,0.00,0.00,52.00,0.00,0,430
110.03,1553060107,1377.94,51.44016617,7.48509213,278.41,15.55,0.00,233.34,0,-83.00,-15.00,0.00,0.00,60.00,0.00,0,431
111.03,1553060108,1393.51,51.44007724,7.48490874,278.86,15.51,0.00,232.96,0,-83.00,-15.00,0.00,0.00,60.00,0.00,0,431
112.03,1553060109,1409.02,51.43999440,7.48473968,279.30,15.41,0.00,232.89,0,-83.00,-10.00,0.00,0.00,52.00,0.00,0,431
113.03,1553060110,1424.43,51.43991384,7.48456751,279.62,14.65,0.00,233.49,0,-83.00,-10.00,0.00,0.00,52.00,0.00,0,431
137.03,1553060134,1779.70,51.43825193,7.48002926,286.95,14.79,0.00,240.78,0,-106.00,-9.00,0.00,0.00,29.00,0.00,0,38
137.04,1553060134,1779.71,51.43825193,7.48002926,286.95,14.79,0.00,240.78,0,-111.00,-15.00,0.00,0.00,30.00,0.00,0,431
138.03,1553060135,1794.37,51.43818855,7.47984617,287.84,14.68,0.00,240.45,0,-106.00,-9.00,0.00,0.00,29.00,0.00,0,38
138.03,1553060135,1794.39,51.43818855,7.47984617,287.84,14.68,0.00,240.45,0,-111.00,-15.00,0.00,0.00,30.00,0.00,0,431
139.03,1553060136,1809.07,51.43812574,7.47966428,288.72,14.48,0.00,240.88,0,-106.00,-9.00,0.00,0.00,29.00,0.00,0,38
139.03,1553060136,1809.07,51.43812574,7.47966428,288.72,14.48,0.00,240.88,0,-111.00,-15.00,0.00,0.00,30.00,0.00,0,431
140.03,1553060137,1823.53,51.43805529,7.47946328,289.28,14.99,0.00,241.86,0,-108.00,-10.00,0.00,0.00,27.00,0.00,0,38
141.03,1553060138,1838.52,51.43798796,7.47926903,289.77,15.16,0.00,242.44,0,-108.00,-10.00,0.00,0.00,27.00,0.00,0,38
142.03,1553060139,1853.70,51.43792875,7.47908287,290.12,14.37,0.00,243.19,0,-108.00,-10.00,0.00,0.00,28.00,0.00,0,38
142.03,1553060139,1853.70,51.43792875,7.47908287,290.12,14.37,0.00,243.19,0,-112.00,-15.00,0.00,0.00,28.00,0.00,0,431
143.03,1553060140,1868.06,51.43786909,7.47889826,290.34,14.11,0.00,242.26,0,-108.00,-10.00,0.00,0.00,28.00,0.00,0,38
143.03,1553060140,1868.07,51.43786909,7.47889826,290.34,14.11,0.00,242.26,0,-112.00,-15.00,0.00,0.00,28.00,0.00,0,431
144.03,1553060141,1882.20,51.43780215,7.47869889,290.38,14.44,0.00,241.81,0,-110.00,-11.00,0.00,0.00,27.00,0.00,0,38
144.03,1553060141,1882.20,51.43780215,7.47869889,290.38,14.44,0.00,241.81,0,-111.00,-11.00,0.00,0.00,25.00,0.00,0,70
144.03,1553060141,1882.22,51.43780215,7.47869889,290.38,14.44,0.00,241.81,0,-114.00,-15.00,0.00,0.00,26.00,0.00,0,431
145.03,1553060142,1896.63,51.43773655,7.47850378,290.76,14.70,0.00,241.61,0,-110.00,-11.00,0.00,0.00,27.00,0.00,0,38
145.03,1553060142,1896.64,51.43773655,7.47850378,290.76,14.70,0.00,241.61,0,-111.00,-11.00,0.00,0.00,25.00,0.00,0,70
145.03,1553060142,1896.66,51.43773655,7.47850378,290.76,14.70,0.00,241.61,0,-114.00,-15.00,0.00,0.00,26.00,0.00,0,431
146.03,1553060143,1911.35,51.43767248,7.47831093,290.62,14.62,0.00,241.90,0,-110.00,-9.00,0.00,0.00,25.00,0.00,0,38
146.03,1553060143,1911.36,51.43767248,7.47831093,290.62,14.62,0.00,241.90,0,-113.00,-11.00,0.00,0.00,24.00,0.00,0,70
146.03,1553060143,1911.37,51.43767248,7.47831093,290.62,14.62,0.00,241.90,0,-115.00,-15.00,0.00,0.00,25.00,0.00,0,431
146.03,1553060143,1911.37,51.43767248,7.47831093,290.62,14.62,0.00,241.90,0,-131.00,-22.00,0.00,0.00,21.00,0.00,0,36
147.03,1553060144,1925.99,51.43760527,7.47811337,290.44,14.60,0.00,241.23,0,-110.00,-9.00,0.00,0.00,25.00,0.00,0,38
147.03,1553060144,1925.99,51.43760527,7.47811337,290.44,14.60,0.00,241.23,0,-113.00,-11.00,0.00,0.00,24.00,0.00,0,70
147.03,1553060144,1926.01,51.43760527,7.47811337,290.44,14.60,0.00,241.23,0,-115.00,-15.00,0.00,0.00,25.00,0.00,0,431
147.03,1553060144,1926.02,51.43760527,7.47811337,290.44,14.60,0.00,241.23,0,-131.00,-22.00,0.00,0.00,21.00,0.00,0,36
148.03,1553060145,1940.57,51.43754358,7.47793439,290.61,14.41,0.00,242.18,0,-110.00,-10.00,0.00,0.00,25.00,0.00,0,38
148.03,1553060145,1940.57,51.43754358,7.47793439,290.61,14.41,0.00,242.18,0,-113.00,-13.00,0.00,0.00,25.00,0.00,0,70
148.03,1553060145,1940.58,51.43754358,7.47793439,290.61,14.41,0.00,242.18,0,-115.00,-17.00,0.00,0.00,26.00,0.00,0,431
149.03,1553060146,1954.97,51.43747891,7.47774095,290.96,13.92,0.00,243.09,0,-110.00,-10.00,0.00,0.00,25.00,0.00,0,38
149.03,1553060146,1954.97,51.43747891,7.47774095,290.96,13.92,0.00,243.09,0,-113.00,-13.00,0.00,0.00,25.00,0.00,0,70
149.03,1553060146,1954.98,51.43747891,7.47774095,290.96,13.92,0.00,243.09,0,-115.00,-17.00,0.00,0.00,26.00,0.00,0,431
150.03,1553060147,1968.87,51.43741686,7.47755454,290.81,13.73,0.00,243.37,0,-110.00,-10.00,0.00,0.00,25.00,0.00,0,38
150.03,1553060147,1968.89,51.43741686,7.47755454,290.81,13.73,0.00,243.37,0,-113.00,-12.00,0.00,0.00,25.00,0.00,0,70
151.03,1553060148,1982.60,51.43735898,7.47737412,290.30,13.96,0.00,242.55,0,-110.00,-10.00,0.00,0.00,25.00,0.00,0,38
151.03,1553060148,1982.62,51.43735898,7.47737412,290.30,13.96,0.00,242.55,0,-113.00,-12.00,0.00,0.00,25.00,0.00,0,70
152.03,1553060149,1996.55,51.43730140,7.47718608,290.19,13.96,0.00,242.88,0,-113.00,-10.00,0.00,0.00,23.00,0.00,0,70
152.03,1553060149,1996.56,51.43730140,7.47718608,290.19,13.96,0.00,242.88,0,-112.00,-10.00,0.00,0.00,23.00,0.00,0,38
153.03,1553060150,2010.51,51.43725203,7.47700735,289.73,13.79,0.00,244.68,0,-113.00,-10.00,0.00,0.00,23.00,0.00,0,70
153.03,1553060150,2010.53,51.43725203,7.47700735,289.73,13.79,0.00,244.68,0,-112.00,-10.00,0.00,0.00,23.00,0.00,0,38
154.03,1553060151,2024.30,51.43721102,7.47685372,289.29,11.53,0.00,247.57,0,-112.00,-10.00,0.00,0.00,23.00,0.00,0,70
154.03,1553060151,2024.31,51.43721102,7.47685372,289.29,11.53,0.00,247.57,0,-113.00,-11.00,0.00,0.00,23.00,0.00,0,38
155.02,1553060152,2035.78,51.43717551,7.47668933,288.56,10.24,0.00,251.59,0,-112.00,-10.00,0.00,0.00,23.00,0.00,0,70
155.02,1553060152,2035.79,51.43717551,7.47668933,288.56,10.24,0.00,251.59,0,-113.00,-11.00,0.00,0.00,23.00,0.00,0,38
156.03,1553060153,2046.07,51.43716479,7.47651930,288.23,9.54,0.00,265.78,0,-111.00,-9.00,0.00,0.00,24.00,0.00,0,70
156.03,1553060153,2046.08,51.43716479,7.47651930,288.23,9.54,0.00,265.78,0,-114.00,-12.00,0.00,0.00,24.00,0.00,0,38
157.03,1553060154,2055.60,51.43716243,7.47637762,287.97,9.12,0.00,269.30,0,-111.00,-9.00,0.00,0.00,24.00,0.00,0,70
157.03,1553060154,2055.61,51.43716243,7.47637762,287.97,9.12,0.00,269.30,0,-114.00,-12.00,0.00,0.00,24.00,0.00,0,38
158.03,1553060155,2064.80,51.43719318,7.47626673,288.18,8.17,0.00,293.82,0,-112.00,-10.00,0.00,0.00,24.00,0.00,0,70
159.03,1553060156,2072.91,51.43724530,7.47617726,288.33,8.16,0.00,314.24,0,-112.00,-10.00,0.00,0.00,24.00,0.00,0,70
160.03,1553060157,2081.06,51.43731992,7.47612221,288.28,8.63,0.00,336.73,0,-112.00,-10.00,0.00,0.00,24.00,0.00,0,70
161.03,1553060158,2089.69,51.43740272,7.47611193,287.94,9.28,0.00,357.92,0,-113.00,-11.00,0.00,0.00,24.00,0.00,0,70
162.03,1553060159,2098.97,51.43749229,7.47616089,288.06,9.65,0.00,22.38,0,-113.00,-11.00,0.00,0.00,24.00,0.00,0,70
200.03,1553060197,2954.03,51.44286908,7.48495315,272.96,24.34,0.00,24.23,0,-76.00,-9.00,0.00,0.00,59.00,0.00,0,429
201.03,1553060198,2978.19,51.44306502,7.48509367,272.18,24.14,0.00,23.55,0,-76.00,-9.00,0.00,0.00,59.00,0.00,0,429
202.03,1553060199,3002.31,51.44325933,7.48522649,271.34,23.86,0.00,23.06,0,-76.00,-9.00,0.00,0.00,59.00,0.00,0,429
203.03,1553060200,3026.17,51.44344922,7.48535694,270.44,23.55,0.00,22.81,0,-79.00,-8.00,0.00,0.00,55.00,0.00,0,429
204.03,1553060201,3049.75,51.44363289,7.48548291,269.55,22.49,0.00,22.59,0,-79.00,-8.00,0.00,0.00,55.00,0.00,0,429
240.03,1553060237,3666.99,51.44367240,7.48252810,258.68,26.68,0.00,266.75,0,-83.00,-11.00,0.00,0.00,53.00,0.00,0,430
240.03,1553060237,3666.99,51.44367240,7.48252810,258.68,26.68,0.00,266.75,0,-92.00,-20.00,0.00,0.00,53.00,0.00,0,204
240.03,1553060237,3667.02,51.44367240,7.48252810,258.68,26.68,0.00,266.75,0,-114.00,-18.00,0.00,0.00,35.00,0.00,0,159
240.03,1553060237,3667.04,51.44367240,7.48252810,258.68,26.68,0.00,266.75,0,-115.00,-19.00,0.00,0.00,34.00,0.00,0,376
240.03,1553060237,3667.04,51.44367240,7.48252810,258.68,26.68,0.00,266.75,0,-136.00,-21.00,0.00,0.00,17.00,0.00,0,223
241.03,1553060238,3693.65,51.44365900,7.48213678,257.98,27.34,0.00,266.66,0,-83.00,-11.00,0.00,0.00,53.00,0.00,0,430
241.03,1553060238,3693.68,51.44365900,7.48213678,257.98,27.34,0.00,266.66,0,-92.00,-20.00,0.00,0.00,53.00,0.00,0,204
241.03,1553060238,3693.70,51.44365900,7.48213678,257.98,27.34,0.00,266.66,0,-114.00,-18.00,0.00,0.00,35.00,0.00,0,159
241.03,1553060238,3693.70,51.44365900,7.48213678,257.98,27.34,0.00,266.66,0,-115.00,-19.00,0.00,0.00,34.00,0.00,0,376
241.03,1553060238,3693.73,51.44365900,7.48213678,257.98,27.34,0.00,266.66,0,-136.00,-21.00,0.00,0.00,17.00,0.00,0,223
242.03,1553060239,3721.15,51.44364613,7.48173790,257.17,27.93,0.00,266.78,0,-90.00,-7.00,0.00,0.00,43.00,0.00,0,430
243.03,1553060240,3748.86,51.44363132,7.48133105,256.54,28.53,0.00,266.21,0,-90.00,-7.00,0.00,0.00,43.00,0.00,0,430
244.03,1553060241,3777.36,51.44361089,7.48091394,256.08,29.10,0.00,265.59,0,-90.00,-7.00,0.00,0.00,43.00,0.00,0,430
261.03,1553060258,4259.79,51.44299241,7.47407383,248.41,26.50,0.00,258.88,0,-102.00,-11.00,0.00,0.00,35.00,0.00,0,397
262.03,1553060259,4286.31,51.44294728,7.47370690,248.01,26.39,0.00,259.24,0,-102.00,-11.00,0.00,0.00,35.00,0.00,0,397
263.03,1553060260,4312.91,51.44290253,7.47334238,247.51,26.06,0.00,259.40,0,-106.00,-11.00,0.00,0.00,31.00,0.00,0,397
264.03,1553060261,4338.77,51.44285861,7.47298198,246.96,25.73,0.00,259.36,0,-106.00,-11.00,0.00,0.00,31.00,0.00,0,397
265.03,1553060262,4364.50,51.44281470,7.47262218,246.19,25.57,0.00,259.41,0,-106.00,-11.00,0.00,0.00,31.00,0.00,0,397
266.03,1553060263,4390.07,51.44277202,7.47226756,245.46,25.62,0.00,259.25,0,-106.00,-9.00,0.00,0.00,28.00,0.00,0,397
267.03,1553060264,4415.67,51.44272918,7.47191048,244.73,25.67,0.00,259.17,0,-106.00,-9.00,0.00,0.00,28.00,0.00,0,397
268.03,1553060265,4441.39,51.44268472,7.47155004,244.11,25.86,0.00,258.93,0,-101.00,-7.00,0.00,0.00,32.00,0.00,0,397
268.03,1553060265,4441.41,51.44268472,7.47155004,244.11,25.86,0.00,258.93,0,-132.00,-21.00,0.00,0.00,21.00,0.00,0,112
269.03,1553060266,4467.25,51.44264081,7.47119219,243.55,25.64,0.00,258.73,0,-101.00,-7.00,0.00,0.00,32.00,0.00,0,397
269.03,1553060266,4467.28,51.44264081,7.47119219,243.55,25.64,0.00,258.73,0,-132.00,-21.00,0.00,0.00,21.00,0.00,0,112
270.03,1553060267,4492.86,51.44259639,7.47083737,243.01,25.39,0.00,258.53,0,-106.00,-10.00,0.00,0.00,29.00,0.00,0,397
271.03,1553060268,4518.23,51.44255177,7.47048155,242.46,25.40,0.00,258.34,0,-106.00,-10.00,0.00,0.00,29.00,0.00,0,397
272.03,1553060269,4543.65,51.44250716,7.47012455,241.86,25.59,0.00,258.35,0,-108.00,-11.00,0.00,0.00,29.00,0.00,0,397
273.03,1553060270,4569.24,51.44245883,7.46976622,241.30,25.61,0.00,257.85,0,-108.00,-11.00,0.00,0.00,29.00,0.00,0,397
274.03,1553060271,4594.85,51.44240870,7.46939869,240.98,25.96,0.00,257.11,0,-114.00,-14.00,0.00,0.00,25.00,0.00,0,397
275.03,1553060272,4620.79,51.44234839,7.46902196,240.97,26.67,0.00,256.29,0,-114.00,-14.00,0.00,0.00,25.00,0.00,0,397
276.03,1553060273,4647.49,51.44228881,7.46863964,240.92,27.66,0.00,256.44,0,-113.00,-11.00,0.00,0.00,23.00,0.00,0,72
277.03,1553060274,4675.15,51.44223265,7.46824249,240.83,28.98,0.00,257.60,0,-113.00,-11.00,0.00,0.00,23.00,0.00,0,72
278.03,1553060275,4704.19,51.44217698,7.46783763,240.48,30.07,0.00,258.26,0,-112.00,-9.00,0.00,0.00,23.00,0.00,0,72
278.03,1553060275,4704.19,51.44217698,7.46783763,240.48,30.07,0.00,258.26,0,-116.00,-15.00,0.00,0.00,24.00,0.00,0,397
278.03,1553060275,4704.22,51.44217698,7.46783763,240.48,30.07,0.00,258.26,0,-116.00,-13.00,0.00,0.00,23.00,0.00,0,118
279.03,1553060276,4734.27,51.44212301,7.46740994,240.14,30.95,0.00,258.79,0,-112.00,-9.00,0.00,0.00,23.00,0.00,0,72
279.03,1553060276,4734.27,51.44212301,7.46740994,240.14,30.95,0.00,258.79,0,-116.00,-15.00,0.00,0.00,24.00,0.00,0,397
279.03,1553060276,4734.30,51.44212301,7.46740994,240.14,30.95,0.00,258.79,0,-116.00,-13.00,0.00,0.00,23.00,0.00,0,118
280.03,1553060277,4765.25,51.44206925,7.46697477,239.74,31.76,0.00,259.48,0,-110.00,-10.00,0.00,0.00,27.00,0.00,0,72
280.03,1553060277,4765.28,51.44206925,7.46697477,239.74,31.76,0.00,259.48,0,-111.00,-11.00,0.00,0.00,26.00,0.00,0,118
280.03,1553060277,4765.28,51.44206925,7.46697477,239.74,31.76,0.00,259.48,0,-114.00,-14.00,0.00,0.00,26.00,0.00,0,157
280.03,1553060277,4765.31,51.44206925,7.46697477,239.74,31.76,0.00,259.48,0,-128.00,-20.00,0.00,0.00,23.00,0.00,0,159
280.03,1553060277,4765.35,51.44206925,7.46697477,239.74,31.76,0.00,259.48,0,-98.00,-9.00,0.00,0.00,37.00,0.00,0,448
281.03,1553060278,4797.01,51.44201430,7.46652842,239.43,32.32,0.00,259.73,0,-110.00,-10.00,0.00,0.00,27.00,0.00,0,72
281.03,1553060278,4797.05,51.44201430,7.46652842,239.43,32.32,0.00,259.73,0,-111.00,-11.00,0.00,0.00,26.00,0.00,0,118
281.03,1553060278,4797.05,51.44201430,7.46652842,239.43,32.32,0.00,259.73,0,-114.00,-14.00,0.00,0.00,26.00,0.00,0,157
281.03,1553060278,4797.08,51.44201430,7.46652842,239.43,32.32,0.00,259.73,0,-128.00,-20.00,0.00,0.00,23.00,0.00,0,159
281.03,1553060278,4797.11,51.44201430,7.46652842,239.43,32.32,0.00,259.73,0,-98.00,-9.00,0.00,0.00,37.00,0.00,0,448
282.03,1553060279,4829.33,51.44196424,7.46606020,239.01,33.03,0.00,260.30,0,-108.00,-9.00,0.00,0.00,27.00,0.00,0,118
282.03,1553060279,4829.37,51.44196424,7.46606020,239.01,33.03,0.00,260.30,0,-110.00,-11.00,0.00,0.00,26.00,0.00,0,157
282.03,1553060279,4829.40,51.44196424,7.46606020,239.01,33.03,0.00,260.30,0,-110.00,-11.00,0.00,0.00,27.00,0.00,0,72
282.03,1553060279,4829.40,51.44196424,7.46606020,239.01,33.03,0.00,260.30,0,-127.00,-20.00,0.00,0.00,24.00,0.00,0,16
282.03,1553060279,4829.43,51.44196424,7.46606020,239.01,33.03,0.00,260.30,0,-95.00,-9.00,0.00,0.00,39.00,0.00,0,448
282.03,1553060279,4829.47,51.44196424,7.46606020,239.01,33.03,0.00,260.30,0,-100.00,-11.00,0.00,0.00,37.00,0.00,0,229
283.03,1553060280,4862.39,51.44191634,7.46559030,238.34,33.69,0.00,260.77,0,-108.00,-9.00,0.00,0.00,27.00,0.00,0,118
283.03,1553060280,4862.43,51.44191634,7.46559030,238.34,33.69,0.00,260.77,0,-110.00,-11.00,0.00,0.00,26.00,0.00,0,157
283.03,1553060280,4862.43,51.44191634,7.46559030,238.34,33.69,0.00,260.77,0,-110.00,-11.00,0.00,0.00,27.00,0.00,0,72
283.03,1553060280,4862.46,51.44191634,7.46559030,238.34,33.69,0.00,260.77,0,-127.00,-20.00,0.00,0.00,24.00,0.00,0,16
283.03,1553060280,4862.49,51.44191634,7.46559030,238.34,33.69,0.00,260.77,0,-95.00,-9.00,0.00,0.00,39.00,0.00,0,448
283.03,1553060280,4862.49,51.44191634,7.46559030,238.34,33.69,0.00,260.77,0,-100.00,-11.00,0.00,0.00,37.00,0.00,0,229
284.04,1553060281,4896.39,51.44187271,7.46510009,237.74,34.38,0.00,261.47,0,-100.00,-12.00,0.00,0.00,38.00,0.00,0,229
284.04,1553060281,4896.39,51.44187271,7.46510009,237.74,34.38,0.00,261.47,0,-101.00,-13.00,0.00,0.00,38.00,0.00,0,51
284.04,1553060281,4896.42,51.44187271,7.46510009,237.74,34.38,0.00,261.47,0,-104.00,-17.00,0.00,0.00,39.00,0.00,0,54
284.04,1553060281,4896.46,51.44187271,7.46510009,237.74,34.38,0.00,261.47,0,-109.00,-9.00,0.00,0.00,26.00,0.00,0,118
284.04,1553060281,4896.46,51.44187271,7.46510009,237.74,34.38,0.00,261.47,0,-110.00,-12.00,0.00,0.00,27.00,0.00,0,430
284.04,1553060281,4896.49,51.44187271,7.46510009,237.74,34.38,0.00,261.47,0,-111.00,-11.00,0.00,0.00,26.00,0.00,0,72
284.04,1553060281,4896.53,51.44187271,7.46510009,237.74,34.38,0.00,261.47,0,-113.00,-13.00,0.00,0.00,26.00,0.00,0,157
285.03,1553060282,4930.46,51.44182838,7.46461530,236.88,34.92,0.00,261.82,0,-100.00,-12.00,0.00,0.00,38.00,0.00,0,229
285.03,1553060282,4930.50,51.44182838,7.46461530,236.88,34.92,0.00,261.82,0,-101.00,-13.00,0.00,0.00,38.00,0.00,0,51
285.03,1553060282,4930.50,51.44182838,7.46461530,236.88,34.92,0.00,261.82,0,-104.00,-17.00,0.00,0.00,39.00,0.00,0,54
285.03,1553060282,4930.53,51.44182838,7.46461530,236.88,34.92,0.00,261.82,0,-109.00,-9.00,0.00,0.00,26.00,0.00,0,118
285.03,1553060282,4930.57,51.44182838,7.46461530,236.88,34.92,0.00,261.82,0,-110.00,-12.00,0.00,0.00,27.00,0.00,0,430
285.03,1553060282,4930.60,51.44182838,7.46461530,236.88,34.92,0.00,261.82,0,-111.00,-11.00,0.00,0.00,26.00,0.00,0,72
285.03,1553060282,4930.60,51.44182838,7.46461530,236.88,34.92,0.00,261.82,0,-113.00,-13.00,0.00,0.00,26.00,0.00,0,157
286.03,1553060283,4965.38,51.44178839,7.46411841,236.02,35.48,0.00,262.50,0,-100.00,-12.00,0.00,0.00,38.00,0.00,0,229
286.03,1553060283,4965.38,51.44178839,7.46411841,236.02,35.48,0.00,262.50,0,-101.00,-13.00,0.00,0.00,38.00,0.00,0,51
286.03,1553060283,4965.41,51.44178839,7.46411841,236.02,35.48,0.00,262.50,0,-104.00,-17.00,0.00,0.00,39.00,0.00,0,54
286.03,1553060283,4965.45,51.44178839,7.46411841,236.02,35.48,0.00,262.50,0,-109.00,-9.00,0.00,0.00,26.00,0.00,0,118
286.03,1553060283,4965.45,51.44178839,7.46411841,236.02,35.48,0.00,262.50,0,-110.00,-12.00,0.00,0.00,27.00,0.00,0,430
286.03,1553060283,4965.49,51.44178839,7.46411841,236.02,35.48,0.00,262.50,0,-111.00,-11.00,0.00,0.00,26.00,0.00,0,72
286.03,1553060283,4965.52,51.44178839,7.46411841,236.02,35.48,0.00,262.50,0,-113.00,-13.00,0.00,0.00,26.00,0.00,0,157
287.03,1553060284,5000.79,51.44174870,7.46361357,235.03,35.91,0.00,263.20,0,-101.00,-10.00,0.00,0.00,35.00,0.00,0,229
287.03,1553060284,5000.79,51.44174870,7.46361357,235.03,35.91,0.00,263.20,0,-103.00,-13.00,0.00,0.00,36.00,0.00,0,449
287.03,1553060284,5000.83,51.44174870,7.46361357,235.03,35.91,0.00,263.20,0,-104.00,-13.00,0.00,0.00,35.00,0.00,0,54
288.03,1553060285,5036.67,51.44171430,7.46310071,234.10,36.40,0.00,263.70,0,-101.00,-10.00,0.00,0.00,35.00,0.00,0,229
288.03,1553060285,5036.70,51.44171430,7.46310071,234.10,36.40,0.00,263.70,0,-103.00,-13.00,0.00,0.00,36.00,0.00,0,449
288.03,1553060285,5036.74,51.44171430,7.46310071,234.10,36.40,0.00,263.70,0,-104.00,-13.00,0.00,0.00,35.00,0.00,0,54
289.03,1553060286,5073.07,51.44167953,7.46257616,233.18,36.80,0.00,264.37,0,-101.00,-11.00,0.00,0.00,36.00,0.00,0,449
289.03,1553060286,5073.10,51.44167953,7.46257616,233.18,36.80,0.00,264.37,0,-102.00,-10.00,0.00,0.00,34.00,0.00,0,229
289.03,1553060286,5073.14,51.44167953,7.46257616,233.18,36.80,0.00,264.37,0,-104.00,-12.00,0.00,0.00,35.00,0.00,0,54
290.03,1553060287,5109.86,51.44165101,7.46204956,232.29,37.14,0.00,264.93,0,-101.00,-11.00,0.00,0.00,36.00,0.00,0,449
290.03,1553060287,5109.90,51.44165101,7.46204956,232.29,37.14,0.00,264.93,0,-102.00,-10.00,0.00,0.00,34.00,0.00,0,229
290.03,1553060287,5109.90,51.44165101,7.46204956,232.29,37.14,0.00,264.93,0,-104.00,-12.00,0.00,0.00,35.00,0.00,0,54
291.03,1553060288,5147.00,51.44162169,7.46152419,231.53,37.34,0.00,265.57,0,-94.00,-12.00,0.00,0.00,51.00,0.00,0,229
291.03,1553060288,5147.04,51.44162169,7.46152419,231.53,37.34,0.00,265.57,0,-95.00,-11.00,0.00,0.00,44.00,0.00,0,449
291.03,1553060288,5147.04,51.44162169,7.46152419,231.53,37.34,0.00,265.57,0,-95.00,-20.00,0.00,0.00,51.00,0.00,0,132
292.03,1553060289,5184.34,51.44159950,7.46098588,230.97,37.83,0.00,266.10,0,-94.00,-12.00,0.00,0.00,51.00,0.00,0,229
292.03,1553060289,5184.38,51.44159950,7.46098588,230.97,37.83,0.00,266.10,0,-95.00,-11.00,0.00,0.00,44.00,0.00,0,449
292.03,1553060289,5184.41,51.44159950,7.46098588,230.97,37.83,0.00,266.10,0,-95.00,-20.00,0.00,0.00,51.00,0.00,0,132
293.03,1553060290,5222.17,51.44157696,7.46044007,230.60,38.09,0.00,266.58,0,-91.00,-8.00,0.00,0.00,43.00,0.00,0,449
293.03,1553060290,5222.21,51.44157696,7.46044007,230.60,38.09,0.00,266.58,0,-95.00,-9.00,0.00,0.00,41.00,0.00,0,229
293.03,1553060290,5222.21,51.44157696,7.46044007,230.60,38.09,0.00,266.58,0,-96.00,-12.00,0.00,0.00,42.00,0.00,0,54
294.03,1553060291,5260.31,51.44156055,7.45988211,230.19,38.54,0.00,267.26,0,-91.00,-8.00,0.00,0.00,43.00,0.00,0,449
294.03,1553060291,5260.31,51.44156055,7.45988211,230.19,38.54,0.00,267.26,0,-95.00,-9.00,0.00,0.00,41.00,0.00,0,229
294.03,1553060291,5260.35,51.44156055,7.45988211,230.19,38.54,0.00,267.26,0,-96.00,-12.00,0.00,0.00,42.00,0.00,0,54
295.03,1553060292,5298.88,51.44154603,7.45932825,229.72,38.80,0.00,268.09,0,-92.00,-8.00,0.00,0.00,42.00,0.00,0,449
295.03,1553060292,5298.92,51.44154603,7.45932825,229.72,38.80,0.00,268.09,0,-95.00,-10.00,0.00,0.00,41.00,0.00,0,54
295.03,1553060292,5298.92,51.44154603,7.45932825,229.72,38.80,0.00,268.09,0,-98.00,-10.00,0.00,0.00,39.00,0.00,0,229
295.03,1553060292,5298.96,51.44154603,7.45932825,229.72,38.80,0.00,268.09,0,-104.00,-7.00,0.00,0.00,29.00,0.00,0,35
295.03,1553060292,5299.00,51.44154603,7.45932825,229.72,38.80,0.00,268.09,0,-109.00,-12.00,0.00,0.00,30.00,0.00,0,118
296.03,1553060293,5337.68,51.44153920,7.45876278,229.34,39.15,0.00,268.67,0,-92.00,-8.00,0.00,0.00,42.00,0.00,0,449
296.03,1553060293,5337.68,51.44153920,7.45876278,229.34,39.15,0.00,268.67,0,-95.00,-10.00,0.00,0.00,41.00,0.00,0,54
296.03,1553060293,5337.72,51.44153920,7.45876278,229.34,39.15,0.00,268.67,0,-98.00,-10.00,0.00,0.00,39.00,0.00,0,229
296.03,1553060293,5337.76,51.44153920,7.45876278,229.34,39.15,0.00,268.67,0,-104.00,-7.00,0.00,0.00,29.00,0.00,0,35
296.03,1553060293,5337.79,51.44153920,7.45876278,229.34,39.15,0.00,268.67,0,-109.00,-12.00,0.00,0.00,30.00,0.00,0,118
297.03,1553060294,5376.75,51.44153134,7.45819991,229.03,39.31,0.00,269.28,0,-93.00,-6.00,0.00,0.00,39.00,0.00,0,72
297.03,1553060294,5376.79,51.44153134,7.45819991,229.03,39.31,0.00,269.28,0,-104.00,-10.00,0.00,0.00,33.00,0.00,0,430
297.03,1553060294,5376.79,51.44153134,7.45819991,229.03,39.31,0.00,269.28,0,-109.00,-16.00,0.00,0.00,33.00,0.00,0,118
298.03,1553060295,5416.06,51.44152754,7.45763828,228.77,39.16,0.00,269.72,0,-93.00,-6.00,0.00,0.00,39.00,0.00,0,72
298.03,1553060295,5416.10,51.44152754,7.45763828,228.77,39.16,0.00,269.72,0,-104.00,-10.00,0.00,0.00,33.00,0.00,0,430
298.03,1553060295,5416.14,51.44152754,7.45763828,228.77,39.16,0.00,269.72,0,-109.00,-16.00,0.00,0.00,33.00,0.00,0,118
329.03,1553060326,6596.60,51.44313972,7.44095069,219.11,39.78,0.00,287.16,0,-81.00,-7.00,0.00,0.00,52.00,0.00,0,74
329.03,1553060326,6596.64,51.44313972,7.44095069,219.11,39.78,0.00,287.16,0,-67.00,-7.00,0.00,0.00,63.00,0.00,0,56
330.03,1553060327,6636.38,51.44325019,7.44041550,218.17,39.57,0.00,287.88,0,-81.00,-7.00,0.00,0.00,52.00,0.00,0,74
330.03,1553060327,6636.42,51.44325019,7.44041550,218.17,39.57,0.00,287.88,0,-67.00,-7.00,0.00,0.00,63.00,0.00,0,56
360.03,1553060357,7805.68,51.44880617,7.42661625,180.82,38.76,0.00,324.19,0,-108.00,-10.00,0.00,0.00,28.00,0.00,0,312
360.03,1553060357,7805.72,51.44880617,7.42661625,180.82,38.76,0.00,324.19,0,-110.00,-12.00,0.00,0.00,29.00,0.00,0,40
361.03,1553060358,7844.48,51.44908795,7.42630628,179.65,39.08,0.00,325.82,0,-108.00,-10.00,0.00,0.00,28.00,0.00,0,312
361.03,1553060358,7844.52,51.44908795,7.42630628,179.65,39.08,0.00,325.82,0,-110.00,-12.00,0.00,0.00,29.00,0.00,0,40
362.03,1553060359,7883.56,51.44937822,7.42600666,178.50,39.14,0.00,327.47,0,-110.00,-12.00,0.00,0.00,28.00,0.00,0,40
362.03,1553060359,7883.56,51.44937822,7.42600666,178.50,39.14,0.00,327.47,0,-110.00,-11.00,0.00,0.00,27.00,0.00,0,312
363.03,1553060360,7922.66,51.44967920,7.42572119,177.18,39.10,0.00,329.65,0,-110.00,-12.00,0.00,0.00,28.00,0.00,0,40
363.03,1553060360,7922.69,51.44967920,7.42572119,177.18,39.10,0.00,329.65,0,-110.00,-11.00,0.00,0.00,27.00,0.00,0,312
364.03,1553060361,7961.79,51.44997677,7.42545216,175.73,38.85,0.00,330.83,0,-109.00,-11.00,0.00,0.00,27.00,0.00,0,40
364.03,1553060361,7961.83,51.44997677,7.42545216,175.73,38.85,0.00,330.83,0,-112.00,-16.00,0.00,0.00,30.00,0.00,0,39
364.03,1553060361,7961.87,51.44997677,7.42545216,175.73,38.85,0.00,330.83,0,-113.00,-14.00,0.00,0.00,26.00,0.00,0,312
365.03,1553060362,8000.64,51.45028612,7.42519451,174.19,38.65,0.00,332.68,0,-109.00,-11.00,0.00,0.00,27.00,0.00,0,40
365.03,1553060362,8000.68,51.45028612,7.42519451,174.19,38.65,0.00,332.68,0,-112.00,-16.00,0.00,0.00,30.00,0.00,0,39
365.03,1553060362,8000.68,51.45028612,7.42519451,174.19,38.65,0.00,332.68,0,-113.00,-14.00,0.00,0.00,26.00,0.00,0,312
366.03,1553060363,8039.28,51.45059066,7.42495778,172.73,37.87,0.00,333.91,0,-109.00,-11.00,0.00,0.00,28.00,0.00,0,40
366.03,1553060363,8039.32,51.45059066,7.42495778,172.73,37.87,0.00,333.91,0,-109.00,-9.00,0.00,0.00,26.00,0.00,0,449
366.03,1553060363,8039.36,51.45059066,7.42495778,172.73,37.87,0.00,333.91,0,-112.00,-16.00,0.00,0.00,29.00,0.00,0,39
367.03,1553060364,8077.15,51.45089502,7.42474130,171.26,37.23,0.00,335.99,0,-109.00,-11.00,0.00,0.00,28.00,0.00,0,40
367.03,1553060364,8077.19,51.45089502,7.42474130,171.26,37.23,0.00,335.99,0,-109.00,-9.00,0.00,0.00,26.00,0.00,0,449
367.03,1553060364,8077.23,51.45089502,7.42474130,171.26,37.23,0.00,335.99,0,-112.00,-16.00,0.00,0.00,29.00,0.00,0,39
368.04,1553060365,8114.75,51.45119680,7.42454045,169.83,36.82,0.00,337.74,0,-104.00,-8.00,0.00,0.00,30.00,0.00,0,377
368.04,1553060365,8114.79,51.45119680,7.42454045,169.83,36.82,0.00,337.74,0,-109.00,-10.00,0.00,0.00,27.00,0.00,0,449
368.04,1553060365,8114.79,51.45119680,7.42454045,169.83,36.82,0.00,337.74,0,-110.00,-14.00,0.00,0.00,29.00,0.00,0,119
369.03,1553060366,8151.21,51.45150275,7.42435283,168.63,36.81,0.00,339.56,0,-104.00,-8.00,0.00,0.00,30.00,0.00,0,377
369.03,1553060366,8151.24,51.45150275,7.42435283,168.63,36.81,0.00,339.56,0,-109.00,-10.00,0.00,0.00,27.00,0.00,0,449
369.03,1553060366,8151.28,51.45150275,7.42435283,168.63,36.81,0.00,339.56,0,-110.00,-14.00,0.00,0.00,29.00,0.00,0,119
370.03,1553060367,8188.02,51.45180764,7.42416851,167.53,36.61,0.00,339.96,0,-104.00,-8.00,0.00,0.00,30.00,0.00,0,377
370.03,1553060367,8188.05,51.45180764,7.42416851,167.53,36.61,0.00,339.96,0,-109.00,-10.00,0.00,0.00,27.00,0.00,0,449
370.03,1553060367,8188.05,51.45180764,7.42416851,167.53,36.61,0.00,339.96,0,-110.00,-14.00,0.00,0.00,29.00,0.00,0,119
371.03,1553060368,8224.55,51.45212592,7.42399480,166.01,36.61,0.00,340.65,0,-103.00,-11.00,0.00,0.00,33.00,0.00,0,377
372.03,1553060369,8261.20,51.45244334,7.42381582,164.77,36.80,0.00,341.28,0,-103.00,-11.00,0.00,0.00,33.00,0.00,0,377
373.03,1553060370,8298.00,51.45276052,7.42365384,163.86,37.22,0.00,342.70,0,-101.00,-13.00,0.00,0.00,38.00,0.00,0,377
374.03,1553060371,8335.22,51.45308078,7.42349214,163.07,37.32,0.00,343.06,0,-101.00,-13.00,0.00,0.00,38.00,0.00,0,377
377.03,1553060374,8448.32,51.45405866,7.42303450,160.54,38.50,0.00,344.14,0,-95.00,-11.00,0.00,0.00,42.00,0.00,0,40
378.03,1553060375,8486.82,51.45438580,7.42288207,159.59,38.71,0.00,343.97,0,-95.00,-11.00,0.00,0.00,42.00,0.00,0,40
379.03,1553060376,8525.60,51.45471627,7.42272962,158.65,38.88,0.00,343.48,0,-90.00,-11.00,0.00,0.00,47.00,0.00,0,40
379.03,1553060376,8525.60,51.45471627,7.42272962,158.65,38.88,0.00,343.48,0,-85.00,-20.00,0.00,0.00,61.00,0.00,0,50
379.03,1553060376,8525.64,51.45471627,7.42272962,158.65,38.88,0.00,343.48,0,-87.00,-20.00,0.00,0.00,59.00,0.00,0,380
380.03,1553060377,8564.48,51.45504918,7.42257579,157.76,39.18,0.00,343.29,0,-90.00,-11.00,0.00,0.00,47.00,0.00,0,40
380.03,1553060377,8564.48,51.45504918,7.42257579,157.76,39.18,0.00,343.29,0,-85.00,-20.00,0.00,0.00,61.00,0.00,0,50
380.03,1553060377,8564.52,51.45504918,7.42257579,157.76,39.18,0.00,343.29,0,-87.00,-20.00,0.00,0.00,59.00,0.00,0,380
381.03,1553060378,8603.58,51.45538650,7.42241879,156.91,39.44,0.00,342.86,0,-92.00,-8.00,0.00,0.00,45.00,0.00,0,119
382.03,1553060379,8643.02,51.45571993,7.42224702,155.90,39.57,0.00,341.84,0,-92.00,-8.00,0.00,0.00,45.00,0.00,0,119
383.03,1553060380,8682.58,51.45605457,7.42207300,155.20,39.58,0.00,340.94,0,-89.00,-9.00,0.00,0.00,47.00,0.00,0,119
384.03,1553060381,8722.16,51.45638480,7.42187933,154.61,39.35,0.00,339.64,0,-89.00,-9.00,0.00,0.00,47.00,0.00,0,119
385.03,1553060382,8761.48,51.45670983,7.42168284,153.80,39.03,0.00,338.50,0,-87.00,-9.00,0.00,0.00,48.00,0.00,0,119
386.03,1553060383,8800.55,51.45703271,7.42147985,153.07,39.06,0.00,337.78,0,-87.00,-9.00,0.00,0.00,48.00,0.00,0,119
387.03,1553060384,8839.60,51.45735068,7.42126279,152.27,38.91,0.00,336.56,0,-87.00,-9.00,0.00,0.00,48.00,0.00,0,119
388.03,1553060385,8878.47,51.45766697,7.42103471,151.59,38.77,0.00,335.17,0,-87.00,-9.00,0.00,0.00,48.00,0.00,0,119
389.04,1553060386,8917.68,51.45797799,7.42079707,150.88,38.80,0.00,333.98,0,-88.00,-9.00,0.00,0.00,47.00,0.00,0,119
389.04,1553060386,8917.71,51.45797799,7.42079707,150.88,38.80,0.00,333.98,0,-98.00,-17.00,0.00,0.00,46.00,0.00,0,39
390.03,1553060387,8956.09,51.45829022,7.42055597,150.15,38.78,0.00,333.14,0,-88.00,-9.00,0.00,0.00,47.00,0.00,0,119
390.03,1553060387,8956.13,51.45829022,7.42055597,150.15,38.78,0.00,333.14,0,-98.00,-17.00,0.00,0.00,46.00,0.00,0,39
391.03,1553060388,8994.87,51.45860236,7.42028932,149.73,38.70,0.00,331.91,0,-88.00,-9.00,0.00,0.00,47.00,0.00,0,119
391.03,1553060388,8994.91,51.45860236,7.42028932,149.73,38.70,0.00,331.91,0,-98.00,-17.00,0.00,0.00,46.00,0.00,0,39
392.03,1553060389,9033.60,51.45890584,7.42001796,149.58,38.74,0.00,330.84,0,-89.00,-12.00,0.00,0.00,49.00,0.00,0,39
392.03,1553060389,9033.64,51.45890584,7.42001796,149.58,38.74,0.00,330.84,0,-92.00,-15.00,0.00,0.00,49.00,0.00,0,40
392.03,1553060389,9033.68,51.45890584,7.42001796,149.58,38.74,0.00,330.84,0,-85.00,-12.00,0.00,0.00,57.00,0.00,0,69
392.03,1553060389,9033.68,51.45890584,7.42001796,149.58,38.74,0.00,330.84,0,-87.00,-14.00,0.00,0.00,57.00,0.00,0,70
393.03,1553060390,9072.35,51.45920732,7.41974831,149.52,38.69,0.00,329.90,0,-89.00,-12.00,0.00,0.00,49.00,0.00,0,39
393.03,1553060390,9072.38,51.45920732,7.41974831,149.52,38.69,0.00,329.90,0,-92.00,-15.00,0.00,0.00,49.00,0.00,0,40
393.03,1553060390,9072.42,51.45920732,7.41974831,149.52,38.69,0.00,329.90,0,-85.00,-12.00,0.00,0.00,57.00,0.00,0,69
393.03,1553060390,9072.46,51.45920732,7.41974831,149.52,38.69,0.00,329.90,0,-87.00,-14.00,0.00,0.00,57.00,0.00,0,70
394.03,1553060391,9111.03,51.45950698,7.41945671,149.64,38.84,0.00,328.74,0,-87.00,-9.00,0.00,0.00,49.00,0.00,0,39
394.03,1553060391,9111.07,51.45950698,7.41945671,149.64,38.84,0.00,328.74,0,-86.00,-11.00,0.00,0.00,53.00,0.00,0,69
394.03,1553060391,9111.11,51.45950698,7.41945671,149.64,38.84,0.00,328.74,0,-88.00,-12.00,0.00,0.00,53.00,0.00,0,70
395.03,1553060392,9149.87,51.45980136,7.41915967,149.59,38.93,0.00,327.38,0,-87.00,-9.00,0.00,0.00,49.00,0.00,0,39
395.03,1553060392,9149.91,51.45980136,7.41915967,149.59,38.93,0.00,327.38,0,-86.00,-11.00,0.00,0.00,53.00,0.00,0,69
395.03,1553060392,9149.91,51.45980136,7.41915967,149.59,38.93,0.00,327.38,0,-88.00,-12.00,0.00,0.00,53.00,0.00,0,70
396.03,1553060393,9188.80,51.46010154,7.41885648,149.45,39.03,0.00,326.48,0,-84.00,-6.00,0.00,0.00,49.00,0.00,0,93
396.03,1553060393,9188.80,51.46010154,7.41885648,149.45,39.03,0.00,326.48,0,-77.00,-6.00,0.00,0.00,57.00,0.00,0,69
397.03,1553060394,9227.84,51.46039253,7.41853738,149.47,39.23,0.00,325.33,0,-84.00,-6.00,0.00,0.00,49.00,0.00,0,93
397.03,1553060394,9227.84,51.46039253,7.41853738,149.47,39.23,0.00,325.33,0,-77.00,-6.00,0.00,0.00,57.00,0.00,0,69
398.03,1553060395,9266.99,51.46067932,7.41822087,149.54,39.25,0.00,324.42,0,-94.00,-9.00,0.00,0.00,41.00,0.00,0,119
399.03,1553060396,9306.24,51.46095449,7.41789191,149.58,39.35,0.00,323.30,0,-94.00,-9.00,0.00,0.00,41.00,0.00,0,119
415.03,1553060412,9921.64,51.46483649,7.41161588,150.27,38.97,0.00,308.36,0,-99.00,-9.00,0.00,0.00,36.00,0.00,0,93
415.03,1553060412,9921.68,51.46483649,7.41161588,150.27,38.97,0.00,308.36,0,-102.00,-12.00,0.00,0.00,36.00,0.00,0,119
415.03,1553060412,9921.68,51.46483649,7.41161588,150.27,38.97,0.00,308.36,0,-95.00,-12.00,0.00,0.00,46.00,0.00,0,431
416.03,1553060413,9960.61,51.46506028,7.41117597,150.54,39.08,0.00,308.30,0,-99.00,-9.00,0.00,0.00,36.00,0.00,0,93
416.03,1553060413,9960.61,51.46506028,7.41117597,150.54,39.08,0.00,308.30,0,-102.00,-12.00,0.00,0.00,36.00,0.00,0,119
416.03,1553060413,9960.65,51.46506028,7.41117597,150.54,39.08,0.00,308.30,0,-95.00,-12.00,0.00,0.00,46.00,0.00,0,431
417.03,1553060414,9999.57,51.46527755,7.41073276,150.73,39.18,0.00,308.17,0,-101.00,-8.00,0.00,0.00,33.00,0.00,0,93
418.03,1553060415,10038.75,51.46549569,7.41028829,150.85,39.15,0.00,308.00,0,-101.00,-8.00,0.00,0.00,33.00,0.00,0,93
419.03,1553060416,10077.97,51.46570973,7.40985086,150.96,38.43,0.00,308.02,0,-102.00,-9.00,0.00,0.00,33.00,0.00,0,93
419.03,1553060416,10078.01,51.46570973,7.40985086,150.96,38.43,0.00,308.02,0,-105.00,-12.00,0.00,0.00,32.00,0.00,0,377
419.03,1553060416,10078.05,51.46570973,7.40985086,150.96,38.43,0.00,308.02,0,-107.00,-12.00,0.00,0.00,31.00,0.00,0,417
420.02,1553060417,10116.25,51.46592218,7.40941994,150.89,38.13,0.00,308.04,0,-102.00,-9.00,0.00,0.00,33.00,0.00,0,93
420.02,1553060417,10116.25,51.46592218,7.40941994,150.89,38.13,0.00,308.04,0,-105.00,-12.00,0.00,0.00,32.00,0.00,0,377
420.02,1553060417,10116.25,51.46592218,7.40941994,150.89,38.13,0.00,308.04,0,-107.00,-12.00,0.00,0.00,31.00,0.00,0,417
421.03,1553060418,10154.53,51.46613344,7.40899084,150.84,37.88,0.00,308.26,0,-107.00,-13.00,0.00,0.00,31.00,0.00,0,266
421.03,1553060418,10154.57,51.46613344,7.40899084,150.84,37.88,0.00,308.26,0,-106.00,-12.00,0.00,0.00,31.00,0.00,0,93
421.03,1553060418,10154.57,51.46613344,7.40899084,150.84,37.88,0.00,308.26,0,-107.00,-13.00,0.00,0.00,31.00,0.00,0,377
422.03,1553060419,10192.41,51.46634184,7.40856623,150.94,37.23,0.00,308.40,0,-107.00,-13.00,0.00,0.00,31.00,0.00,0,266
422.03,1553060419,10192.45,51.46634184,7.40856623,150.94,37.23,0.00,308.40,0,-106.00,-12.00,0.00,0.00,31.00,0.00,0,93
422.03,1553060419,10192.45,51.46634184,7.40856623,150.94,37.23,0.00,308.40,0,-107.00,-13.00,0.00,0.00,31.00,0.00,0,377
423.03,1553060420,10229.68,51.46654520,7.40815257,151.11,36.09,0.00,308.76,0,-107.00,-13.00,0.00,0.00,31.00,0.00,0,266
423.03,1553060420,10229.71,51.46654520,7.40815257,151.11,36.09,0.00,308.76,0,-106.00,-12.00,0.00,0.00,31.00,0.00,0,93
423.03,1553060420,10229.71,51.46654520,7.40815257,151.11,36.09,0.00,308.76,0,-107.00,-13.00,0.00,0.00,31.00,0.00,0,377
424.03,1553060421,10265.73,51.46674705,7.40774321,151.37,35.97,0.00,308.92,0,-107.00,-13.00,0.00,0.00,31.00,0.00,0,266
424.03,1553060421,10265.77,51.46674705,7.40774321,151.37,35.97,0.00,308.92,0,-106.00,-12.00,0.00,0.00,31.00,0.00,0,93
424.03,1553060421,10265.77,51.46674705,7.40774321,151.37,35.97,0.00,308.92,0,-107.00,-13.00,0.00,0.00,31.00,0.00,0,377
425.03,1553060422,10301.70,51.46694575,7.40733985,151.58,35.96,0.00,309.10,0,-107.00,-13.00,0.00,0.00,31.00,0.00,0,266
425.03,1553060422,10301.74,51.46694575,7.40733985,151.58,35.96,0.00,309.10,0,-106.00,-12.00,0.00,0.00,31.00,0.00,0,93
425.03,1553060422,10301.77,51.46694575,7.40733985,151.58,35.96,0.00,309.10,0,-107.00,-13.00,0.00,0.00,31.00,0.00,0,377
426.03,1553060423,10337.67,51.46715094,7.40693901,151.83,36.00,0.00,309.31,0,-107.00,-13.00,0.00,0.00,31.00,0.00,0,266
426.03,1553060423,10337.70,51.46715094,7.40693901,151.83,36.00,0.00,309.31,0,-106.00,-12.00,0.00,0.00,31.00,0.00,0,93
426.03,1553060423,10337.74,51.46715094,7.40693901,151.83,36.00,0.00,309.31,0,-107.00,-13.00,0.00,0.00,31.00,0.00,0,377
429.03,1553060426,10444.95,51.46777753,7.40575501,153.24,34.88,0.00,311.29,0,-91.00,-8.00,0.00,0.00,43.00,0.00,0,377
429.03,1553060426,10444.98,51.46777753,7.40575501,153.24,34.88,0.00,311.29,0,-98.00,-13.00,0.00,0.00,41.00,0.00,0,39
430.03,1553060427,10479.79,51.46797809,7.40538215,153.84,33.94,0.00,311.12,0,-91.00,-8.00,0.00,0.00,43.00,0.00,0,377
430.03,1553060427,10479.83,51.46797809,7.40538215,153.84,33.94,0.00,311.12,0,-98.00,-13.00,0.00,0.00,41.00,0.00,0,39
431.04,1553060428,10514.04,51.46817563,7.40501625,154.39,33.58,0.00,311.41,0,-96.00,-12.00,0.00,0.00,42.00,0.00,0,39
432.03,1553060429,10547.29,51.46837755,7.40465693,154.90,33.49,0.00,311.85,0,-96.00,-12.00,0.00,0.00,42.00,0.00,0,39
433.03,1553060430,10580.80,51.46857879,7.40430045,155.32,33.61,0.00,312.31,0,-96.00,-12.00,0.00,0.00,42.00,0.00,0,39
434.03,1553060431,10614.45,51.46878197,7.40394197,155.70,33.76,0.00,312.63,0,-100.00,-13.00,0.00,0.00,39.00,0.00,0,39
434.03,1553060431,10614.48,51.46878197,7.40394197,155.70,33.76,0.00,312.63,0,-99.00,-13.00,0.00,0.00,40.00,0.00,0,377
434.03,1553060431,10614.52,51.46878197,7.40394197,155.70,33.76,0.00,312.63,0,-107.00,-13.00,0.00,0.00,31.00,0.00,0,74
435.03,1553060432,10648.24,51.46899126,7.40358224,156.27,34.00,0.00,313.04,0,-100.00,-13.00,0.00,0.00,39.00,0.00,0,39
435.03,1553060432,10648.24,51.46899126,7.40358224,156.27,34.00,0.00,313.04,0,-99.00,-13.00,0.00,0.00,40.00,0.00,0,377
435.03,1553060432,10648.28,51.46899126,7.40358224,156.27,34.00,0.00,313.04,0,-107.00,-13.00,0.00,0.00,31.00,0.00,0,74
436.03,1553060433,10682.21,51.46920012,7.40322291,156.61,33.95,0.00,312.96,0,-105.00,-11.00,0.00,0.00,31.00,0.00,0,74
436.03,1553060433,10682.24,51.46920012,7.40322291,156.61,33.95,0.00,312.96,0,-108.00,-13.00,0.00,0.00,30.00,0.00,0,119
436.03,1553060433,10682.27,51.46920012,7.40322291,156.61,33.95,0.00,312.96,0,-103.00,-13.00,0.00,0.00,35.00,0.00,0,39
437.03,1553060434,10716.16,51.46940443,7.40287376,157.29,34.24,0.00,313.19,0,-105.00,-11.00,0.00,0.00,31.00,0.00,0,74
437.03,1553060434,10716.19,51.46940443,7.40287376,157.29,34.24,0.00,313.19,0,-108.00,-13.00,0.00,0.00,30.00,0.00,0,119
437.03,1553060434,10716.23,51.46940443,7.40287376,157.29,34.24,0.00,313.19,0,-103.00,-13.00,0.00,0.00,35.00,0.00,0,39
438.03,1553060435,10750.40,51.46961561,7.40251711,157.52,34.54,0.00,313.97,0,-104.00,-11.00,0.00,0.00,32.00,0.00,0,74
438.03,1553060435,10750.43,51.46961561,7.40251711,157.52,34.54,0.00,313.97,0,-107.00,-13.00,0.00,0.00,30.00,0.00,0,119
438.03,1553060435,10750.47,51.46961561,7.40251711,157.52,34.54,0.00,313.97,0,-108.00,-15.00,0.00,0.00,32.00,0.00,0,146
439.03,1553060436,10784.94,51.46984528,7.40216777,157.91,34.81,0.00,316.01,0,-104.00,-11.00,0.00,0.00,32.00,0.00,0,74
439.03,1553060436,10784.97,51.46984528,7.40216777,157.91,34.81,0.00,316.01,0,-107.00,-13.00,0.00,0.00,30.00,0.00,0,119
439.03,1553060436,10784.97,51.46984528,7.40216777,157.91,34.81,0.00,316.01,0,-108.00,-15.00,0.00,0.00,32.00,0.00,0,146
440.03,1553060437,10819.72,51.47007826,7.40182034,158.32,35.00,0.00,317.09,0,-106.00,-11.00,0.00,0.00,31.00,0.00,0,266
441.03,1553060438,10854.71,51.47030614,7.40148259,158.91,34.32,0.00,316.71,0,-106.00,-11.00,0.00,0.00,31.00,0.00,0,266
455.03,1553060452,11309.38,51.47333766,7.39715371,159.88,32.69,0.00,320.69,0,-105.00,-12.00,0.00,0.00,36.00,0.00,0,392
455.03,1553060452,11309.41,51.47333766,7.39715371,159.88,32.69,0.00,320.69,0,-109.00,-17.00,0.00,0.00,37.00,0.00,0,57
456.03,1553060453,11342.07,51.47356608,7.39685712,160.17,32.31,0.00,321.08,0,-105.00,-12.00,0.00,0.00,36.00,0.00,0,392
456.03,1553060453,11342.07,51.47356608,7.39685712,160.17,32.31,0.00,321.08,0,-109.00,-17.00,0.00,0.00,37.00,0.00,0,57
457.03,1553060454,11374.35,51.47378726,7.39657821,160.61,31.43,0.00,321.90,0,-107.00,-16.00,0.00,0.00,37.00,0.00,0,431
457.03,1553060454,11374.38,51.47378726,7.39657821,160.61,31.43,0.00,321.90,0,-108.00,-16.00,0.00,0.00,37.00,0.00,0,78
458.03,1553060455,11405.81,51.47400550,7.39630311,161.24,30.65,0.00,322.26,0,-107.00,-16.00,0.00,0.00,37.00,0.00,0,431
458.03,1553060455,11405.84,51.47400550,7.39630311,161.24,30.65,0.00,322.26,0,-108.00,-16.00,0.00,0.00,37.00,0.00,0,78
459.03,1553060456,11436.46,51.47422411,7.39603491,161.98,30.39,0.00,322.94,0,-106.00,-14.00,0.00,0.00,37.00,0.00,0,431
459.03,1553060456,11436.46,51.47422411,7.39603491,161.98,30.39,0.00,322.94,0,-107.00,-17.00,0.00,0.00,39.00,0.00,0,78
460.03,1553060457,11466.85,51.47444166,7.39577832,162.70,29.73,0.00,324.09,0,-106.00,-14.00,0.00,0.00,37.00,0.00,0,431
460.03,1553060457,11466.88,51.47444166,7.39577832,162.70,29.73,0.00,324.09,0,-107.00,-17.00,0.00,0.00,39.00,0.00,0,78
461.03,1553060458,11496.55,51.47465986,7.39553048,163.58,29.29,0.00,325.14,0,-106.00,-10.00,0.00,0.00,30.00,0.00,0,120
461.03,1553060458,11496.55,51.47465986,7.39553048,163.58,29.29,0.00,325.14,0,-107.00,-10.00,0.00,0.00,30.00,0.00,0,312
461.03,1553060458,11496.58,51.47465986,7.39553048,163.58,29.29,0.00,325.14,0,-106.00,-12.00,0.00,0.00,35.00,0.00,0,431
461.03,1553060458,11496.58,51.47465986,7.39553048,163.58,29.29,0.00,325.14,0,-108.00,-14.00,0.00,0.00,34.00,0.00,0,78
462.02,1553060459,11525.72,51.47487770,7.39529388,164.44,29.06,0.00,326.42,0,-106.00,-10.00,0.00,0.00,30.00,0.00,0,120
462.02,1553060459,11525.72,51.47487770,7.39529388,164.44,29.06,0.00,326.42,0,-107.00,-10.00,0.00,0.00,30.00,0.00,0,312
462.02,1553060459,11525.75,51.47487770,7.39529388,164.44,29.06,0.00,326.42,0,-106.00,-12.00,0.00,0.00,35.00,0.00,0,431
462.02,1553060459,11525.75,51.47487770,7.39529388,164.44,29.06,0.00,326.42,0,-108.00,-14.00,0.00,0.00,34.00,0.00,0,78
463.03,1553060460,11554.90,51.47510331,7.39506616,165.24,29.33,0.00,328.34,0,-104.00,-8.00,0.00,0.00,30.00,0.00,0,120
464.03,1553060461,11584.20,51.47532935,7.39483863,165.78,29.48,0.00,328.81,0,-104.00,-8.00,0.00,0.00,30.00,0.00,0,120
465.03,1553060462,11613.74,51.47555791,7.39461848,166.03,29.39,0.00,329.45,0,-108.00,-10.00,0.00,0.00,27.00,0.00,0,120
465.03,1553060462,11613.77,51.47555791,7.39461848,166.03,29.39,0.00,329.45,0,-109.00,-9.00,0.00,0.00,27.00,0.00,0,449
465.03,1553060462,11613.77,51.47555791,7.39461848,166.03,29.39,0.00,329.45,0,-110.00,-11.00,0.00,0.00,26.00,0.00,0,378
466.03,1553060463,11643.13,51.47578039,7.39440244,166.38,28.88,0.00,329.87,0,-108.00,-10.00,0.00,0.00,27.00,0.00,0,120
466.03,1553060463,11643.15,51.47578039,7.39440244,166.38,28.88,0.00,329.87,0,-109.00,-9.00,0.00,0.00,27.00,0.00,0,449
466.03,1553060463,11643.18,51.47578039,7.39440244,166.38,28.88,0.00,329.87,0,-110.00,-11.00,0.00,0.00,26.00,0.00,0,378
469.03,1553060466,11727.17,51.47643907,7.39382132,168.09,27.15,0.00,333.55,0,-109.00,-10.00,0.00,0.00,27.00,0.00,0,312
470.03,1553060467,11754.28,51.47665899,7.39365073,168.51,26.67,0.00,334.60,0,-109.00,-10.00,0.00,0.00,27.00,0.00,0,312
471.03,1553060468,11780.98,51.47686912,7.39349561,168.84,25.27,0.00,335.86,0,-109.00,-12.00,0.00,0.00,28.00,0.00,0,312
472.03,1553060469,11806.22,51.47706924,7.39335281,169.26,23.41,0.00,336.80,0,-109.00,-12.00,0.00,0.00,28.00,0.00,0,312
473.04,1553060470,11829.86,51.47725579,7.39323795,169.50,21.39,0.00,339.40,0,-108.00,-10.00,0.00,0.00,28.00,0.00,0,378
473.04,1553060470,11829.89,51.47725579,7.39323795,169.50,21.39,0.00,339.40,0,-108.00,-10.00,0.00,0.00,28.00,0.00,0,120
473.04,1553060470,11829.91,51.47725579,7.39323795,169.50,21.39,0.00,339.40,0,-110.00,-13.00,0.00,0.00,28.00,0.00,0,312
474.03,1553060471,11851.08,51.47743814,7.39314954,169.68,20.51,0.00,343.92,0,-108.00,-10.00,0.00,0.00,28.00,0.00,0,378
474.03,1553060471,11851.10,51.47743814,7.39314954,169.68,20.51,0.00,343.92,0,-108.00,-10.00,0.00,0.00,28.00,0.00,0,120
474.03,1553060471,11851.10,51.47743814,7.39314954,169.68,20.51,0.00,343.92,0,-110.00,-13.00,0.00,0.00,28.00,0.00,0,312
475.03,1553060472,11871.60,51.47762343,7.39309504,169.71,19.70,0.00,350.50,0,-108.00,-10.00,0.00,0.00,28.00,0.00,0,378
475.03,1553060472,11871.60,51.47762343,7.39309504,169.71,19.70,0.00,350.50,0,-108.00,-10.00,0.00,0.00,28.00,0.00,0,120
475.03,1553060472,11871.62,51.47762343,7.39309504,169.71,19.70,0.00,350.50,0,-110.00,-13.00,0.00,0.00,28.00,0.00,0,312
478.03,1553060475,11930.32,51.47818744,7.39311316,169.94,19.88,0.00,11.38,0,-106.00,-11.00,0.00,0.00,32.00,0.00,0,120
479.03,1553060476,11950.20,51.47836338,7.39317866,169.93,19.92,0.00,13.82,0,-106.00,-11.00,0.00,0.00,32.00,0.00,0,120
482.03,1553060479,12010.61,51.47882111,7.39362679,172.40,20.21,0.00,36.52,0,-103.00,-7.00,0.00,0.00,30.00,0.00,0,312
483.03,1553060480,12030.82,51.47894905,7.39375447,173.84,17.74,0.00,31.52,0,-103.00,-7.00,0.00,0.00,30.00,0.00,0,312
507.03,1553060504,12399.25,51.48126861,7.39617882,183.09,18.08,0.00,59.38,0,-96.00,-10.00,0.00,0.00,40.00,0.00,0,448
507.03,1553060504,12399.27,51.48126861,7.39617882,183.09,18.08,0.00,59.38,0,-88.00,-14.00,0.00,0.00,54.00,0.00,0,52
508.03,1553060505,12417.33,51.48134268,7.39639358,183.21,17.61,0.00,59.33,0,-96.00,-10.00,0.00,0.00,40.00,0.00,0,448
508.03,1553060505,12417.33,51.48134268,7.39639358,183.21,17.61,0.00,59.33,0,-88.00,-14.00,0.00,0.00,54.00,0.00,0,52
509.03,1553060506,12434.92,51.48142173,7.39660744,183.42,17.14,0.00,58.87,0,-90.00,-11.00,0.00,0.00,50.00,0.00,0,431
509.03,1553060506,12434.94,51.48142173,7.39660744,183.42,17.14,0.00,58.87,0,-91.00,-14.00,0.00,0.00,52.00,0.00,0,52
510.03,1553060507,12452.08,51.48150161,7.39681916,183.47,16.76,0.00,58.41,0,-90.00,-11.00,0.00,0.00,50.00,0.00,0,431
510.03,1553060507,12452.10,51.48150161,7.39681916,183.47,16.76,0.00,58.41,0,-91.00,-14.00,0.00,0.00,52.00,0.00,0,52
513.03,1553060510,12501.08,51.48173264,7.39739898,183.78,15.57,0.00,56.80,0,-108.00,-15.00,0.00,0.00,33.00,0.00,0,448
513.03,1553060510,12501.10,51.48173264,7.39739898,183.78,15.57,0.00,56.80,0,-110.00,-16.00,0.00,0.00,31.00,0.00,0,378
514.03,1553060511,12516.66,51.48181593,7.39758614,183.98,15.40,0.00,55.64,0,-108.00,-15.00,0.00,0.00,33.00,0.00,0,448
514.03,1553060511,12516.68,51.48181593,7.39758614,183.98,15.40,0.00,55.64,0,-110.00,-16.00,0.00,0.00,31.00,0.00,0,378
515.04,1553060512,12532.19,51.48189624,7.39776165,184.12,15.09,0.00,54.60,0,-107.00,-15.00,0.00,0.00,33.00,0.00,0,448
516.03,1553060513,12547.14,51.48197363,7.39792800,184.14,14.50,0.00,53.58,0,-107.00,-15.00,0.00,0.00,33.00,0.00,0,448
517.03,1553060514,12561.62,51.48205805,7.39809120,184.28,13.52,0.00,52.10,0,-107.00,-15.00,0.00,0.00,33.00,0.00,0,448
518.03,1553060515,12575.15,51.48212973,7.39821932,184.47,12.01,0.00,50.37,0,-105.00,-13.00,0.00,0.00,33.00,0.00,0,448
519.03,1553060516,12587.16,51.48220054,7.39833970,184.44,10.08,0.00,48.85,0,-105.00,-13.00,0.00,0.00,33.00,0.00,0,448
520.03,1553060517,12597.23,51.48225565,7.39842997,184.15,7.81,0.00,47.17,0,-99.00,-12.00,0.00,0.00,38.00,0.00,0,448
521.03,1553060518,12605.04,51.48230131,7.39849705,183.84,5.76,0.00,44.62,0,-99.00,-12.00,0.00,0.00,38.00,0.00,0,448
522.03,1553060519,12610.81,51.48233507,7.39854659,183.83,3.91,0.00,43.34,0,-95.00,-10.00,0.00,0.00,41.00,0.00,0,448
523.03,1553060520,12614.72,51.48235843,7.39857659,183.83,2.40,0.00,42.91,0,-95.00,-10.00,0.00,0.00,41.00,0.00,0,448
524.03,1553060521,12617.12,51.48236758,7.39858770,183.83,1.06,0.00,42.24,0,-97.00,-10.00,0.00,0.00,38.00,0.00,0,448
524.03,1553060521,12617.12,51.48236758,7.39858770,183.83,1.06,0.00,42.24,0,-88.00,-11.00,0.00,0.00,51.00,0.00,0,52
525.02,1553060522,12618.17,51.48236758,7.39858770,183.83,0.00,0.00,42.24,0,-97.00,-10.00,0.00,0.00,38.00,0.00,0,448
525.02,1553060522,12618.17,51.48236758,7.39858770,183.83,0.00,0.00,42.24,0,-88.00,-11.00,0.00,0.00,51.00,0.00,0,52
526.03,1553060523,12618.17,51.48236758,7.39858770,183.83,0.00,0.00,42.24,0,-100.00,-11.00,0.00,0.00,38.00,0.00,0,448
526.03,1553060523,12618.17,51.48236758,7.39858770,183.83,0.00,0.00,42.24,0,-89.00,-10.00,0.00,0.00,51.00,0.00,0,52
527.03,1553060524,12618.17,51.48236758,7.39858770,183.83,0.00,0.00,42.24,0,-100.00,-11.00,0.00,0.00,38.00,0.00,0,448
527.03,1553060524,12618.17,51.48236758,7.39858770,183.83,0.00,0.00,42.24,0,-89.00,-10.00,0.00,0.00,51.00,0.00,0,52
528.03,1553060525,12618.17,51.48236758,7.39858770,183.84,0.00,0.00,42.24,0,-103.00,-13.00,0.00,0.00,35.00,0.00,0,448
528.03,1553060525,12618.17,51.48236758,7.39858770,183.84,0.00,0.00,42.24,0,-89.00,-9.00,0.00,0.00,49.00,0.00,0,52
529.03,1553060526,12618.17,51.48236758,7.39858770,183.84,0.00,0.00,42.24,0,-103.00,-13.00,0.00,0.00,35.00,0.00,0,448
529.03,1553060526,12618.17,51.48236758,7.39858770,183.84,0.00,0.00,42.24,0,-89.00,-9.00,0.00,0.00,49.00,0.00,0,52
530.03,1553060527,12618.17,51.48236758,7.39858770,183.84,0.00,0.00,42.24,0,-103.00,-13.00,0.00,0.00,36.00,0.00,0,448
530.03,1553060527,12618.17,51.48236758,7.39858770,183.84,0.00,0.00,42.24,0,-89.00,-9.00,0.00,0.00,49.00,0.00,0,52
531.03,1553060528,12618.17,51.48236758,7.39858770,183.85,0.00,0.00,42.24,0,-103.00,-13.00,0.00,0.00,36.00,0.00,0,448
531.03,1553060528,12618.17,51.48236758,7.39858770,183.85,0.00,0.00,42.24,0,-89.00,-9.00,0.00,0.00,49.00,0.00,0,52
532.03,1553060529,12618.17,51.48236758,7.39858770,183.85,0.00,0.00,42.24,0,-102.00,-12.00,0.00,0.00,35.00,0.00,0,448
532.03,1553060529,12618.17,51.48236758,7.39858770,183.85,0.00,0.00,42.24,0,-89.00,-9.00,0.00,0.00,49.00,0.00,0,52
533.03,1553060530,12618.17,51.48236758,7.39858770,183.86,0.00,0.00,42.24,0,-102.00,-12.00,0.00,0.00,35.00,0.00,0,448
533.03,1553060530,12618.17,51.48236758,7.39858770,183.86,0.00,0.00,42.24,0,-89.00,-9.00,0.00,0.00,49.00,0.00,0,52
534.03,1553060531,12618.17,51.48236758,7.39858770,183.87,0.00,0.00,42.24,0,-103.00,-12.00,0.00,0.00,35.00,0.00,0,448
534.03,1553060531,12618.17,51.48236758,7.39858770,183.87,0.00,0.00,42.24,0,-89.00,-8.00,0.00,0.00,49.00,0.00,0,52
535.03,1553060532,12618.17,51.48236758,7.39858770,183.87,0.00,0.00,42.24,0,-103.00,-12.00,0.00,0.00,35.00,0.00,0,448
535.03,1553060532,12618.17,51.48236758,7.39858770,183.87,0.00,0.00,42.24,0,-89.00,-8.00,0.00,0.00,49.00,0.00,0,52
536.03,1553060533,12618.17,51.48236758,7.39858770,183.88,0.00,0.00,42.24,0,-103.00,-13.00,0.00,0.00,35.00,0.00,0,448
536.03,1553060533,12618.17,51.48236758,7.39858770,183.88,0.00,0.00,42.24,0,-89.00,-8.00,0.00,0.00,48.00,0.00,0,52
537.03,1553060534,12618.17,51.48236758,7.39858770,183.88,0.00,0.00,42.24,0,-103.00,-13.00,0.00,0.00,35.00,0.00,0,448
537.03,1553060534,12618.17,51.48236758,7.39858770,183.88,0.00,0.00,42.24,0,-89.00,-8.00,0.00,0.00,48.00,0.00,0,52
538.03,1553060535,12618.17,51.48236758,7.39858770,183.88,0.00,0.00,42.24,0,-103.00,-13.00,0.00,0.00,35.00,0.00,0,448
538.03,1553060535,12618.17,51.48236758,7.39858770,183.88,0.00,0.00,42.24,0,-89.00,-8.00,0.00,0.00,48.00,0.00,0,52
539.03,1553060536,12618.17,51.48236758,7.39858770,183.89,0.00,0.00,42.24,0,-104.00,-13.00,0.00,0.00,35.00,0.00,0,448
540.02,1553060537,12618.17,51.48236758,7.39858770,183.89,0.00,0.00,42.24,0,-104.00,-13.00,0.00,0.00,35.00,0.00,0,448
541.03,1553060538,12618.17,51.48236758,7.39858770,183.89,0.00,0.00,42.24,0,-102.00,-13.00,0.00,0.00,36.00,0.00,0,448
541.03,1553060538,12618.17,51.48236758,7.39858770,183.89,0.00,0.00,42.24,0,-88.00,-8.00,0.00,0.00,49.00,0.00,0,52
542.03,1553060539,12618.17,51.48236758,7.39858770,183.89,0.00,0.00,42.24,0,-102.00,-13.00,0.00,0.00,36.00,0.00,0,448
542.03,1553060539,12618.17,51.48236758,7.39858770,183.89,0.00,0.00,42.24,0,-88.00,-8.00,0.00,0.00,49.00,0.00,0,52
543.03,1553060540,12618.17,51.48236758,7.39858770,183.89,0.00,0.00,42.24,0,-101.00,-12.00,0.00,0.00,36.00,0.00,0,448
543.03,1553060540,12618.17,51.48236758,7.39858770,183.89,0.00,0.00,42.24,0,-88.00,-10.00,0.00,0.00,51.00,0.00,0,52
544.03,1553060541,12618.17,51.48236758,7.39858770,183.89,0.00,0.00,42.24,0,-101.00,-12.00,0.00,0.00,36.00,0.00,0,448
544.03,1553060541,12618.17,51.48236758,7.39858770,183.89,0.00,0.00,42.24,0,-88.00,-10.00,0.00,0.00,51.00,0.00,0,52
545.03,1553060542,12618.17,51.48236758,7.39858770,183.89,0.00,0.00,42.24,0,-102.00,-13.00,0.00,0.00,36.00,0.00,0,448
545.03,1553060542,12618.17,51.48236758,7.39858770,183.89,0.00,0.00,42.24,0,-89.00,-10.00,0.00,0.00,51.00,0.00,0,52
546.03,1553060543,12618.17,51.48236758,7.39858770,183.89,0.00,0.00,42.24,0,-102.00,-13.00,0.00,0.00,36.00,0.00,0,448
546.03,1553060543,12618.17,51.48236758,7.39858770,183.89,0.00,0.00,42.24,0,-89.00,-10.00,0.00,0.00,51.00,0.00,0,52
547.03,1553060544,12618.17,51.48236758,7.39858770,183.90,0.00,0.00,42.24,0,-103.00,-13.00,0.00,0.00,36.00,0.00,0,448
547.03,1553060544,12618.17,51.48236758,7.39858770,183.90,0.00,0.00,42.24,0,-89.00,-8.00,0.00,0.00,48.00,0.00,0,52
548.03,1553060545,12618.17,51.48236758,7.39858770,183.90,0.00,0.00,42.24,0,-103.00,-13.00,0.00,0.00,36.00,0.00,0,448
548.03,1553060545,12618.17,51.48236758,7.39858770,183.90,0.00,0.00,42.24,0,-89.00,-8.00,0.00,0.00,48.00,0.00,0,52
549.03,1553060546,12618.17,51.48236758,7.39858770,183.90,0.00,0.00,42.24,0,-102.00,-13.00,0.00,0.00,36.00,0.00,0,448
549.03,1553060546,12618.17,51.48236758,7.39858770,183.90,0.00,0.00,42.24,0,-89.00,-8.00,0.00,0.00,48.00,0.00,0,52
550.03,1553060547,12618.17,51.48236758,7.39858770,183.91,0.00,0.00,42.24,0,-102.00,-13.00,0.00,0.00,36.00,0.00,0,448
550.03,1553060547,12618.17,51.48236758,7.39858770,183.91,0.00,0.00,42.24,0,-89.00,-8.00,0.00,0.00,48.00,0.00,0,52
551.03,1553060548,12618.17,51.48236758,7.39858770,183.91,0.00,0.00,42.24,0,-103.00,-13.00,0.00,0.00,36.00,0.00,0,448
551.03,1553060548,12618.17,51.48236758,7.39858770,183.91,0.00,0.00,42.24,0,-89.00,-8.00,0.00,0.00,48.00,0.00,0,52
552.03,1553060549,12618.17,51.48236758,7.39858770,183.92,0.00,0.00,42.24,0,-103.00,-13.00,0.00,0.00,36.00,0.00,0,448
552.03,1553060549,12618.17,51.48236758,7.39858770,183.92,0.00,0.00,42.24,0,-89.00,-8.00,0.00,0.00,48.00,0.00,0,52
553.03,1553060550,12618.17,51.48236758,7.39858770,183.92,0.00,0.00,42.24,0,-103.00,-14.00,0.00,0.00,36.00,0.00,0,448
553.03,1553060550,12618.17,51.48236758,7.39858770,183.92,0.00,0.00,42.24,0,-89.00,-8.00,0.00,0.00,48.00,0.00,0,52
554.03,1553060551,12618.17,51.48236758,7.39858770,183.93,0.00,0.00,42.24,0,-103.00,-14.00,0.00,0.00,36.00,0.00,0,448
554.03,1553060551,12618.17,51.48236758,7.39858770,183.93,0.00,0.00,42.24,0,-89.00,-8.00,0.00,0.00,48.00,0.00,0,52
555.03,1553060552,12618.17,51.48236758,7.39858770,183.98,0.00,0.00,52.57,0,-100.00,-10.00,0.00,0.00,35.00,0.00,0,448
555.03,1553060552,12618.17,51.48236758,7.39858770,183.98,0.00,0.00,52.57,0,-90.00,-10.00,0.00,0.00,49.00,0.00,0,52
556.03,1553060553,12618.17,51.48241345,7.39866953,185.01,0.00,0.00,49.35,0,-100.00,-10.00,0.00,0.00,35.00,0.00,0,448
556.03,1553060553,12618.17,51.48241345,7.39866953,185.01,0.00,0.00,49.35,0,-90.00,-10.00,0.00,0.00,49.00,0.00,0,52
557.03,1553060554,12618.19,51.48244715,7.39872105,185.91,8.10,0.00,45.45,0,-100.00,-9.00,0.00,0.00,35.00,0.00,0,448
557.04,1553060554,12618.20,51.48244715,7.39872105,185.91,8.10,0.00,45.45,0,-90.00,-9.00,0.00,0.00,47.00,0.00,0,52
558.03,1553060555,12626.22,51.48250195,7.39879850,186.69,9.67,0.00,42.72,0,-100.00,-9.00,0.00,0.00,35.00,0.00,0,448
558.03,1553060555,12626.23,51.48250195,7.39879850,186.69,9.67,0.00,42.72,0,-90.00,-9.00,0.00,0.00,47.00,0.00,0,52
559.03,1553060556,12635.90,51.48257888,7.39890187,187.32,10.75,0.00,40.59,0,-100.00,-9.00,0.00,0.00,35.00,0.00,0,448
559.03,1553060556,12635.90,51.48257888,7.39890187,187.32,10.75,0.00,40.59,0,-90.00,-9.00,0.00,0.00,47.00,0.00,0,52
560.03,1553060557,12646.64,51.48265316,7.39898790,187.87,10.76,0.00,38.71,0,-92.00,-8.00,0.00,0.00,41.00,0.00,0,448
560.03,1553060557,12646.65,51.48265316,7.39898790,187.87,10.76,0.00,38.71,0,-83.00,-10.00,0.00,0.00,57.00,0.00,0,52
561.03,1553060558,12657.42,51.48273903,7.39908552,188.07,10.88,0.00,37.04,0,-92.00,-8.00,0.00,0.00,41.00,0.00,0,448
561.03,1553060558,12657.42,51.48273903,7.39908552,188.07,10.88,0.00,37.04,0,-83.00,-10.00,0.00,0.00,57.00,0.00,0,52
562.03,1553060559,12668.28,51.48282646,7.39917384,187.98,11.45,0.00,36.05,0,-96.00,-10.00,0.00,0.00,39.00,0.00,0,448
562.03,1553060559,12668.29,51.48282646,7.39917384,187.98,11.45,0.00,36.05,0,-85.00,-7.00,0.00,0.00,51.00,0.00,0,52
563.03,1553060560,12679.73,51.48292630,7.39927190,187.41,12.62,0.00,35.36,0,-96.00,-10.00,0.00,0.00,39.00,0.00,0,448
563.03,1553060560,12679.75,51.48292630,7.39927190,187.41,12.62,0.00,35.36,0,-85.00,-7.00,0.00,0.00,51.00,0.00,0,52
564.03,1553060561,12692.34,51.48302523,7.39938079,186.80,12.93,0.00,34.87,0,-89.00,-7.00,0.00,0.00,45.00,0.00,0,448
565.03,1553060562,12705.28,51.48312291,7.39947848,186.38,13.78,0.00,34.32,0,-89.00,-7.00,0.00,0.00,45.00,0.00,0,448
568.03,1553060565,12747.28,51.48344037,7.39979850,186.20,14.64,0.00,34.54,0,-91.00,-12.00,0.00,0.00,47.00,0.00,0,449
569.03,1553060566,12761.90,51.48355062,7.39991671,186.25,14.81,0.00,34.36,0,-91.00,-12.00,0.00,0.00,47.00,0.00,0,449
570.03,1553060567,12776.73,51.48366133,7.40003814,186.59,15.08,0.00,34.73,0,-95.00,-14.00,0.00,0.00,44.00,0.00,0,449
571.03,1553060568,12791.81,51.48377597,7.40016388,187.01,15.31,0.00,35.28,0,-95.00,-14.00,0.00,0.00,44.00,0.00,0,449
572.03,1553060569,12807.13,51.48388742,7.40029644,187.37,15.47,0.00,35.92,0,-100.00,-10.00,0.00,0.00,35.00,0.00,0,313
572.03,1553060569,12807.15,51.48388742,7.40029644,187.37,15.47,0.00,35.92,0,-100.00,-15.00,0.00,0.00,41.00,0.00,0,449
573.03,1553060570,12822.60,51.48399986,7.40043076,187.67,15.59,0.00,36.45,0,-100.00,-10.00,0.00,0.00,35.00,0.00,0,313
573.03,1553060570,12822.60,51.48399986,7.40043076,187.67,15.59,0.00,36.45,0,-100.00,-15.00,0.00,0.00,41.00,0.00,0,449
576.03,1553060573,12869.64,51.48433289,7.40086165,188.11,15.72,0.00,39.10,0,-98.00,-11.00,0.00,0.00,38.00,0.00,0,313
577.03,1553060574,12885.38,51.48444007,7.40100420,188.09,15.79,0.00,40.03,0,-98.00,-11.00,0.00,0.00,38.00,0.00,0,313
578.04,1553060575,12901.31,51.48454715,7.40115731,187.99,15.78,0.00,41.04,0,-97.00,-10.00,0.00,0.00,38.00,0.00,0,313
579.03,1553060576,12916.97,51.48465682,7.40131613,187.81,15.67,0.00,41.72,0,-97.00,-10.00,0.00,0.00,38.00,0.00,0,313
580.03,1553060577,12932.61,51.48475757,7.40146627,187.58,15.21,0.00,42.40,0,-97.00,-10.00,0.00,0.00,38.00,0.00,0,313
581.03,1553060578,12947.83,51.48485717,7.40161372,187.28,15.03,0.00,41.94,0,-98.00,-11.00,0.00,0.00,39.00,0.00,0,313
582.03,1553060579,12962.84,51.48496096,7.40176234,187.17,15.10,0.00,41.33,0,-98.00,-11.00,0.00,0.00,39.00,0.00,0,313
583.03,1553060580,12977.94,51.48506368,7.40191106,187.01,15.27,0.00,42.39,0,-97.00,-10.00,0.00,0.00,39.00,0.00,0,313
584.03,1553060581,12993.22,51.48515754,7.40205244,186.60,14.99,0.00,43.72,0,-97.00,-10.00,0.00,0.00,39.00,0.00,0,313
585.03,1553060582,13008.20,51.48524960,7.40220095,186.09,14.47,0.00,45.34,0,-98.00,-11.00,0.00,0.00,39.00,0.00,0,313
586.03,1553060583,13022.68,51.48533367,7.40234687,185.55,13.63,0.00,46.66,0,-98.00,-11.00,0.00,0.00,39.00,0.00,0,313
587.03,1553060584,13036.31,51.48540909,7.40248471,184.96,12.18,0.00,47.81,0,-98.00,-12.00,0.00,0.00,40.00,0.00,0,313
588.03,1553060585,13048.47,51.48547457,7.40260757,184.42,9.92,0.00,48.92,0,-98.00,-12.00,0.00,0.00,40.00,0.00,0,313
597.03,1553060594,13131.85,51.48608488,7.40233196,181.57,12.46,0.00,325.32,0,-97.00,-8.00,0.00,0.00,36.00,0.00,0,451
598.03,1553060595,13144.30,51.48618182,7.40223208,181.22,12.83,0.00,326.67,0,-97.00,-8.00,0.00,0.00,36.00,0.00,0,451
599.04,1553060596,13157.27,51.48628334,7.40213571,181.11,12.86,0.00,328.39,0,-96.00,-9.00,0.00,0.00,38.00,0.00,0,451
599.04,1553060596,13157.28,51.48628334,7.40213571,181.11,12.86,0.00,328.39,0,-101.00,-12.00,0.00,0.00,37.00,0.00,0,313
600.03,1553060597,13170.00,51.48639056,7.40204415,181.22,12.94,0.00,330.46,0,-96.00,-9.00,0.00,0.00,38.00,0.00,0,451
600.03,1553060597,13170.01,51.48639056,7.40204415,181.22,12.94,0.00,330.46,0,-101.00,-12.00,0.00,0.00,37.00,0.00,0,313
601.03,1553060598,13182.96,51.48650224,7.40195783,181.14,13.73,0.00,333.74,0,-96.00,-9.00,0.00,0.00,38.00,0.00,0,451
601.03,1553060598,13182.97,51.48650224,7.40195783,181.14,13.73,0.00,333.74,0,-101.00,-12.00,0.00,0.00,37.00,0.00,0,313
602.03,1553060599,13196.67,51.48661678,7.40188596,181.11,14.21,0.00,336.46,0,-99.00,-12.00,0.00,0.00,39.00,0.00,0,313
603.03,1553060600,13210.88,51.48673743,7.40181977,180.90,14.30,0.00,339.53,0,-99.00,-12.00,0.00,0.00,39.00,0.00,0,313
604.03,1553060601,13225.19,51.48685748,7.40176513,180.62,14.37,0.00,342.37,0,-94.00,-9.00,0.00,0.00,41.00,0.00,0,313
604.03,1553060601,13225.19,51.48685748,7.40176513,180.62,14.37,0.00,342.37,0,-99.00,-14.00,0.00,0.00,39.00,0.00,0,481
604.03,1553060601,13225.21,51.48685748,7.40176513,180.62,14.37,0.00,342.37,0,-100.00,-14.00,0.00,0.00,40.00,0.00,0,451
605.03,1553060602,13239.56,51.48698132,7.40172126,180.42,14.62,0.00,345.13,0,-94.00,-9.00,0.00,0.00,41.00,0.00,0,313
605.03,1553060602,13239.58,51.48698132,7.40172126,180.42,14.62,0.00,345.13,0,-99.00,-14.00,0.00,0.00,39.00,0.00,0,481
605.03,1553060602,13239.58,51.48698132,7.40172126,180.42,14.62,0.00,345.13,0,-100.00,-14.00,0.00,0.00,40.00,0.00,0,451
606.03,1553060603,13254.17,51.48710665,7.40168631,180.26,14.86,0.00,347.70,0,-93.00,-11.00,0.00,0.00,43.00,0.00,0,451
606.03,1553060603,13254.18,51.48710665,7.40168631,180.26,14.86,0.00,347.70,0,-96.00,-12.00,0.00,0.00,42.00,0.00,0,481
607.03,1553060604,13269.04,51.48723420,7.40166316,179.75,15.00,0.00,350.29,0,-93.00,-11.00,0.00,0.00,43.00,0.00,0,451
607.03,1553060604,13269.04,51.48723420,7.40166316,179.75,15.00,0.00,350.29,0,-96.00,-12.00,0.00,0.00,42.00,0.00,0,481
608.03,1553060605,13284.02,51.48737122,7.40164503,179.06,15.06,0.00,352.78,0,-94.00,-12.00,0.00,0.00,44.00,0.00,0,451
609.03,1553060606,13299.08,51.48750912,7.40164142,178.32,15.10,0.00,355.06,0,-94.00,-12.00,0.00,0.00,44.00,0.00,0,451
610.03,1553060607,13314.19,51.48765308,7.40163940,177.86,15.03,0.00,356.81,0,-89.00,-9.00,0.00,0.00,46.00,0.00,0,451
611.03,1553060608,13329.21,51.48779862,7.40164838,177.36,14.98,0.00,357.98,0,-89.00,-9.00,0.00,0.00,46.00,0.00,0,451
612.03,1553060609,13344.19,51.48794490,7.40165843,177.17,14.93,0.00,358.92,0,-91.00,-9.00,0.00,0.00,43.00,0.00,0,451
613.03,1553060610,13359.13,51.48808801,7.40167370,177.30,14.89,0.00,359.68,0,-91.00,-9.00,0.00,0.00,43.00,0.00,0,451
614.03,1553060611,13374.02,51.48822741,7.40168888,177.53,14.92,0.00,0.64,0,-85.00,-5.00,0.00,0.00,47.00,0.00,0,451
615.03,1553060612,13388.94,51.48835881,7.40170117,177.97,14.93,0.00,0.79,0,-85.00,-5.00,0.00,0.00,47.00,0.00,0,451
616.04,1553060613,13404.00,51.48848907,7.40170846,178.20,14.62,0.00,359.98,0,-83.00,-5.00,0.00,0.00,49.00,0.00,0,451
616.04,1553060613,13404.02,51.48848907,7.40170846,178.20,14.62,0.00,359.98,0,-127.00,-13.00,0.00,0.00,18.00,0.00,0,223
616.04,1553060613,13404.03,51.48848907,7.40170846,178.20,14.62,0.00,359.98,0,-120.00,-17.00,0.00,0.00,28.00,0.00,0,112
616.04,1553060613,13404.03,51.48848907,7.40170846,178.20,14.62,0.00,359.98,0,-122.00,-20.00,0.00,0.00,28.00,0.00,0,228
616.04,1553060613,13404.05,51.48848907,7.40170846,178.20,14.62,0.00,359.98,0,-124.00,-21.00,0.00,0.00,28.00,0.00,0,17
617.03,1553060614,13418.54,51.48861621,7.40171449,178.43,14.33,0.00,0.40,0,-83.00,-5.00,0.00,0.00,49.00,0.00,0,451
617.03,1553060614,13418.55,51.48861621,7.40171449,178.43,14.33,0.00,0.40,0,-127.00,-13.00,0.00,0.00,18.00,0.00,0,223
617.03,1553060614,13418.55,51.48861621,7.40171449,178.43,14.33,0.00,0.40,0,-120.00,-17.00,0.00,0.00,28.00,0.00,0,112
617.03,1553060614,13418.57,51.48861621,7.40171449,178.43,14.33,0.00,0.40,0,-122.00,-20.00,0.00,0.00,28.00,0.00,0,228
617.03,1553060614,13418.58,51.48861621,7.40171449,178.43,14.33,0.00,0.40,0,-124.00,-21.00,0.00,0.00,28.00,0.00,0,17
618.03,1553060615,13432.86,51.48873897,7.40171562,178.84,13.90,0.00,359.69,0,-115.00,-18.00,0.00,0.00,33.00,0.00,0,112
618.03,1553060615,13432.86,51.48873897,7.40171562,178.84,13.90,0.00,359.69,0,-116.00,-20.00,0.00,0.00,33.00,0.00,0,159
618.03,1553060615,13432.87,51.48873897,7.40171562,178.84,13.90,0.00,359.69,0,-118.00,-21.00,0.00,0.00,32.00,0.00,0,130
618.03,1553060615,13432.88,51.48873897,7.40171562,178.84,13.90,0.00,359.69,0,-130.00,-17.00,0.00,0.00,19.00,0.00,0,223
619.02,1553060616,13446.68,51.48885299,7.40171700,179.31,12.72,0.00,359.53,0,-115.00,-18.00,0.00,0.00,33.00,0.00,0,112
619.02,1553060616,13446.68,51.48885299,7.40171700,179.31,12.72,0.00,359.53,0,-116.00,-20.00,0.00,0.00,33.00,0.00,0,159
619.02,1553060616,13446.69,51.48885299,7.40171700,179.31,12.72,0.00,359.53,0,-118.00,-21.00,0.00,0.00,32.00,0.00,0,130
619.02,1553060616,13446.69,51.48885299,7.40171700,179.31,12.72,0.00,359.53,0,-130.00,-17.00,0.00,0.00,19.00,0.00,0,223
620.03,1553060617,13459.49,51.48895776,7.40171967,179.69,11.33,0.00,0.43,0,-89.00,-13.00,0.00,0.00,51.00,0.00,0,450
621.02,1553060618,13470.74,51.48904687,7.40172160,180.10,9.83,0.00,0.29,0,-89.00,-13.00,0.00,0.00,51.00,0.00,0,450
622.03,1553060619,13480.59,51.48912404,7.40172372,180.44,7.95,0.00,359.88,0,-89.00,-13.00,0.00,0.00,51.00,0.00,0,450
623.03,1553060620,13488.54,51.48918355,7.40172702,180.86,6.00,0.00,0.72,0,-89.00,-10.00,0.00,0.00,46.00,0.00,0,450
624.03,1553060621,13494.52,51.48921878,7.40172920,180.87,3.03,0.00,0.76,0,-89.00,-10.00,0.00,0.00,46.00,0.00,0,450
625.03,1553060622,13497.55,51.48924885,7.40172999,180.89,1.89,0.00,2.04,0,-87.00,-9.00,0.00,0.00,48.00,0.00,0,450
626.03,1553060623,13499.44,51.48924885,7.40172999,180.89,0.00,0.00,2.04,0,-87.00,-9.00,0.00,0.00,48.00,0.00,0,450
627.03,1553060624,13499.44,51.48924885,7.40172999,180.89,0.00,0.00,2.04,0,-85.00,-10.00,0.00,0.00,51.00,0.00,0,450
628.02,1553060625,13499.44,51.48924885,7.40172999,180.88,0.00,0.00,2.04,0,-85.00,-10.00,0.00,0.00,51.00,0.00,0,450
629.02,1553060626,13499.44,51.48924885,7.40172999,180.80,0.00,0.00,2.04,0,-85.00,-9.00,0.00,0.00,51.00,0.00,0,450
630.03,1553060627,13499.44,51.48924885,7.40172999,180.75,0.00,0.00,8.78,0,-85.00,-9.00,0.00,0.00,51.00,0.00,0,450
631.03,1553060628,13499.44,51.48930838,7.40174830,179.64,0.00,0.00,9.67,0,-81.00,-8.00,0.00,0.00,52.00,0.00,0,450
632.03,1553060629,13499.45,51.48937332,7.40181370,178.69,5.94,0.00,40.25,0,-81.00,-8.00,0.00,0.00,52.00,0.00,0,450
633.03,1553060630,13505.39,51.48940192,7.40191527,177.09,7.50,0.00,68.53,0,-88.00,-7.00,0.00,0.00,45.00,0.00,0,450
634.03,1553060631,13512.89,51.48940279,7.40204598,175.72,8.82,0.00,90.86,0,-88.00,-7.00,0.00,0.00,45.00,0.00,0,450
635.03,1553060632,13521.71,51.48939816,7.40217372,175.01,9.66,0.00,90.14,0,-85.00,-8.00,0.00,0.00,49.00,0.00,0,450
636.03,1553060633,13531.38,51.48939677,7.40233113,174.60,11.32,0.00,90.49,0,-85.00,-8.00,0.00,0.00,49.00,0.00,0,450
637.03,1553060634,13542.71,51.48939371,7.40249957,174.34,12.33,0.00,90.50,0,-89.00,-12.00,0.00,0.00,49.00,0.00,0,451
638.03,1553060635,13555.03,51.48939216,7.40270355,174.02,13.50,0.00,90.91,0,-89.00,-12.00,0.00,0.00,49.00,0.00,0,451
652.03,1553060649,13753.15,51.48938665,7.40553642,178.32,13.48,0.00,86.76,0,-76.00,-11.00,0.00,0.00,61.00,0.00,0,452
653.03,1553060650,13766.62,51.48939975,7.40572124,178.32,12.95,0.00,84.79,0,-76.00,-11.00,0.00,0.00,61.00,0.00,0,452
654.03,1553060651,13779.62,51.48941924,7.40590899,178.15,13.32,0.00,82.89,0,-83.00,-13.00,0.00,0.00,55.00,0.00,0,171
654.03,1553060651,13779.62,51.48941924,7.40590899,178.15,13.32,0.00,82.89,0,-84.00,-12.00,0.00,0.00,54.00,0.00,0,452
655.03,1553060652,13792.92,51.48944241,7.40610446,177.56,13.38,0.00,81.33,0,-83.00,-13.00,0.00,0.00,55.00,0.00,0,171
655.03,1553060652,13792.92,51.48944241,7.40610446,177.56,13.38,0.00,81.33,0,-84.00,-12.00,0.00,0.00,54.00,0.00,0,452
656.03,1553060653,13806.31,51.48946671,7.40629086,177.35,13.37,0.00,79.98,0,-79.00,-9.00,0.00,0.00,55.00,0.00,0,171
656.03,1553060653,13806.32,51.48946671,7.40629086,177.35,13.37,0.00,79.98,0,-84.00,-13.00,0.00,0.00,55.00,0.00,0,452
657.03,1553060654,13819.66,51.48949155,7.40647945,177.26,13.39,0.00,79.12,0,-79.00,-9.00,0.00,0.00,55.00,0.00,0,171
657.03,1553060654,13819.68,51.48949155,7.40647945,177.26,13.39,0.00,79.12,0,-84.00,-13.00,0.00,0.00,55.00,0.00,0,452
658.03,1553060655,13833.05,51.48952076,7.40667222,176.79,13.39,0.00,78.59,0,-76.00,-10.00,0.00,0.00,59.00,0.00,0,171
658.03,1553060655,13833.06,51.48952076,7.40667222,176.79,13.39,0.00,78.59,0,-78.00,-13.00,0.00,0.00,61.00,0.00,0,452
659.03,1553060656,13846.43,51.48955043,7.40687006,175.97,13.41,0.00,78.07,0,-76.00,-10.00,0.00,0.00,59.00,0.00,0,171
659.03,1553060656,13846.45,51.48955043,7.40687006,175.97,13.41,0.00,78.07,0,-78.00,-13.00,0.00,0.00,61.00,0.00,0,452
660.03,1553060657,13859.85,51.48958181,7.40706562,175.00,13.49,0.00,77.55,0,-81.00,-12.00,0.00,0.00,56.00,0.00,0,171
661.03,1553060658,13873.34,51.48961242,7.40726016,173.94,13.65,0.00,77.93,0,-81.00,-12.00,0.00,0.00,56.00,0.00,0,171
662.03,1553060659,13887.09,51.48964253,7.40746889,173.00,13.90,0.00,78.22,0,-76.00,-7.00,0.00,0.00,56.00,0.00,0,171
662.04,1553060659,13887.11,51.48964253,7.40746889,173.00,13.90,0.00,78.22,0,-83.00,-13.00,0.00,0.00,56.00,0.00,0,452
663.03,1553060660,13900.89,51.48966837,7.40765564,172.15,13.89,0.00,78.58,0,-76.00,-7.00,0.00,0.00,56.00,0.00,0,171
663.03,1553060660,13900.89,51.48966837,7.40765564,172.15,13.89,0.00,78.58,0,-83.00,-13.00,0.00,0.00,56.00,0.00,0,452
664.03,1553060661,13914.78,51.48969389,7.40786836,171.35,13.96,0.00,78.56,0,-76.00,-7.00,0.00,0.00,56.00,0.00,0,171
664.03,1553060661,13914.79,51.48969389,7.40786836,171.35,13.96,0.00,78.56,0,-83.00,-13.00,0.00,0.00,56.00,0.00,0,452
665.03,1553060662,13928.73,51.48971840,7.40806409,170.66,14.13,0.00,79.01,0,-81.00,-11.00,0.00,0.00,56.00,0.00,0,450
666.03,1553060663,13942.84,51.48974200,7.40826953,170.02,14.33,0.00,78.28,0,-81.00,-11.00,0.00,0.00,56.00,0.00,0,450
