0.10,1553059999,0.00,51.45033700,7.48842710,251.31,8.38,0.00,170.23,1,-96.00,-6.00,14.00,8.00,29.00,7.00,13415170,315
1.04,1553060000,7.92,51.44997228,7.48827840,251.23,9.71,1.41,169.99,1,-96.00,-6.00,14.00,8.00,29.00,7.00,13415170,315
2.04,1553060001,17.63,51.44988300,7.48830789,251.13,10.59,0.88,170.68,1,-98.00,-8.00,9.00,11.00,30.00,7.00,13415170,315
3.04,1553060002,28.22,51.44978859,7.48833687,251.20,11.31,0.72,171.65,1,-98.00,-8.00,9.00,11.00,30.00,7.00,13415170,315
4.04,1553060003,39.52,51.44967767,7.48835755,251.83,11.75,0.44,172.92,1,-97.00,-7.00,10.00,14.00,30.00,7.00,13415170,315
5.04,1553060004,51.27,51.44956178,7.48837625,251.99,12.55,0.80,174.87,1,-97.00,-7.00,10.00,14.00,30.00,7.00,13415170,315
6.04,1553060005,63.82,51.44943727,7.48838796,252.32,12.94,0.39,176.34,1,-99.00,-9.00,3.00,9.00,28.00,7.00,13415170,315
7.04,1553060006,76.77,51.44931382,7.48839167,252.81,13.11,0.17,177.59,1,-99.00,-9.00,3.00,9.00,28.00,7.00,13415170,315
8.05,1553060007,89.98,51.44918607,7.48838365,253.70,13.60,0.49,180.38,1,-101.00,-8.00,9.00,11.00,25.00,7.00,13415170,315
9.04,1553060008,103.48,51.44905719,7.48837251,254.54,14.46,0.86,182.41,1,-101.00,-8.00,9.00,11.00,25.00,7.00,13415170,315
10.04,1553060009,117.94,51.44891597,7.48834875,255.07,15.01,0.56,184.52,1,-101.00,-8.00,9.00,11.00,25.00,7.00,13415170,315
11.04,1553060010,132.94,51.44878666,7.48831567,255.20,15.18,0.17,187.02,1,-102.00,-8.00,7.00,9.00,24.00,7.00,13415170,315
12.04,1553060011,148.12,51.44863879,7.48827423,255.09,15.81,0.63,188.58,1,-102.00,-8.00,7.00,9.00,24.00,7.00,13415170,315
13.04,1553060012,163.95,51.44849544,7.48822435,255.05,15.62,-0.19,190.31,1,-107.00,-11.00,-1.00,9.00,23.00,7.00,13415170,315
14.04,1553060013,179.57,51.44834315,7.48816907,255.16,15.93,0.31,191.35,1,-107.00,-11.00,-1.00,9.00,23.00,7.00,13415170,315
15.04,1553060014,195.53,51.44820288,7.48811454,255.16,15.85,-0.07,191.94,1,-107.00,-10.00,1.00,8.00,20.00,7.00,13415170,315
16.04,1553060015,211.38,51.44804600,7.48805592,255.02,16.07,0.21,192.52,1,-107.00,-10.00,1.00,8.00,20.00,7.00,13415170,315
17.04,1553060016,227.45,51.44791025,7.48800624,255.06,15.73,-0.33,192.88,1,-111.00,-11.00,-2.00,6.00,20.00,7.00,13415170,315
18.04,1553060017,243.20,51.44776057,7.48795807,255.37,15.62,-0.11,191.11,1,-111.00,-11.00,-2.00,6.00,20.00,7.00,13415170,315
19.04,1553060018,258.77,51.44762029,7.48792164,255.52,15.79,0.17,188.86,1,-109.00,-11.00,-2.00,6.00,20.00,22.00,13415426,315
20.04,1553060019,274.56,51.44749602,7.48790339,255.23,15.59,-0.20,187.06,1,-109.00,-11.00,-2.00,6.00,20.00,22.00,13415426,315
21.04,1553060020,290.15,51.44736782,7.48789438,255.44,15.51,-0.07,184.72,1,-110.00,-10.00,-5.00,8.00,19.00,22.00,13415426,265
22.04,1553060021,305.68,51.44724286,7.48789324,256.51,15.21,-0.30,181.66,1,-110.00,-10.00,-5.00,8.00,19.00,22.00,13415426,265
23.04,1553060022,320.89,51.44710667,7.48790488,257.20,15.51,0.30,178.73,1,-111.00,-11.00,-4.00,7.00,18.00,22.00,13415426,265
24.04,1553060023,336.40,51.44695704,7.48793817,257.61,15.49,-0.02,175.08,1,-111.00,-11.00,-4.00,7.00,18.00,22.00,13415426,265
25.04,1553060024,351.90,51.44681338,7.48799115,257.97,15.63,0.15,171.57,1,-111.00,-12.00,-3.00,7.00,19.00,22.00,13415426,265
26.04,1553060025,367.52,51.44666650,7.48805265,258.35,15.64,0.01,168.16,1,-111.00,-12.00,-3.00,7.00,19.00,22.00,13415426,265
27.04,1553060026,383.16,51.44652280,7.48813600,258.34,15.84,0.20,164.18,1,-109.00,-11.00,-8.00,6.00,22.00,13.00,13415170,265
28.04,1553060027,399.00,51.44638667,7.48823830,258.41,15.81,-0.03,160.63,1,-109.00,-11.00,-8.00,6.00,22.00,13.00,13415170,265
29.05,1553060028,414.94,51.44626296,7.48834922,258.74,15.77,-0.04,157.01,1,-104.00,-8.00,10.00,12.00,24.00,13.00,13415170,315
30.04,1553060029,430.55,51.44614111,7.48847342,259.25,15.99,0.22,153.38,1,-104.00,-8.00,10.00,12.00,24.00,13.00,13415170,315
31.04,1553060030,446.56,51.44601292,7.48861230,259.81,16.07,0.08,149.68,1,-104.00,-8.00,10.00,12.00,24.00,13.00,13415170,315
32.04,1553060031,462.64,51.44589756,7.48876218,260.06,16.00,-0.07,146.11,1,-103.00,-8.00,11.00,8.00,23.00,13.00,13415170,315
33.04,1553060032,478.64,51.44579218,7.48891976,260.37,15.78,-0.22,142.42,1,-103.00,-8.00,11.00,8.00,23.00,13.00,13415170,315
34.04,1553060033,494.42,51.44568940,7.48909561,260.78,15.50,-0.28,138.91,1,-105.00,-10.00,8.00,9.00,22.00,13.00,13415170,315
35.04,1553060034,509.92,51.44559260,7.48928093,261.49,15.66,0.16,135.43,1,-105.00,-10.00,8.00,9.00,22.00,13.00,13415170,315
36.04,1553060035,525.58,51.44549909,7.48947892,262.34,15.79,0.13,132.72,1,-104.00,-9.00,7.00,11.00,24.00,13.00,13415170,315
37.04,1553060036,541.35,51.44541528,7.48966976,263.10,15.78,-0.01,130.79,1,-104.00,-9.00,7.00,11.00,24.00,13.00,13415170,315
38.04,1553060037,557.13,51.44533414,7.48985865,263.94,16.00,0.22,129.54,1,-106.00,-10.00,4.00,10.00,22.00,13.00,13415170,315
39.04,1553060038,573.15,51.44525211,7.49004834,264.76,15.73,-0.28,128.71,1,-106.00,-10.00,4.00,10.00,22.00,13.00,13415170,315
40.04,1553060039,588.88,51.44517343,7.49023946,265.83,15.11,-0.61,128.06,1,-109.00,-13.00,4.00,11.00,22.00,13.00,13415170,315
41.04,1553060040,603.99,51.44510009,7.49041885,266.74,13.81,-1.30,127.33,1,-109.00,-13.00,4.00,11.00,22.00,13.00,13415170,315
42.04,1553060041,617.80,51.44503435,7.49057993,267.51,12.41,-1.40,126.89,1,-106.00,-10.00,2.00,11.00,22.00,13.00,13415170,315
43.04,1553060042,630.21,51.44498193,7.49070484,268.31,9.93,-2.49,126.52,1,-106.00,-10.00,2.00,11.00,22.00,13.00,13415170,315
44.04,1553060043,640.14,51.44492676,7.49083443,269.09,9.34,-0.59,126.02,1,-108.00,-10.00,-2.00,9.00,20.00,13.00,13415170,315
45.04,1553060044,649.48,51.44487410,7.49096708,269.67,9.60,0.26,126.57,1,-108.00,-10.00,-2.00,9.00,20.00,13.00,13415170,315
46.04,1553060045,659.08,51.44483235,7.49107753,270.34,8.39,-1.21,126.67,1,-107.00,-12.00,2.00,8.00,23.00,24.00,13417219,440
47.04,1553060046,667.47,51.44479726,7.49116750,270.99,7.36,-1.03,126.36,1,-107.00,-12.00,2.00,8.00,23.00,24.00,13417219,440
48.04,1553060047,674.84,51.44477028,7.49123747,271.41,6.08,-1.28,126.48,1,-111.00,-10.00,-2.00,5.00,19.00,24.00,13417219,440
49.04,1553060048,680.91,51.44476360,7.49126915,271.43,4.16,-1.92,126.93,1,-111.00,-10.00,-2.00,5.00,19.00,24.00,13417219,440
50.05,1553060049,685.11,51.44475906,7.49129451,271.46,2.26,-1.89,126.63,1,-113.00,-11.00,-3.00,7.00,17.00,24.00,13417219,440
51.04,1553060050,687.35,51.44475958,7.49130450,271.50,0.77,-1.50,126.63,1,-113.00,-11.00,-3.00,7.00,17.00,24.00,13417219,440
52.04,1553060051,688.12,51.44475958,7.49130450,271.50,0.00,-0.77,126.63,1,-113.00,-11.00,-3.00,7.00,17.00,24.00,13417219,440
53.04,1553060052,688.12,51.44475958,7.49130450,271.51,0.00,0.00,126.63,1,-115.00,-12.00,-2.00,5.00,17.00,24.00,13417219,440
54.04,1553060053,688.12,51.44475958,7.49130450,271.54,0.00,0.00,126.63,1,-115.00,-12.00,-2.00,5.00,17.00,24.00,13417219,440
55.04,1553060054,688.12,51.44475958,7.49130450,271.56,0.00,0.00,126.63,1,-116.00,-12.00,-3.00,5.00,16.00,24.00,13417219,440
56.04,1553060055,688.12,51.44475958,7.49130450,271.58,0.00,0.00,126.05,1,-116.00,-12.00,-3.00,5.00,16.00,24.00,13417219,440
57.04,1553060056,688.12,51.44473374,7.49137875,271.60,0.00,0.00,127.01,1,-111.00,-12.00,-4.00,7.00,18.00,24.00,13417219,440
58.04,1553060057,688.12,51.44471375,7.49142941,271.63,3.77,0.00,127.85,1,-111.00,-12.00,-4.00,7.00,18.00,24.00,13417219,440
59.04,1553060058,691.87,51.44468308,7.49150408,271.96,4.91,1.14,127.31,1,-115.00,-12.00,4.00,5.00,16.00,24.00,13417219,440
60.04,1553060059,696.79,51.44465118,7.49157030,272.32,5.47,0.56,128.25,1,-115.00,-12.00,4.00,5.00,16.00,24.00,13417219,440
61.04,1553060060,702.27,51.44461999,7.49163341,272.60,5.96,0.48,128.56,1,-111.00,-10.00,-1.00,7.00,19.00,24.00,13417219,440
62.04,1553060061,708.23,51.44458070,7.49167751,272.96,5.86,-0.09,141.19,1,-111.00,-10.00,-1.00,7.00,19.00,24.00,13417219,440
63.04,1553060062,714.09,51.44452738,7.49171887,272.72,6.06,0.20,159.56,1,-108.00,-8.00,-2.00,2.00,29.00,24.00,13417219,440
64.04,1553060063,720.15,51.44445967,7.49171868,272.52,6.83,0.76,189.59,1,-108.00,-8.00,-2.00,2.00,29.00,24.00,13417219,440
65.04,1553060064,726.99,51.44439908,7.49166855,272.46,7.86,1.03,214.36,1,-107.00,-9.00,4.00,2.00,22.00,24.00,13417219,440
66.04,1553060065,734.86,51.44433686,7.49160384,272.36,9.06,1.20,215.07,1,-107.00,-9.00,4.00,2.00,22.00,24.00,13417219,440
67.04,1553060066,743.91,51.44426493,7.49152013,272.04,9.46,0.40,214.75,1,-106.00,-9.00,4.00,2.00,23.00,24.00,13417219,440
68.04,1553060067,753.37,51.44417938,7.49143524,271.55,10.69,1.23,215.22,1,-106.00,-9.00,4.00,2.00,23.00,24.00,13417219,440
69.04,1553060068,764.07,51.44409217,7.49133817,271.27,11.19,0.50,214.56,1,-106.00,-9.00,-4.00,2.00,24.00,24.00,13417219,440
70.04,1553060069,775.26,51.44398192,7.49121432,271.20,12.17,0.98,213.52,1,-106.00,-9.00,-4.00,2.00,24.00,24.00,13417219,440
71.05,1553060070,787.49,51.44387424,7.49109539,270.99,13.74,1.56,213.52,1,-115.00,-8.00,0.00,2.00,12.00,81.00,13067273,288
72.04,1553060071,801.12,51.44376316,7.49097249,271.08,15.16,1.43,213.42,1,-115.00,-8.00,0.00,2.00,12.00,81.00,13067273,288
73.04,1553060072,816.27,51.44364971,7.49084266,271.24,14.96,-0.20,214.22,1,-115.00,-8.00,0.00,2.00,12.00,81.00,13067273,288
74.04,1553060073,831.22,51.44354411,7.49071981,271.23,14.66,-0.30,214.98,1,-108.00,-11.00,0.00,2.00,31.00,22.00,13417219,440
75.04,1553060074,845.87,51.44345313,7.49060333,271.03,14.40,-0.26,215.47,1,-108.00,-11.00,0.00,2.00,31.00,22.00,13417219,440
76.04,1553060075,860.33,51.44334217,7.49047465,270.80,14.49,0.09,216.36,1,-109.00,-10.00,1.00,2.00,20.00,22.00,13417219,440
77.04,1553060076,874.82,51.44323415,7.49034991,270.62,14.78,0.29,216.19,1,-109.00,-10.00,1.00,2.00,20.00,22.00,13417219,440
78.04,1553060077,889.54,51.44312542,7.49022474,270.31,15.42,0.64,216.36,1,-109.00,-10.00,-1.00,2.00,21.00,22.00,13417219,440
79.04,1553060078,904.97,51.44301381,7.49008871,270.15,15.70,0.28,216.52,1,-109.00,-10.00,-1.00,2.00,21.00,22.00,13417219,440
80.04,1553060079,920.70,51.44290116,7.48995288,270.25,15.51,-0.19,216.61,1,-109.00,-11.00,0.00,2.00,21.00,22.00,13417219,440
81.04,1553060080,936.22,51.44278541,7.48981629,270.29,15.78,0.27,217.02,1,-109.00,-11.00,0.00,2.00,21.00,22.00,13417219,440
82.04,1553060081,951.96,51.44267693,7.48968630,270.61,15.51,-0.27,216.47,1,-105.00,-9.00,2.00,7.00,23.00,22.00,13417219,440
83.04,1553060082,967.44,51.44257145,7.48955929,270.87,15.63,0.12,215.71,1,-105.00,-9.00,2.00,7.00,23.00,22.00,13417219,440
84.04,1553060083,983.10,51.44245445,7.48942436,271.73,16.00,0.37,216.29,1,-98.00,-7.00,9.00,9.00,27.00,22.00,13417219,440
85.04,1553060084,999.04,51.44233278,7.48927661,272.72,16.07,0.07,217.25,1,-98.00,-7.00,9.00,9.00,27.00,22.00,13417219,440
86.04,1553060085,1015.16,51.44220797,7.48913156,273.76,15.49,-0.59,216.91,1,-104.00,-7.00,6.00,9.00,23.00,22.00,13417219,440
87.04,1553060086,1030.65,51.44209262,7.48899478,274.52,15.71,0.22,217.33,1,-104.00,-7.00,6.00,9.00,23.00,22.00,13417219,440
88.04,1553060087,1046.36,51.44198162,7.48885182,274.61,15.77,0.06,218.84,1,-99.00,-8.00,-6.00,10.00,28.00,22.00,13417219,440
89.04,1553060088,1062.15,51.44187985,7.48870562,274.73,14.94,-0.83,221.20,1,-99.00,-8.00,-6.00,10.00,28.00,22.00,13417219,440
90.04,1553060089,1077.08,51.44177378,7.48855011,275.02,15.00,0.06,222.14,1,-97.00,-9.00,-4.00,9.00,30.00,22.00,13417219,440
91.04,1553060090,1092.03,51.44167094,7.48839479,275.31,14.73,-0.28,223.25,1,-97.00,-9.00,-4.00,9.00,30.00,22.00,13417219,440
92.05,1553060091,1106.93,51.44158173,7.48822128,276.02,14.80,0.07,226.48,1,-98.00,-9.00,-6.00,10.00,31.00,22.00,13417219,440
93.04,1553060092,1121.59,51.44149568,7.48804743,276.70,14.59,-0.21,228.77,1,-98.00,-9.00,-6.00,10.00,31.00,22.00,13417219,440
94.04,1553060093,1136.20,51.44141443,7.48787066,276.94,14.54,-0.05,230.52,1,-98.00,-9.00,-6.00,10.00,31.00,22.00,13417219,440
95.04,1553060094,1150.72,51.44132306,7.48767771,277.60,15.81,1.27,231.09,1,-98.00,-8.00,7.00,11.00,28.00,22.00,13417219,440
96.04,1553060095,1166.54,51.44123914,7.48748549,278.15,16.01,0.20,231.78,1,-98.00,-8.00,7.00,11.00,28.00,22.00,13417219,440
97.04,1553060096,1182.56,51.44116031,7.48730450,278.56,15.85,-0.16,232.36,1,-86.00,-5.00,12.00,10.00,39.00,22.00,13417219,440
98.04,1553060097,1198.40,51.44108194,7.48712165,278.88,15.82,-0.03,233.24,1,-86.00,-5.00,12.00,10.00,39.00,22.00,13417219,440
99.04,1553060098,1214.23,51.44099939,7.48693362,279.39,15.61,-0.20,232.51,1,-95.00,-6.00,12.00,2.00,31.00,22.00,13417219,440
100.04,1553060099,1229.84,51.44091365,7.48675211,279.89,15.47,-0.14,232.23,1,-95.00,-6.00,12.00,2.00,31.00,22.00,13417219,440
101.04,1553060100,1245.29,51.44082729,7.48657066,280.56,15.12,-0.35,233.06,1,-94.00,-6.00,8.00,2.00,32.00,22.00,13417219,440
102.04,1553060101,1260.41,51.44075120,7.48639979,281.22,15.00,-0.11,233.33,1,-94.00,-6.00,8.00,2.00,32.00,22.00,13417219,440
103.04,1553060102,1275.42,51.44066941,7.48621554,281.67,15.05,0.05,232.50,1,-94.00,-7.00,9.00,10.00,33.00,20.00,13417219,440
104.04,1553060103,1290.49,51.44059128,7.48603910,282.83,14.69,-0.36,233.73,1,-94.00,-7.00,9.00,10.00,33.00,20.00,13417219,440
105.04,1553060104,1305.16,51.44050727,7.48584936,283.58,15.40,0.71,234.52,1,-94.00,-7.00,7.00,11.00,33.00,20.00,13417219,440
106.04,1553060105,1320.56,51.44042842,7.48566249,284.32,15.53,0.13,233.82,1,-94.00,-7.00,7.00,11.00,33.00,20.00,13417219,440
107.04,1553060106,1336.11,51.44034630,7.48548248,285.01,15.69,0.16,233.37,1,-92.00,-7.00,26.00,14.00,34.00,20.00,13417219,440
108.04,1553060107,1351.79,51.44026161,7.48529790,285.88,15.11,-0.58,233.85,1,-92.00,-7.00,26.00,14.00,34.00,20.00,13417219,440
109.04,1553060108,1366.88,51.44017543,7.48510845,286.31,15.29,0.18,233.25,1,-89.00,-6.00,29.00,11.00,36.00,20.00,13417219,440
110.04,1553060109,1382.16,51.44009736,7.48493870,286.76,14.91,-0.37,233.24,1,-89.00,-6.00,29.00,11.00,36.00,20.00,13417219,440
111.04,1553060110,1397.07,51.44002095,7.48477832,287.12,13.72,-1.19,234.21,1,-91.00,-11.00,13.00,14.00,40.00,20.00,13417219,440
112.04,1553060111,1410.84,51.43993470,7.48459857,287.42,13.88,0.16,233.47,1,-91.00,-11.00,13.00,14.00,40.00,20.00,13417219,440
113.05,1553060112,1424.83,51.43985385,7.48442911,287.57,13.92,0.04,234.03,1,-95.00,-9.00,9.00,7.00,33.00,20.00,13417219,440
114.04,1553060113,1438.65,51.43977154,7.48425500,287.04,13.68,-0.25,233.98,1,-95.00,-9.00,9.00,7.00,33.00,20.00,13417219,440
115.04,1553060114,1452.33,51.43968477,7.48406060,287.40,14.78,1.10,234.73,1,-95.00,-9.00,9.00,7.00,33.00,20.00,13417219,440
116.04,1553060115,1467.11,51.43960749,7.48388534,287.32,14.06,-0.71,235.31,1,-98.00,-11.00,4.00,7.00,31.00,20.00,13417219,440
117.04,1553060116,1481.16,51.43952834,7.48370391,287.22,13.90,-0.16,235.65,1,-98.00,-11.00,4.00,7.00,31.00,20.00,13417219,440
118.04,1553060117,1495.06,51.43945035,7.48351524,287.03,14.32,0.42,236.74,1,-99.00,-9.00,4.00,8.00,28.00,20.00,13417219,440
119.04,1553060118,1509.38,51.43936922,7.48331284,286.55,14.48,0.16,237.19,1,-99.00,-9.00,4.00,8.00,28.00,20.00,13417219,440
120.04,1553060119,1523.86,51.43929251,7.48311192,286.22,14.60,0.12,238.01,1,-97.00,-8.00,2.00,8.00,30.00,20.00,13417219,440
121.04,1553060120,1538.46,51.43921369,7.48291702,286.55,13.95,-0.64,238.92,1,-97.00,-8.00,2.00,8.00,30.00,20.00,13417219,440
122.04,1553060121,1552.43,51.43915602,7.48273979,287.52,13.74,-0.22,240.13,1,-96.00,-8.00,10.00,8.00,30.00,20.00,13417219,440
123.04,1553060122,1566.15,51.43909026,7.48254535,288.14,13.75,0.01,240.83,1,-96.00,-8.00,10.00,8.00,30.00,20.00,13417219,440
124.04,1553060123,1579.89,51.43903053,7.48235945,288.64,14.07,0.33,241.49,1,-92.00,-6.00,27.00,10.00,34.00,20.00,13417219,440
125.04,1553060124,1593.97,51.43896437,7.48217215,289.29,14.06,-0.01,241.57,1,-92.00,-6.00,27.00,10.00,34.00,20.00,13417219,440
126.04,1553060125,1608.02,51.43889908,7.48198250,290.34,13.79,-0.27,240.75,1,-96.00,-9.00,9.00,9.00,29.00,20.00,13417219,440
127.04,1553060126,1621.81,51.43882996,7.48178217,291.29,14.25,0.46,241.37,1,-96.00,-9.00,9.00,9.00,29.00,20.00,13417219,440
128.04,1553060127,1636.08,51.43877099,7.48159399,291.96,14.37,0.12,242.52,1,-91.00,-6.00,28.00,10.00,36.00,20.00,13417219,440
129.04,1553060128,1650.46,51.43870874,7.48139555,292.41,13.76,-0.61,242.87,1,-91.00,-6.00,28.00,10.00,36.00,20.00,13417219,440
130.04,1553060129,1664.22,51.43864846,7.48120413,293.12,14.02,0.26,243.91,1,-94.00,-8.00,28.00,12.00,34.00,20.00,13417219,440
131.04,1553060130,1678.22,51.43858572,7.48099955,293.33,14.19,0.17,243.17,1,-94.00,-8.00,28.00,12.00,34.00,20.00,13417219,440
132.04,1553060131,1692.39,51.43850977,7.48077760,292.79,15.06,0.88,241.94,1,-94.00,-7.00,10.00,14.00,33.00,20.00,13417219,440
133.04,1553060132,1707.46,51.43844281,7.48057793,292.66,14.14,-0.92,241.10,1,-94.00,-7.00,10.00,14.00,33.00,20.00,13417219,440
134.05,1553060133,1721.74,51.43837944,7.48039015,292.66,13.73,-0.41,242.45,1,-97.00,-7.00,12.00,8.00,30.00,20.00,13417219,440
135.04,1553060134,1735.35,51.43831621,7.48020523,292.64,14.30,0.57,242.11,1,-97.00,-7.00,12.00,8.00,30.00,20.00,13417219,440
136.04,1553060135,1749.65,51.43825070,7.48001381,292.52,13.90,-0.40,242.71,1,-97.00,-7.00,12.00,8.00,30.00,20.00,13417219,440
137.04,1553060136,1763.55,51.43818412,7.47983108,292.18,14.29,0.39,242.42,1,-99.00,-8.00,17.00,7.00,31.00,20.00,13417219,440
138.04,1553060137,1777.84,51.43811931,7.47963853,292.20,14.09,-0.20,242.96,1,-99.00,-8.00,17.00,7.00,31.00,20.00,13417219,440
139.04,1553060138,1791.94,51.43805627,7.47944598,291.74,13.92,-0.17,243.65,1,-92.00,-6.00,6.00,6.00,43.00,19.00,13523715,6
140.04,1553060139,1805.85,51.43799036,7.47925286,291.70,14.49,0.56,243.07,1,-92.00,-6.00,6.00,6.00,43.00,19.00,13523715,6
141.04,1553060140,1820.32,51.43793029,7.47906760,292.22,14.56,0.07,243.88,1,-93.00,-9.00,11.00,13.00,35.00,19.00,13523715,6
142.04,1553060141,1834.90,51.43786770,7.47887408,292.23,13.93,-0.63,242.10,1,-93.00,-9.00,11.00,13.00,35.00,19.00,13523715,6
143.04,1553060142,1848.84,51.43779280,7.47865885,291.93,15.35,1.43,241.66,1,-89.00,-7.00,-2.00,8.00,39.00,19.00,13523715,6
144.04,1553060143,1864.17,51.43772696,7.47845711,291.40,14.89,-0.46,240.97,1,-89.00,-7.00,-2.00,8.00,39.00,19.00,13523715,6
145.04,1553060144,1879.06,51.43766518,7.47827764,291.27,14.32,-0.57,240.56,1,-91.00,-7.00,8.00,9.00,36.00,19.00,13523715,6
146.04,1553060145,1893.34,51.43760229,7.47809775,291.48,13.95,-0.36,240.97,1,-91.00,-7.00,8.00,9.00,36.00,19.00,13523715,6
147.04,1553060146,1907.34,51.43754146,7.47791335,292.04,14.64,0.69,241.73,1,-91.00,-7.00,8.00,7.00,37.00,19.00,13523715,6
148.04,1553060147,1921.99,51.43747411,7.47770392,292.53,14.86,0.21,241.01,1,-91.00,-7.00,8.00,7.00,37.00,19.00,13523715,6
149.04,1553060148,1936.85,51.43740835,7.47752201,293.13,14.17,-0.69,240.54,1,-90.00,-7.00,14.00,9.00,37.00,19.00,13523715,6
150.04,1553060149,1951.02,51.43734578,7.47735308,293.27,13.48,-0.69,240.95,1,-90.00,-7.00,14.00,9.00,37.00,19.00,13523715,6
151.04,1553060150,1964.47,51.43728874,7.47717505,293.49,12.68,-0.80,241.81,1,-85.00,-6.00,13.00,11.00,41.00,19.00,13523715,6
152.04,1553060151,1977.16,51.43723281,7.47699308,293.06,12.42,-0.26,244.10,1,-85.00,-6.00,13.00,11.00,41.00,19.00,13523715,6
153.04,1553060152,1989.56,51.43718860,7.47682795,292.82,11.85,-0.56,245.78,1,-89.00,-7.00,25.00,15.00,40.00,19.00,13523715,6
154.04,1553060153,2001.43,51.43715711,7.47668026,293.30,10.44,-1.41,249.04,1,-89.00,-7.00,25.00,15.00,40.00,19.00,13523715,6
155.05,1553060154,2011.96,51.43715154,7.47653803,293.46,9.16,-1.27,264.61,1,-90.00,-7.00,12.00,13.00,36.00,19.00,13523715,6
156.04,1553060155,2021.05,51.43715467,7.47640887,293.99,8.65,-0.51,267.63,1,-90.00,-7.00,12.00,13.00,36.00,19.00,13523715,6
157.04,1553060156,2029.70,51.43718443,7.47628234,294.11,8.09,-0.56,293.87,1,-90.00,-7.00,12.00,13.00,36.00,19.00,13523715,6
158.04,1553060157,2037.78,51.43723595,7.47616996,293.97,8.78,0.69,307.39,1,-88.00,-7.00,13.00,10.00,37.00,19.00,13523715,6
159.04,1553060158,2046.57,51.43730526,7.47609429,294.14,8.30,-0.48,333.96,1,-88.00,-7.00,13.00,10.00,37.00,19.00,13523715,6
160.04,1553060159,2054.87,51.43738543,7.47608026,294.19,8.50,0.20,0.16,1,-93.00,-7.00,11.00,11.00,34.00,19.00,13523715,6
161.04,1553060160,2063.36,51.43746940,7.47608557,294.74,8.02,-0.48,3.16,1,-93.00,-7.00,11.00,11.00,34.00,19.00,13523715,6
162.04,1553060161,2071.40,51.43755284,7.47622658,294.64,11.08,3.05,48.19,1,-91.00,-7.00,13.00,11.00,36.00,19.00,13523715,6
163.04,1553060162,2082.46,51.43763345,7.47638339,294.22,11.65,0.58,49.96,1,-91.00,-7.00,13.00,11.00,36.00,19.00,13523715,6
164.04,1553060163,2094.12,51.43771145,7.47653770,293.67,12.27,0.61,51.39,1,-94.00,-8.00,13.00,10.00,33.00,19.00,13523715,6
165.04,1553060164,2106.38,51.43778802,7.47669930,293.16,14.31,2.05,52.11,1,-94.00,-8.00,13.00,10.00,33.00,19.00,13523715,6
166.04,1553060165,2120.68,51.43786443,7.47687220,292.84,15.39,1.08,52.85,1,-96.00,-6.00,4.00,12.00,29.00,19.00,13523715,6
167.04,1553060166,2136.08,51.43795129,7.47706558,292.64,16.52,1.14,53.42,1,-96.00,-6.00,4.00,12.00,29.00,19.00,13523715,6
168.04,1553060167,2152.61,51.43804899,7.47727843,292.58,17.48,0.95,54.11,1,-95.00,-7.00,10.00,2.00,31.00,19.00,13523715,6
169.04,1553060168,2170.08,51.43814835,7.47750326,292.52,19.15,1.68,54.69,1,-95.00,-7.00,10.00,2.00,31.00,19.00,13523715,6
170.04,1553060169,2189.24,51.43824985,7.47774677,292.20,20.74,1.59,55.19,1,-96.00,-8.00,8.00,2.00,30.00,19.00,13523715,6
171.04,1553060170,2209.98,51.43835000,7.47799594,291.75,20.90,0.16,55.55,1,-96.00,-8.00,8.00,2.00,30.00,19.00,13523715,6
172.04,1553060171,2230.87,51.43845102,7.47825612,291.17,22.12,1.23,56.52,1,-98.00,-8.00,1.00,2.00,29.00,19.00,13523715,6
173.04,1553060172,2253.00,51.43856054,7.47851859,291.08,22.88,0.76,57.42,1,-98.00,-8.00,1.00,2.00,29.00,19.00,13523715,6
174.04,1553060173,2275.88,51.43867159,7.47881677,290.47,23.14,0.26,57.87,1,-100.00,-9.00,-1.00,2.00,27.00,19.00,13523715,6
175.04,1553060174,2299.05,51.43878641,7.47911290,289.95,24.13,0.99,57.04,1,-100.00,-9.00,-1.00,2.00,27.00,19.00,13523715,6
176.05,1553060175,2323.37,51.43891252,7.47942762,289.46,25.22,1.08,56.40,1,-104.00,-10.00,2.00,2.00,25.00,19.00,13523715,6
177.04,1553060176,2348.38,51.43904565,7.47974052,288.80,25.39,0.18,57.04,1,-104.00,-10.00,2.00,2.00,25.00,19.00,13523715,6
178.04,1553060177,2373.78,51.43918509,7.48006982,288.18,26.49,1.09,56.57,1,-104.00,-10.00,2.00,2.00,25.00,19.00,13523715,6
179.04,1553060178,2400.23,51.43933330,7.48041838,287.35,27.51,1.03,55.76,1,-105.00,-11.00,-6.00,2.00,25.00,19.00,13523715,6
180.04,1553060179,2427.75,51.43947238,7.48073339,286.67,26.89,-0.62,55.38,1,-105.00,-11.00,-6.00,2.00,25.00,19.00,13523715,6
181.04,1553060180,2454.61,51.43961554,7.48104937,285.74,26.53,-0.36,54.22,1,-100.00,-9.00,4.00,2.00,37.00,22.00,13417219,440
182.04,1553060181,2481.15,51.43975992,7.48136020,284.98,26.21,-0.32,53.54,1,-100.00,-9.00,4.00,2.00,37.00,22.00,13417219,440
183.04,1553060182,2507.44,51.43990644,7.48164787,284.45,25.55,-0.66,52.04,1,-103.00,-8.00,3.00,2.00,25.00,22.00,13417219,440
184.04,1553060183,2532.99,51.44005946,7.48192434,283.70,24.99,-0.56,49.76,1,-103.00,-8.00,3.00,2.00,25.00,22.00,13417219,440
185.04,1553060184,2557.98,51.44022521,7.48219189,283.22,25.16,0.17,47.15,1,-105.00,-9.00,-4.00,2.00,24.00,22.00,13417219,440
186.04,1553060185,2583.14,51.44040964,7.48244229,283.17,25.54,0.38,42.86,1,-105.00,-9.00,-4.00,2.00,24.00,22.00,13417219,440
187.04,1553060186,2608.71,51.44059096,7.48269366,282.93,25.29,-0.25,42.66,1,-106.00,-11.00,-4.00,2.00,25.00,22.00,13417219,440
188.05,1553060187,2634.03,51.44076857,7.48292812,282.23,25.59,0.29,40.80,1,-106.00,-11.00,-4.00,2.00,25.00,22.00,13417219,440
189.05,1553060188,2659.62,51.44094195,7.48315634,281.58,25.72,0.13,39.25,1,-107.00,-13.00,-1.00,2.00,25.00,22.00,13415426,265
190.05,1553060189,2685.34,51.44112539,7.48338149,280.90,25.57,-0.15,37.27,1,-107.00,-13.00,-1.00,2.00,25.00,22.00,13415426,265
191.04,1553060190,2710.88,51.44132032,7.48360269,280.52,25.52,-0.05,35.84,1,-106.00,-13.00,-2.00,2.00,26.00,22.00,13415426,265
192.04,1553060191,2736.37,51.44151061,7.48380579,280.34,25.30,-0.22,33.34,1,-106.00,-13.00,-2.00,2.00,26.00,22.00,13415426,265
193.04,1553060192,2761.67,51.44170581,7.48399428,280.06,24.92,-0.38,30.87,1,-104.00,-11.00,-1.00,2.00,26.00,22.00,13415426,265
194.04,1553060193,2786.61,51.44190388,7.48417386,279.80,24.54,-0.37,29.36,1,-104.00,-11.00,-1.00,2.00,26.00,22.00,13415426,265
195.04,1553060194,2811.15,51.44210580,7.48434069,279.65,24.49,-0.05,27.67,1,-105.00,-11.00,-4.00,2.00,25.00,22.00,13415426,265
196.04,1553060195,2835.64,51.44230060,7.48449972,279.49,24.39,-0.11,26.80,1,-105.00,-11.00,-4.00,2.00,25.00,22.00,13415426,265
197.05,1553060196,2860.25,51.44249920,7.48465165,279.31,24.57,0.18,26.05,1,-108.00,-13.00,-6.00,2.00,24.00,22.00,13415426,265
198.04,1553060197,2884.57,51.44269769,7.48479975,278.98,24.52,-0.04,24.98,1,-108.00,-13.00,-6.00,2.00,24.00,22.00,13415426,265
199.04,1553060198,2909.12,51.44289515,7.48494782,278.45,24.41,-0.12,24.15,1,-108.00,-13.00,-6.00,2.00,24.00,22.00,13415426,265
200.04,1553060199,2933.52,51.44308907,7.48508460,277.72,24.09,-0.32,23.46,1,-110.00,-15.00,-8.00,2.00,25.00,22.00,13415426,265
201.04,1553060200,2957.59,51.44328041,7.48522082,276.79,23.92,-0.17,23.17,1,-110.00,-15.00,-8.00,2.00,25.00,22.00,13415426,265
202.04,1553060201,2981.51,51.44346670,7.48535353,275.75,23.28,-0.64,22.62,1,-111.00,-17.00,-6.00,2.00,24.00,22.00,13415426,265
203.04,1553060202,3004.79,51.44364409,7.48547699,274.54,22.18,-1.10,22.41,1,-111.00,-17.00,-6.00,2.00,24.00,22.00,13415426,265
204.04,1553060203,3026.99,51.44381701,7.48559582,273.35,21.12,-1.06,21.43,1,-109.00,-14.00,-8.00,2.00,24.00,22.00,13415426,265
205.04,1553060204,3048.11,51.44398721,7.48569875,272.13,19.72,-1.40,20.23,1,-109.00,-14.00,-8.00,2.00,24.00,22.00,13415426,265
206.04,1553060205,3067.79,51.44414581,7.48578997,271.37,17.67,-2.05,20.51,1,-111.00,-14.00,-10.00,2.00,23.00,22.00,13415426,265
207.04,1553060206,3085.47,51.44427962,7.48587795,270.77,15.60,-2.07,21.49,1,-111.00,-14.00,-10.00,2.00,23.00,22.00,13415426,265
208.04,1553060207,3101.07,51.44441442,7.48597180,269.97,14.17,-1.42,23.97,1,-111.00,-15.00,-8.00,2.00,23.00,22.00,13415426,265
209.04,1553060208,3115.25,51.44451670,7.48606463,269.65,13.90,-0.28,27.85,1,-111.00,-15.00,-8.00,2.00,23.00,22.00,13415426,265
210.04,1553060209,3129.14,51.44459179,7.48619843,269.37,13.24,-0.65,45.33,1,-113.00,-16.00,-1.00,2.00,23.00,22.00,13415426,265
211.04,1553060210,3142.37,51.44466147,7.48636446,269.19,12.74,-0.50,59.39,1,-113.00,-16.00,-1.00,2.00,23.00,22.00,13415426,265
212.05,1553060211,3155.15,51.44471879,7.48654609,269.18,12.77,0.03,62.44,1,-115.00,-17.00,-9.00,2.00,22.00,22.00,13415426,265
213.05,1553060212,3167.92,51.44472446,7.48672377,269.02,13.03,0.26,85.92,1,-115.00,-17.00,-9.00,2.00,22.00,22.00,13415426,265
214.04,1553060213,3180.88,51.44470481,7.48691429,268.79,13.06,0.03,101.78,1,-116.00,-14.00,-11.00,5.00,18.00,25.00,13417219,265
215.04,1553060214,3193.94,51.44465634,7.48709642,268.68,13.28,0.22,115.49,1,-116.00,-14.00,-11.00,5.00,18.00,25.00,13417219,265
216.04,1553060215,3207.23,51.44458004,7.48725233,268.51,13.32,0.04,130.56,1,-110.00,-13.00,-5.00,6.00,23.00,25.00,13417219,440
217.04,1553060216,3220.56,51.44448269,7.48739046,268.24,13.09,-0.23,144.49,1,-110.00,-13.00,-5.00,6.00,23.00,25.00,13417219,440
218.05,1553060217,3233.76,51.44438294,7.48748287,267.45,13.27,0.17,157.42,1,-118.00,-16.00,-7.00,3.00,19.00,25.00,13417219,440
219.04,1553060218,3246.92,51.44425766,7.48751648,266.66,13.83,0.57,173.55,1,-118.00,-16.00,-7.00,3.00,19.00,25.00,13417219,440
220.04,1553060219,3260.75,51.44414456,7.48750036,265.90,13.59,-0.25,187.50,1,-118.00,-16.00,-7.00,3.00,19.00,25.00,13417219,440
221.04,1553060220,3274.35,51.44402692,7.48743244,265.57,13.82,0.23,201.63,1,-113.00,-16.00,-10.00,6.00,21.00,25.00,13417219,440
222.04,1553060221,3288.16,51.44392118,7.48732199,264.85,14.49,0.68,218.25,1,-113.00,-16.00,-10.00,6.00,21.00,25.00,13417219,440
223.04,1553060222,3302.66,51.44383034,7.48716344,264.71,14.51,0.02,234.08,1,-109.00,-12.00,-9.00,6.00,22.00,25.00,13417219,440
224.04,1553060223,3317.19,51.44377348,7.48697703,264.76,14.39,-0.12,247.51,1,-109.00,-12.00,-9.00,6.00,22.00,25.00,13417219,440
225.04,1553060224,3331.58,51.44375474,7.48677032,265.59,15.09,0.70,263.59,1,-115.00,-18.00,-11.00,3.00,24.00,25.00,13417219,440
226.05,1553060225,3346.69,51.44374338,7.48654025,266.19,15.86,0.77,265.42,1,-115.00,-18.00,-11.00,3.00,24.00,25.00,13417219,440
227.04,1553060226,3362.53,51.44373761,7.48630104,266.38,16.71,0.85,266.47,1,-116.00,-20.00,-9.00,2.00,22.00,25.00,13417219,440
228.04,1553060227,3379.22,51.44373481,7.48607031,266.14,17.65,0.95,267.07,1,-116.00,-20.00,-9.00,2.00,22.00,25.00,13417219,440
229.04,1553060228,3396.84,51.44372811,7.48579964,266.12,18.61,0.96,267.37,1,-116.00,-17.00,-10.00,2.00,21.00,20.00,13417219,440
230.04,1553060229,3415.46,51.44372006,7.48552278,265.75,18.97,0.36,267.38,1,-116.00,-17.00,-10.00,2.00,21.00,20.00,13417219,440
231.04,1553060230,3434.37,51.44371389,7.48521744,264.55,18.90,-0.07,267.13,1,-118.00,-19.00,-12.00,1.00,18.00,20.00,13417219,440
232.05,1553060231,3453.41,51.44370555,7.48492399,262.94,20.19,1.28,267.52,1,-118.00,-19.00,-12.00,1.00,18.00,20.00,13417219,440
233.04,1553060232,3473.54,51.44370078,7.48461919,262.14,20.32,0.13,267.26,1,-120.00,-15.00,-13.00,3.00,16.00,66.00,13177857,26
234.04,1553060233,3493.88,51.44369801,7.48431396,261.93,23.35,3.03,267.83,1,-120.00,-15.00,-13.00,3.00,16.00,66.00,13177857,26
235.04,1553060234,3517.23,51.44370101,7.48398558,261.86,23.89,0.55,269.22,1,-110.00,-20.00,-14.00,1.00,31.00,25.00,13417219,440
236.05,1553060235,3541.17,51.44370270,7.48363956,262.45,24.00,0.10,269.30,1,-110.00,-20.00,-14.00,1.00,31.00,25.00,13417219,440
237.04,1553060236,3565.00,51.44370216,7.48329041,262.93,25.18,1.20,268.40,nan,nan,nan,nan,nan,nan,nan,nan,nan
238.04,1553060237,3590.26,51.44369343,7.48291764,263.72,25.84,0.65,267.94,nan,nan,nan,nan,nan,nan,nan,nan,nan
239.05,1553060238,3616.33,51.44367649,7.48252651,264.73,26.63,0.79,266.82,nan,nan,nan,nan,nan,nan,nan,nan,nan
240.04,1553060239,3642.70,51.44365899,7.48213696,265.54,27.25,0.63,266.82,nan,nan,nan,nan,nan,nan,nan,nan,nan
241.04,1553060240,3669.98,51.44364357,7.48175254,265.74,27.92,0.66,266.62,nan,nan,nan,nan,nan,nan,nan,nan,nan
242.04,1553060241,3697.89,51.44362772,7.48135039,265.58,28.58,0.67,266.07,nan,nan,nan,nan,nan,nan,nan,nan,nan
243.04,1553060242,3726.42,51.44360953,7.48093111,265.00,29.15,0.56,265.53,nan,nan,nan,nan,nan,nan,nan,nan,nan
244.04,1553060243,3755.62,51.44358984,7.48050185,264.34,29.74,0.60,264.72,nan,nan,nan,nan,nan,nan,nan,nan,nan
245.04,1553060244,3785.37,51.44355942,7.48007650,263.50,29.71,-0.03,263.22,nan,nan,nan,nan,nan,nan,nan,nan,nan
246.04,1553060245,3815.08,51.44352498,7.47965709,262.67,29.92,0.21,262.80,nan,nan,nan,nan,nan,nan,nan,nan,nan
247.04,1553060246,3845.00,51.44349025,7.47923453,261.97,29.90,-0.02,262.80,nan,nan,nan,nan,nan,nan,nan,nan,nan
248.04,1553060247,3874.90,51.44345599,7.47881344,261.33,29.50,-0.40,262.73,nan,nan,nan,nan,nan,nan,nan,nan,nan
249.04,1553060248,3904.40,51.44342274,7.47839903,260.68,29.08,-0.43,262.68,nan,nan,nan,nan,nan,nan,nan,nan,nan
250.04,1553060249,3933.48,51.44338910,7.47798063,260.19,28.71,-0.37,262.77,nan,nan,nan,nan,nan,nan,nan,nan,nan
251.04,1553060250,3962.19,51.44335235,7.47757298,259.69,28.45,-0.26,262.03,nan,nan,nan,nan,nan,nan,nan,nan,nan
252.04,1553060251,3990.62,51.44331866,7.47717625,259.02,28.00,-0.45,262.08,1,-101.00,-7.00,-7.00,7.00,26.00,16.00,13415426,265
253.04,1553060252,4018.62,51.44328414,7.47678120,258.41,27.65,-0.35,261.88,1,-101.00,-7.00,-7.00,7.00,26.00,16.00,13415426,265
254.04,1553060253,4046.29,51.44324967,7.47639129,257.74,27.71,0.06,261.49,1,-103.00,-8.00,8.00,9.00,26.00,16.00,13415426,265
255.04,1553060254,4074.00,51.44321223,7.47599761,257.07,27.34,-0.37,261.01,1,-103.00,-8.00,8.00,9.00,26.00,16.00,13415426,265
256.04,1553060255,4101.34,51.44317549,7.47560983,256.42,26.97,-0.37,260.33,1,-106.00,-11.00,4.00,7.00,25.00,16.00,13415426,265
257.04,1553060256,4128.31,51.44313315,7.47522935,255.74,27.03,0.06,259.99,1,-106.00,-11.00,4.00,7.00,25.00,16.00,13415426,265
258.04,1553060257,4155.37,51.44308702,7.47485085,255.09,27.01,-0.02,258.76,1,-107.00,-10.00,-1.00,8.00,24.00,16.00,13415426,265
259.04,1553060258,4182.35,51.44304035,7.47447284,254.40,26.86,-0.15,258.34,1,-107.00,-10.00,-1.00,8.00,24.00,16.00,13415426,265
260.04,1553060259,4209.18,51.44299313,7.47409898,253.62,26.46,-0.40,258.39,1,-107.00,-11.00,2.00,8.00,24.00,16.00,13415426,265
261.04,1553060260,4235.64,51.44294776,7.47373162,252.83,26.21,-0.25,258.79,1,-107.00,-11.00,2.00,8.00,24.00,16.00,13415426,265
262.06,1553060261,4262.28,51.44290487,7.47335819,251.99,25.92,-0.29,258.84,1,-105.00,-11.00,2.00,10.00,25.00,16.00,13415426,265
263.04,1553060262,4287.78,51.44286367,7.47299361,251.25,25.68,-0.25,258.87,1,-105.00,-11.00,2.00,10.00,25.00,16.00,13415426,265
264.04,1553060263,4313.46,51.44282194,7.47263203,250.37,25.54,-0.14,258.92,1,-105.00,-11.00,2.00,10.00,25.00,16.00,13415426,265
265.04,1553060264,4339.02,51.44277972,7.47227238,249.57,25.58,0.04,258.87,1,-106.00,-9.00,0.00,2.00,32.00,16.00,13415426,265
266.04,1553060265,4364.58,51.44273705,7.47191376,248.61,25.50,-0.08,259.03,1,-106.00,-9.00,0.00,2.00,32.00,16.00,13415426,265
267.04,1553060266,4390.18,51.44269123,7.47156240,247.65,25.60,0.10,258.95,1,-106.00,-9.00,7.00,2.00,23.00,16.00,13415426,265
268.04,1553060267,4415.78,51.44264549,7.47120512,246.73,25.38,-0.22,258.76,1,-106.00,-9.00,7.00,2.00,23.00,16.00,13415426,265
269.04,1553060268,4441.13,51.44259898,7.47084347,246.00,25.24,-0.14,258.35,1,-106.00,-9.00,8.00,2.00,22.00,16.00,13415426,265
270.04,1553060269,4466.37,51.44255373,7.47048792,245.28,25.27,0.03,258.25,1,-106.00,-9.00,8.00,2.00,22.00,16.00,13415426,265
271.04,1553060270,4491.67,51.44250874,7.47013472,244.43,25.59,0.32,258.01,1,-106.00,-8.00,2.00,2.00,22.00,16.00,13415426,265
272.04,1553060271,4517.24,51.44246297,7.46977196,243.62,25.58,-0.01,258.34,1,-106.00,-8.00,2.00,2.00,22.00,16.00,13415426,265
273.04,1553060272,4542.79,51.44241410,7.46940495,242.76,26.02,0.44,257.55,1,-105.00,-8.00,11.00,2.00,22.00,16.00,13415426,265
274.04,1553060273,4568.82,51.44235496,7.46902864,242.29,26.82,0.80,255.81,1,-105.00,-8.00,11.00,2.00,22.00,16.00,13415426,265
275.04,1553060274,4595.62,51.44229452,7.46863896,242.02,27.87,1.04,256.27,1,-103.00,-7.00,8.00,11.00,25.00,12.00,13415426,265
276.04,1553060275,4623.48,51.44223998,7.46823655,241.64,29.02,1.15,257.54,1,-103.00,-7.00,8.00,11.00,25.00,12.00,13415426,265
277.04,1553060276,4652.50,51.44218359,7.46782109,241.20,30.05,1.03,258.39,1,-107.00,-14.00,4.00,5.00,26.00,12.00,13415426,265
278.04,1553060277,4682.61,51.44213175,7.46739400,240.77,30.71,0.66,259.00,1,-107.00,-14.00,4.00,5.00,26.00,12.00,13415426,265
279.06,1553060278,4713.78,51.44207847,7.46695491,240.25,31.63,0.91,259.62,1,-110.00,-16.00,0.00,6.00,25.00,12.00,13415426,265
280.04,1553060279,4744.94,51.44202490,7.46651332,239.56,32.25,0.62,259.82,1,-110.00,-16.00,0.00,6.00,25.00,12.00,13415426,265
281.05,1553060280,4777.28,51.44197468,7.46604594,239.21,32.78,0.53,260.65,1,-109.00,-15.00,-3.00,6.00,25.00,12.00,13415426,265
282.05,1553060281,4810.09,51.44192619,7.46557049,238.82,33.26,0.48,260.88,1,-109.00,-15.00,-3.00,6.00,25.00,12.00,13415426,265
283.05,1553060282,4843.29,51.44187861,7.46509471,238.20,34.09,0.84,260.97,1,-110.00,-15.00,-4.00,5.00,26.00,12.00,13415426,265
284.05,1553060283,4877.45,51.44183719,7.46461027,237.28,34.80,0.70,261.76,1,-110.00,-15.00,-4.00,5.00,26.00,12.00,13415426,265
285.06,1553060284,4912.56,51.44179393,7.46410723,236.39,35.42,0.62,262.54,1,-115.00,-18.00,-7.00,4.00,23.00,13.00,13415427,265
286.05,1553060285,4947.67,51.44175475,7.46359799,235.79,35.84,0.42,263.12,1,-115.00,-18.00,-7.00,4.00,23.00,13.00,13415427,265
287.05,1553060286,4983.47,51.44171524,7.46307477,235.48,36.34,0.50,263.72,1,-115.00,-18.00,-7.00,4.00,23.00,13.00,13415427,265
288.04,1553060287,5019.70,51.44168480,7.46256422,234.80,36.74,0.40,264.36,1,-108.00,-14.00,-3.00,8.00,24.00,13.00,13415427,264
289.04,1553060288,5056.44,51.44165234,7.46203229,234.31,37.05,0.31,265.10,1,-108.00,-14.00,-3.00,8.00,24.00,13.00,13415427,264
290.04,1553060289,5093.42,51.44162668,7.46149741,233.88,37.42,0.37,265.59,1,-100.00,-13.00,1.00,8.00,31.00,13.00,13415427,264
291.04,1553060290,5130.69,51.44160169,7.46096094,233.38,37.87,0.44,266.13,1,-100.00,-13.00,1.00,8.00,31.00,13.00,13415427,264
292.04,1553060291,5168.67,51.44158301,7.46042230,232.71,37.99,0.12,266.59,1,-101.00,-12.00,2.00,10.00,29.00,13.00,13415427,264
293.04,1553060292,5206.70,51.44156134,7.45987614,232.26,38.40,0.41,267.34,1,-101.00,-12.00,2.00,10.00,29.00,13.00,13415427,264
294.04,1553060293,5245.11,51.44154573,7.45931924,232.17,38.81,0.40,267.91,1,-100.00,-7.00,11.00,9.00,27.00,13.00,13415427,264
295.04,1553060294,5283.88,51.44153348,7.45875785,231.94,39.14,0.33,268.48,1,-100.00,-7.00,11.00,9.00,27.00,13.00,13415427,264
296.04,1553060295,5323.01,51.44152951,7.45819919,231.57,39.29,0.15,269.35,1,-95.00,-7.00,11.00,8.00,32.00,13.00,13415427,264
297.04,1553060296,5362.30,51.44152537,7.45762321,231.65,39.16,-0.13,269.70,1,-95.00,-7.00,11.00,8.00,32.00,13.00,13415427,264
298.04,1553060297,5401.46,51.44152065,7.45706267,231.87,39.00,-0.15,270.05,1,-100.00,-8.00,11.00,12.00,28.00,13.00,13415427,264
299.04,1553060298,5440.47,51.44151910,7.45649849,232.08,38.88,-0.12,270.20,1,-100.00,-8.00,11.00,12.00,28.00,13.00,13415427,264
300.04,1553060299,5479.39,51.44152775,7.45595733,231.81,38.02,-0.86,271.05,1,-103.00,-8.00,9.00,13.00,24.00,13.00,13415427,264
301.04,1553060300,5517.36,51.44153644,7.45543037,231.08,37.45,-0.56,271.63,1,-103.00,-8.00,9.00,13.00,24.00,13.00,13415427,264
302.04,1553060301,5554.82,51.44154813,7.45488687,230.51,37.32,-0.13,272.34,1,-97.00,-8.00,8.00,2.00,40.00,13.00,13415427,264
303.04,1553060302,5592.21,51.44156222,7.45435021,230.29,37.45,0.13,272.94,1,-97.00,-8.00,8.00,2.00,40.00,13.00,13415427,264
304.04,1553060303,5629.62,51.44158166,7.45381064,230.26,37.33,-0.12,273.57,1,-97.00,-8.00,6.00,11.00,30.00,15.00,13415427,264
305.04,1553060304,5666.92,51.44160913,7.45327125,230.25,37.53,0.20,274.62,1,-97.00,-8.00,6.00,11.00,30.00,15.00,13415427,264
306.05,1553060305,5704.71,51.44163713,7.45274036,230.18,37.62,0.09,275.41,1,-101.00,-9.00,5.00,9.00,29.00,15.00,13415427,264
307.04,1553060306,5742.11,51.44167211,7.45219609,230.23,37.50,-0.13,276.20,1,-101.00,-9.00,5.00,9.00,29.00,15.00,13415427,264
308.04,1553060307,5779.61,51.44170664,7.45165354,230.30,37.56,0.06,276.46,1,-101.00,-9.00,5.00,9.00,29.00,15.00,13415427,264
309.04,1553060308,5817.17,51.44174377,7.45111288,230.15,37.77,0.21,276.97,1,-105.00,-8.00,18.00,8.00,23.00,15.00,13415427,264
310.04,1553060309,5854.94,51.44178701,7.45057601,230.08,37.71,-0.06,277.22,1,-105.00,-8.00,18.00,8.00,23.00,15.00,13415427,264
311.04,1553060310,5892.65,51.44183193,7.45004608,229.97,37.71,-0.00,278.00,1,-104.00,-9.00,6.00,9.00,24.00,15.00,13415427,264
312.04,1553060311,5930.36,51.44188140,7.44950532,229.94,37.75,0.04,278.26,1,-104.00,-9.00,6.00,9.00,24.00,15.00,13415427,264
313.04,1553060312,5968.07,51.44193126,7.44897185,229.97,37.40,-0.34,278.81,1,-100.00,-9.00,8.00,9.00,27.00,15.00,13415427,264
314.04,1553060313,6005.51,51.44198314,7.44843603,229.94,37.40,-0.00,279.19,1,-100.00,-9.00,8.00,9.00,27.00,15.00,13415427,264
315.04,1553060314,6042.91,51.44204420,7.44791030,229.64,37.34,-0.06,280.17,1,-97.00,-7.00,29.00,10.00,28.00,15.00,13415427,264
316.04,1553060315,6080.22,51.44210607,7.44738793,228.91,37.44,0.09,281.02,1,-97.00,-7.00,29.00,10.00,28.00,15.00,13415427,264
317.04,1553060316,6117.73,51.44217691,7.44685535,228.13,37.57,0.13,281.67,1,-98.00,-7.00,14.00,13.00,27.00,15.00,13415427,264
318.04,1553060317,6155.22,51.44224528,7.44634024,227.00,37.69,0.12,282.41,1,-98.00,-7.00,14.00,13.00,27.00,15.00,13415427,264
319.04,1553060318,6192.99,51.44232085,7.44581724,225.79,37.93,0.24,282.85,1,-102.00,-11.00,11.00,8.00,27.00,15.00,13415427,264
320.04,1553060319,6230.88,51.44239778,7.44528398,224.68,38.22,0.29,282.99,1,-102.00,-11.00,11.00,8.00,27.00,15.00,13415427,264
321.04,1553060320,6269.10,51.44247557,7.44474996,223.71,38.38,0.15,283.34,1,-104.00,-13.00,4.00,7.00,29.00,15.00,13415427,264
322.04,1553060321,6307.44,51.44255509,7.44420937,222.91,38.53,0.16,283.46,1,-104.00,-13.00,4.00,7.00,29.00,15.00,13415427,264
323.04,1553060322,6346.05,51.44264429,7.44366506,222.22,38.95,0.42,284.47,1,-104.00,-13.00,-4.00,6.00,28.00,15.00,13415427,264
324.04,1553060323,6385.00,51.44273381,7.44312408,221.41,39.09,0.14,285.38,1,-104.00,-13.00,-4.00,6.00,28.00,15.00,13415427,264
325.04,1553060324,6424.13,51.44283047,7.44258274,220.67,39.31,0.22,285.90,1,-107.00,-11.00,1.00,5.00,23.00,15.00,13415427,264
326.04,1553060325,6463.40,51.44292783,7.44203640,220.01,39.64,0.34,286.47,1,-107.00,-11.00,1.00,5.00,23.00,15.00,13415427,264
327.05,1553060326,6503.40,51.44303591,7.44147287,219.55,39.82,0.17,286.95,1,-109.00,-13.00,-1.00,6.00,24.00,15.00,13415427,264
328.04,1553060327,6542.90,51.44314303,7.44091541,219.30,39.81,-0.00,287.31,1,-109.00,-13.00,-1.00,6.00,24.00,15.00,13415427,264
329.04,1553060328,6582.67,51.44324859,7.44036743,219.25,39.57,-0.24,287.75,1,-109.00,-13.00,-1.00,6.00,24.00,15.00,13415427,264
330.04,1553060329,6622.21,51.44335805,7.43983798,219.15,39.70,0.13,288.47,1,-106.00,-12.00,-4.00,5.00,27.00,26.00,13246978,157
331.04,1553060330,6661.91,51.44346877,7.43930270,219.06,39.35,-0.35,288.78,1,-106.00,-12.00,-4.00,5.00,27.00,26.00,13246978,157
332.04,1553060331,6701.26,51.44357952,7.43879615,218.25,38.88,-0.47,288.83,1,-104.00,-13.00,2.00,9.00,29.00,26.00,13246978,157
333.04,1553060332,6740.14,51.44369929,7.43828567,217.08,38.52,-0.35,289.96,1,-104.00,-13.00,2.00,9.00,29.00,26.00,13246978,157
334.04,1553060333,6778.70,51.44381964,7.43777122,215.71,38.58,0.06,290.48,1,-105.00,-10.00,4.00,8.00,26.00,26.00,13246978,157
335.04,1553060334,6817.28,51.44394186,7.43725401,214.39,38.79,0.21,290.87,1,-105.00,-10.00,4.00,8.00,26.00,26.00,13246978,157
336.04,1553060335,6856.03,51.44407239,7.43673994,213.07,38.82,0.03,291.60,1,-103.00,-9.00,1.00,8.00,25.00,26.00,13246978,157
337.04,1553060336,6894.85,51.44420102,7.43623474,211.72,38.31,-0.51,292.27,1,-103.00,-9.00,1.00,8.00,25.00,26.00,13246978,157
338.04,1553060337,6933.16,51.44433927,7.43572504,210.32,38.27,-0.05,293.23,1,-106.00,-10.00,-4.00,2.00,32.00,26.00,13246978,157
339.04,1553060338,6971.43,51.44447400,7.43522073,209.30,38.29,0.02,293.89,1,-106.00,-10.00,-4.00,2.00,32.00,26.00,13246978,157
340.04,1553060339,7009.83,51.44461900,7.43471979,208.45,38.33,0.04,294.60,1,-106.00,-12.00,-4.00,2.00,24.00,26.00,13246978,157
341.04,1553060340,7048.16,51.44476636,7.43422960,207.65,38.45,0.12,295.94,1,-106.00,-12.00,-4.00,2.00,24.00,26.00,13246978,157
342.05,1553060341,7086.80,51.44491492,7.43373573,206.80,38.49,0.04,295.97,1,-111.00,-14.00,-12.00,2.00,22.00,26.00,13246978,157
343.05,1553060342,7125.29,51.44508220,7.43324143,206.16,38.80,0.31,298.66,1,-111.00,-14.00,-12.00,2.00,22.00,26.00,13246978,157
344.04,1553060343,7163.86,51.44525129,7.43273672,205.70,39.01,0.20,299.37,1,-113.00,-15.00,-7.00,2.00,31.00,65.00,13081345,210
345.04,1553060344,7202.87,51.44543614,7.43224873,204.94,39.63,0.63,301.51,1,-113.00,-15.00,-7.00,2.00,31.00,65.00,13081345,210
346.05,1553060345,7242.58,51.44562648,7.43177179,203.99,39.31,-0.32,302.93,1,-107.00,-11.00,6.00,2.00,23.00,32.00,13395457,111
347.04,1553060346,7281.86,51.44582766,7.43130620,202.79,39.41,0.10,304.27,1,-107.00,-11.00,6.00,2.00,23.00,32.00,13395457,111
348.05,1553060347,7321.47,51.44603915,7.43083966,201.89,39.40,-0.01,305.69,1,-105.00,-10.00,1.00,2.00,33.00,32.00,13395457,111
349.04,1553060348,7360.51,51.44625138,7.43040129,200.65,39.31,-0.10,308.07,1,-105.00,-10.00,1.00,2.00,33.00,32.00,13395457,111
350.04,1553060349,7399.74,51.44647726,7.42996360,199.35,39.25,-0.05,309.42,1,-105.00,-10.00,1.00,2.00,33.00,32.00,13395457,111
351.04,1553060350,7439.03,51.44671278,7.42953515,198.02,39.23,-0.02,311.05,1,-95.00,-8.00,14.00,12.00,29.00,30.00,13395457,111
352.04,1553060351,7478.34,51.44696118,7.42910886,196.97,39.60,0.37,313.02,1,-95.00,-8.00,14.00,12.00,29.00,30.00,13395457,111
353.04,1553060352,7517.90,51.44721740,7.42869324,196.17,39.65,0.05,314.57,1,-94.00,-7.00,13.00,12.00,30.00,30.00,13395457,111
354.04,1553060353,7557.59,51.44746815,7.42830444,195.26,39.71,0.05,316.26,1,-94.00,-7.00,13.00,12.00,30.00,30.00,13395457,111
355.04,1553060354,7597.30,51.44772292,7.42793220,194.15,39.26,-0.45,318.08,1,-92.00,-7.00,13.00,12.00,34.00,30.00,13395457,111
356.04,1553060355,7636.52,51.44797921,7.42757826,192.90,38.74,-0.52,319.76,1,-92.00,-7.00,13.00,12.00,34.00,30.00,13395457,111
357.04,1553060356,7675.25,51.44824126,7.42723381,191.58,38.15,-0.59,320.97,1,-96.00,-6.00,16.00,13.00,32.00,30.00,13395457,111
358.04,1553060357,7713.40,51.44850727,7.42690369,190.01,38.48,0.33,322.66,1,-96.00,-6.00,16.00,13.00,32.00,30.00,13395457,111
359.04,1553060358,7751.88,51.44878405,7.42657838,188.43,38.62,0.14,324.06,1,-96.00,-8.00,13.00,11.00,32.00,30.00,13395457,111
360.04,1553060359,7790.54,51.44907212,7.42626269,187.00,39.08,0.46,325.89,1,-96.00,-8.00,13.00,11.00,32.00,30.00,13395457,111
361.04,1553060360,7829.58,51.44936717,7.42596134,185.65,39.13,0.05,327.75,1,-99.00,-8.00,10.00,14.00,28.00,30.00,13395457,111
362.04,1553060361,7868.71,51.44966540,7.42567751,184.28,38.85,-0.28,329.51,1,-99.00,-8.00,10.00,14.00,28.00,30.00,13395457,111
363.04,1553060362,7907.56,51.44996631,7.42540511,183.17,38.74,-0.12,330.97,1,-99.00,-7.00,7.00,2.00,37.00,30.00,13395457,111
364.04,1553060363,7946.29,51.45027253,7.42514973,182.00,38.48,-0.25,332.76,1,-99.00,-7.00,7.00,2.00,37.00,30.00,13395457,111
365.04,1553060364,7984.89,51.45057441,7.42491167,181.18,37.76,-0.72,333.93,1,-108.00,-7.00,3.00,2.00,19.00,30.00,13532174,336
366.04,1553060365,8022.65,51.45087383,7.42468867,180.68,37.07,-0.69,335.42,1,-108.00,-7.00,3.00,2.00,19.00,30.00,13532174,336
367.04,1553060366,8059.65,51.45118117,7.42448427,180.45,36.87,-0.20,337.82,1,-109.00,-8.00,10.00,2.00,18.00,30.00,13532174,336
368.04,1553060367,8096.53,51.45149298,7.42429392,180.27,36.75,-0.13,339.31,1,-109.00,-8.00,10.00,2.00,18.00,30.00,13532174,336
369.05,1553060368,8133.60,51.45180328,7.42410499,179.57,36.63,-0.11,340.10,1,-108.00,-7.00,8.00,2.00,19.00,30.00,13532174,336
370.04,1553060369,8169.91,51.45210821,7.42393288,178.79,36.60,-0.03,340.57,1,-108.00,-7.00,8.00,2.00,19.00,30.00,13532174,336
371.04,1553060370,8206.51,51.45241996,7.42376301,177.91,36.69,0.09,341.47,1,-108.00,-7.00,8.00,2.00,19.00,30.00,13532174,336
372.04,1553060371,8243.21,51.45274043,7.42360545,176.96,36.78,0.08,342.43,1,-107.00,-7.00,13.00,2.00,19.00,30.00,13532174,336
373.04,1553060372,8279.98,51.45306639,7.42344736,175.82,37.12,0.35,343.07,1,-107.00,-7.00,13.00,2.00,19.00,30.00,13532174,336
374.04,1553060373,8317.10,51.45339494,7.42329786,174.70,37.48,0.36,343.56,1,-103.00,-7.00,4.00,2.00,24.00,30.00,13532174,336
375.04,1553060374,8354.59,51.45371567,7.42315418,173.59,37.91,0.42,343.96,1,-103.00,-7.00,4.00,2.00,24.00,30.00,13532174,336
376.04,1553060375,8392.46,51.45404154,7.42300696,172.62,38.20,0.30,344.03,1,-103.00,-9.00,4.00,2.00,26.00,30.00,13395469,221
377.04,1553060376,8430.67,51.45436646,7.42286098,171.37,38.42,0.22,343.85,1,-103.00,-9.00,4.00,2.00,26.00,30.00,13395469,221
378.04,1553060377,8469.17,51.45470315,7.42270873,170.47,38.68,0.26,343.44,1,-101.00,-7.00,-7.00,2.00,26.00,30.00,13395469,221
379.04,1553060378,8507.81,51.45503754,7.42255729,169.56,38.98,0.30,343.04,1,-101.00,-7.00,-7.00,2.00,26.00,30.00,13395469,221
380.04,1553060379,8546.75,51.45536900,7.42240434,168.55,39.23,0.25,342.61,1,-106.00,-9.00,2.00,10.00,23.00,16.00,13395469,221
381.04,1553060380,8586.02,51.45570202,7.42223277,167.57,39.51,0.28,341.75,1,-106.00,-9.00,2.00,10.00,23.00,16.00,13395469,221
382.04,1553060381,8625.60,51.45603523,7.42205094,166.54,39.53,0.02,340.68,1,-106.00,-8.00,1.00,10.00,24.00,16.00,13395469,221
383.04,1553060382,8665.13,51.45636975,7.42185856,165.48,39.20,-0.33,339.65,1,-106.00,-8.00,1.00,10.00,24.00,16.00,13395469,221
384.04,1553060383,8704.33,51.45670508,7.42166729,164.59,39.24,0.04,339.12,1,-106.00,-8.00,3.00,9.00,22.00,16.00,13395469,221
385.04,1553060384,8743.57,51.45701969,7.42146127,163.75,38.83,-0.41,337.44,1,-106.00,-8.00,3.00,9.00,22.00,16.00,13395469,221
386.04,1553060385,8782.35,51.45732957,7.42124629,163.08,38.74,-0.09,336.39,1,-106.00,-7.00,10.00,11.00,19.00,16.00,13395469,221
387.04,1553060386,8821.13,51.45764170,7.42101702,162.42,38.78,0.04,335.10,1,-106.00,-7.00,10.00,11.00,19.00,16.00,13395469,221
388.04,1553060387,8859.87,51.45795308,7.42077690,161.71,38.77,-0.01,333.98,1,-103.00,-6.00,12.00,12.00,21.00,16.00,13395469,221
389.04,1553060388,8898.60,51.45826804,7.42053967,160.46,38.81,0.04,333.10,1,-103.00,-6.00,12.00,12.00,21.00,16.00,13395469,221
390.05,1553060389,8937.88,51.45857196,7.42028353,159.15,38.71,-0.10,331.95,1,-104.00,-9.00,5.00,6.00,25.00,16.00,13395469,221
391.04,1553060390,8976.20,51.45887460,7.42002066,157.91,38.87,0.16,330.88,1,-104.00,-9.00,5.00,6.00,25.00,16.00,13395469,221
392.04,1553060391,9015.07,51.45918404,7.41974476,156.51,38.75,-0.12,329.87,1,-104.00,-9.00,5.00,6.00,25.00,16.00,13395469,221
393.04,1553060392,9053.78,51.45948612,7.41946272,155.23,38.86,0.11,328.67,1,-98.00,-5.00,13.00,10.00,26.00,16.00,13395469,221
394.04,1553060393,9092.64,51.45978569,7.41916673,154.06,38.96,0.10,327.38,1,-98.00,-5.00,13.00,10.00,26.00,16.00,13395469,221
395.04,1553060394,9131.56,51.46008210,7.41886761,153.00,38.99,0.03,326.39,1,-95.00,-6.00,18.00,13.00,30.00,16.00,13395469,221
396.04,1553060395,9170.55,51.46037113,7.41855358,152.03,39.19,0.20,325.63,1,-95.00,-6.00,18.00,13.00,30.00,16.00,13395469,221
397.04,1553060396,9209.81,51.46065638,7.41822634,151.30,39.17,-0.02,324.06,1,-90.00,-4.00,21.00,2.00,45.00,16.00,13395469,221
398.04,1553060397,9248.98,51.46093883,7.41788790,150.71,39.25,0.08,322.94,1,-90.00,-4.00,21.00,2.00,45.00,16.00,13395469,221
399.04,1553060398,9288.11,51.46122089,7.41754672,150.37,39.37,0.12,322.04,1,-96.00,-6.00,20.00,2.00,29.00,16.00,13395469,221
400.04,1553060399,9327.52,51.46149467,7.41719345,150.15,38.98,-0.39,321.09,1,-96.00,-6.00,20.00,2.00,29.00,16.00,13395469,221
401.04,1553060400,9366.34,51.46176043,7.41683218,150.33,38.12,-0.86,319.83,1,-95.00,-6.00,13.00,2.00,30.00,16.00,13395469,221
402.04,1553060401,9404.58,51.46201970,7.41647090,150.63,37.94,-0.18,318.79,1,-95.00,-6.00,13.00,2.00,30.00,16.00,13395469,221
403.04,1553060402,9442.55,51.46227066,7.41610563,150.92,37.95,0.01,317.58,1,-98.00,-5.00,14.00,2.00,27.00,16.00,13395469,221
404.04,1553060403,9480.50,51.46251773,7.41573281,151.10,37.98,0.03,316.32,1,-98.00,-5.00,14.00,2.00,27.00,16.00,13395469,221
405.04,1553060404,9518.48,51.46276108,7.41535210,151.16,38.06,0.08,315.14,1,-102.00,-6.00,14.00,2.00,24.00,16.00,13395469,221
406.04,1553060405,9556.54,51.46300536,7.41496653,151.15,38.16,0.11,314.24,1,-102.00,-6.00,14.00,2.00,24.00,16.00,13395469,221
407.04,1553060406,9594.70,51.46324182,7.41456951,151.12,38.18,0.02,313.35,1,-101.00,-6.00,21.00,2.00,24.00,16.00,13395469,221
408.04,1553060407,9632.89,51.46347426,7.41416441,150.99,38.28,0.10,312.28,1,-101.00,-6.00,21.00,2.00,24.00,16.00,13395469,221
409.04,1553060408,9671.21,51.46370642,7.41375826,150.74,38.40,0.11,311.33,1,-106.00,-8.00,10.00,13.00,18.00,7.00,13395469,221
410.04,1553060409,9709.64,51.46393192,7.41334160,150.45,38.53,0.13,310.55,1,-106.00,-8.00,10.00,13.00,18.00,7.00,13395469,221
411.04,1553060410,9748.13,51.46415835,7.41292044,150.17,38.66,0.13,309.78,1,-108.00,-8.00,5.00,6.00,17.00,5.00,13395469,221
412.04,1553060411,9786.79,51.46437976,7.41248981,149.91,38.76,0.10,309.31,1,-108.00,-8.00,5.00,6.00,17.00,5.00,13395469,221
413.04,1553060412,9825.51,51.46460086,7.41205845,149.66,38.84,0.09,308.79,1,-108.00,-8.00,5.00,6.00,17.00,5.00,13395469,221
414.04,1553060413,9864.36,51.46482293,7.41162246,149.51,38.96,0.11,308.37,1,-106.00,-6.00,11.00,13.00,19.00,5.00,13395469,221
415.04,1553060414,9903.31,51.46503919,7.41118448,149.35,39.11,0.15,308.29,1,-106.00,-6.00,11.00,13.00,19.00,5.00,13395469,221
416.04,1553060415,9942.47,51.46525823,7.41074072,149.21,39.21,0.10,308.13,1,-117.00,-11.00,3.00,6.00,13.00,5.00,13395469,221
417.04,1553060416,9981.67,51.46547518,7.41030084,149.03,39.10,-0.10,307.90,1,-117.00,-11.00,3.00,6.00,13.00,5.00,13395469,221
418.04,1553060417,10020.74,51.46568986,7.40986569,148.84,38.41,-0.69,307.90,1,-113.00,-8.00,0.00,6.00,15.00,14.00,13532430,433
419.04,1553060418,10059.19,51.46590318,7.40942861,148.80,38.09,-0.33,308.14,1,-113.00,-8.00,0.00,6.00,15.00,14.00,13532430,433
420.04,1553060419,10097.24,51.46611395,7.40899655,148.87,37.88,-0.21,308.28,1,-123.00,-13.00,2.00,6.00,12.00,5.00,13395458,112
421.04,1553060420,10135.08,51.46631910,7.40857458,149.14,37.04,-0.85,308.40,1,-123.00,-13.00,2.00,6.00,12.00,5.00,13395458,112
422.04,1553060421,10172.19,51.46652188,7.40816261,149.30,36.07,-0.96,308.70,1,-88.00,-7.00,10.00,8.00,39.00,5.00,13395458,112
423.04,1553060422,10208.23,51.46672062,7.40776029,149.51,35.97,-0.10,308.82,1,-88.00,-7.00,10.00,8.00,39.00,5.00,13395458,112
424.04,1553060423,10244.20,51.46692190,7.40735262,149.90,35.94,-0.03,309.15,1,-84.00,-6.00,13.00,14.00,42.00,5.00,13395458,112
425.04,1553060424,10280.15,51.46712382,7.40694703,150.39,35.94,-0.01,309.25,1,-84.00,-6.00,13.00,14.00,42.00,5.00,13395458,112
426.04,1553060425,10316.12,51.46733322,7.40654931,150.77,35.89,-0.05,309.86,1,-83.00,-5.00,-1.00,10.00,41.00,5.00,13395458,112
427.04,1553060426,10352.05,51.46753997,7.40615802,151.04,35.44,-0.45,310.45,1,-83.00,-5.00,-1.00,10.00,41.00,5.00,13395458,112
428.04,1553060427,10387.45,51.46774354,7.40577459,151.25,34.76,-0.68,310.73,1,-80.00,-5.00,13.00,2.00,53.00,8.00,13395458,112
429.04,1553060428,10422.21,51.46794162,7.40540060,151.52,33.79,-0.97,310.85,1,-80.00,-5.00,13.00,2.00,53.00,8.00,13395458,112
430.04,1553060429,10455.97,51.46814536,7.40503420,151.88,33.54,-0.25,311.43,1,-80.00,-5.00,15.00,2.00,44.00,8.00,13395458,112
431.04,1553060430,10489.48,51.46834577,7.40467824,151.96,33.45,-0.09,312.01,1,-80.00,-5.00,15.00,2.00,44.00,8.00,13395458,112
432.05,1553060431,10523.33,51.46854825,7.40431811,152.08,33.47,0.02,312.02,1,-83.00,-6.00,5.00,2.00,42.00,8.00,13395458,112
433.04,1553060432,10556.50,51.46875658,7.40396169,152.22,33.84,0.37,312.75,1,-83.00,-6.00,5.00,2.00,42.00,8.00,13395458,112
434.04,1553060433,10590.30,51.46897372,7.40359213,152.86,34.04,0.20,313.19,1,-83.00,-6.00,5.00,2.00,42.00,8.00,13395458,112
435.04,1553060434,10624.34,51.46918889,7.40322385,153.86,34.14,0.10,312.85,1,-87.00,-8.00,3.00,2.00,41.00,8.00,13395458,112
436.04,1553060435,10658.52,51.46940486,7.40284858,154.49,34.30,0.16,313.15,1,-87.00,-8.00,3.00,2.00,41.00,8.00,13395458,112
437.04,1553060436,10692.82,51.46962677,7.40249251,155.43,34.52,0.21,315.31,1,-89.00,-9.00,-8.00,2.00,39.00,8.00,13395458,112
438.04,1553060437,10727.37,51.46985177,7.40214887,155.98,34.78,0.27,316.69,1,-89.00,-9.00,-8.00,2.00,39.00,8.00,13395458,112
439.04,1553060438,10761.98,51.47007962,7.40180349,156.28,34.91,0.12,317.12,1,-98.00,-13.00,-9.00,6.00,35.00,17.00,13022465,112
440.04,1553060439,10796.89,51.47030657,7.40145721,156.71,34.22,-0.69,316.88,1,-98.00,-13.00,-9.00,6.00,35.00,17.00,13022465,112
441.04,1553060440,10831.04,51.47052743,7.40112127,157.08,33.38,-0.84,316.73,1,-89.00,-11.00,1.00,14.00,43.00,17.00,13022465,205
442.04,1553060441,10864.55,51.47075285,7.40079062,157.34,32.63,-0.74,316.71,1,-89.00,-11.00,1.00,14.00,43.00,17.00,13022465,205
443.04,1553060442,10897.15,51.47096001,7.40047419,157.65,32.14,-0.50,316.90,1,-89.00,-7.00,11.00,11.00,38.00,17.00,13022465,205
444.04,1553060443,10929.28,51.47117671,7.40014773,158.33,31.95,-0.19,317.07,1,-89.00,-7.00,11.00,11.00,38.00,17.00,13022465,205
445.04,1553060444,10961.30,51.47139008,7.39982621,159.32,31.97,0.01,317.33,1,-89.00,-6.00,32.00,10.00,36.00,17.00,13022465,205
446.04,1553060445,10993.33,51.47160142,7.39950679,160.54,31.99,0.02,317.57,1,-89.00,-6.00,32.00,10.00,36.00,17.00,13022465,205
447.04,1553060446,11025.22,51.47180875,7.39920371,161.47,32.15,0.16,318.02,1,-88.00,-5.00,15.00,11.00,36.00,17.00,13022465,205
448.04,1553060447,11057.37,51.47201913,7.39889613,162.16,32.12,-0.03,318.44,1,-88.00,-5.00,15.00,11.00,36.00,17.00,13022465,205
449.04,1553060448,11089.45,51.47223032,7.39859657,162.18,32.11,-0.01,318.82,1,-87.00,-6.00,13.00,12.00,37.00,17.00,13022465,205
450.04,1553060449,11121.56,51.47244818,7.39830269,161.94,32.19,0.08,319.54,1,-87.00,-6.00,13.00,12.00,37.00,17.00,13022465,205
451.04,1553060450,11153.78,51.47266986,7.39800136,161.77,32.31,0.13,319.77,1,-89.00,-6.00,14.00,12.00,37.00,17.00,13022465,205
452.04,1553060451,11186.06,51.47288894,7.39770621,161.48,32.42,0.10,320.12,1,-89.00,-6.00,14.00,12.00,37.00,17.00,13022465,205
453.05,1553060452,11218.77,51.47311345,7.39740360,161.32,32.53,0.11,320.24,1,-88.00,-5.00,12.00,15.00,35.00,17.00,13022465,205
454.04,1553060453,11251.04,51.47334028,7.39710578,161.37,32.74,0.22,320.65,1,-88.00,-5.00,12.00,15.00,35.00,17.00,13022465,205
455.04,1553060454,11283.75,51.47356514,7.39681100,161.57,32.17,-0.58,321.12,1,-88.00,-5.00,12.00,15.00,35.00,17.00,13022465,205
456.04,1553060455,11315.92,51.47378861,7.39651986,161.99,31.45,-0.72,321.57,1,-82.00,-6.00,8.00,12.00,37.00,17.00,13022465,205
457.04,1553060456,11347.39,51.47401113,7.39624277,162.67,30.57,-0.87,322.20,1,-82.00,-6.00,8.00,12.00,37.00,17.00,13022465,205
458.04,1553060457,11377.97,51.47422812,7.39597243,163.51,30.41,-0.17,323.09,1,-85.00,-6.00,19.00,11.00,39.00,17.00,13022465,205
459.04,1553060458,11408.37,51.47444382,7.39571958,164.22,29.83,-0.58,324.04,1,-85.00,-6.00,19.00,11.00,39.00,17.00,13022465,205
460.04,1553060459,11438.20,51.47466197,7.39546554,165.10,29.11,-0.71,324.90,1,-82.00,-6.00,22.00,12.00,43.00,17.00,13022465,205
461.04,1553060460,11467.25,51.47488232,7.39523458,165.95,29.25,0.13,327.12,1,-82.00,-6.00,22.00,12.00,43.00,17.00,13022465,205
462.04,1553060461,11496.53,51.47510889,7.39499792,166.87,29.43,0.18,327.68,1,-81.00,-5.00,25.00,15.00,44.00,17.00,13022465,205
463.04,1553060462,11525.99,51.47533417,7.39477624,167.72,29.48,0.05,328.86,1,-81.00,-5.00,25.00,15.00,44.00,17.00,13022465,205
464.04,1553060463,11555.43,51.47555864,7.39455809,168.45,29.19,-0.29,329.22,1,-75.00,-6.00,25.00,15.00,51.00,17.00,13022465,205
465.04,1553060464,11584.62,51.47578105,7.39435114,169.16,28.54,-0.64,330.27,1,-75.00,-6.00,25.00,15.00,51.00,17.00,13022465,205
466.04,1553060465,11613.19,51.47600299,7.39414562,169.84,27.83,-0.71,330.59,1,-74.00,-6.00,25.00,15.00,51.00,17.00,13022465,205
467.04,1553060466,11641.03,51.47622279,7.39395746,170.40,27.43,-0.40,331.74,1,-74.00,-6.00,25.00,15.00,51.00,17.00,13022465,205
468.04,1553060467,11668.43,51.47644235,7.39378056,170.99,27.21,-0.22,333.39,1,-70.00,-6.00,33.00,15.00,56.00,17.00,13022465,205
469.04,1553060468,11695.64,51.47666418,7.39361801,171.75,26.71,-0.50,334.65,1,-70.00,-6.00,33.00,15.00,56.00,17.00,13022465,205
470.04,1553060469,11722.38,51.47687963,7.39346691,172.44,25.31,-1.40,335.87,1,-67.00,-5.00,29.00,15.00,58.00,17.00,13022465,205
471.04,1553060470,11747.67,51.47707949,7.39332696,173.11,23.36,-1.95,336.73,1,-67.00,-5.00,29.00,15.00,58.00,17.00,13022465,205
472.04,1553060471,11771.02,51.47727526,7.39321732,173.80,22.28,-1.08,339.52,1,-70.00,-7.00,8.00,15.00,57.00,17.00,13022465,205
473.04,1553060472,11793.30,51.47746042,7.39312869,174.80,20.66,-1.62,343.33,1,-70.00,-7.00,8.00,15.00,57.00,17.00,13022465,205
474.06,1553060473,11814.31,51.47763457,7.39307310,175.51,19.82,-0.82,349.52,1,-65.00,-4.00,32.00,15.00,60.00,17.00,13022465,205
475.04,1553060474,11833.82,51.47781168,7.39304576,176.06,19.57,-0.25,355.29,1,-65.00,-4.00,32.00,15.00,60.00,17.00,13022465,205
476.04,1553060475,11853.41,51.47798716,7.39305687,176.69,19.73,0.16,2.40,1,-65.00,-4.00,32.00,15.00,60.00,17.00,13022465,205
477.04,1553060476,11873.08,51.47816662,7.39310743,177.06,19.47,-0.26,11.34,1,-65.00,-4.00,29.00,15.00,61.00,17.00,13022465,205
478.04,1553060477,11892.61,51.47833734,7.39318774,177.62,20.05,0.58,18.72,1,-65.00,-4.00,29.00,15.00,61.00,17.00,13022465,205
479.04,1553060478,11912.62,51.47849187,7.39329943,177.76,19.49,-0.56,25.44,1,-78.00,-5.00,27.00,15.00,47.00,17.00,13022465,205
480.04,1553060479,11932.11,51.47865122,7.39344108,177.94,21.04,1.54,30.04,1,-78.00,-5.00,27.00,15.00,47.00,17.00,13022465,205
481.04,1553060480,11953.23,51.47880784,7.39360070,177.95,19.18,-1.85,34.00,1,-80.00,-5.00,20.00,15.00,45.00,17.00,13022465,205
482.04,1553060481,11972.37,51.47895499,7.39375263,177.97,17.61,-1.57,32.97,1,-80.00,-5.00,20.00,15.00,45.00,17.00,13022465,205
483.04,1553060482,11989.98,51.47909549,7.39383700,177.98,15.54,-2.08,19.31,1,-84.00,-7.00,23.00,15.00,44.00,17.00,13022465,205
484.04,1553060483,12005.52,51.47924082,7.39386575,178.08,15.32,-0.22,4.02,1,-84.00,-7.00,23.00,15.00,44.00,17.00,13022465,205
485.04,1553060484,12020.84,51.47937269,7.39386884,178.14,14.68,-0.64,0.04,1,-85.00,-6.00,13.00,12.00,42.00,17.00,13022465,205
486.04,1553060485,12035.52,51.47948569,7.39379777,178.44,14.26,-0.42,338.73,1,-85.00,-6.00,13.00,12.00,42.00,17.00,13022465,205
487.04,1553060486,12049.78,51.47960356,7.39371099,179.10,14.99,0.72,336.80,1,-93.00,-9.00,8.00,10.00,36.00,17.00,13022465,205
488.04,1553060487,12064.75,51.47973013,7.39361328,179.87,15.68,0.69,335.98,1,-93.00,-9.00,8.00,10.00,36.00,17.00,13022465,205
489.04,1553060488,12080.46,51.47985610,7.39351845,180.82,14.58,-1.10,335.83,1,-92.00,-10.00,7.00,2.00,47.00,17.00,13022465,205
490.04,1553060489,12095.04,51.47996161,7.39344165,181.78,12.07,-2.50,337.46,1,-92.00,-10.00,7.00,2.00,47.00,17.00,13022465,205
491.04,1553060490,12107.11,51.48005052,7.39343327,182.51,10.17,-1.91,0.23,1,-66.00,-5.00,26.00,2.00,59.00,17.00,13067529,354
492.04,1553060491,12117.28,51.48016430,7.39346982,183.10,10.10,-0.06,18.57,1,-66.00,-5.00,26.00,2.00,59.00,17.00,13067529,354
493.04,1553060492,12127.37,51.48024933,7.39353378,183.64,10.86,0.76,34.42,1,-107.00,-7.00,26.00,14.00,19.00,13.00,13532175,337
494.04,1553060493,12138.22,51.48031685,7.39365536,184.03,11.74,0.88,54.24,1,-107.00,-7.00,26.00,14.00,19.00,13.00,13532175,337
495.05,1553060494,12150.10,51.48038131,7.39380971,184.14,13.01,1.25,56.10,1,-108.00,-7.00,15.00,15.00,17.00,13.00,13532175,337
496.04,1553060495,12162.98,51.48044120,7.39397082,184.33,14.11,1.11,57.49,1,-108.00,-7.00,15.00,15.00,17.00,13.00,13532175,337
497.04,1553060496,12177.09,51.48050907,7.39415901,184.58,15.36,1.25,57.92,1,-108.00,-7.00,15.00,15.00,17.00,13.00,13532175,337
498.04,1553060497,12192.43,51.48058641,7.39437039,184.63,16.44,1.08,58.27,1,-97.00,-7.00,14.00,15.00,30.00,13.00,13532175,337
499.04,1553060498,12208.87,51.48066237,7.39457459,184.76,17.31,0.87,58.04,1,-97.00,-7.00,14.00,15.00,30.00,13.00,13532175,337
500.04,1553060499,12226.19,51.48074300,7.39479715,184.70,18.25,0.94,58.96,1,-97.00,-7.00,14.00,15.00,30.00,13.00,13532175,337
501.04,1553060500,12244.45,51.48082720,7.39502319,184.65,19.17,0.91,59.09,1,-97.00,-7.00,14.00,15.00,30.00,13.00,13532175,337
502.04,1553060501,12263.62,51.48091520,7.39525790,184.50,19.40,0.23,58.95,1,-99.00,-7.00,6.00,10.00,28.00,13.00,13532175,337
503.04,1553060502,12283.02,51.51288340,7.37779000,184.31,19.24,-0.16,59.30,1,-99.00,-7.00,6.00,10.00,28.00,13.00,13532175,337
504.04,1553060503,12302.24,51.48108908,7.39572856,184.15,18.83,-0.41,59.57,1,-105.00,-7.00,12.00,15.00,22.00,13.00,13532175,337
505.04,1553060504,12321.06,51.48117948,7.39596591,184.34,18.41,-0.41,59.69,1,-105.00,-7.00,12.00,15.00,22.00,13.00,13532175,337
506.04,1553060505,12339.50,51.48125748,7.39617911,184.24,17.99,-0.42,59.61,1,-104.00,-7.00,8.00,15.00,23.00,13.00,13532175,337
507.04,1553060506,12357.49,51.48133093,7.39638602,184.06,17.62,-0.38,59.25,1,-104.00,-7.00,8.00,15.00,23.00,13.00,13532175,337
508.04,1553060507,12375.11,51.48140564,7.39659625,183.89,17.20,-0.42,58.98,1,-106.00,-7.00,15.00,12.00,23.00,13.00,13532175,337
509.04,1553060508,12392.31,51.48148038,7.39680140,183.99,16.78,-0.42,58.52,1,-106.00,-7.00,15.00,12.00,23.00,13.00,13532175,337
510.04,1553060509,12409.09,51.48156193,7.39700959,184.09,16.39,-0.39,57.67,1,-111.00,-7.00,6.00,9.00,16.00,13.00,13532175,337
511.04,1553060510,12425.46,51.48164241,7.39721099,184.16,15.98,-0.42,57.19,1,-111.00,-7.00,6.00,9.00,16.00,13.00,13532175,337
512.04,1553060511,12441.44,51.48171747,7.39739404,184.08,15.66,-0.32,56.52,1,-111.00,-8.00,11.00,12.00,15.00,13.00,13532175,337
513.04,1553060512,12457.10,51.48179238,7.39757671,183.89,15.37,-0.29,55.60,1,-111.00,-8.00,11.00,12.00,15.00,13.00,13532175,337
514.04,1553060513,12472.47,51.48187074,7.39775538,183.52,15.02,-0.35,54.58,1,-107.00,-6.00,14.00,9.00,18.00,13.00,13532175,337
515.04,1553060514,12487.49,51.48195104,7.39792862,183.20,14.56,-0.46,53.30,1,-107.00,-6.00,14.00,9.00,18.00,13.00,13532175,337
516.05,1553060515,12502.19,51.48203101,7.39809525,182.75,13.47,-1.09,51.90,1,-106.00,-5.00,14.00,10.00,19.00,13.00,13532175,337
517.04,1553060516,12515.54,51.48210595,7.39824226,182.16,11.96,-1.52,50.34,1,-106.00,-5.00,14.00,10.00,19.00,13.00,13532175,337
518.04,1553060517,12527.50,51.48217470,7.39836288,181.54,10.12,-1.84,48.64,1,-106.00,-5.00,14.00,10.00,19.00,13.00,13532175,337
519.04,1553060518,12537.61,51.48223248,7.39845436,180.89,7.84,-2.28,46.98,1,-104.00,-6.00,16.00,10.00,21.00,13.00,13532175,337
520.04,1553060519,12545.45,51.48227934,7.39852357,180.28,5.55,-2.29,45.51,1,-104.00,-6.00,16.00,10.00,21.00,13.00,13532175,337
521.04,1553060520,12550.99,51.48231973,7.39857016,180.30,3.86,-1.68,44.24,1,-103.00,-5.00,12.00,9.00,22.00,13.00,13532175,337
522.04,1553060521,12554.86,51.48234888,7.39860545,180.35,2.37,-1.49,43.36,1,-103.00,-5.00,12.00,9.00,22.00,13.00,13532175,337
523.04,1553060522,12557.23,51.48234919,7.39859742,180.42,1.29,-1.08,43.36,1,-106.00,-6.00,12.00,10.00,20.00,13.00,13532175,337
524.04,1553060523,12558.52,51.48234919,7.39859742,180.43,0.00,-1.29,43.36,1,-106.00,-6.00,12.00,10.00,20.00,13.00,13532175,337
525.04,1553060524,12558.52,51.48234919,7.39859742,180.44,0.00,0.00,43.36,1,-105.00,-6.00,12.00,9.00,19.00,13.00,13532175,337
526.04,1553060525,12558.52,51.48234919,7.39859742,180.45,0.00,0.00,43.36,1,-105.00,-6.00,12.00,9.00,19.00,13.00,13532175,337
527.04,1553060526,12558.52,51.48234919,7.39859742,180.46,0.00,0.00,43.36,1,-105.00,-5.00,12.00,14.00,18.00,13.00,13532175,337
528.04,1553060527,12558.52,51.48234919,7.39859742,180.47,0.00,0.00,43.36,1,-105.00,-5.00,12.00,14.00,18.00,13.00,13532175,337
529.04,1553060528,12558.52,51.48234919,7.39859742,180.48,0.00,0.00,43.36,1,-104.00,-5.00,13.00,13.00,18.00,13.00,13532175,337
530.04,1553060529,12558.52,51.48234919,7.39859742,180.49,0.00,0.00,43.36,1,-104.00,-5.00,13.00,13.00,18.00,13.00,13532175,337
531.04,1553060530,12558.52,51.48234919,7.39859742,180.49,0.00,0.00,43.36,1,-104.00,-5.00,11.00,9.00,18.00,13.00,13532175,337
532.04,1553060531,12558.52,51.48234919,7.39859742,180.51,0.00,0.00,43.36,1,-104.00,-5.00,11.00,9.00,18.00,13.00,13532175,337
533.04,1553060532,12558.52,51.48234919,7.39859742,180.52,0.00,0.00,43.36,1,-103.00,-5.00,11.00,12.00,19.00,13.00,13532175,337
534.04,1553060533,12558.52,51.48234919,7.39859742,180.53,0.00,0.00,43.36,1,-103.00,-5.00,11.00,12.00,19.00,13.00,13532175,337
535.04,1553060534,12558.52,51.48234919,7.39859742,180.54,0.00,0.00,43.36,1,-104.00,-5.00,13.00,14.00,19.00,13.00,13532175,337
536.04,1553060535,12558.52,51.48234919,7.39859742,180.55,0.00,0.00,43.36,1,-104.00,-5.00,13.00,14.00,19.00,13.00,13532175,337
537.05,1553060536,12558.52,51.48234919,7.39859742,180.56,0.00,0.00,43.36,1,-102.00,-5.00,12.00,2.00,30.00,13.00,13532175,337
538.04,1553060537,12558.52,51.48234919,7.39859742,180.57,0.00,0.00,43.36,1,-102.00,-5.00,12.00,2.00,30.00,13.00,13532175,337
539.04,1553060538,12558.52,51.48234919,7.39859742,180.58,0.00,0.00,43.36,1,-102.00,-5.00,12.00,2.00,30.00,13.00,13532175,337
540.04,1553060539,12558.52,51.48234919,7.39859742,180.58,0.00,0.00,43.36,1,-104.00,-5.00,11.00,2.00,18.00,13.00,13532175,337
541.04,1553060540,12558.52,51.48234919,7.39859742,180.59,0.00,0.00,43.36,1,-104.00,-5.00,11.00,2.00,18.00,13.00,13532175,337
542.04,1553060541,12558.52,51.48234919,7.39859742,180.59,0.00,0.00,43.36,1,-104.00,-5.00,13.00,2.00,18.00,13.00,13532175,337
543.04,1553060542,12558.52,51.48234919,7.39859742,180.59,0.00,0.00,43.36,1,-104.00,-5.00,13.00,2.00,18.00,13.00,13532175,337
544.04,1553060543,12558.52,51.48234919,7.39859742,180.59,0.00,0.00,43.36,1,-104.00,-5.00,13.00,2.00,19.00,13.00,13532175,337
545.04,1553060544,12558.52,51.48234919,7.39859742,180.59,0.00,0.00,43.36,1,-104.00,-5.00,13.00,2.00,19.00,13.00,13532175,337
546.04,1553060545,12558.52,51.48234919,7.39859742,180.59,0.00,0.00,43.36,1,-104.00,-5.00,13.00,2.00,19.00,13.00,13532175,337
547.04,1553060546,12558.52,51.48234919,7.39859742,180.59,0.00,0.00,43.36,1,-104.00,-5.00,13.00,2.00,19.00,13.00,13532175,337
548.04,1553060547,12558.52,51.48234919,7.39859742,180.59,0.00,0.00,43.36,1,-104.00,-5.00,13.00,2.00,18.00,13.00,13532175,337
549.04,1553060548,12558.52,51.48234919,7.39859742,180.59,0.00,0.00,43.36,1,-104.00,-5.00,13.00,2.00,18.00,13.00,13532175,337
550.04,1553060549,12558.52,51.48234919,7.39859742,180.58,0.00,0.00,43.36,1,-104.00,-5.00,14.00,2.00,19.00,13.00,13532175,337
551.04,1553060550,12558.52,51.48234919,7.39859742,180.58,0.00,0.00,43.36,1,-104.00,-5.00,14.00,2.00,19.00,13.00,13532175,337
552.04,1553060551,12558.52,51.48234919,7.39859742,180.58,0.00,0.00,43.36,1,-104.00,-5.00,13.00,2.00,19.00,13.00,13532175,337
553.04,1553060552,12558.52,51.48234919,7.39859742,180.57,0.00,0.00,43.36,1,-104.00,-5.00,13.00,2.00,19.00,13.00,13532175,337
554.04,1553060553,12558.52,51.48234919,7.39859742,180.59,0.00,0.00,41.95,1,-105.00,-5.00,15.00,2.00,19.00,13.00,13532175,337
555.04,1553060554,12558.52,51.48234919,7.39859742,181.10,0.00,0.00,41.06,1,-105.00,-5.00,15.00,2.00,19.00,13.00,13532175,337
556.04,1553060555,12558.52,51.48244452,7.39871940,181.73,8.13,0.00,39.94,1,-105.00,-6.00,14.00,2.00,19.00,13.00,13532175,337
557.04,1553060556,12566.65,51.48250866,7.39879502,182.46,9.64,1.51,39.01,1,-105.00,-6.00,14.00,2.00,19.00,13.00,13532175,337
558.05,1553060557,12576.37,51.48258860,7.39888399,183.12,10.82,1.17,37.99,1,-105.00,-6.00,16.00,2.00,20.00,13.00,13532175,337
559.04,1553060558,12587.09,51.48267404,7.39896466,183.44,10.72,-0.10,36.96,1,-105.00,-6.00,16.00,2.00,20.00,13.00,13532175,337
560.04,1553060559,12597.81,51.48276448,7.39906113,183.57,10.87,0.15,35.92,1,-105.00,-6.00,16.00,2.00,20.00,13.00,13532175,337
561.04,1553060560,12608.69,51.48285428,7.39915051,183.44,11.36,0.49,35.30,1,-101.00,-6.00,20.00,2.00,24.00,13.00,13532175,337
562.04,1553060561,12620.06,51.48294931,7.39924648,183.11,12.35,0.98,34.68,1,-101.00,-6.00,20.00,2.00,24.00,13.00,13532175,337
563.04,1553060562,12632.39,51.48303881,7.39934313,183.01,13.08,0.73,34.02,1,-99.00,-6.00,18.00,2.00,26.00,13.00,13532175,337
564.04,1553060563,12645.48,51.48313715,7.39944810,183.17,13.65,0.57,33.51,1,-99.00,-6.00,18.00,2.00,26.00,13.00,13532175,337
565.04,1553060564,12659.13,51.48324249,7.39955511,183.38,13.94,0.29,33.30,1,-97.00,-5.00,21.00,11.00,27.00,8.00,13532175,337
566.04,1553060565,12673.08,51.48334692,7.39966076,183.73,14.27,0.32,33.97,1,-97.00,-5.00,21.00,11.00,27.00,8.00,13532175,337
567.04,1553060566,12687.35,51.48345330,7.39977157,184.09,14.59,0.33,34.62,1,-100.00,-6.00,16.00,13.00,24.00,8.00,13532175,337
568.04,1553060567,12701.94,51.48356262,7.39989023,184.52,14.98,0.38,34.08,1,-100.00,-6.00,16.00,13.00,24.00,8.00,13532175,337
569.04,1553060568,12716.90,51.48366970,7.40000896,184.94,15.16,0.18,34.60,1,-100.00,-6.00,15.00,9.00,25.00,8.00,13532175,337
570.04,1553060569,12732.06,51.48377996,7.40013130,185.26,15.38,0.22,35.24,1,-100.00,-6.00,15.00,9.00,25.00,8.00,13532175,337
571.04,1553060570,12747.43,51.48389947,7.40027068,185.35,15.46,0.09,35.76,1,-100.00,-6.00,11.00,11.00,25.00,8.00,13532175,337
572.04,1553060571,12762.91,51.48401465,7.40040166,185.53,15.59,0.12,36.36,1,-100.00,-6.00,11.00,11.00,25.00,8.00,13532175,337
573.04,1553060572,12778.52,51.48413256,7.40054355,185.80,15.75,0.16,36.94,1,-101.00,-7.00,15.00,15.00,24.00,8.00,13532175,337
574.04,1553060573,12794.27,51.48424919,7.40069143,186.13,15.86,0.11,37.99,1,-101.00,-7.00,15.00,15.00,24.00,8.00,13532175,337
575.04,1553060574,12810.13,51.48435104,7.40082328,186.35,15.74,-0.12,38.86,1,-100.00,-7.00,17.00,1.00,26.00,8.00,13532175,337
576.04,1553060575,12825.86,51.48446098,7.40097293,186.56,15.62,-0.11,39.81,1,-100.00,-7.00,17.00,1.00,26.00,8.00,13532175,337
577.04,1553060576,12841.46,51.48456549,7.40112651,186.82,15.73,0.11,40.90,1,-100.00,-5.00,16.00,2.00,34.00,8.00,13532175,337
578.04,1553060577,12857.20,51.48466508,7.40127304,187.09,15.65,-0.09,41.54,1,-100.00,-5.00,16.00,2.00,34.00,8.00,13532175,337
579.05,1553060578,12872.97,51.48476238,7.40142291,187.29,15.18,-0.46,42.44,1,-106.00,-6.00,11.00,10.00,20.00,8.00,13532175,337
580.04,1553060579,12888.05,51.48486349,7.40157459,187.04,15.07,-0.11,42.00,1,-106.00,-6.00,11.00,10.00,20.00,8.00,13532175,337
581.04,1553060580,12903.12,51.48496781,7.40172408,186.63,15.08,0.01,41.10,1,-106.00,-6.00,11.00,10.00,20.00,8.00,13532175,337
582.04,1553060581,12918.20,51.48506831,7.40187416,186.26,15.17,0.09,42.37,1,-104.00,-6.00,14.00,9.00,21.00,8.00,13532175,337
583.04,1553060582,12933.36,51.48516246,7.40202350,185.93,14.95,-0.22,43.73,1,-104.00,-6.00,14.00,9.00,21.00,8.00,13532175,337
584.04,1553060583,12948.31,51.48525697,7.40218151,185.65,14.53,-0.42,45.29,1,-104.00,-5.00,16.00,11.00,20.00,8.00,13532175,337
585.04,1553060584,12962.84,51.48533276,7.40231807,185.35,13.55,-0.99,46.59,1,-104.00,-5.00,16.00,11.00,20.00,8.00,13532175,337
586.04,1553060585,12976.40,51.48540497,7.40245328,185.03,12.09,-1.45,47.98,1,-102.00,-5.00,24.00,10.00,23.00,8.00,13532175,337
587.04,1553060586,12988.50,51.48547093,7.40258404,184.32,10.76,-1.34,48.85,1,-102.00,-5.00,24.00,10.00,23.00,8.00,13532175,337
588.04,1553060587,12999.21,51.48552196,7.40269315,183.64,8.04,-2.73,49.29,1,-103.00,-6.00,14.00,12.00,19.00,8.00,13532175,337
589.04,1553060588,13007.25,51.48558583,7.40276356,183.03,7.58,-0.47,28.87,1,-103.00,-6.00,14.00,12.00,19.00,8.00,13532175,337
590.04,1553060589,13014.85,51.48565455,7.40276999,182.72,8.13,0.55,359.72,1,-101.00,-7.00,20.00,11.00,23.00,8.00,13532175,337
591.04,1553060590,13022.98,51.48572083,7.40274241,182.61,8.32,0.19,339.22,1,-101.00,-7.00,20.00,11.00,23.00,8.00,13532175,337
592.04,1553060591,13031.29,51.48577992,7.40269957,182.86,9.32,1.00,335.41,1,-103.00,-6.00,20.00,12.00,22.00,8.00,13532175,337
593.04,1553060592,13040.62,51.48584897,7.40260628,183.20,9.90,0.58,320.87,1,-103.00,-6.00,20.00,12.00,22.00,8.00,13532175,337
594.04,1553060593,13050.53,51.48591576,7.40251013,183.02,10.79,0.89,321.54,1,-103.00,-5.00,13.00,14.00,21.00,8.00,13532175,337
595.04,1553060594,13061.32,51.48598956,7.40241263,183.03,11.71,0.91,322.56,1,-103.00,-5.00,13.00,14.00,21.00,8.00,13532175,337
596.04,1553060595,13073.04,51.48608232,7.40230454,183.32,12.40,0.70,324.09,1,-100.00,-6.00,22.00,11.00,26.00,8.00,13532175,337
597.04,1553060596,13085.44,51.48617023,7.40221402,183.17,12.60,0.20,325.56,1,-100.00,-6.00,22.00,11.00,26.00,8.00,13532175,337
598.04,1553060597,13098.03,51.48627680,7.40211029,183.53,12.82,0.22,327.87,1,-103.00,-6.00,16.00,8.00,23.00,8.00,13532175,337
599.04,1553060598,13110.85,51.48638379,7.40201848,184.12,13.01,0.18,330.66,1,-103.00,-6.00,16.00,8.00,23.00,8.00,13532175,337
600.05,1553060599,13123.99,51.48649892,7.40193138,184.58,13.52,0.51,333.30,1,-109.00,-7.00,10.00,7.00,16.00,8.00,13532175,337
601.04,1553060600,13137.39,51.48661667,7.40186252,184.79,13.86,0.35,335.84,1,-109.00,-7.00,10.00,7.00,16.00,8.00,13532175,337
602.04,1553060601,13151.25,51.48675165,7.40179968,184.81,14.42,0.55,339.07,1,-109.00,-7.00,10.00,7.00,16.00,8.00,13532175,337
603.04,1553060602,13165.67,51.48685930,7.40176104,184.78,14.31,-0.11,342.13,1,-113.00,-7.00,11.00,7.00,13.00,8.00,13532175,337
604.04,1553060603,13179.97,51.48698495,7.40172522,184.77,14.40,0.09,344.85,1,-113.00,-7.00,11.00,7.00,13.00,8.00,13532175,337
605.04,1553060604,13194.38,51.48712077,7.40169286,184.72,14.77,0.37,347.56,1,-115.00,-9.00,-1.00,7.00,12.00,8.00,13532175,337
606.04,1553060605,13209.13,51.48726756,7.40166831,184.46,14.94,0.17,350.17,1,-115.00,-9.00,-1.00,7.00,12.00,8.00,13532175,337
607.04,1553060606,13224.07,51.48741493,7.40165585,183.71,15.03,0.09,352.83,1,-114.00,-8.00,4.00,7.00,12.00,8.00,13532175,337
608.04,1553060607,13239.10,51.48754384,7.40165778,183.29,15.13,0.10,355.03,1,-114.00,-8.00,4.00,7.00,12.00,8.00,13532175,337
609.04,1553060608,13254.24,51.48768020,7.40166402,182.81,15.01,-0.13,356.99,1,-97.00,-8.00,2.00,7.00,30.00,12.00,13254913,38
610.04,1553060609,13269.25,51.48781323,7.40166862,182.30,14.98,-0.03,358.18,1,-97.00,-8.00,2.00,7.00,30.00,12.00,13254913,38
611.04,1553060610,13284.22,51.48793885,7.40167877,181.07,14.97,-0.01,359.07,1,-99.00,-10.00,-5.00,7.00,29.00,12.00,13254913,38
612.04,1553060611,13299.19,51.48807566,7.40168801,179.77,14.86,-0.11,359.77,1,-99.00,-10.00,-5.00,7.00,29.00,12.00,13254913,38
613.04,1553060612,13314.04,51.48821251,7.40169852,178.63,14.73,-0.14,0.66,1,-100.00,-8.00,4.00,2.00,37.00,12.00,13254913,38
614.04,1553060613,13328.77,51.48834634,7.40171091,177.60,14.77,0.04,0.76,1,-100.00,-8.00,4.00,2.00,37.00,12.00,13254913,38
615.04,1553060614,13343.52,51.48847870,7.40171881,176.94,14.64,-0.13,0.09,1,-100.00,-7.00,7.00,10.00,28.00,11.00,13254913,38
616.04,1553060615,13358.14,51.48861016,7.40172562,176.47,14.26,-0.38,0.04,1,-100.00,-7.00,7.00,10.00,28.00,11.00,13254913,38
617.04,1553060616,13372.41,51.48873795,7.40172719,176.02,13.81,-0.45,359.14,1,-101.00,-8.00,5.00,11.00,28.00,11.00,13254913,38
618.04,1553060617,13386.22,51.48885261,7.40172858,175.60,12.56,-1.25,359.98,1,-101.00,-8.00,5.00,11.00,28.00,11.00,13254913,38
619.04,1553060618,13398.77,51.48895265,7.40173243,175.40,11.38,-1.18,0.48,1,-101.00,-7.00,4.00,12.00,27.00,11.00,13254913,38
620.04,1553060619,13410.16,51.48905191,7.40173679,175.12,9.74,-1.64,0.69,1,-101.00,-7.00,4.00,12.00,27.00,11.00,13254913,38
621.05,1553060620,13419.96,51.48913476,7.40174005,175.25,8.06,-1.67,0.75,1,-95.00,-6.00,16.00,11.00,29.00,11.00,13254913,38
622.04,1553060621,13427.96,51.48919998,7.40174246,175.36,6.00,-2.08,1.17,1,-95.00,-6.00,16.00,11.00,29.00,11.00,13254913,38
623.04,1553060622,13433.96,51.48916520,7.40166910,175.37,3.70,-2.29,1.27,1,-95.00,-6.00,16.00,11.00,29.00,11.00,13254913,38
624.04,1553060623,13437.66,51.48926737,7.40175124,175.32,1.73,-1.98,0.34,1,-86.00,-5.00,22.00,14.00,39.00,11.00,13254913,38
625.04,1553060624,13439.39,51.48927600,7.40175653,175.25,0.31,-1.42,0.34,1,-86.00,-5.00,22.00,14.00,39.00,11.00,13254913,38
626.04,1553060625,13439.70,51.48927600,7.40175653,175.24,0.00,-0.31,0.34,1,-83.00,-5.00,20.00,11.00,43.00,11.00,13254913,38
627.04,1553060626,13439.70,51.48927600,7.40175653,175.24,0.00,0.00,0.34,1,-83.00,-5.00,20.00,11.00,43.00,11.00,13254913,38
628.04,1553060627,13439.70,51.48927600,7.40175653,175.23,0.00,0.00,0.34,1,-82.00,-4.00,25.00,9.00,43.00,11.00,13254913,38
629.04,1553060628,13439.70,51.48927600,7.40175653,175.24,0.00,0.00,8.12,1,-82.00,-4.00,25.00,9.00,43.00,11.00,13254913,38
630.04,1553060629,13439.70,51.48927600,7.40175653,175.63,0.00,0.00,8.68,1,-88.00,-4.00,22.00,12.00,38.00,11.00,13254913,38
631.04,1553060630,13439.70,51.48935724,7.40181150,175.65,6.00,0.00,36.71,1,-88.00,-4.00,22.00,12.00,38.00,11.00,13254913,38
632.04,1553060631,13445.70,51.48940022,7.40186805,175.66,7.00,0.99,37.74,1,-87.00,-5.00,29.00,14.00,39.00,11.00,13254913,38
633.04,1553060632,13452.69,51.48940523,7.40197296,175.47,8.44,1.44,87.40,1,-87.00,-5.00,29.00,14.00,39.00,11.00,13254913,38
634.04,1553060633,13461.13,51.48940686,7.40213865,174.94,9.96,1.52,88.33,1,-102.00,-10.00,12.00,10.00,27.00,11.00,13254913,38
635.04,1553060634,13471.09,51.48940597,7.40233304,174.68,11.48,1.52,89.37,1,-102.00,-10.00,12.00,10.00,27.00,11.00,13254913,38
636.04,1553060635,13482.58,51.48940551,7.40250151,174.67,12.74,1.26,90.16,1,-103.00,-8.00,15.00,8.00,25.00,11.00,13254913,38
637.04,1553060636,13495.32,51.48939739,7.40267917,174.63,13.76,1.02,90.79,1,-103.00,-8.00,15.00,8.00,25.00,11.00,13254913,38
638.04,1553060637,13509.08,51.48939250,7.40288078,174.40,14.11,0.36,89.96,1,-102.00,-7.00,12.00,13.00,25.00,11.00,13254913,38
639.04,1553060638,13523.18,51.48938746,7.40308939,174.22,15.13,1.02,90.08,1,-102.00,-7.00,12.00,13.00,25.00,11.00,13254913,38
640.04,1553060639,13538.32,51.48937876,7.40333416,174.07,15.30,0.17,90.64,1,-103.00,-7.00,6.00,12.00,23.00,11.00,13254913,38
641.04,1553060640,13553.60,51.48937443,7.40354428,174.04,14.71,-0.59,91.32,1,-103.00,-7.00,6.00,12.00,23.00,11.00,13254913,38
642.05,1553060641,13568.46,51.48936756,7.40373846,174.02,14.28,-0.42,90.37,1,-105.00,-9.00,6.00,10.00,23.00,11.00,13254913,38
643.04,1553060642,13582.61,51.48936143,7.40395033,173.87,14.11,-0.18,90.10,1,-105.00,-9.00,6.00,10.00,23.00,11.00,13254913,38
644.04,1553060643,13596.74,51.48935783,7.40415687,173.58,14.08,-0.02,90.68,1,-105.00,-9.00,6.00,10.00,23.00,11.00,13254913,38
645.04,1553060644,13610.82,51.48935698,7.40436938,173.40,14.21,0.13,90.96,1,-107.00,-11.00,2.00,8.00,24.00,11.00,13254913,38
646.04,1553060645,13625.04,51.48935498,7.40456778,173.89,14.29,0.08,90.89,1,-107.00,-11.00,2.00,8.00,24.00,11.00,13254913,38
647.04,1553060646,13639.30,51.48935214,7.40476105,174.65,14.12,-0.17,90.15,1,-106.00,-11.00,1.00,2.00,33.00,11.00,13254913,38
648.04,1553060647,13653.42,51.48934886,7.40496452,175.09,13.98,-0.14,90.56,1,-106.00,-11.00,1.00,2.00,33.00,11.00,13254913,38
649.04,1553060648,13667.38,51.48934982,7.40516777,174.98,13.42,-0.55,89.48,1,-107.00,-10.00,9.00,2.00,32.00,71.00,13067274,289
650.04,1553060649,13680.80,51.48935547,7.40533980,175.38,13.34,-0.08,88.42,1,-107.00,-10.00,9.00,2.00,32.00,71.00,13067274,289
651.04,1553060650,13694.11,51.48936591,7.40554518,175.54,13.33,-0.01,86.68,1,-105.00,-7.00,9.00,2.00,20.00,71.00,13067274,289
652.04,1553060651,13707.53,51.48938565,7.40573038,175.47,13.29,-0.04,84.81,1,-105.00,-7.00,9.00,2.00,20.00,71.00,13067274,289
653.04,1553060652,13720.82,51.48940970,7.40591665,175.37,13.42,0.13,83.00,1,-104.00,-8.00,16.00,2.00,22.00,71.00,13067274,289
654.04,1553060653,13734.22,51.48943566,7.40610192,175.58,13.36,-0.06,81.30,1,-104.00,-8.00,16.00,2.00,22.00,71.00,13067274,289
655.04,1553060654,13747.57,51.48945973,7.40628182,175.78,13.41,0.05,79.77,1,-115.00,-11.00,2.00,2.00,15.00,13.00,13532175,337
656.04,1553060655,13760.97,51.48948695,7.40647722,175.78,13.39,-0.03,78.94,1,-115.00,-11.00,2.00,2.00,15.00,13.00,13532175,337
657.04,1553060656,13774.37,51.48951293,7.40665691,175.95,13.42,0.04,78.50,1,-115.00,-10.00,10.00,2.00,14.00,13.00,13532175,337
658.04,1553060657,13787.78,51.48953856,7.40683861,176.09,13.43,0.01,77.55,1,-115.00,-10.00,10.00,2.00,14.00,13.00,13532175,337
659.04,1553060658,13801.20,51.48956465,7.40702642,176.15,13.44,0.01,77.89,1,-112.00,-8.00,11.00,2.00,15.00,13.00,13532175,337
660.04,1553060659,13814.65,51.48959314,7.40722517,176.24,13.65,0.21,77.85,1,-112.00,-8.00,11.00,2.00,15.00,13.00,13532175,337
661.04,1553060660,13828.29,51.48962016,7.40741883,176.51,14.00,0.35,78.18,1,-110.00,-7.00,10.00,2.00,16.00,13.00,13532175,337
662.04,1553060661,13842.31,51.48965064,7.40762176,176.69,13.96,-0.04,78.70,1,-110.00,-7.00,10.00,2.00,16.00,13.00,13532175,337
663.05,1553060662,13856.41,51.48955680,7.40799530,176.60,14.09,0.13,78.91,1,-109.00,-7.00,13.00,10.00,17.00,13.00,13532175,337
664.04,1553060663,13870.35,51.48970796,7.40802916,176.30,14.14,0.05,78.25,1,-109.00,-7.00,13.00,10.00,17.00,13.00,13532175,337
665.04,1553060664,13884.50,51.48973345,7.40822493,175.77,14.30,0.16,77.96,1,-109.00,-7.00,13.00,10.00,17.00,13.00,13532175,337
666.04,1553060665,13898.83,51.48976688,7.40844323,175.46,14.49,0.19,77.26,1,-113.00,-9.00,3.00,9.00,14.00,13.00,13532175,337
667.04,1553060666,13913.32,51.48980135,7.40865605,175.26,14.68,0.19,77.50,1,-113.00,-9.00,3.00,9.00,14.00,13.00,13532175,337
668.04,1553060667,13927.99,51.48983411,7.40886333,174.89,15.09,0.42,77.40,1,-114.00,-9.00,24.00,10.00,13.00,13.00,13532175,337
669.04,1553060668,13943.10,51.48986673,7.40908793,174.54,15.09,-0.00,77.76,1,-114.00,-9.00,24.00,10.00,13.00,13.00,13532175,337
670.04,1553060669,13958.14,51.48989728,7.40929229,174.17,15.09,0.00,77.84,1,-110.00,-7.00,10.00,6.00,15.00,13.00,13532175,337
671.04,1553060670,13973.25,51.48992685,7.40950241,173.68,15.41,0.32,77.61,1,-110.00,-7.00,10.00,6.00,15.00,13.00,13532175,337
672.05,1553060671,13988.73,51.48995771,7.40971842,173.19,15.56,0.15,77.95,1,-117.00,-9.00,6.00,8.00,11.00,13.00,13532175,337
673.04,1553060672,14004.27,51.48998627,7.40993498,172.79,15.49,-0.07,78.33,1,-117.00,-9.00,6.00,8.00,11.00,13.00,13532175,337
674.04,1553060673,14019.72,51.49001169,7.41014656,172.14,15.17,-0.32,78.42,1,-105.00,-7.00,10.00,9.00,20.00,66.00,13067274,289
675.04,1553060674,14034.91,51.49003906,7.41036018,171.49,14.76,-0.42,78.36,1,-105.00,-7.00,10.00,9.00,20.00,66.00,13067274,289
676.04,1553060675,14049.64,51.49006761,7.41057086,170.86,14.27,-0.49,78.53,1,-108.00,-8.00,7.00,8.00,20.00,66.00,13067274,289
677.04,1553060676,14063.90,51.49009371,7.41077147,170.17,14.11,-0.16,78.35,1,-108.00,-8.00,7.00,8.00,20.00,66.00,13067274,289
678.04,1553060677,14078.01,51.49011742,7.41095049,169.38,13.67,-0.44,77.90,1,-113.00,-8.00,13.00,13.00,15.00,66.00,13067274,289
