37.08,1551794406,321.79,51.49055849,7.41690950,156.38,0.00,0.00,104.06,1,-107.00,-9.00,3.00,9.00,16.00,17.00,12806666,385,0,1.80001,21.4926,63
110.08,1551794479,1102.77,51.48374708,7.41823895,147.12,13.41,0.00,212.63,1,-107.00,-7.00,9.00,2.00,18.00,16.00,13392905,345,1,3.60001,19.1363,64
118.70,1551794487,1219.88,51.48280067,7.41726902,147.90,14.14,0.02,205.45,1,-105.00,-7.00,13.00,15.00,17.00,14.00,13392905,345,2,0.500002,12.945,51
147.78,1551794516,1371.33,51.48160860,7.41658912,151.68,0.00,0.00,201.48,1,-97.00,-6.00,10.00,2.00,28.00,14.00,13532173,338,3,1.45001,38.0329,48
167.68,1551794536,1371.33,51.48161806,7.41660679,152.31,0.00,0.00,201.48,1,-97.00,-5.00,13.00,2.00,26.00,9.00,13532173,338,4,1,41.2373,41
180.54,1551794549,1400.39,51.48142892,7.41725189,153.33,11.64,2.17,84.28,1,-96.00,-5.00,14.00,10.00,27.00,9.00,13532173,338,5,0.650002,32.0989,47
191.59,1551794560,1550.81,51.48157850,7.41949665,150.21,15.50,0.63,85.26,1,-93.00,-7.00,10.00,15.00,34.00,9.00,13532173,338,6,0.550002,21.675,67
202.68,1551794571,1723.64,51.48179114,7.42200602,140.73,15.99,0.57,78.02,1,-105.00,-9.00,5.00,11.00,21.00,9.00,13532173,338,7,0.550002,14.4737,39
215.97,1551794585,1919.45,51.48217164,7.42468221,131.35,13.30,-0.58,79.12,1,-113.00,-7.00,4.00,2.00,25.00,9.00,13532173,338,8,0.650002,14.8998,72
226.55,1551794595,2069.76,51.48246228,7.42691836,134.43,15.12,0.20,80.04,1,-109.00,-8.00,12.00,10.00,18.00,10.00,13532687,197,9,0.550002,23.5295,50
237.71,1551794606,2238.34,51.48251310,7.42934739,137.43,15.52,-0.10,95.07,1,-103.00,-6.00,18.00,7.00,23.00,10.00,13532687,197,10,0.550002,14.4737,51
248.51,1551794617,2376.48,51.48234686,7.43122051,139.74,5.26,-2.23,97.74,1,-88.00,-4.00,20.00,14.00,35.00,10.00,13532687,197,11,0.550002,32.1169,53
259.51,1551794628,2386.86,51.48234432,7.43123747,139.84,0.00,0.00,97.06,1,-93.00,-5.00,33.00,15.00,32.00,10.00,13532687,197,12,0.550002,31.6548,61
270.52,1551794639,2386.86,51.48234432,7.43123747,140.05,0.00,0.00,97.06,1,-93.00,-6.00,22.00,15.00,32.00,10.00,13532687,197,13,0.550002,30.1371,40
280.52,1551794649,2386.86,51.48234432,7.43123747,140.42,0.00,0.00,97.06,1,-94.00,-5.00,31.00,15.00,31.00,10.00,13532687,197,14,0.500002,27.9721,51
295.61,1551794664,2418.47,51.48232335,7.43182545,142.60,3.63,2.48,98.71,1,-103.00,-7.00,24.00,14.00,20.00,10.00,13532687,197,15,0.750003,22.3049,44
305.54,1551794674,2488.05,51.48223412,7.43293109,144.50,10.51,0.51,97.71,1,-97.00,-6.00,33.00,11.00,27.00,10.00,13532687,197,16,0.500002,25.4778,52
339.87,1551794709,2730.97,51.48196888,7.43629746,153.37,0.00,0.00,95.43,1,-108.00,-9.00,4.00,9.00,19.00,6.00,13532686,195,17,1.70001,26.8776,43
362.29,1551794731,2785.40,51.48189540,7.43726185,147.27,10.88,0.00,96.67,1,-113.00,-10.00,-2.00,2.00,15.00,6.00,12973581,58,18,1.1,11.828,50
392.15,1551794761,2883.45,51.48177110,7.43864892,148.30,0.00,0.00,96.20,1,-110.00,-8.00,10.00,2.00,16.00,10.00,12973581,58,19,1.50001,20.1343,56
408.98,1551794778,2969.83,51.48169021,7.44014733,150.14,13.36,0.36,95.53,1,-108.00,-9.00,11.00,2.00,20.00,10.00,12973581,58,20,0.850003,17.7084,89
419.64,1551794788,3099.41,51.48136634,7.44194249,153.21,11.90,-0.61,126.56,1,-104.00,-7.00,13.00,9.00,19.00,9.00,12973581,58,21,0.550002,16.9231,45
429.55,1551794798,3216.21,51.48060346,7.44309998,159.80,10.21,-0.66,159.47,1,-99.00,-6.00,18.00,11.00,26.00,9.00,12973581,58,22,0.500002,22.8572,52
441.73,1551794810,3362.51,51.47937379,7.44389208,156.78,14.39,0.38,151.53,1,-93.00,-5.00,21.00,13.00,30.00,9.00,12973581,58,23,0.600002,28.2354,46
453.56,1551794822,3520.56,51.47813148,7.44495538,158.55,11.86,0.50,151.10,1,-79.00,-5.00,30.00,14.00,44.00,5.00,12973581,58,24,0.600002,26.6668,49
465.65,1551794834,3664.98,51.47698890,7.44594315,157.20,11.53,0.00,150.90,1,-92.00,-7.00,19.00,15.00,33.00,5.00,12973581,58,25,0.600002,17.5825,50
485.96,1551794855,3773.74,51.47622417,7.44658838,154.66,0.00,0.00,154.36,1,-87.00,-9.00,16.00,2.00,41.00,3.00,12973582,59,26,1,20.6186,55
496.64,1551794865,3773.74,51.47622417,7.44658838,154.83,0.00,0.00,154.36,1,-88.00,-7.00,16.00,12.00,39.00,3.00,12973582,59,27,0.550002,17.8138,66
511.91,1551794881,3863.63,51.47539854,7.44732230,163.95,10.31,-0.14,149.63,1,-90.00,-6.00,11.00,2.00,35.00,3.00,12973582,59,28,0.750003,24.0965,43
524.81,1551794893,4005.87,51.47435725,7.44851032,160.04,8.64,-0.79,140.59,1,-89.00,-6.00,17.00,2.00,44.00,4.00,12973582,59,29,0.650002,19.1177,52
549.73,1551794918,4329.80,51.47266956,7.45243563,161.58,18.59,0.43,108.87,1,-84.00,-6.00,22.00,10.00,41.00,5.00,13394191,136,30,1.25,28.5715,50
559.66,1551794928,4509.90,51.47227816,7.45494187,162.98,17.23,0.04,107.09,1,-88.00,-6.00,27.00,14.00,34.00,5.00,13394191,136,31,0.500002,14.5455,45
575.21,1551794944,4759.86,51.47141880,7.45807416,157.46,14.81,0.00,116.94,1,-89.00,-5.00,27.00,15.00,35.00,4.00,13394189,137,32,0.750003,7.30819,49
587.65,1551794956,4935.16,51.47069741,7.46048019,157.25,13.04,0.02,112.11,1,-89.00,-5.00,22.00,12.00,34.00,4.00,13394189,137,33,0.650002,19.5489,52
606.07,1551794975,5186.04,51.46977636,7.46371310,158.53,15.42,0.00,113.92,1,-96.00,-6.00,13.00,2.00,27.00,4.00,13394189,137,34,0.900003,16.1074,47
631.95,1551795001,5616.63,51.46970408,7.46988776,158.89,16.24,-0.02,80.69,1,-102.00,-7.00,0.00,10.00,23.00,10.00,13393935,266,35,1.3,18.4725,58
641.91,1551795011,5780.57,51.46982644,7.47226493,163.12,17.13,-0.32,91.31,1,-103.00,-8.00,-1.00,7.00,24.00,10.00,13393935,266,36,0.500002,8.26449,55
667.92,1551795037,6210.43,51.46964169,7.47839371,171.73,10.81,-2.62,78.38,1,-93.00,-10.00,6.00,8.00,36.00,10.00,13393922,319,37,1.3,19.9617,50
678.57,1551795047,6260.98,51.46974647,7.47898676,166.57,1.02,-0.80,76.25,1,-86.00,-6.00,27.00,10.00,41.00,10.00,13393922,319,38,0.550002,24.4445,57
700.49,1551795069,6387.38,51.47016297,7.48096239,171.34,12.13,0.68,71.60,1,-90.00,-6.00,24.00,11.00,36.00,10.00,13393922,319,39,1.05,24.8522,59
710.60,1551795079,6487.14,51.46979265,7.48190646,175.18,13.93,1.98,161.54,1,-96.00,-6.00,24.00,10.00,26.00,9.00,13393934,265,40,0.550002,21.675,58
725.94,1551795095,6694.06,51.46795305,7.48262232,176.48,13.14,-0.52,166.27,1,-106.00,-7.00,16.00,2.00,20.00,9.00,13393934,265,41,0.750003,13.73,50
848.55,1551795217,7555.58,51.46199953,7.48316978,176.96,13.07,-0.04,90.82,1,-106.00,-9.00,4.00,2.00,23.00,23.00,13394435,184,42,5.20002,21.2137,68
