114.55,1551361232,1239.32,51.48267566,7.41725025,150.32,14.66,-0.48,203.87,1,-109.00,-10.00,10.00,2.00,18.00,15.00,13392906,346,0,5.15002,21.1717,195
136.58,1551361254,1500.14,51.48145629,7.41842637,154.75,15.94,0.86,86.54,1,-98.00,-7.00,14.00,14.00,28.00,15.00,13392906,346,1,1.2,22.3777,41
185.49,1551361303,2173.88,51.48259066,7.42789322,142.69,12.46,1.49,83.84,1,-104.00,-7.00,12.00,11.00,22.00,10.00,13532687,197,2,2.40001,25.4643,39
194.39,1551361312,2288.55,51.48254981,7.42937934,143.99,14.07,0.00,95.24,1,-105.00,-7.00,9.00,7.00,18.00,8.00,13532687,197,3,0.500002,19.2308,42
205.35,1551361323,2409.42,51.48238978,7.43108850,148.01,3.16,0.00,97.58,1,-94.00,-5.00,20.00,14.00,28.00,8.00,13532687,197,4,0.550002,23.0367,42
218.31,1551361336,2417.44,51.48237431,7.43118274,148.27,0.00,0.00,101.33,1,-95.00,-5.00,21.00,11.00,29.00,8.00,13532687,197,5,0.650002,31.7074,38
229.31,1551361347,2417.44,51.48237431,7.43118274,148.27,0.00,0.00,101.33,1,-95.00,-7.00,22.00,13.00,34.00,8.00,13532687,197,6,0.550002,28.7583,35
239.29,1551361357,2417.44,51.48236826,7.43118602,147.63,0.00,0.00,101.33,1,-95.00,-5.00,24.00,11.00,32.00,8.00,13532687,197,7,0.500002,29.6297,43
259.39,1551361377,2517.64,51.48224080,7.43293211,141.63,10.26,0.00,96.82,1,-91.00,-6.00,15.00,11.00,33.00,8.00,13532687,197,8,1,32.787,42
286.89,1551361404,2828.00,51.48184623,7.43747049,147.76,8.99,-0.75,101.68,1,-107.00,-6.00,8.00,2.00,31.00,6.00,13532686,195,9,1.35001,20.2627,49
297.55,1551361415,2886.84,51.48179978,7.43828405,148.83,0.53,-2.03,75.41,1,-102.00,-7.00,7.00,8.00,23.00,7.00,13532686,195,10,0.550002,11.1112,30
321.65,1551361439,3026.06,51.48170434,7.44041042,152.44,2.77,-0.45,97.33,1,-105.00,-7.00,12.00,2.00,20.00,10.00,12973581,58,11,1.2,26.0871,36
334.06,1551361452,3053.43,51.48167909,7.44072304,152.40,0.00,0.00,101.54,1,-107.00,-6.00,14.00,14.00,17.00,9.00,12973581,58,12,0.550002,4.10067,411
344.41,1551361462,3053.43,51.48167909,7.44072304,152.32,0.00,0.00,101.54,1,-106.00,-6.00,11.00,10.00,17.00,9.00,12973581,58,13,0.600002,18.6771,44
357.57,1551361475,3143.39,51.48126552,7.44215275,158.74,11.52,0.65,130.52,1,-108.00,-6.00,14.00,12.00,18.00,9.00,12973581,58,14,0.650002,20.4725,36
371.67,1551361489,3316.48,51.47993788,7.44342163,163.97,13.14,0.30,151.18,1,-97.00,-7.00,17.00,2.00,41.00,8.00,12973581,58,15,0.700003,15.5125,40
381.30,1551361499,3455.41,51.47891837,7.44430378,163.67,14.78,0.00,151.51,1,-88.00,-6.00,33.00,14.00,37.00,6.00,12973581,58,16,0.500002,30.3031,41
391.36,1551361509,3599.31,51.47780170,7.44526964,164.31,13.81,0.00,151.23,1,-85.00,-5.00,32.00,14.00,41.00,6.00,12973581,58,17,0.500002,22.0995,65
405.90,1551361523,3768.56,51.47644799,7.44642955,165.38,5.19,-1.30,152.24,1,-96.00,-9.00,2.00,11.00,32.00,6.00,12973581,58,18,0.700003,10.0901,49
426.06,1551361544,3856.59,51.47577300,7.44700136,166.32,0.00,0.00,149.36,1,-88.00,-5.00,9.00,2.00,50.00,12.00,13394191,136,19,1,15.1229,68
437.36,1551361555,3895.58,51.47538872,7.44736360,167.18,2.11,0.00,147.80,1,-90.00,-7.00,10.00,14.00,35.00,4.00,12973582,59,20,0.600002,24.2425,38
451.33,1551361569,3975.41,51.47478378,7.44805491,167.43,8.58,0.00,142.54,1,-90.00,-6.00,17.00,1.00,35.00,4.00,12973582,59,21,0.700003,30.1076,33
471.54,1551361589,4010.70,51.47453746,7.44836410,167.79,0.00,0.00,141.98,1,-92.00,-5.00,15.00,2.00,31.00,4.00,12973582,59,22,1,39.6041,48
481.37,1551361599,4010.70,51.47453746,7.44836410,167.71,0.00,0.00,141.98,1,-91.00,-6.00,22.00,11.00,34.00,6.00,12973582,59,23,0.500002,18.1819,44
492.28,1551361610,4010.70,51.47457920,7.44845900,167.65,0.00,0.00,141.98,1,-93.00,-6.00,27.00,11.00,31.00,6.00,12973582,59,24,0.550002,30.1371,37
503.32,1551361621,4010.70,51.47453746,7.44836410,167.62,0.00,0.00,141.98,1,-92.00,-6.00,25.00,13.00,33.00,6.00,12973582,59,25,0.550002,26.1906,37
513.38,1551361631,4050.61,51.47419558,7.44881780,164.11,9.07,0.00,139.99,1,-91.00,-6.00,32.00,10.00,32.00,6.00,12973582,59,26,0.500002,17.4673,42
526.48,1551361644,4199.75,51.47329460,7.45038937,164.56,12.45,0.00,126.24,1,-88.00,-7.00,5.00,14.00,37.00,7.00,13394191,136,27,0.650002,17.9311,44
546.71,1551361664,4494.78,51.47237159,7.45455890,162.50,16.47,0.51,105.38,1,-90.00,-5.00,23.00,15.00,34.00,7.00,13394191,136,28,1,27.3974,37
559.37,1551361677,4680.78,51.47180983,7.45687338,161.82,12.13,0.00,114.17,1,-88.00,-6.00,18.00,14.00,33.00,4.00,13394189,137,29,0.650002,27.2252,53
570.35,1551361688,4809.04,51.47127199,7.45854656,157.08,11.94,0.00,115.77,1,-88.00,-6.00,23.00,14.00,40.00,4.00,13394189,137,30,0.550002,23.7839,43
582.36,1551361700,4955.50,51.47072793,7.46043838,155.13,11.23,0.00,111.90,1,-86.00,-5.00,24.00,13.00,37.00,4.00,13394189,137,31,0.600002,23.5295,38
594.35,1551361712,5099.79,51.47018003,7.46234023,157.44,12.87,0.00,115.26,1,-97.00,-6.00,9.00,14.00,28.00,4.00,13394189,137,32,0.600002,25.3969,43
604.40,1551361722,5238.83,51.46966853,7.46419509,157.89,15.09,0.00,111.09,1,-100.00,-7.00,6.00,10.00,25.00,4.00,13394189,137,33,0.500002,16.3935,44
636.07,1551361754,5784.11,51.46979873,7.47199814,162.33,18.58,0.00,90.25,1,-105.00,-8.00,3.00,11.00,20.00,9.00,13393935,266,34,1.55001,14.2039,46
660.77,1551361778,6175.47,51.46952289,7.47764557,175.04,5.77,-2.10,82.07,1,-106.00,-7.00,13.00,2.00,20.00,9.00,13393934,265,35,1.25,25.6411,55
676.61,1551361794,6198.92,51.46956252,7.47791465,177.25,0.00,0.00,82.46,1,-103.00,-6.00,12.00,2.00,34.00,9.00,13393934,265,36,0.800003,26.2296,48
687.34,1551361805,6242.42,51.46969531,7.47868081,180.55,9.84,0.00,76.25,1,-98.00,-6.00,13.00,10.00,27.00,9.00,13393934,265,37,0.550002,26.5061,51
701.37,1551361819,6396.14,51.47013457,7.48077743,178.32,11.21,0.00,71.14,1,-89.00,-5.00,23.00,15.00,34.00,9.00,13393934,265,38,0.700003,29.9466,54
712.33,1551361830,6475.80,51.47009527,7.48170297,181.09,9.69,0.00,159.76,1,-95.00,-6.00,22.00,12.00,32.00,9.00,13393934,265,39,0.550002,26.994,51
722.36,1551361840,6580.85,51.46913289,7.48212750,175.04,11.82,0.00,166.69,1,-96.00,-6.00,13.00,10.00,30.00,9.00,13393934,265,40,0.500002,22.472,46
739.50,1551361857,6767.91,51.46744460,7.48274808,171.40,10.34,4.38,172.39,1,-109.00,-7.00,13.00,15.00,19.00,9.00,13393934,265,41,0.850003,21.7253,46
866.53,1551361984,7566.12,51.46198922,7.48285174,176.30,9.93,-1.31,90.74,1,-112.00,-12.00,2.00,2.00,19.00,23.00,13394435,184,42,5.35002,6.84912,59
