19.03,1551275890,239.59,51.49070761,7.41589068,159.28,7.05,0.00,89.92,0,-86.00,-14.00,0.00,0.00,54.00,0.00,0,319
20.03,1551275891,246.64,51.49070093,7.41599050,158.40,4.24,0.00,91.79,0,-86.00,-14.00,0.00,0.00,54.00,0.00,0,319
21.03,1551275892,250.88,51.49069380,7.41604620,158.36,2.70,0.00,93.20,0,-86.00,-14.00,0.00,0.00,54.00,0.00,0,319
22.02,1551275893,253.56,51.49068589,7.41606226,158.35,1.25,0.00,93.20,0,-86.00,-14.00,0.00,0.00,54.00,0.00,0,319
23.02,1551275894,254.82,51.49067903,7.41608501,158.36,1.60,0.00,94.04,0,-87.00,-14.00,0.00,0.00,54.00,0.00,0,319
24.03,1551275895,256.43,51.49067403,7.41612108,158.36,2.86,0.00,92.22,0,-87.00,-14.00,0.00,0.00,54.00,0.00,0,319
25.03,1551275896,259.29,51.49066952,7.41618778,158.52,5.19,0.00,94.32,0,-87.00,-14.00,0.00,0.00,52.00,0.00,0,319
25.03,1551275896,259.30,51.49066952,7.41618778,158.52,5.19,0.00,94.32,0,-105.00,-17.00,0.00,0.00,41.00,0.00,0,59
26.03,1551275897,264.48,51.49066357,7.41626692,158.51,6.19,0.00,96.11,0,-87.00,-14.00,0.00,0.00,52.00,0.00,0,319
26.03,1551275897,264.48,51.49066357,7.41626692,158.51,6.19,0.00,96.11,0,-105.00,-17.00,0.00,0.00,41.00,0.00,0,59
27.03,1551275898,270.68,51.49065492,7.41636678,158.38,6.87,0.00,97.19,0,-128.00,-17.00,0.00,0.00,18.00,0.00,0,389
28.03,1551275899,277.54,51.49064393,7.41648206,158.75,6.97,0.00,99.30,0,-128.00,-17.00,0.00,0.00,18.00,0.00,0,389
43.32,1551275915,422.90,51.48968562,7.41748960,157.32,13.83,0.00,166.24,0,-97.00,-13.00,0.00,0.00,40.00,0.00,0,274
44.32,1551275916,436.73,51.48956460,7.41753071,156.93,13.42,0.00,166.97,0,-97.00,-13.00,0.00,0.00,40.00,0.00,0,274
45.32,1551275917,450.17,51.48943775,7.41757739,156.82,13.81,0.00,167.31,0,-90.00,-10.00,0.00,0.00,46.00,0.00,0,274
46.32,1551275918,463.98,51.48931432,7.41762548,157.09,14.21,0.00,167.73,0,-90.00,-10.00,0.00,0.00,46.00,0.00,0,274
47.32,1551275919,478.19,51.48919009,7.41766602,157.46,14.07,0.00,168.38,0,-90.00,-10.00,0.00,0.00,45.00,0.00,0,274
48.32,1551275920,492.26,51.48905386,7.41770562,157.73,14.45,0.00,169.75,0,-90.00,-10.00,0.00,0.00,45.00,0.00,0,274
49.32,1551275921,506.69,51.48892424,7.41773576,157.95,14.29,0.00,171.44,0,-93.00,-10.00,0.00,0.00,43.00,0.00,0,274
50.32,1551275922,520.98,51.48879165,7.41775675,158.16,14.36,0.00,173.95,0,-93.00,-10.00,0.00,0.00,43.00,0.00,0,274
51.32,1551275923,535.37,51.48866023,7.41776557,158.18,14.33,0.00,176.33,0,-94.00,-9.00,0.00,0.00,41.00,0.00,0,274
51.32,1551275923,535.39,51.48866023,7.41776557,158.18,14.33,0.00,176.33,0,-100.00,-15.00,0.00,0.00,40.00,0.00,0,197
52.32,1551275924,549.69,51.48852471,7.41776631,158.10,14.64,0.00,178.23,0,-94.00,-9.00,0.00,0.00,41.00,0.00,0,274
52.32,1551275924,549.71,51.48852471,7.41776631,158.10,14.64,0.00,178.23,0,-100.00,-15.00,0.00,0.00,40.00,0.00,0,197
53.32,1551275925,564.32,51.48838541,7.41775878,157.78,14.60,0.00,179.94,0,-93.00,-9.00,0.00,0.00,41.00,0.00,0,274
54.32,1551275926,578.92,51.48824264,7.41774839,157.83,14.98,0.00,180.91,0,-93.00,-9.00,0.00,0.00,41.00,0.00,0,274
55.33,1551275927,594.01,51.48811027,7.41773096,157.99,14.84,0.00,181.83,0,-97.00,-14.00,0.00,0.00,42.00,0.00,0,275
56.32,1551275928,608.74,51.48798591,7.41771714,157.83,14.88,0.00,181.44,0,-97.00,-14.00,0.00,0.00,42.00,0.00,0,275
57.32,1551275929,623.64,51.48786396,7.41771057,157.57,14.82,0.00,180.19,0,-97.00,-14.00,0.00,0.00,42.00,0.00,0,275
58.32,1551275930,638.39,51.48774472,7.41770842,157.40,14.79,0.00,179.00,0,-92.00,-12.00,0.00,0.00,47.00,0.00,0,171
58.32,1551275930,638.40,51.48774472,7.41770842,157.40,14.79,0.00,179.00,0,-93.00,-13.00,0.00,0.00,47.00,0.00,0,319
59.32,1551275931,653.27,51.48762033,7.41772086,156.89,15.14,0.00,176.25,0,-92.00,-12.00,0.00,0.00,47.00,0.00,0,171
59.32,1551275931,653.27,51.48762033,7.41772086,156.89,15.14,0.00,176.25,0,-93.00,-13.00,0.00,0.00,47.00,0.00,0,319
62.32,1551275934,697.94,51.48725581,7.41801548,155.38,15.45,0.00,140.52,0,-104.00,-16.00,0.00,0.00,37.00,0.00,0,65
62.32,1551275934,697.95,51.48725581,7.41801548,155.38,15.45,0.00,140.52,0,-104.00,-16.00,0.00,0.00,37.00,0.00,0,385
62.32,1551275934,697.95,51.48725581,7.41801548,155.38,15.45,0.00,140.52,0,-104.00,-17.00,0.00,0.00,38.00,0.00,0,51
63.32,1551275935,713.34,51.48715003,7.41815948,155.18,15.29,0.00,139.20,0,-104.00,-16.00,0.00,0.00,37.00,0.00,0,65
63.32,1551275935,713.35,51.48715003,7.41815948,155.18,15.29,0.00,139.20,0,-104.00,-16.00,0.00,0.00,37.00,0.00,0,385
63.32,1551275935,713.35,51.48715003,7.41815948,155.18,15.29,0.00,139.20,0,-104.00,-17.00,0.00,0.00,38.00,0.00,0,51
64.32,1551275936,728.66,51.48705482,7.41830379,154.75,14.81,0.00,137.57,0,-104.00,-14.00,0.00,0.00,35.00,0.00,0,51
65.32,1551275937,743.40,51.48696314,7.41844704,153.88,14.50,0.00,138.01,0,-104.00,-14.00,0.00,0.00,35.00,0.00,0,51
66.32,1551275938,757.98,51.48684925,7.41855731,152.67,14.03,0.00,151.19,0,-96.00,-12.00,0.00,0.00,43.00,0.00,0,171
66.32,1551275938,757.99,51.48684925,7.41855731,152.67,14.03,0.00,151.19,0,-97.00,-13.00,0.00,0.00,43.00,0.00,0,319
66.32,1551275938,757.99,51.48684925,7.41855731,152.67,14.03,0.00,151.19,0,-103.00,-19.00,0.00,0.00,43.00,0.00,0,146
67.32,1551275939,772.01,51.48672984,7.41865782,151.51,14.12,0.00,154.21,0,-96.00,-12.00,0.00,0.00,43.00,0.00,0,171
67.32,1551275939,772.02,51.48672984,7.41865782,151.51,14.12,0.00,154.21,0,-97.00,-13.00,0.00,0.00,43.00,0.00,0,319
67.32,1551275939,772.02,51.48672984,7.41865782,151.51,14.12,0.00,154.21,0,-103.00,-19.00,0.00,0.00,43.00,0.00,0,146
68.31,1551275940,786.03,51.48659989,7.41870416,149.91,14.09,0.00,170.34,0,-92.00,-12.00,0.00,0.00,48.00,0.00,0,171
68.31,1551275940,786.03,51.48659989,7.41870416,149.91,14.09,0.00,170.34,0,-94.00,-16.00,0.00,0.00,48.00,0.00,0,319
68.31,1551275940,786.03,51.48659989,7.41870416,149.91,14.09,0.00,170.34,0,-98.00,-20.00,0.00,0.00,48.00,0.00,0,146
69.32,1551275941,800.22,51.48647201,7.41873234,148.89,13.44,0.00,173.60,0,-92.00,-12.00,0.00,0.00,48.00,0.00,0,171
69.32,1551275941,800.23,51.48647201,7.41873234,148.89,13.44,0.00,173.60,0,-94.00,-16.00,0.00,0.00,48.00,0.00,0,319
69.32,1551275941,800.24,51.48647201,7.41873234,148.89,13.44,0.00,173.60,0,-98.00,-20.00,0.00,0.00,48.00,0.00,0,146
79.32,1551275951,911.02,51.48551975,7.41859803,145.80,9.89,0.00,165.30,0,-99.00,-11.00,0.00,0.00,39.00,0.00,0,171
79.32,1551275951,911.03,51.48551975,7.41859803,145.80,9.89,0.00,165.30,0,-102.00,-15.00,0.00,0.00,39.00,0.00,0,319
79.32,1551275951,911.04,51.48551975,7.41859803,145.80,9.89,0.00,165.30,0,-102.00,-14.00,0.00,0.00,39.00,0.00,0,146
80.32,1551275952,920.92,51.48543020,7.41863581,145.97,9.46,0.00,163.14,0,-99.00,-11.00,0.00,0.00,39.00,0.00,0,171
80.32,1551275952,920.92,51.48543020,7.41863581,145.97,9.46,0.00,163.14,0,-102.00,-15.00,0.00,0.00,39.00,0.00,0,319
80.32,1551275952,920.93,51.48543020,7.41863581,145.97,9.46,0.00,163.14,0,-102.00,-14.00,0.00,0.00,39.00,0.00,0,146
81.32,1551275953,930.37,51.48534861,7.41868274,146.15,9.48,0.00,160.16,0,-97.00,-13.00,0.00,0.00,42.00,0.00,0,171
81.32,1551275953,930.38,51.48534861,7.41868274,146.15,9.48,0.00,160.16,0,-101.00,-18.00,0.00,0.00,43.00,0.00,0,146
81.32,1551275953,930.39,51.48534861,7.41868274,146.15,9.48,0.00,160.16,0,-101.00,-22.00,0.00,0.00,46.00,0.00,0,61
82.32,1551275954,939.85,51.48526395,7.41873985,146.09,9.82,0.00,157.79,0,-97.00,-13.00,0.00,0.00,42.00,0.00,0,171
82.32,1551275954,939.86,51.48526395,7.41873985,146.09,9.82,0.00,157.79,0,-101.00,-18.00,0.00,0.00,43.00,0.00,0,146
82.32,1551275954,939.87,51.48526395,7.41873985,146.09,9.82,0.00,157.79,0,-101.00,-22.00,0.00,0.00,46.00,0.00,0,61
85.32,1551275957,969.32,51.48501307,7.41892201,147.02,10.08,0.00,160.49,0,-86.00,-15.00,0.00,0.00,56.00,0.00,0,319
86.32,1551275958,979.40,51.48491860,7.41892857,147.43,11.38,0.00,178.76,0,-86.00,-15.00,0.00,0.00,56.00,0.00,0,319
87.32,1551275959,990.78,51.48481543,7.41893885,147.99,11.21,0.00,179.85,0,-89.00,-14.00,0.00,0.00,52.00,0.00,0,319
88.32,1551275960,1002.00,51.48470817,7.41893995,148.51,11.59,0.00,181.76,0,-89.00,-14.00,0.00,0.00,52.00,0.00,0,319
89.32,1551275961,1013.58,51.48459404,7.41892563,148.79,12.15,0.00,184.90,0,-97.00,-14.00,0.00,0.00,43.00,0.00,0,319
90.32,1551275962,1025.74,51.48447232,7.41886971,148.83,13.29,0.00,197.61,0,-97.00,-14.00,0.00,0.00,43.00,0.00,0,319
91.32,1551275963,1039.03,51.48433650,7.41879490,148.32,14.50,0.00,199.71,0,-90.00,-15.00,0.00,0.00,51.00,0.00,0,319
92.32,1551275964,1053.53,51.48420563,7.41870876,147.70,15.07,0.00,202.88,0,-90.00,-15.00,0.00,0.00,51.00,0.00,0,319
93.32,1551275965,1068.60,51.48407522,7.41860751,147.12,14.97,0.00,206.22,0,-100.00,-17.00,0.00,0.00,43.00,0.00,0,319
94.32,1551275966,1083.57,51.48396158,7.41850204,146.78,14.98,0.00,208.93,0,-100.00,-17.00,0.00,0.00,43.00,0.00,0,319
95.32,1551275967,1098.56,51.48385215,7.41838889,146.59,14.91,0.00,210.71,0,-105.00,-17.00,0.00,0.00,38.00,0.00,0,146
95.32,1551275967,1098.58,51.48385215,7.41838889,146.59,14.91,0.00,210.71,0,-105.00,-17.00,0.00,0.00,37.00,0.00,0,306
95.32,1551275967,1098.59,51.48385215,7.41838889,146.59,14.91,0.00,210.71,0,-105.00,-16.00,0.00,0.00,37.00,0.00,0,339
96.32,1551275968,1113.47,51.48375094,7.41828364,146.54,13.46,0.00,211.53,0,-105.00,-17.00,0.00,0.00,38.00,0.00,0,146
96.32,1551275968,1113.49,51.48375094,7.41828364,146.54,13.46,0.00,211.53,0,-105.00,-17.00,0.00,0.00,37.00,0.00,0,306
96.32,1551275968,1113.49,51.48375094,7.41828364,146.54,13.46,0.00,211.53,0,-105.00,-16.00,0.00,0.00,37.00,0.00,0,339
100.32,1551275972,1160.93,51.48343379,7.41791543,147.89,9.57,0.00,212.71,0,-104.00,-13.00,0.00,0.00,35.00,0.00,0,146
100.32,1551275972,1160.94,51.48343379,7.41791543,147.89,9.57,0.00,212.71,0,-106.00,-14.00,0.00,0.00,34.00,0.00,0,306
100.33,1551275972,1160.95,51.48343379,7.41791543,147.89,9.57,0.00,212.71,0,-108.00,-17.00,0.00,0.00,35.00,0.00,0,377
100.33,1551275972,1160.95,51.48343379,7.41791543,147.89,9.57,0.00,212.71,0,-127.00,-21.00,0.00,0.00,24.00,0.00,0,413
100.33,1551275972,1160.96,51.48343379,7.41791543,147.89,9.57,0.00,212.71,0,-127.00,-20.00,0.00,0.00,24.00,0.00,0,59
100.33,1551275972,1160.97,51.48343379,7.41791543,147.89,9.57,0.00,212.71,0,-127.00,-21.00,0.00,0.00,24.00,0.00,0,390
101.32,1551275973,1170.50,51.48336744,7.41783534,148.26,9.47,0.00,212.81,0,-104.00,-13.00,0.00,0.00,35.00,0.00,0,146
101.32,1551275973,1170.51,51.48336744,7.41783534,148.26,9.47,0.00,212.81,0,-106.00,-14.00,0.00,0.00,34.00,0.00,0,306
101.33,1551275973,1170.52,51.48336744,7.41783534,148.26,9.47,0.00,212.81,0,-108.00,-17.00,0.00,0.00,35.00,0.00,0,377
101.33,1551275973,1170.52,51.48336744,7.41783534,148.26,9.47,0.00,212.81,0,-127.00,-21.00,0.00,0.00,24.00,0.00,0,413
101.33,1551275973,1170.53,51.48336744,7.41783534,148.26,9.47,0.00,212.81,0,-127.00,-20.00,0.00,0.00,24.00,0.00,0,59
101.33,1551275973,1170.54,51.48336744,7.41783534,148.26,9.47,0.00,212.81,0,-127.00,-21.00,0.00,0.00,24.00,0.00,0,390
102.32,1551275974,1179.95,51.48330099,7.41775895,148.60,9.27,0.00,212.18,0,-104.00,-14.00,0.00,0.00,35.00,0.00,0,146
102.32,1551275974,1179.96,51.48330099,7.41775895,148.60,9.27,0.00,212.18,0,-106.00,-15.00,0.00,0.00,34.00,0.00,0,339
102.32,1551275974,1179.97,51.48330099,7.41775895,148.60,9.27,0.00,212.18,0,-108.00,-17.00,0.00,0.00,35.00,0.00,0,266
102.32,1551275974,1179.97,51.48330099,7.41775895,148.60,9.27,0.00,212.18,0,-128.00,-21.00,0.00,0.00,23.00,0.00,0,59
103.32,1551275975,1189.23,51.48323343,7.41768118,148.83,9.13,0.00,211.28,0,-104.00,-14.00,0.00,0.00,35.00,0.00,0,146
103.32,1551275975,1189.24,51.48323343,7.41768118,148.83,9.13,0.00,211.28,0,-106.00,-15.00,0.00,0.00,34.00,0.00,0,339
103.32,1551275975,1189.25,51.48323343,7.41768118,148.83,9.13,0.00,211.28,0,-108.00,-17.00,0.00,0.00,35.00,0.00,0,266
103.32,1551275975,1189.25,51.48323343,7.41768118,148.83,9.13,0.00,211.28,0,-128.00,-21.00,0.00,0.00,23.00,0.00,0,59
104.32,1551275976,1198.35,51.48316662,7.41761236,148.98,9.02,0.00,209.86,0,-108.00,-18.00,0.00,0.00,36.00,0.00,0,377
104.32,1551275976,1198.36,51.48316662,7.41761236,148.98,9.02,0.00,209.86,0,-106.00,-16.00,0.00,0.00,36.00,0.00,0,171
104.32,1551275976,1198.36,51.48316662,7.41761236,148.98,9.02,0.00,209.86,0,-109.00,-20.00,0.00,0.00,36.00,0.00,0,375
105.32,1551275977,1207.37,51.48309657,7.41754686,148.74,8.60,0.00,208.34,0,-108.00,-18.00,0.00,0.00,36.00,0.00,0,377
105.32,1551275977,1207.38,51.48309657,7.41754686,148.74,8.60,0.00,208.34,0,-106.00,-16.00,0.00,0.00,36.00,0.00,0,171
105.32,1551275977,1207.38,51.48309657,7.41754686,148.74,8.60,0.00,208.34,0,-109.00,-20.00,0.00,0.00,36.00,0.00,0,375
108.32,1551275980,1232.64,51.48290513,7.41739423,148.33,7.74,0.00,204.91,0,-101.00,-10.00,0.00,0.00,34.00,0.00,0,61
108.32,1551275980,1232.64,51.48290513,7.41739423,148.33,7.74,0.00,204.91,0,-108.00,-16.00,0.00,0.00,33.00,0.00,0,319
108.32,1551275980,1232.65,51.48290513,7.41739423,148.33,7.74,0.00,204.91,0,-107.00,-15.00,0.00,0.00,34.00,0.00,0,266
109.32,1551275981,1240.38,51.48284983,7.41734633,148.28,7.65,0.00,204.23,0,-101.00,-10.00,0.00,0.00,34.00,0.00,0,61
109.32,1551275981,1240.38,51.48284983,7.41734633,148.28,7.65,0.00,204.23,0,-108.00,-16.00,0.00,0.00,33.00,0.00,0,319
109.32,1551275981,1240.39,51.48284983,7.41734633,148.28,7.65,0.00,204.23,0,-107.00,-15.00,0.00,0.00,34.00,0.00,0,266
110.32,1551275982,1248.02,51.48278703,7.41729591,148.40,7.78,0.00,203.51,0,-101.00,-11.00,0.00,0.00,36.00,0.00,0,61
110.32,1551275982,1248.03,51.48278703,7.41729591,148.40,7.78,0.00,203.51,0,-106.00,-16.00,0.00,0.00,35.00,0.00,0,266
110.32,1551275982,1248.04,51.48278703,7.41729591,148.40,7.78,0.00,203.51,0,-110.00,-19.00,0.00,0.00,35.00,0.00,0,171
111.32,1551275983,1255.80,51.48272762,7.41724657,148.46,7.79,0.00,202.73,0,-101.00,-11.00,0.00,0.00,36.00,0.00,0,61
111.32,1551275983,1255.81,51.48272762,7.41724657,148.46,7.79,0.00,202.73,0,-106.00,-16.00,0.00,0.00,35.00,0.00,0,266
111.32,1551275983,1255.82,51.48272762,7.41724657,148.46,7.79,0.00,202.73,0,-110.00,-19.00,0.00,0.00,35.00,0.00,0,171
112.32,1551275984,1263.59,51.48266282,7.41719536,148.50,8.06,0.00,202.11,0,-101.00,-11.00,0.00,0.00,35.00,0.00,0,61
112.32,1551275984,1263.60,51.48266282,7.41719536,148.50,8.06,0.00,202.11,0,-107.00,-16.00,0.00,0.00,35.00,0.00,0,266
113.32,1551275985,1271.67,51.48259171,7.41714369,148.62,8.84,0.00,201.49,0,-101.00,-11.00,0.00,0.00,35.00,0.00,0,61
113.32,1551275985,1271.67,51.48259171,7.41714369,148.62,8.84,0.00,201.49,0,-107.00,-16.00,0.00,0.00,35.00,0.00,0,266
114.32,1551275986,1280.50,51.48250674,7.41709066,148.58,9.48,0.00,200.96,0,-102.00,-12.00,0.00,0.00,36.00,0.00,0,61
115.32,1551275987,1289.98,51.48242493,7.41703659,148.67,10.56,0.00,200.36,0,-102.00,-12.00,0.00,0.00,36.00,0.00,0,61
116.32,1551275988,1300.53,51.48232566,7.41698008,148.56,10.87,0.00,199.86,0,-105.00,-14.00,0.00,0.00,35.00,0.00,0,266
117.32,1551275989,1311.40,51.48223207,7.41692831,148.31,10.75,0.00,199.38,0,-105.00,-14.00,0.00,0.00,35.00,0.00,0,266
118.33,1551275990,1322.27,51.48213468,7.41687639,148.15,11.19,0.00,198.94,0,-104.00,-15.00,0.00,0.00,37.00,0.00,0,171
118.33,1551275990,1322.27,51.48213468,7.41687639,148.15,11.19,0.00,198.94,0,-106.00,-17.00,0.00,0.00,36.00,0.00,0,61
118.33,1551275990,1322.29,51.48213468,7.41687639,148.15,11.19,0.00,198.94,0,-104.00,-15.00,0.00,0.00,36.00,0.00,0,266
119.32,1551275991,1333.35,51.48203634,7.41682444,148.38,12.24,0.00,199.35,0,-104.00,-15.00,0.00,0.00,37.00,0.00,0,171
119.32,1551275991,1333.35,51.48203634,7.41682444,148.38,12.24,0.00,199.35,0,-106.00,-17.00,0.00,0.00,36.00,0.00,0,61
119.32,1551275991,1333.36,51.48203634,7.41682444,148.38,12.24,0.00,199.35,0,-104.00,-15.00,0.00,0.00,36.00,0.00,0,266
120.38,1551275992,1346.26,51.48193631,7.41677042,149.07,12.40,0.00,199.88,0,-102.00,-14.00,0.00,0.00,37.00,0.00,0,171
120.38,1551275992,1346.26,51.48193631,7.41677042,149.07,12.40,0.00,199.88,0,-100.00,-12.00,0.00,0.00,37.00,0.00,0,27
120.38,1551275992,1346.27,51.48193631,7.41677042,149.07,12.40,0.00,199.88,0,-106.00,-18.00,0.00,0.00,37.00,0.00,0,266
121.32,1551275993,1357.96,51.48183932,7.41671513,149.59,11.19,0.00,200.26,0,-102.00,-14.00,0.00,0.00,37.00,0.00,0,171
121.32,1551275993,1357.97,51.48183932,7.41671513,149.59,11.19,0.00,200.26,0,-100.00,-12.00,0.00,0.00,37.00,0.00,0,27
121.32,1551275993,1357.98,51.48183932,7.41671513,149.59,11.19,0.00,200.26,0,-106.00,-18.00,0.00,0.00,37.00,0.00,0,266
122.32,1551275994,1369.16,51.48176400,7.41667159,150.54,9.00,0.00,200.68,0,-102.00,-14.00,0.00,0.00,37.00,0.00,0,171
122.32,1551275994,1369.16,51.48176400,7.41667159,150.54,9.00,0.00,200.68,0,-100.00,-12.00,0.00,0.00,37.00,0.00,0,27
122.32,1551275994,1369.17,51.48176400,7.41667159,150.54,9.00,0.00,200.68,0,-106.00,-18.00,0.00,0.00,37.00,0.00,0,266
123.32,1551275995,1378.15,51.48169388,7.41663129,151.76,7.44,0.00,200.71,0,-93.00,-12.00,0.00,0.00,45.00,0.00,0,171
123.32,1551275995,1378.15,51.48169388,7.41663129,151.76,7.44,0.00,200.71,0,-99.00,-19.00,0.00,0.00,46.00,0.00,0,27
124.32,1551275996,1385.58,51.48163751,7.41659954,152.92,6.48,0.00,200.73,0,-93.00,-12.00,0.00,0.00,45.00,0.00,0,171
124.32,1551275996,1385.59,51.48163751,7.41659954,152.92,6.48,0.00,200.73,0,-99.00,-19.00,0.00,0.00,46.00,0.00,0,27
125.33,1551275997,1392.13,51.48158239,7.41656677,153.73,6.48,0.00,199.15,0,-98.00,-16.00,0.00,0.00,43.00,0.00,0,146
125.33,1551275997,1392.14,51.48158239,7.41656677,153.73,6.48,0.00,199.15,0,-98.00,-14.00,0.00,0.00,42.00,0.00,0,27
125.33,1551275997,1392.14,51.48158239,7.41656677,153.73,6.48,0.00,199.15,0,-99.00,-15.00,0.00,0.00,42.00,0.00,0,134
126.32,1551275998,1398.55,51.48153439,7.41656798,154.45,6.32,0.00,178.46,0,-98.00,-16.00,0.00,0.00,43.00,0.00,0,146
126.32,1551275998,1398.56,51.48153439,7.41656798,154.45,6.32,0.00,178.46,0,-98.00,-14.00,0.00,0.00,42.00,0.00,0,27
126.32,1551275998,1398.56,51.48153439,7.41656798,154.45,6.32,0.00,178.46,0,-99.00,-15.00,0.00,0.00,42.00,0.00,0,134
127.33,1551275999,1404.95,51.48146907,7.41663628,155.09,7.02,0.00,143.77,0,-90.00,-10.00,0.00,0.00,46.00,0.00,0,27
127.34,1551275999,1404.96,51.48146907,7.41663628,155.09,7.02,0.00,143.77,0,-95.00,-14.00,0.00,0.00,46.00,0.00,0,146
127.34,1551275999,1404.96,51.48146907,7.41663628,155.09,7.02,0.00,143.77,0,-96.00,-15.00,0.00,0.00,46.00,0.00,0,134
128.32,1551276000,1411.86,51.48143829,7.41672118,155.83,8.16,0.00,115.84,0,-90.00,-10.00,0.00,0.00,46.00,0.00,0,27
128.32,1551276000,1411.86,51.48143829,7.41672118,155.83,8.16,0.00,115.84,0,-95.00,-14.00,0.00,0.00,46.00,0.00,0,146
128.32,1551276000,1411.86,51.48143829,7.41672118,155.83,8.16,0.00,115.84,0,-96.00,-15.00,0.00,0.00,46.00,0.00,0,134
129.32,1551276001,1420.06,51.48143987,7.41685048,156.13,9.55,0.00,89.71,0,-93.00,-16.00,0.00,0.00,49.00,0.00,0,146
129.32,1551276001,1420.07,51.48143987,7.41685048,156.13,9.55,0.00,89.71,0,-95.00,-17.00,0.00,0.00,49.00,0.00,0,171
129.33,1551276001,1420.08,51.48143987,7.41685048,156.13,9.55,0.00,89.71,0,-92.00,-16.00,0.00,0.00,54.00,0.00,0,137
130.32,1551276002,1429.59,51.48143673,7.41699999,156.40,10.38,0.00,88.40,0,-93.00,-16.00,0.00,0.00,49.00,0.00,0,146
130.32,1551276002,1429.60,51.48143673,7.41699999,156.40,10.38,0.00,88.40,0,-95.00,-17.00,0.00,0.00,49.00,0.00,0,171
130.32,1551276002,1429.60,51.48143673,7.41699999,156.40,10.38,0.00,88.40,0,-92.00,-16.00,0.00,0.00,54.00,0.00,0,137
131.32,1551276003,1439.93,51.48144225,7.41716484,156.64,11.49,0.00,87.11,0,-92.00,-16.00,0.00,0.00,54.00,0.00,0,137
132.32,1551276004,1451.44,51.48145223,7.41734324,156.97,13.05,0.00,84.73,0,-92.00,-16.00,0.00,0.00,54.00,0.00,0,137
133.32,1551276005,1464.53,51.48146589,7.41752528,157.12,13.73,0.00,83.77,0,-92.00,-13.00,0.00,0.00,47.00,0.00,0,134
133.32,1551276005,1464.53,51.48146589,7.41752528,157.12,13.73,0.00,83.77,0,-93.00,-13.00,0.00,0.00,45.00,0.00,0,171
133.32,1551276005,1464.54,51.48146589,7.41752528,157.12,13.73,0.00,83.77,0,-88.00,-10.00,0.00,0.00,51.00,0.00,0,137
133.32,1551276005,1464.56,51.48146589,7.41752528,157.12,13.73,0.00,83.77,0,-91.00,-12.00,0.00,0.00,50.00,0.00,0,274
134.32,1551276006,1478.24,51.48147976,7.41772425,157.39,13.59,0.00,82.87,0,-92.00,-13.00,0.00,0.00,47.00,0.00,0,134
134.32,1551276006,1478.25,51.48147976,7.41772425,157.39,13.59,0.00,82.87,0,-93.00,-13.00,0.00,0.00,45.00,0.00,0,171
134.32,1551276006,1478.27,51.48147976,7.41772425,157.39,13.59,0.00,82.87,0,-88.00,-10.00,0.00,0.00,51.00,0.00,0,137
134.32,1551276006,1478.28,51.48147976,7.41772425,157.39,13.59,0.00,82.87,0,-91.00,-12.00,0.00,0.00,50.00,0.00,0,274
135.32,1551276007,1491.84,51.48149169,7.41792752,157.36,13.76,0.00,83.89,0,-93.00,-11.00,0.00,0.00,44.00,0.00,0,171
135.32,1551276007,1491.84,51.48149169,7.41792752,157.36,13.76,0.00,83.89,0,-95.00,-14.00,0.00,0.00,44.00,0.00,0,134
135.32,1551276007,1491.86,51.48149169,7.41792752,157.36,13.76,0.00,83.89,0,-96.00,-14.00,0.00,0.00,43.00,0.00,0,61
135.32,1551276007,1491.87,51.48149169,7.41792752,157.36,13.76,0.00,83.89,0,-86.00,-8.00,0.00,0.00,52.00,0.00,0,137
136.32,1551276008,1505.59,51.48150172,7.41813529,156.98,14.13,0.00,85.01,0,-93.00,-11.00,0.00,0.00,44.00,0.00,0,171
136.32,1551276008,1505.60,51.48150172,7.41813529,156.98,14.13,0.00,85.01,0,-95.00,-14.00,0.00,0.00,44.00,0.00,0,134
136.32,1551276008,1505.62,51.48150172,7.41813529,156.98,14.13,0.00,85.01,0,-96.00,-14.00,0.00,0.00,43.00,0.00,0,61
136.32,1551276008,1505.62,51.48150172,7.41813529,156.98,14.13,0.00,85.01,0,-86.00,-8.00,0.00,0.00,52.00,0.00,0,137
137.32,1551276009,1519.71,51.48150940,7.41833979,156.37,14.47,0.00,85.59,0,-91.00,-9.00,0.00,0.00,48.00,0.00,0,274
137.32,1551276009,1519.72,51.48150940,7.41833979,156.37,14.47,0.00,85.59,0,-93.00,-13.00,0.00,0.00,49.00,0.00,0,137
138.32,1551276010,1534.17,51.48151679,7.41855878,155.90,14.62,0.00,86.40,0,-91.00,-9.00,0.00,0.00,48.00,0.00,0,274
138.32,1551276010,1534.19,51.48151679,7.41855878,155.90,14.62,0.00,86.40,0,-93.00,-13.00,0.00,0.00,49.00,0.00,0,137
139.32,1551276011,1548.83,51.48152319,7.41877204,155.54,15.15,0.00,86.04,0,-89.00,-10.00,0.00,0.00,46.00,0.00,0,61
139.32,1551276011,1548.83,51.48152319,7.41877204,155.54,15.15,0.00,86.04,0,-93.00,-12.00,0.00,0.00,45.00,0.00,0,458
139.32,1551276011,1548.84,51.48152319,7.41877204,155.54,15.15,0.00,86.04,0,-90.00,-11.00,0.00,0.00,52.00,0.00,0,274
139.32,1551276011,1548.86,51.48152319,7.41877204,155.54,15.15,0.00,86.04,0,-90.00,-12.00,0.00,0.00,51.00,0.00,0,386
140.32,1551276012,1563.96,51.48153007,7.41899666,155.00,15.13,0.00,85.66,0,-89.00,-10.00,0.00,0.00,46.00,0.00,0,61
140.32,1551276012,1563.97,51.48153007,7.41899666,155.00,15.13,0.00,85.66,0,-93.00,-12.00,0.00,0.00,45.00,0.00,0,458
140.32,1551276012,1563.99,51.48153007,7.41899666,155.00,15.13,0.00,85.66,0,-90.00,-11.00,0.00,0.00,52.00,0.00,0,274
140.32,1551276012,1563.99,51.48153007,7.41899666,155.00,15.13,0.00,85.66,0,-90.00,-12.00,0.00,0.00,51.00,0.00,0,386
141.33,1551276013,1579.22,51.48153791,7.41921617,154.44,15.29,0.00,85.09,0,-90.00,-11.00,0.00,0.00,48.00,0.00,0,134
141.33,1551276013,1579.24,51.48153791,7.41921617,154.44,15.29,0.00,85.09,0,-95.00,-16.00,0.00,0.00,47.00,0.00,0,306
141.33,1551276013,1579.25,51.48153791,7.41921617,154.44,15.29,0.00,85.09,0,-95.00,-16.00,0.00,0.00,46.00,0.00,0,61
141.33,1551276013,1579.27,51.48153791,7.41921617,154.44,15.29,0.00,85.09,0,-89.00,-10.00,0.00,0.00,51.00,0.00,0,386
141.33,1551276013,1579.27,51.48153791,7.41921617,154.44,15.29,0.00,85.09,0,-89.00,-12.00,0.00,0.00,52.00,0.00,0,274
142.32,1551276014,1594.40,51.48154904,7.41945068,153.79,15.33,0.00,85.47,0,-90.00,-11.00,0.00,0.00,48.00,0.00,0,134
142.32,1551276014,1594.40,51.48154904,7.41945068,153.79,15.33,0.00,85.47,0,-95.00,-16.00,0.00,0.00,47.00,0.00,0,306
142.32,1551276014,1594.42,51.48154904,7.41945068,153.79,15.33,0.00,85.47,0,-95.00,-16.00,0.00,0.00,46.00,0.00,0,61
142.33,1551276014,1594.43,51.48154904,7.41945068,153.79,15.33,0.00,85.47,0,-89.00,-10.00,0.00,0.00,51.00,0.00,0,386
142.33,1551276014,1594.43,51.48154904,7.41945068,153.79,15.33,0.00,85.47,0,-89.00,-12.00,0.00,0.00,52.00,0.00,0,274
143.32,1551276015,1609.72,51.48156072,7.41968402,153.42,15.74,0.00,85.80,0,-90.00,-11.00,0.00,0.00,48.00,0.00,0,134
143.32,1551276015,1609.72,51.48156072,7.41968402,153.42,15.74,0.00,85.80,0,-95.00,-16.00,0.00,0.00,47.00,0.00,0,306
143.32,1551276015,1609.73,51.48156072,7.41968402,153.42,15.74,0.00,85.80,0,-95.00,-16.00,0.00,0.00,46.00,0.00,0,61
143.32,1551276015,1609.75,51.48156072,7.41968402,153.42,15.74,0.00,85.80,0,-89.00,-10.00,0.00,0.00,51.00,0.00,0,386
143.32,1551276015,1609.75,51.48156072,7.41968402,153.42,15.74,0.00,85.80,0,-89.00,-12.00,0.00,0.00,52.00,0.00,0,274
144.32,1551276016,1625.38,51.48157315,7.41989439,153.25,15.43,0.00,85.73,0,-91.00,-14.00,0.00,0.00,48.00,0.00,0,134
144.32,1551276016,1625.38,51.48157315,7.41989439,153.25,15.43,0.00,85.73,0,-95.00,-18.00,0.00,0.00,48.00,0.00,0,339
144.32,1551276016,1625.38,51.48157315,7.41989439,153.25,15.43,0.00,85.73,0,-94.00,-17.00,0.00,0.00,48.00,0.00,0,306
145.32,1551276017,1640.87,51.48158477,7.42011266,153.01,15.03,0.00,85.28,0,-91.00,-14.00,0.00,0.00,48.00,0.00,0,134
145.32,1551276017,1640.88,51.48158477,7.42011266,153.01,15.03,0.00,85.28,0,-95.00,-18.00,0.00,0.00,48.00,0.00,0,339
145.32,1551276017,1640.88,51.48158477,7.42011266,153.01,15.03,0.00,85.28,0,-94.00,-17.00,0.00,0.00,48.00,0.00,0,306
146.32,1551276018,1655.90,51.48160028,7.42033303,152.51,14.97,0.00,85.48,0,-96.00,-16.00,0.00,0.00,46.00,0.00,0,61
146.32,1551276018,1655.90,51.48160028,7.42033303,152.51,14.97,0.00,85.48,0,-96.00,-16.00,0.00,0.00,46.00,0.00,0,27
146.32,1551276018,1655.91,51.48160028,7.42033303,152.51,14.97,0.00,85.48,0,-96.00,-16.00,0.00,0.00,46.00,0.00,0,306
147.32,1551276019,1670.85,51.48161286,7.42054386,152.74,14.10,0.00,84.42,0,-96.00,-16.00,0.00,0.00,46.00,0.00,0,61
147.32,1551276019,1670.87,51.48161286,7.42054386,152.74,14.10,0.00,84.42,0,-96.00,-16.00,0.00,0.00,46.00,0.00,0,27
147.32,1551276019,1670.87,51.48161286,7.42054386,152.74,14.10,0.00,84.42,0,-96.00,-16.00,0.00,0.00,46.00,0.00,0,306
148.32,1551276020,1684.97,51.48162861,7.42073881,152.16,13.86,0.00,83.44,0,-97.00,-16.00,0.00,0.00,45.00,0.00,0,61
148.32,1551276020,1684.98,51.48162861,7.42073881,152.16,13.86,0.00,83.44,0,-97.00,-16.00,0.00,0.00,45.00,0.00,0,306
148.32,1551276020,1685.00,51.48162861,7.42073881,152.16,13.86,0.00,83.44,0,-97.00,-16.00,0.00,0.00,44.00,0.00,0,171
149.32,1551276021,1698.76,51.48164462,7.42092454,151.15,13.93,0.00,82.68,0,-97.00,-16.00,0.00,0.00,45.00,0.00,0,61
149.32,1551276021,1698.76,51.48164462,7.42092454,151.15,13.93,0.00,82.68,0,-97.00,-16.00,0.00,0.00,45.00,0.00,0,306
149.32,1551276021,1698.76,51.48164462,7.42092454,151.15,13.93,0.00,82.68,0,-97.00,-16.00,0.00,0.00,44.00,0.00,0,171
150.32,1551276022,1712.75,51.48166863,7.42111102,150.34,13.75,0.00,81.24,0,-96.00,-14.00,0.00,0.00,43.00,0.00,0,135
150.32,1551276022,1712.75,51.48166863,7.42111102,150.34,13.75,0.00,81.24,0,-98.00,-15.00,0.00,0.00,42.00,0.00,0,171
150.32,1551276022,1712.76,51.48166863,7.42111102,150.34,13.75,0.00,81.24,0,-99.00,-17.00,0.00,0.00,43.00,0.00,0,339
151.32,1551276023,1726.50,51.48169804,7.42130276,149.67,14.04,0.00,79.93,0,-96.00,-14.00,0.00,0.00,43.00,0.00,0,135
151.32,1551276023,1726.51,51.48169804,7.42130276,149.67,14.04,0.00,79.93,0,-98.00,-15.00,0.00,0.00,42.00,0.00,0,171
151.32,1551276023,1726.51,51.48169804,7.42130276,149.67,14.04,0.00,79.93,0,-99.00,-17.00,0.00,0.00,43.00,0.00,0,339
154.32,1551276026,1769.00,51.48178909,7.42189877,149.15,14.29,0.00,78.24,0,-102.00,-17.00,0.00,0.00,40.00,0.00,0,266
154.32,1551276026,1769.02,51.48178909,7.42189877,149.15,14.29,0.00,78.24,0,-103.00,-18.00,0.00,0.00,41.00,0.00,0,134
155.32,1551276027,1783.28,51.48182235,7.42209679,149.27,14.13,0.00,77.81,0,-102.00,-17.00,0.00,0.00,40.00,0.00,0,266
155.32,1551276027,1783.29,51.48182235,7.42209679,149.27,14.13,0.00,77.81,0,-103.00,-18.00,0.00,0.00,41.00,0.00,0,134
156.32,1551276028,1797.42,51.48185237,7.42228833,149.29,13.92,0.00,76.96,0,-102.00,-15.00,0.00,0.00,40.00,0.00,0,266
156.32,1551276028,1797.44,51.48185237,7.42228833,149.29,13.92,0.00,76.96,0,-102.00,-13.00,0.00,0.00,36.00,0.00,0,27
156.32,1551276028,1797.44,51.48185237,7.42228833,149.29,13.92,0.00,76.96,0,-103.00,-17.00,0.00,0.00,39.00,0.00,0,134
157.32,1551276029,1811.34,51.48188379,7.42250147,148.38,14.24,0.00,77.36,0,-102.00,-15.00,0.00,0.00,40.00,0.00,0,266
157.32,1551276029,1811.36,51.48188379,7.42250147,148.38,14.24,0.00,77.36,0,-102.00,-13.00,0.00,0.00,36.00,0.00,0,27
157.32,1551276029,1811.36,51.48188379,7.42250147,148.38,14.24,0.00,77.36,0,-103.00,-17.00,0.00,0.00,39.00,0.00,0,134
158.32,1551276030,1825.58,51.48191123,7.42270636,147.61,14.21,0.00,77.72,0,-102.00,-15.00,0.00,0.00,38.00,0.00,0,266
158.32,1551276030,1825.58,51.48191123,7.42270636,147.61,14.21,0.00,77.72,0,-102.00,-15.00,0.00,0.00,38.00,0.00,0,458
158.32,1551276030,1825.60,51.48191123,7.42270636,147.61,14.21,0.00,77.72,0,-103.00,-15.00,0.00,0.00,37.00,0.00,0,27
159.32,1551276031,1839.79,51.48193703,7.42290833,146.59,14.20,0.00,76.99,0,-102.00,-15.00,0.00,0.00,38.00,0.00,0,266
159.32,1551276031,1839.81,51.48193703,7.42290833,146.59,14.20,0.00,76.99,0,-102.00,-15.00,0.00,0.00,38.00,0.00,0,458
159.32,1551276031,1839.81,51.48193703,7.42290833,146.59,14.20,0.00,76.99,0,-103.00,-15.00,0.00,0.00,37.00,0.00,0,27
160.32,1551276032,1853.99,51.48196541,7.42310689,145.72,13.50,0.00,77.60,0,-102.00,-15.00,0.00,0.00,38.00,0.00,0,27
160.32,1551276032,1854.00,51.48196541,7.42310689,145.72,13.50,0.00,77.60,0,-104.00,-17.00,0.00,0.00,38.00,0.00,0,458
160.32,1551276032,1854.01,51.48196541,7.42310689,145.72,13.50,0.00,77.60,0,-105.00,-17.00,0.00,0.00,37.00,0.00,0,339
161.32,1551276033,1867.48,51.48199298,7.42328171,145.01,11.12,0.00,76.74,0,-102.00,-15.00,0.00,0.00,38.00,0.00,0,27
161.32,1551276033,1867.49,51.48199298,7.42328171,145.01,11.12,0.00,76.74,0,-104.00,-17.00,0.00,0.00,38.00,0.00,0,458
161.32,1551276033,1867.49,51.48199298,7.42328171,145.01,11.12,0.00,76.74,0,-105.00,-17.00,0.00,0.00,37.00,0.00,0,339
162.32,1551276034,1878.60,51.48201867,7.42343462,144.98,9.56,0.00,77.03,0,-104.00,-17.00,0.00,0.00,39.00,0.00,0,458
162.32,1551276034,1878.61,51.48201867,7.42343462,144.98,9.56,0.00,77.03,0,-105.00,-18.00,0.00,0.00,39.00,0.00,0,457
162.32,1551276034,1878.61,51.48201867,7.42343462,144.98,9.56,0.00,77.03,0,-103.00,-16.00,0.00,0.00,39.00,0.00,0,27
163.32,1551276035,1888.15,51.48203840,7.42357086,144.77,8.65,0.00,76.43,0,-104.00,-17.00,0.00,0.00,39.00,0.00,0,458
163.32,1551276035,1888.16,51.48203840,7.42357086,144.77,8.65,0.00,76.43,0,-105.00,-18.00,0.00,0.00,39.00,0.00,0,457
163.32,1551276035,1888.17,51.48203840,7.42357086,144.77,8.65,0.00,76.43,0,-103.00,-16.00,0.00,0.00,39.00,0.00,0,27
164.33,1551276036,1896.88,51.48205577,7.42369166,144.53,7.37,0.00,76.46,0,-102.00,-16.00,0.00,0.00,39.00,0.00,0,339
164.33,1551276036,1896.89,51.48205577,7.42369166,144.53,7.37,0.00,76.46,0,-103.00,-17.00,0.00,0.00,39.00,0.00,0,27
164.33,1551276036,1896.90,51.48205577,7.42369166,144.53,7.37,0.00,76.46,0,-103.00,-17.00,0.00,0.00,39.00,0.00,0,458
165.32,1551276037,1904.18,51.48207167,7.42379315,144.35,5.69,0.00,76.89,0,-102.00,-16.00,0.00,0.00,39.00,0.00,0,339
165.32,1551276037,1904.19,51.48207167,7.42379315,144.35,5.69,0.00,76.89,0,-103.00,-17.00,0.00,0.00,39.00,0.00,0,27
165.32,1551276037,1904.19,51.48207167,7.42379315,144.35,5.69,0.00,76.89,0,-103.00,-17.00,0.00,0.00,39.00,0.00,0,458
166.32,1551276038,1909.87,51.48208259,7.42386646,144.08,4.74,0.00,75.84,0,-102.00,-16.00,0.00,0.00,39.00,0.00,0,339
166.32,1551276038,1909.88,51.48208259,7.42386646,144.08,4.74,0.00,75.84,0,-103.00,-17.00,0.00,0.00,39.00,0.00,0,27
166.32,1551276038,1909.88,51.48208259,7.42386646,144.08,4.74,0.00,75.84,0,-103.00,-17.00,0.00,0.00,39.00,0.00,0,458
167.32,1551276039,1914.61,51.48208855,7.42391906,143.72,4.16,0.00,75.56,0,-98.00,-12.00,0.00,0.00,40.00,0.00,0,339
167.32,1551276039,1914.62,51.48208855,7.42391906,143.72,4.16,0.00,75.56,0,-104.00,-16.00,0.00,0.00,37.00,0.00,0,306
167.32,1551276039,1914.62,51.48208855,7.42391906,143.72,4.16,0.00,75.56,0,-106.00,-19.00,0.00,0.00,38.00,0.00,0,457
168.32,1551276040,1918.77,51.48209712,7.42397685,143.69,3.40,0.00,76.26,0,-98.00,-12.00,0.00,0.00,40.00,0.00,0,339
168.32,1551276040,1918.77,51.48209712,7.42397685,143.69,3.40,0.00,76.26,0,-104.00,-16.00,0.00,0.00,37.00,0.00,0,306
168.32,1551276040,1918.78,51.48209712,7.42397685,143.69,3.40,0.00,76.26,0,-106.00,-19.00,0.00,0.00,38.00,0.00,0,457
177.32,1551276049,1962.22,51.48219238,7.42460759,137.66,8.07,0.00,78.43,0,-103.00,-16.00,0.00,0.00,39.00,0.00,0,458
177.32,1551276049,1962.23,51.48219238,7.42460759,137.66,8.07,0.00,78.43,0,-103.00,-17.00,0.00,0.00,40.00,0.00,0,306
178.32,1551276050,1970.29,51.48221200,7.42473345,137.39,8.39,0.00,79.04,0,-103.00,-16.00,0.00,0.00,39.00,0.00,0,458
178.32,1551276050,1970.30,51.48221200,7.42473345,137.39,8.39,0.00,79.04,0,-103.00,-17.00,0.00,0.00,40.00,0.00,0,306
181.32,1551276053,1995.66,51.48226411,7.42510141,136.96,8.01,0.00,78.14,0,-100.00,-14.00,0.00,0.00,40.00,0.00,0,306
182.32,1551276054,2003.68,51.48227807,7.42519558,137.09,5.29,0.00,79.06,0,-100.00,-14.00,0.00,0.00,40.00,0.00,0,306
196.32,1551276068,2102.70,51.48248772,7.42667739,139.98,12.33,0.00,77.81,0,-98.00,-14.00,0.00,0.00,41.00,0.00,0,146
196.32,1551276068,2102.71,51.48248772,7.42667739,139.98,12.33,0.00,77.81,0,-120.00,-18.00,0.00,0.00,28.00,0.00,0,59
197.32,1551276069,2115.04,51.48250993,7.42686179,140.29,12.04,0.00,78.16,0,-98.00,-14.00,0.00,0.00,41.00,0.00,0,146
197.32,1551276069,2115.04,51.48250993,7.42686179,140.29,12.04,0.00,78.16,0,-120.00,-18.00,0.00,0.00,28.00,0.00,0,59
198.32,1551276070,2127.07,51.48252720,7.42703496,140.90,11.82,0.00,79.40,0,-98.00,-15.00,0.00,0.00,42.00,0.00,0,146
198.32,1551276070,2127.08,51.48252720,7.42703496,140.90,11.82,0.00,79.40,0,-120.00,-18.00,0.00,0.00,28.00,0.00,0,59
199.32,1551276071,2138.89,51.48254476,7.42720330,141.39,11.45,0.00,79.05,0,-98.00,-15.00,0.00,0.00,42.00,0.00,0,146
199.32,1551276071,2138.90,51.48254476,7.42720330,141.39,11.45,0.00,79.05,0,-120.00,-18.00,0.00,0.00,28.00,0.00,0,59
200.32,1551276072,2150.35,51.48256351,7.42737941,141.82,11.95,0.00,79.91,0,-98.00,-16.00,0.00,0.00,43.00,0.00,0,146
200.32,1551276072,2150.36,51.48256351,7.42737941,141.82,11.95,0.00,79.91,0,-120.00,-18.00,0.00,0.00,29.00,0.00,0,59
201.32,1551276073,2162.30,51.48257870,7.42754659,142.08,11.59,0.00,80.93,0,-98.00,-16.00,0.00,0.00,43.00,0.00,0,146
201.32,1551276073,2162.30,51.48257870,7.42754659,142.08,11.59,0.00,80.93,0,-120.00,-18.00,0.00,0.00,29.00,0.00,0,59
202.32,1551276074,2173.87,51.48259181,7.42771945,142.42,10.18,0.00,83.31,0,-94.00,-13.00,0.00,0.00,44.00,0.00,0,266
202.32,1551276074,2173.88,51.48259181,7.42771945,142.42,10.18,0.00,83.31,0,-117.00,-19.00,0.00,0.00,32.00,0.00,0,59
203.32,1551276075,2184.05,51.48259854,7.42785133,142.79,8.97,0.00,85.56,0,-94.00,-13.00,0.00,0.00,44.00,0.00,0,266
203.32,1551276075,2184.06,51.48259854,7.42785133,142.79,8.97,0.00,85.56,0,-117.00,-19.00,0.00,0.00,32.00,0.00,0,59
204.32,1551276076,2193.03,51.48260141,7.42796108,143.21,6.94,0.00,87.00,0,-96.00,-17.00,0.00,0.00,47.00,0.00,0,146
204.32,1551276076,2193.03,51.48260141,7.42796108,143.21,6.94,0.00,87.00,0,-94.00,-13.00,0.00,0.00,45.00,0.00,0,266
205.32,1551276077,2199.96,51.48260507,7.42805679,143.58,5.16,0.00,88.61,0,-96.00,-17.00,0.00,0.00,47.00,0.00,0,146
205.32,1551276077,2199.97,51.48260507,7.42805679,143.58,5.16,0.00,88.61,0,-94.00,-13.00,0.00,0.00,45.00,0.00,0,266
206.33,1551276078,2205.18,51.48260316,7.42812608,143.54,2.69,0.00,90.46,0,-91.00,-13.00,0.00,0.00,47.00,0.00,0,266
206.33,1551276078,2205.18,51.48260316,7.42812608,143.54,2.69,0.00,90.46,0,-95.00,-17.00,0.00,0.00,49.00,0.00,0,146
207.32,1551276079,2207.83,51.48260150,7.42816357,143.54,1.15,0.00,90.46,0,-91.00,-13.00,0.00,0.00,47.00,0.00,0,266
207.32,1551276079,2207.83,51.48260150,7.42816357,143.54,1.15,0.00,90.46,0,-95.00,-17.00,0.00,0.00,49.00,0.00,0,146
208.32,1551276080,2208.98,51.48260030,7.42817600,143.52,0.50,0.00,90.46,0,-91.00,-13.00,0.00,0.00,47.00,0.00,0,266
208.32,1551276080,2208.98,51.48260030,7.42817600,143.52,0.50,0.00,90.46,0,-95.00,-17.00,0.00,0.00,49.00,0.00,0,146
209.32,1551276081,2209.48,51.48260030,7.42817600,143.52,0.00,0.00,90.46,0,-94.00,-17.00,0.00,0.00,49.00,0.00,0,146
209.32,1551276081,2209.48,51.48260030,7.42817600,143.52,0.00,0.00,90.46,0,-90.00,-13.00,0.00,0.00,47.00,0.00,0,266
210.32,1551276082,2209.48,51.48260030,7.42817600,143.51,0.00,0.00,90.46,0,-94.00,-17.00,0.00,0.00,49.00,0.00,0,146
210.32,1551276082,2209.48,51.48260030,7.42817600,143.51,0.00,0.00,90.46,0,-90.00,-13.00,0.00,0.00,47.00,0.00,0,266
211.32,1551276083,2209.48,51.48260030,7.42817600,143.51,0.00,0.00,90.46,0,-93.00,-14.00,0.00,0.00,47.00,0.00,0,146
211.32,1551276083,2209.48,51.48260030,7.42817600,143.51,0.00,0.00,90.46,0,-92.00,-13.00,0.00,0.00,46.00,0.00,0,266
212.32,1551276084,2209.48,51.48260030,7.42817600,143.50,0.00,0.00,90.46,0,-93.00,-14.00,0.00,0.00,47.00,0.00,0,146
212.32,1551276084,2209.48,51.48260030,7.42817600,143.50,0.00,0.00,90.46,0,-92.00,-13.00,0.00,0.00,46.00,0.00,0,266
213.32,1551276085,2209.48,51.48260030,7.42817600,143.51,0.00,0.00,90.46,0,-93.00,-13.00,0.00,0.00,46.00,0.00,0,146
213.32,1551276085,2209.48,51.48260030,7.42817600,143.51,0.00,0.00,90.46,0,-94.00,-14.00,0.00,0.00,44.00,0.00,0,266
214.32,1551276086,2209.48,51.48260030,7.42817600,143.51,0.00,0.00,90.46,0,-93.00,-13.00,0.00,0.00,46.00,0.00,0,146
214.32,1551276086,2209.48,51.48260030,7.42817600,143.51,0.00,0.00,90.46,0,-94.00,-14.00,0.00,0.00,44.00,0.00,0,266
215.32,1551276087,2209.48,51.48260030,7.42817600,143.51,0.00,0.00,90.46,0,-93.00,-13.00,0.00,0.00,46.00,0.00,0,146
215.32,1551276087,2209.48,51.48260030,7.42817600,143.51,0.00,0.00,90.46,0,-96.00,-15.00,0.00,0.00,44.00,0.00,0,266
216.32,1551276088,2209.48,51.48260030,7.42817600,143.51,0.00,0.00,90.46,0,-93.00,-13.00,0.00,0.00,46.00,0.00,0,146
216.32,1551276088,2209.48,51.48260030,7.42817600,143.51,0.00,0.00,90.46,0,-96.00,-15.00,0.00,0.00,44.00,0.00,0,266
217.32,1551276089,2209.48,51.48260030,7.42817600,143.52,0.00,0.00,90.46,0,-93.00,-13.00,0.00,0.00,46.00,0.00,0,146
217.32,1551276089,2209.48,51.48260030,7.42817600,143.52,0.00,0.00,90.46,0,-96.00,-15.00,0.00,0.00,44.00,0.00,0,266
218.32,1551276090,2209.48,51.48260030,7.42817600,143.52,0.00,0.00,90.46,0,-93.00,-13.00,0.00,0.00,46.00,0.00,0,146
218.32,1551276090,2209.48,51.48260030,7.42817600,143.52,0.00,0.00,90.46,0,-96.00,-15.00,0.00,0.00,44.00,0.00,0,266
219.32,1551276091,2209.48,51.48260030,7.42817600,143.51,0.00,0.00,90.46,0,-93.00,-13.00,0.00,0.00,45.00,0.00,0,146
219.32,1551276091,2209.48,51.48260030,7.42817600,143.51,0.00,0.00,90.46,0,-96.00,-15.00,0.00,0.00,44.00,0.00,0,266
220.32,1551276092,2209.48,51.48260030,7.42817600,143.51,0.00,0.00,90.46,0,-93.00,-13.00,0.00,0.00,45.00,0.00,0,146
220.32,1551276092,2209.48,51.48260030,7.42817600,143.51,0.00,0.00,90.46,0,-96.00,-15.00,0.00,0.00,44.00,0.00,0,266
221.32,1551276093,2209.48,51.48260030,7.42817600,143.51,0.00,0.00,90.46,0,-94.00,-14.00,0.00,0.00,46.00,0.00,0,146
221.32,1551276093,2209.48,51.48260030,7.42817600,143.51,0.00,0.00,90.46,0,-96.00,-15.00,0.00,0.00,44.00,0.00,0,266
222.32,1551276094,2209.48,51.48260030,7.42817600,143.52,0.00,0.00,90.46,0,-94.00,-14.00,0.00,0.00,46.00,0.00,0,146
222.32,1551276094,2209.48,51.48260030,7.42817600,143.52,0.00,0.00,90.46,0,-96.00,-15.00,0.00,0.00,44.00,0.00,0,266
223.32,1551276095,2209.48,51.48260030,7.42817600,143.52,0.00,0.00,90.46,0,-93.00,-13.00,0.00,0.00,46.00,0.00,0,146
223.32,1551276095,2209.48,51.48260030,7.42817600,143.52,0.00,0.00,90.46,0,-96.00,-16.00,0.00,0.00,45.00,0.00,0,266
224.32,1551276096,2209.48,51.48260030,7.42817600,143.52,0.00,0.00,90.46,0,-93.00,-13.00,0.00,0.00,46.00,0.00,0,146
224.32,1551276096,2209.48,51.48260030,7.42817600,143.52,0.00,0.00,90.46,0,-96.00,-16.00,0.00,0.00,45.00,0.00,0,266
225.32,1551276097,2209.48,51.48260030,7.42817600,143.53,0.00,0.00,90.46,0,-93.00,-13.00,0.00,0.00,45.00,0.00,0,146
225.32,1551276097,2209.48,51.48260030,7.42817600,143.53,0.00,0.00,90.46,0,-97.00,-16.00,0.00,0.00,44.00,0.00,0,266
226.32,1551276098,2209.48,51.48260030,7.42817600,143.63,0.00,0.00,90.46,0,-93.00,-13.00,0.00,0.00,45.00,0.00,0,146
226.32,1551276098,2209.48,51.48260030,7.42817600,143.63,0.00,0.00,90.46,0,-97.00,-16.00,0.00,0.00,44.00,0.00,0,266
227.33,1551276099,2209.48,51.48259092,7.42827240,143.72,0.00,0.00,97.79,0,-93.00,-13.00,0.00,0.00,45.00,0.00,0,146
227.33,1551276099,2209.48,51.48259092,7.42827240,143.72,0.00,0.00,97.79,0,-97.00,-16.00,0.00,0.00,45.00,0.00,0,266
227.33,1551276099,2209.48,51.48259092,7.42827240,143.72,0.00,0.00,97.79,0,-115.00,-19.00,0.00,0.00,34.00,0.00,0,59
228.32,1551276100,2209.48,51.48259092,7.42827240,144.38,0.00,0.00,97.15,0,-93.00,-13.00,0.00,0.00,45.00,0.00,0,146
228.32,1551276100,2209.48,51.48259092,7.42827240,144.38,0.00,0.00,97.15,0,-97.00,-16.00,0.00,0.00,45.00,0.00,0,266
228.32,1551276100,2209.48,51.48259092,7.42827240,144.38,0.00,0.00,97.15,0,-115.00,-19.00,0.00,0.00,34.00,0.00,0,59
229.32,1551276101,2209.49,51.48258098,7.42838567,144.64,7.16,0.00,97.14,0,-93.00,-13.00,0.00,0.00,45.00,0.00,0,146
229.32,1551276101,2209.49,51.48258098,7.42838567,144.64,7.16,0.00,97.14,0,-97.00,-16.00,0.00,0.00,45.00,0.00,0,266
229.32,1551276101,2209.50,51.48258098,7.42838567,144.64,7.16,0.00,97.14,0,-115.00,-19.00,0.00,0.00,34.00,0.00,0,59
230.32,1551276102,2216.65,51.48256973,7.42851042,144.66,8.03,0.00,96.54,0,-95.00,-14.00,0.00,0.00,44.00,0.00,0,266
230.32,1551276102,2216.66,51.48256973,7.42851042,144.66,8.03,0.00,96.54,0,-94.00,-14.00,0.00,0.00,45.00,0.00,0,146
230.32,1551276102,2216.67,51.48256973,7.42851042,144.66,8.03,0.00,96.54,0,-116.00,-19.00,0.00,0.00,33.00,0.00,0,59
231.32,1551276103,2224.68,51.48256135,7.42862688,144.48,8.58,0.00,95.70,0,-95.00,-14.00,0.00,0.00,44.00,0.00,0,266
231.32,1551276103,2224.69,51.48256135,7.42862688,144.48,8.58,0.00,95.70,0,-94.00,-14.00,0.00,0.00,45.00,0.00,0,146
231.32,1551276103,2224.69,51.48256135,7.42862688,144.48,8.58,0.00,95.70,0,-116.00,-19.00,0.00,0.00,33.00,0.00,0,59
232.32,1551276104,2233.26,51.48255242,7.42875335,144.56,9.63,0.00,96.10,0,-93.00,-11.00,0.00,0.00,44.00,0.00,0,266
232.32,1551276104,2233.27,51.48255242,7.42875335,144.56,9.63,0.00,96.10,0,-95.00,-13.00,0.00,0.00,45.00,0.00,0,146
232.32,1551276104,2233.27,51.48255242,7.42875335,144.56,9.63,0.00,96.10,0,-118.00,-19.00,0.00,0.00,32.00,0.00,0,59
233.32,1551276105,2242.89,51.48254252,7.42887768,144.88,10.03,0.00,97.15,0,-93.00,-11.00,0.00,0.00,44.00,0.00,0,266
233.32,1551276105,2242.89,51.48254252,7.42887768,144.88,10.03,0.00,97.15,0,-95.00,-13.00,0.00,0.00,45.00,0.00,0,146
233.32,1551276105,2242.90,51.48254252,7.42887768,144.88,10.03,0.00,97.15,0,-118.00,-19.00,0.00,0.00,32.00,0.00,0,59
234.32,1551276106,2252.92,51.48252676,7.42903315,145.33,10.61,0.00,97.94,0,-91.00,-9.00,0.00,0.00,44.00,0.00,0,266
234.32,1551276106,2252.93,51.48252676,7.42903315,145.33,10.61,0.00,97.94,0,-95.00,-12.00,0.00,0.00,44.00,0.00,0,146
234.32,1551276106,2252.93,51.48252676,7.42903315,145.33,10.61,0.00,97.94,0,-117.00,-19.00,0.00,0.00,33.00,0.00,0,59
235.32,1551276107,2263.54,51.48251134,7.42919088,145.86,10.73,0.00,96.98,0,-91.00,-9.00,0.00,0.00,44.00,0.00,0,266
235.32,1551276107,2263.55,51.48251134,7.42919088,145.86,10.73,0.00,96.98,0,-95.00,-12.00,0.00,0.00,44.00,0.00,0,146
235.32,1551276107,2263.55,51.48251134,7.42919088,145.86,10.73,0.00,96.98,0,-117.00,-19.00,0.00,0.00,33.00,0.00,0,59
238.32,1551276110,2295.72,51.48246316,7.42967709,146.69,10.11,0.00,96.65,0,-99.00,-16.00,0.00,0.00,45.00,0.00,0,339
238.32,1551276110,2295.73,51.48246316,7.42967709,146.69,10.11,0.00,96.65,0,-97.00,-15.00,0.00,0.00,43.00,0.00,0,146
238.32,1551276110,2295.74,51.48246316,7.42967709,146.69,10.11,0.00,96.65,0,-100.00,-20.00,0.00,0.00,45.00,0.00,0,27
239.32,1551276111,2305.83,51.48245201,7.42980796,146.18,9.59,0.00,97.00,0,-99.00,-16.00,0.00,0.00,45.00,0.00,0,339
239.32,1551276111,2305.83,51.48245201,7.42980796,146.18,9.59,0.00,97.00,0,-97.00,-15.00,0.00,0.00,43.00,0.00,0,146
239.32,1551276111,2305.84,51.48245201,7.42980796,146.18,9.59,0.00,97.00,0,-100.00,-20.00,0.00,0.00,45.00,0.00,0,27
240.32,1551276112,2315.41,51.48244098,7.42993135,145.51,9.31,0.00,97.50,0,-99.00,-16.00,0.00,0.00,44.00,0.00,0,339
240.32,1551276112,2315.42,51.48244098,7.42993135,145.51,9.31,0.00,97.50,0,-100.00,-17.00,0.00,0.00,44.00,0.00,0,146
241.32,1551276113,2324.73,51.48242721,7.43007193,145.18,9.75,0.00,97.08,0,-99.00,-16.00,0.00,0.00,44.00,0.00,0,339
241.32,1551276113,2324.74,51.48242721,7.43007193,145.18,9.75,0.00,97.08,0,-100.00,-17.00,0.00,0.00,44.00,0.00,0,146
242.32,1551276114,2334.45,51.48241380,7.43020039,144.46,9.49,0.00,96.72,0,-94.00,-14.00,0.00,0.00,47.00,0.00,0,339
243.32,1551276115,2343.98,51.48240417,7.43032492,143.86,9.58,0.00,96.36,0,-94.00,-14.00,0.00,0.00,47.00,0.00,0,339
244.33,1551276116,2353.68,51.48239445,7.43046192,143.44,10.17,0.00,96.55,0,-99.00,-12.00,0.00,0.00,40.00,0.00,0,339
245.32,1551276117,2363.71,51.48238358,7.43062081,143.11,10.59,0.00,96.78,0,-99.00,-12.00,0.00,0.00,40.00,0.00,0,339
246.32,1551276118,2374.31,51.48237161,7.43077481,142.65,10.50,0.00,97.15,0,-99.00,-15.00,0.00,0.00,42.00,0.00,0,27
247.32,1551276119,2384.83,51.48235964,7.43092686,142.55,10.25,0.00,97.49,0,-99.00,-15.00,0.00,0.00,42.00,0.00,0,27
248.32,1551276120,2395.09,51.48234946,7.43108360,142.50,10.25,0.00,96.94,0,-97.00,-17.00,0.00,0.00,45.00,0.00,0,146
248.32,1551276120,2395.09,51.48234946,7.43108360,142.50,10.25,0.00,96.94,0,-100.00,-19.00,0.00,0.00,44.00,0.00,0,27
249.32,1551276121,2405.30,51.48233967,7.43122077,142.67,10.11,0.00,97.54,0,-97.00,-17.00,0.00,0.00,45.00,0.00,0,146
249.32,1551276121,2405.31,51.48233967,7.43122077,142.67,10.11,0.00,97.54,0,-100.00,-19.00,0.00,0.00,44.00,0.00,0,27
250.32,1551276122,2415.43,51.48232748,7.43136862,142.89,10.27,0.00,97.59,0,-97.00,-17.00,0.00,0.00,45.00,0.00,0,146
250.32,1551276122,2415.44,51.48232748,7.43136862,142.89,10.27,0.00,97.59,0,-100.00,-19.00,0.00,0.00,44.00,0.00,0,27
251.32,1551276123,2425.67,51.48231237,7.43152108,142.89,9.88,0.00,97.98,0,-98.00,-18.00,0.00,0.00,49.00,0.00,0,146
252.32,1551276124,2435.59,51.48229706,7.43167178,143.00,9.98,0.00,97.93,0,-98.00,-18.00,0.00,0.00,49.00,0.00,0,146
253.32,1551276125,2445.55,51.48228303,7.43183153,143.11,10.93,0.00,97.58,0,-96.00,-18.00,0.00,0.00,47.00,0.00,0,339
254.32,1551276126,2456.48,51.48227170,7.43197963,143.13,10.54,0.00,96.67,0,-96.00,-18.00,0.00,0.00,47.00,0.00,0,339
255.32,1551276127,2467.03,51.48226210,7.43211666,143.00,10.21,0.00,96.23,0,-94.00,-15.00,0.00,0.00,46.00,0.00,0,339
255.32,1551276127,2467.04,51.48226210,7.43211666,143.00,10.21,0.00,96.23,0,-97.00,-17.00,0.00,0.00,46.00,0.00,0,146
255.32,1551276127,2467.05,51.48226210,7.43211666,143.00,10.21,0.00,96.23,0,-99.00,-18.00,0.00,0.00,46.00,0.00,0,457
256.32,1551276128,2477.23,51.48225239,7.43225654,142.93,10.12,0.00,96.25,0,-94.00,-15.00,0.00,0.00,46.00,0.00,0,339
256.32,1551276128,2477.24,51.48225239,7.43225654,142.93,10.12,0.00,96.25,0,-97.00,-17.00,0.00,0.00,46.00,0.00,0,146
256.32,1551276128,2477.25,51.48225239,7.43225654,142.93,10.12,0.00,96.25,0,-99.00,-18.00,0.00,0.00,46.00,0.00,0,457
257.32,1551276129,2487.35,51.48224246,7.43240481,142.87,10.29,0.00,96.74,0,-93.00,-12.00,0.00,0.00,46.00,0.00,0,457
257.32,1551276129,2487.37,51.48224246,7.43240481,142.87,10.29,0.00,96.74,0,-93.00,-12.00,0.00,0.00,45.00,0.00,0,146
258.32,1551276130,2497.65,51.48223223,7.43254273,142.80,10.25,0.00,97.37,0,-93.00,-12.00,0.00,0.00,46.00,0.00,0,457
258.32,1551276130,2497.65,51.48223223,7.43254273,142.80,10.25,0.00,97.37,0,-93.00,-12.00,0.00,0.00,45.00,0.00,0,146
259.32,1551276131,2507.89,51.48221832,7.43269403,143.14,10.40,0.00,97.26,0,-86.00,-13.00,0.00,0.00,53.00,0.00,0,457
259.32,1551276131,2507.90,51.48221832,7.43269403,143.14,10.40,0.00,97.26,0,-91.00,-18.00,0.00,0.00,53.00,0.00,0,146
260.32,1551276132,2518.29,51.48220817,7.43282852,143.28,10.54,0.00,96.71,0,-86.00,-13.00,0.00,0.00,53.00,0.00,0,457
260.32,1551276132,2518.30,51.48220817,7.43282852,143.28,10.54,0.00,96.71,0,-91.00,-18.00,0.00,0.00,53.00,0.00,0,146
263.32,1551276135,2548.37,51.48217665,7.43327830,145.13,8.56,0.00,96.25,0,-94.00,-11.00,0.00,0.00,43.00,0.00,0,146
264.32,1551276136,2556.93,51.48216902,7.43339760,145.94,7.99,0.00,96.81,0,-94.00,-11.00,0.00,0.00,43.00,0.00,0,146
265.32,1551276137,2564.93,51.48216370,7.43349747,146.50,7.90,0.00,96.27,0,-93.00,-13.00,0.00,0.00,46.00,0.00,0,146
265.32,1551276137,2564.93,51.48216370,7.43349747,146.50,7.90,0.00,96.27,0,-135.00,-20.00,0.00,0.00,15.00,0.00,0,233
265.32,1551276137,2564.94,51.48216370,7.43349747,146.50,7.90,0.00,96.27,0,-113.00,-18.00,0.00,0.00,34.00,0.00,0,433
265.32,1551276137,2564.95,51.48216370,7.43349747,146.50,7.90,0.00,96.27,0,-114.00,-18.00,0.00,0.00,35.00,0.00,0,59
266.32,1551276138,2572.83,51.48215575,7.43361159,147.08,8.09,0.00,95.77,0,-93.00,-13.00,0.00,0.00,46.00,0.00,0,146
266.32,1551276138,2572.83,51.48215575,7.43361159,147.08,8.09,0.00,95.77,0,-135.00,-20.00,0.00,0.00,15.00,0.00,0,233
266.32,1551276138,2572.84,51.48215575,7.43361159,147.08,8.09,0.00,95.77,0,-113.00,-18.00,0.00,0.00,34.00,0.00,0,433
266.32,1551276138,2572.85,51.48215575,7.43361159,147.08,8.09,0.00,95.77,0,-114.00,-18.00,0.00,0.00,35.00,0.00,0,59
347.32,1551276219,3039.49,51.48170553,7.44051217,156.25,6.36,0.00,95.86,0,-80.00,-13.00,0.00,0.00,58.00,0.00,0,264
348.32,1551276220,3045.84,51.48169785,7.44058757,155.94,6.27,0.00,96.35,0,-80.00,-13.00,0.00,0.00,58.00,0.00,0,264
349.32,1551276221,3052.12,51.48168862,7.44067447,155.85,6.53,0.00,96.22,0,-79.00,-13.00,0.00,0.00,60.00,0.00,0,264
350.32,1551276222,3058.65,51.48168074,7.44077170,156.09,7.11,0.00,96.42,0,-79.00,-13.00,0.00,0.00,60.00,0.00,0,264
358.32,1551276230,3125.36,51.48150657,7.44170333,160.65,10.23,0.00,123.71,0,-76.00,-15.00,0.00,0.00,63.00,0.00,0,265
359.32,1551276231,3135.58,51.48145534,7.44181510,161.11,9.53,0.00,125.53,0,-76.00,-15.00,0.00,0.00,63.00,0.00,0,265
360.32,1551276232,3145.11,51.48138753,7.44194641,161.26,10.70,0.00,128.47,0,-74.00,-12.00,0.00,0.00,63.00,0.00,0,265
361.32,1551276233,3155.81,51.48131193,7.44207834,161.09,10.52,0.00,131.10,0,-74.00,-12.00,0.00,0.00,63.00,0.00,0,265
362.32,1551276234,3166.33,51.48123995,7.44219526,161.05,10.71,0.00,133.55,0,-77.00,-15.00,0.00,0.00,63.00,0.00,0,266
363.32,1551276235,3177.01,51.48115843,7.44231174,161.40,11.62,0.00,135.82,0,-77.00,-15.00,0.00,0.00,63.00,0.00,0,266
379.32,1551276251,3359.54,51.47976048,7.44356120,164.24,14.09,0.00,152.32,0,-82.00,-13.00,0.00,0.00,56.00,0.00,0,375
380.32,1551276252,3373.62,51.47964921,7.44364911,164.34,14.32,0.00,152.08,0,-82.00,-13.00,0.00,0.00,56.00,0.00,0,375
381.32,1551276253,3387.96,51.47953033,7.44374778,164.36,14.73,0.00,151.94,0,-83.00,-12.00,0.00,0.00,54.00,0.00,0,375
382.32,1551276254,3402.69,51.47940993,7.44385072,164.40,15.08,0.00,151.74,0,-83.00,-12.00,0.00,0.00,54.00,0.00,0,375
383.32,1551276255,3417.78,51.47928999,7.44395536,164.52,15.19,0.00,151.71,0,-83.00,-10.00,0.00,0.00,53.00,0.00,0,375
384.32,1551276256,3432.95,51.47917171,7.44405748,164.60,14.74,0.00,151.57,0,-83.00,-10.00,0.00,0.00,53.00,0.00,0,375
385.32,1551276257,3447.72,51.47904722,7.44416567,164.66,15.04,0.00,151.21,0,-86.00,-19.00,0.00,0.00,58.00,0.00,0,265
385.32,1551276257,3447.74,51.47904722,7.44416567,164.66,15.04,0.00,151.21,0,-135.00,-21.00,0.00,0.00,18.00,0.00,0,223
386.32,1551276258,3462.74,51.47892638,7.44427685,164.52,15.18,0.00,151.19,0,-86.00,-19.00,0.00,0.00,58.00,0.00,0,265
386.32,1551276258,3462.76,51.47892638,7.44427685,164.52,15.18,0.00,151.19,0,-135.00,-21.00,0.00,0.00,18.00,0.00,0,223
387.32,1551276259,3477.92,51.47880258,7.44439454,164.25,15.20,0.00,151.23,0,-81.00,-10.00,0.00,0.00,56.00,0.00,0,265
388.32,1551276260,3493.12,51.47868195,7.44450894,163.87,15.32,0.00,151.63,0,-81.00,-10.00,0.00,0.00,56.00,0.00,0,265
389.32,1551276261,3508.43,51.47855995,7.44462525,163.68,15.44,0.00,151.62,0,-78.00,-9.00,0.00,0.00,57.00,0.00,0,265
390.32,1551276262,3523.88,51.47843050,7.44474538,163.36,15.41,0.00,151.51,0,-78.00,-9.00,0.00,0.00,57.00,0.00,0,265
391.32,1551276263,3539.24,51.47831029,7.44485592,163.18,15.67,0.00,151.68,0,-86.00,-13.00,0.00,0.00,54.00,0.00,0,265
392.32,1551276264,3554.96,51.47818945,7.44496604,163.03,15.70,0.00,151.62,0,-86.00,-13.00,0.00,0.00,54.00,0.00,0,265
393.32,1551276265,3570.65,51.47808125,7.44505831,162.78,15.33,0.00,151.44,0,-82.00,-13.00,0.00,0.00,57.00,0.00,0,265
394.32,1551276266,3585.97,51.47796151,7.44516054,163.09,15.17,0.00,151.41,0,-82.00,-13.00,0.00,0.00,57.00,0.00,0,265
431.32,1551276303,3980.42,51.47487811,7.44786434,166.10,10.56,0.00,145.15,0,-86.00,-12.00,0.00,0.00,52.00,0.00,0,265
432.32,1551276304,3990.98,51.47480835,7.44794627,166.40,10.41,0.00,144.19,0,-86.00,-12.00,0.00,0.00,52.00,0.00,0,265
439.33,1551276311,4062.81,51.47429360,7.44862871,167.61,11.85,0.00,140.24,0,-86.00,-16.00,0.00,0.00,57.00,0.00,0,265
440.32,1551276312,4074.55,51.47421207,7.44874640,167.88,11.71,0.00,140.38,0,-86.00,-16.00,0.00,0.00,57.00,0.00,0,265
441.32,1551276313,4086.26,51.47413712,7.44886113,167.96,11.22,0.00,139.64,0,-86.00,-16.00,0.00,0.00,57.00,0.00,0,265
488.32,1551276360,4773.60,51.47158158,7.45763684,165.47,14.77,0.00,117.10,0,-93.00,-16.00,0.00,0.00,51.00,0.00,0,111
489.32,1551276361,4788.42,51.47151987,7.45781853,164.99,13.77,0.00,117.55,0,-93.00,-16.00,0.00,0.00,51.00,0.00,0,111
490.32,1551276362,4802.16,51.47146400,7.45798757,164.32,12.71,0.00,116.70,0,-94.00,-15.00,0.00,0.00,48.00,0.00,0,111
491.32,1551276363,4814.91,51.47141351,7.45814159,163.75,11.07,0.00,116.37,0,-94.00,-15.00,0.00,0.00,48.00,0.00,0,111
492.32,1551276364,4825.97,51.47136886,7.45828087,163.44,8.99,0.00,115.92,0,-96.00,-14.00,0.00,0.00,47.00,0.00,0,306
493.32,1551276365,4834.95,51.47133148,7.45839223,162.81,7.45,0.00,115.50,0,-96.00,-14.00,0.00,0.00,47.00,0.00,0,306
498.32,1551276370,4856.96,51.47124592,7.45863737,161.85,0.70,0.00,114.00,0,-97.00,-18.00,0.00,0.00,47.00,0.00,0,111
499.32,1551276371,4857.65,51.47124592,7.45863737,161.85,0.00,0.00,114.00,0,-97.00,-18.00,0.00,0.00,47.00,0.00,0,111
500.32,1551276372,4857.65,51.47124592,7.45863737,161.84,0.00,0.00,114.00,0,-96.00,-18.00,0.00,0.00,48.00,0.00,0,111
501.32,1551276373,4857.65,51.47124592,7.45863737,161.84,0.00,0.00,114.00,0,-96.00,-18.00,0.00,0.00,48.00,0.00,0,111
502.33,1551276374,4857.65,51.47124592,7.45863737,161.83,0.00,0.00,114.00,0,-94.00,-17.00,0.00,0.00,49.00,0.00,0,111
503.32,1551276375,4857.65,51.47124592,7.45863737,161.82,0.00,0.00,114.00,0,-94.00,-17.00,0.00,0.00,49.00,0.00,0,111
504.32,1551276376,4857.65,51.47124592,7.45863737,161.81,0.00,0.00,114.00,0,-94.00,-17.00,0.00,0.00,49.00,0.00,0,111
505.32,1551276377,4857.65,51.47124592,7.45863737,161.81,0.00,0.00,114.00,0,-96.00,-18.00,0.00,0.00,49.00,0.00,0,111
506.32,1551276378,4857.65,51.47124592,7.45863737,161.80,0.00,0.00,114.00,0,-96.00,-18.00,0.00,0.00,49.00,0.00,0,111
507.32,1551276379,4857.65,51.47124592,7.45863737,161.79,0.00,0.00,114.00,0,-96.00,-16.00,0.00,0.00,46.00,0.00,0,111
508.32,1551276380,4857.65,51.47124592,7.45863737,161.79,0.00,0.00,114.00,0,-96.00,-16.00,0.00,0.00,46.00,0.00,0,111
509.32,1551276381,4857.65,51.47124592,7.45863737,161.78,0.00,0.00,114.00,0,-96.00,-16.00,0.00,0.00,46.00,0.00,0,111
510.31,1551276382,4857.65,51.47124592,7.45863737,161.78,0.00,0.00,114.00,0,-96.00,-16.00,0.00,0.00,46.00,0.00,0,111
511.32,1551276383,4857.65,51.47124592,7.45863737,161.77,0.00,0.00,114.00,0,-96.00,-15.00,0.00,0.00,45.00,0.00,0,111
512.32,1551276384,4857.65,51.47124592,7.45863737,161.77,0.00,0.00,114.00,0,-96.00,-15.00,0.00,0.00,45.00,0.00,0,111
513.32,1551276385,4857.65,51.47124592,7.45863737,161.76,0.00,0.00,114.00,0,-96.00,-18.00,0.00,0.00,48.00,0.00,0,111
514.32,1551276386,4857.65,51.47124592,7.45863737,161.76,0.00,0.00,114.00,0,-96.00,-18.00,0.00,0.00,48.00,0.00,0,111
515.32,1551276387,4857.65,51.47124592,7.45863737,161.75,0.00,0.00,114.00,0,-95.00,-17.00,0.00,0.00,47.00,0.00,0,111
516.32,1551276388,4857.65,51.47124592,7.45863737,161.75,0.00,0.00,114.00,0,-95.00,-17.00,0.00,0.00,47.00,0.00,0,111
517.32,1551276389,4857.65,51.47124592,7.45863737,161.74,0.00,0.00,114.00,0,-96.00,-15.00,0.00,0.00,45.00,0.00,0,111
518.32,1551276390,4857.65,51.47124592,7.45863737,161.73,0.00,0.00,114.00,0,-96.00,-15.00,0.00,0.00,45.00,0.00,0,111
519.32,1551276391,4857.65,51.47124592,7.45863737,161.73,0.00,0.00,114.00,0,-95.00,-15.00,0.00,0.00,44.00,0.00,0,111
520.32,1551276392,4857.65,51.47124592,7.45863737,161.71,0.00,0.00,103.34,0,-95.00,-15.00,0.00,0.00,44.00,0.00,0,111
521.32,1551276393,4857.65,51.47124592,7.45863737,161.73,0.00,0.00,106.38,0,-96.00,-15.00,0.00,0.00,45.00,0.00,0,111
522.32,1551276394,4857.66,51.47123037,7.45873669,161.76,3.95,0.00,109.25,0,-96.00,-15.00,0.00,0.00,45.00,0.00,0,111
523.33,1551276395,4861.65,51.47121694,7.45879266,162.21,5.11,0.00,111.14,0,-97.00,-14.00,0.00,0.00,42.00,0.00,0,111
523.33,1551276395,4861.65,51.47121694,7.45879266,162.21,5.11,0.00,111.14,0,-98.00,-14.00,0.00,0.00,40.00,0.00,0,306
524.32,1551276396,4866.72,51.47120022,7.45885788,162.70,5.84,0.00,112.46,0,-97.00,-14.00,0.00,0.00,42.00,0.00,0,111
524.32,1551276396,4866.72,51.47120022,7.45885788,162.70,5.84,0.00,112.46,0,-98.00,-14.00,0.00,0.00,40.00,0.00,0,306
525.32,1551276397,4872.56,51.47117897,7.45894253,163.16,7.35,0.00,113.35,0,-97.00,-14.00,0.00,0.00,42.00,0.00,0,111
525.32,1551276397,4872.56,51.47117897,7.45894253,163.16,7.35,0.00,113.35,0,-98.00,-14.00,0.00,0.00,40.00,0.00,0,306
555.32,1551276427,5198.97,51.46990110,7.46331809,163.87,14.18,0.00,114.58,0,-97.00,-13.00,0.00,0.00,41.00,0.00,0,143
556.32,1551276428,5213.14,51.46985103,7.46350188,164.30,14.77,0.00,113.87,0,-97.00,-13.00,0.00,0.00,41.00,0.00,0,143
557.32,1551276429,5227.92,51.46980314,7.46369960,164.53,15.51,0.00,112.88,0,-97.00,-15.00,0.00,0.00,44.00,0.00,0,143
557.32,1551276429,5227.93,51.46980314,7.46369960,164.53,15.51,0.00,112.88,0,-99.00,-16.00,0.00,0.00,43.00,0.00,0,111
558.32,1551276430,5243.43,51.46974320,7.46391985,164.15,16.09,0.00,112.10,0,-97.00,-15.00,0.00,0.00,44.00,0.00,0,143
558.32,1551276430,5243.45,51.46974320,7.46391985,164.15,16.09,0.00,112.10,0,-99.00,-16.00,0.00,0.00,43.00,0.00,0,111
559.32,1551276431,5259.53,51.46969108,7.46415467,164.10,16.97,0.00,110.98,0,-99.00,-13.00,0.00,0.00,39.00,0.00,0,111
559.32,1551276431,5259.54,51.46969108,7.46415467,164.10,16.97,0.00,110.98,0,-100.00,-15.00,0.00,0.00,41.00,0.00,0,143
560.32,1551276432,5276.50,51.46963458,7.46439357,164.15,16.79,0.00,110.00,0,-99.00,-13.00,0.00,0.00,39.00,0.00,0,111
560.32,1551276432,5276.51,51.46963458,7.46439357,164.15,16.79,0.00,110.00,0,-100.00,-15.00,0.00,0.00,41.00,0.00,0,143
561.32,1551276433,5293.29,51.46958676,7.46463325,163.94,16.59,0.00,108.50,0,-96.00,-15.00,0.00,0.00,45.00,0.00,0,143
562.32,1551276434,5309.86,51.46954719,7.46486861,163.85,16.58,0.00,107.12,0,-96.00,-15.00,0.00,0.00,45.00,0.00,0,143
563.32,1551276435,5326.46,51.46951215,7.46510460,163.42,16.36,0.00,105.22,0,-94.00,-16.00,0.00,0.00,50.00,0.00,0,111
563.32,1551276435,5326.47,51.46951215,7.46510460,163.42,16.36,0.00,105.22,0,-95.00,-19.00,0.00,0.00,50.00,0.00,0,143
564.32,1551276436,5342.83,51.46947637,7.46535203,163.10,16.20,0.00,103.16,0,-94.00,-16.00,0.00,0.00,50.00,0.00,0,111
564.32,1551276436,5342.83,51.46947637,7.46535203,163.10,16.20,0.00,103.16,0,-95.00,-19.00,0.00,0.00,50.00,0.00,0,143
565.33,1551276437,5359.10,51.46944843,7.46559054,163.14,15.46,0.00,101.07,0,-98.00,-14.00,0.00,0.00,42.00,0.00,0,111
565.33,1551276437,5359.12,51.46944843,7.46559054,163.14,15.46,0.00,101.07,0,-101.00,-17.00,0.00,0.00,43.00,0.00,0,143
566.32,1551276438,5374.48,51.46942658,7.46583047,163.37,15.33,0.00,99.11,0,-98.00,-14.00,0.00,0.00,42.00,0.00,0,111
566.32,1551276438,5374.50,51.46942658,7.46583047,163.37,15.33,0.00,99.11,0,-101.00,-17.00,0.00,0.00,43.00,0.00,0,143
567.32,1551276439,5389.81,51.46941142,7.46606541,163.67,15.69,0.00,97.32,0,-98.00,-14.00,0.00,0.00,42.00,0.00,0,111
567.32,1551276439,5389.83,51.46941142,7.46606541,163.67,15.69,0.00,97.32,0,-101.00,-17.00,0.00,0.00,43.00,0.00,0,143
568.32,1551276440,5405.51,51.46940109,7.46629211,163.98,15.41,0.00,96.00,0,-101.00,-13.00,0.00,0.00,38.00,0.00,0,111
569.32,1551276441,5420.90,51.46939583,7.46652851,164.44,15.78,0.00,94.46,0,-101.00,-13.00,0.00,0.00,38.00,0.00,0,111
570.32,1551276442,5436.71,51.46939339,7.46677310,164.89,16.11,0.00,92.53,0,-101.00,-12.00,0.00,0.00,37.00,0.00,0,111
570.32,1551276442,5436.73,51.46939339,7.46677310,164.89,16.11,0.00,92.53,0,-103.00,-18.00,0.00,0.00,40.00,0.00,0,143
570.32,1551276442,5436.73,51.46939339,7.46677310,164.89,16.11,0.00,92.53,0,-104.00,-14.00,0.00,0.00,36.00,0.00,0,289
571.32,1551276443,5452.82,51.46939613,7.46700678,164.69,16.62,0.00,90.70,0,-101.00,-12.00,0.00,0.00,37.00,0.00,0,111
571.32,1551276443,5452.82,51.46939613,7.46700678,164.69,16.62,0.00,90.70,0,-103.00,-18.00,0.00,0.00,40.00,0.00,0,143
571.32,1551276443,5452.84,51.46939613,7.46700678,164.69,16.62,0.00,90.70,0,-104.00,-14.00,0.00,0.00,36.00,0.00,0,289
572.32,1551276444,5469.42,51.46940426,7.46723017,164.34,17.12,0.00,88.73,0,-100.00,-14.00,0.00,0.00,40.00,0.00,0,143
572.32,1551276444,5469.44,51.46940426,7.46723017,164.34,17.12,0.00,88.73,0,-101.00,-15.00,0.00,0.00,39.00,0.00,0,111
573.32,1551276445,5486.54,51.46941520,7.46747339,163.54,17.42,0.00,87.62,0,-100.00,-14.00,0.00,0.00,40.00,0.00,0,143
573.32,1551276445,5486.55,51.46941520,7.46747339,163.54,17.42,0.00,87.62,0,-101.00,-15.00,0.00,0.00,39.00,0.00,0,111
574.32,1551276446,5503.94,51.46943087,7.46772174,162.23,18.04,0.00,85.99,0,-99.00,-12.00,0.00,0.00,39.00,0.00,0,143
574.32,1551276446,5503.95,51.46943087,7.46772174,162.23,18.04,0.00,85.99,0,-100.00,-12.00,0.00,0.00,38.00,0.00,0,111
575.31,1551276447,5521.89,51.46945004,7.46798653,161.24,18.21,0.00,84.47,0,-99.00,-12.00,0.00,0.00,39.00,0.00,0,143
575.31,1551276447,5521.89,51.46945004,7.46798653,161.24,18.21,0.00,84.47,0,-100.00,-12.00,0.00,0.00,38.00,0.00,0,111
578.32,1551276450,5577.43,51.46954001,7.46877375,160.59,18.97,0.00,81.29,0,-101.00,-10.00,0.00,0.00,34.00,0.00,0,111
579.32,1551276451,5596.38,51.46957339,7.46905194,160.91,19.12,0.00,80.89,0,-101.00,-10.00,0.00,0.00,34.00,0.00,0,111
580.32,1551276452,5615.52,51.46960552,7.46933255,161.47,19.36,0.00,80.30,0,-102.00,-13.00,0.00,0.00,38.00,0.00,0,111
581.32,1551276453,5634.88,51.46964573,7.46961065,162.03,19.71,0.00,79.58,0,-102.00,-13.00,0.00,0.00,38.00,0.00,0,111
582.32,1551276454,5654.63,51.46968316,7.46988432,162.55,19.87,0.00,79.95,0,-102.00,-17.00,0.00,0.00,40.00,0.00,0,143
582.32,1551276454,5654.63,51.46968316,7.46988432,162.55,19.87,0.00,79.95,0,-102.00,-17.00,0.00,0.00,40.00,0.00,0,289
582.32,1551276454,5654.65,51.46968316,7.46988432,162.55,19.87,0.00,79.95,0,-103.00,-17.00,0.00,0.00,40.00,0.00,0,111
583.32,1551276455,5674.48,51.46971563,7.47016175,163.10,19.64,0.00,80.59,0,-102.00,-17.00,0.00,0.00,40.00,0.00,0,143
583.32,1551276455,5674.50,51.46971563,7.47016175,163.10,19.64,0.00,80.59,0,-102.00,-17.00,0.00,0.00,40.00,0.00,0,289
583.32,1551276455,5674.50,51.46971563,7.47016175,163.10,19.64,0.00,80.59,0,-103.00,-17.00,0.00,0.00,40.00,0.00,0,111
586.32,1551276458,5733.05,51.46978046,7.47099453,163.77,19.58,0.00,83.74,0,-99.00,-14.00,0.00,0.00,43.00,0.00,0,111
587.32,1551276459,5752.55,51.46979287,7.47127280,163.93,19.42,0.00,85.38,0,-99.00,-14.00,0.00,0.00,43.00,0.00,0,111
588.32,1551276460,5771.96,51.46979474,7.47154404,164.13,19.50,0.00,90.37,0,-99.00,-14.00,0.00,0.00,43.00,0.00,0,111
589.32,1551276461,5791.50,51.46979662,7.47180589,164.23,19.72,0.00,90.76,0,-101.00,-16.00,0.00,0.00,41.00,0.00,0,111
590.32,1551276462,5811.18,51.46978332,7.47208711,164.20,20.28,0.00,95.41,0,-101.00,-16.00,0.00,0.00,41.00,0.00,0,111
593.32,1551276465,5871.61,51.46972909,7.47293162,164.46,19.65,0.00,99.35,0,-93.00,-12.00,0.00,0.00,46.00,0.00,0,289
594.32,1551276466,5891.26,51.46970323,7.47320976,164.93,19.65,0.00,100.30,0,-93.00,-12.00,0.00,0.00,46.00,0.00,0,289
595.32,1551276467,5910.93,51.46968596,7.47348958,165.65,19.76,0.00,96.78,0,-95.00,-12.00,0.00,0.00,42.00,0.00,0,289
595.32,1551276467,5910.95,51.46968596,7.47348958,165.65,19.76,0.00,96.78,0,-100.00,-17.00,0.00,0.00,42.00,0.00,0,143
596.32,1551276468,5930.69,51.46965715,7.47378178,166.29,20.08,0.00,99.25,0,-95.00,-12.00,0.00,0.00,42.00,0.00,0,289
596.32,1551276468,5930.71,51.46965715,7.47378178,166.29,20.08,0.00,99.25,0,-100.00,-17.00,0.00,0.00,42.00,0.00,0,143
597.32,1551276469,5950.81,51.46962889,7.47408124,166.94,19.98,0.00,99.22,0,-99.00,-13.00,0.00,0.00,39.00,0.00,0,289
597.32,1551276469,5950.81,51.46962889,7.47408124,166.94,19.98,0.00,99.22,0,-101.00,-15.00,0.00,0.00,39.00,0.00,0,143
597.32,1551276469,5950.83,51.46962889,7.47408124,166.94,19.98,0.00,99.22,0,-101.00,-15.00,0.00,0.00,39.00,0.00,0,112
597.32,1551276469,5950.85,51.46962889,7.47408124,166.94,19.98,0.00,99.22,0,-104.00,-18.00,0.00,0.00,44.00,0.00,0,447
598.32,1551276470,5970.77,51.46960918,7.47436805,167.76,19.23,0.00,96.53,0,-99.00,-13.00,0.00,0.00,39.00,0.00,0,289
598.32,1551276470,5970.78,51.46960918,7.47436805,167.76,19.23,0.00,96.53,0,-101.00,-15.00,0.00,0.00,39.00,0.00,0,143
598.32,1551276470,5970.80,51.46960918,7.47436805,167.76,19.23,0.00,96.53,0,-101.00,-15.00,0.00,0.00,39.00,0.00,0,112
598.32,1551276470,5970.80,51.46960918,7.47436805,167.76,19.23,0.00,96.53,0,-104.00,-18.00,0.00,0.00,44.00,0.00,0,447
599.32,1551276471,5990.01,51.46958647,7.47464725,168.42,19.10,0.00,97.83,0,-95.00,-14.00,0.00,0.00,45.00,0.00,0,111
599.32,1551276471,5990.03,51.46958647,7.47464725,168.42,19.10,0.00,97.83,0,-97.00,-14.00,0.00,0.00,43.00,0.00,0,112
599.32,1551276471,5990.03,51.46958647,7.47464725,168.42,19.10,0.00,97.83,0,-98.00,-15.00,0.00,0.00,44.00,0.00,0,289
599.32,1551276471,5990.05,51.46958647,7.47464725,168.42,19.10,0.00,97.83,0,-101.00,-16.00,0.00,0.00,44.00,0.00,0,229
599.33,1551276471,5990.07,51.46958647,7.47464725,168.42,19.10,0.00,97.83,0,-104.00,-18.00,0.00,0.00,43.00,0.00,0,51
600.32,1551276472,6009.00,51.46956407,7.47493621,169.56,19.06,0.00,98.17,0,-95.00,-14.00,0.00,0.00,45.00,0.00,0,111
600.32,1551276472,6009.00,51.46956407,7.47493621,169.56,19.06,0.00,98.17,0,-97.00,-14.00,0.00,0.00,43.00,0.00,0,112
600.32,1551276472,6009.00,51.46956407,7.47493621,169.56,19.06,0.00,98.17,0,-98.00,-15.00,0.00,0.00,44.00,0.00,0,289
600.32,1551276472,6009.02,51.46956407,7.47493621,169.56,19.06,0.00,98.17,0,-101.00,-16.00,0.00,0.00,44.00,0.00,0,229
600.32,1551276472,6009.02,51.46956407,7.47493621,169.56,19.06,0.00,98.17,0,-104.00,-18.00,0.00,0.00,43.00,0.00,0,51
601.32,1551276473,6028.15,51.46954295,7.47520099,171.01,18.88,0.00,97.43,0,-96.00,-11.00,0.00,0.00,40.00,0.00,0,289
601.32,1551276473,6028.17,51.46954295,7.47520099,171.01,18.88,0.00,97.43,0,-100.00,-15.00,0.00,0.00,40.00,0.00,0,111
601.32,1551276473,6028.19,51.46954295,7.47520099,171.01,18.88,0.00,97.43,0,-101.00,-14.00,0.00,0.00,38.00,0.00,0,112
602.32,1551276474,6047.03,51.46952199,7.47545795,172.07,18.73,0.00,96.83,0,-96.00,-11.00,0.00,0.00,40.00,0.00,0,289
602.32,1551276474,6047.05,51.46952199,7.47545795,172.07,18.73,0.00,96.83,0,-100.00,-15.00,0.00,0.00,40.00,0.00,0,111
602.32,1551276474,6047.05,51.46952199,7.47545795,172.07,18.73,0.00,96.83,0,-101.00,-14.00,0.00,0.00,38.00,0.00,0,112
603.32,1551276475,6065.75,51.46950467,7.47572689,172.85,18.58,0.00,95.81,0,-98.00,-13.00,0.00,0.00,42.00,0.00,0,289
603.32,1551276475,6065.77,51.46950467,7.47572689,172.85,18.58,0.00,95.81,0,-99.00,-13.00,0.00,0.00,40.00,0.00,0,143
603.32,1551276475,6065.77,51.46950467,7.47572689,172.85,18.58,0.00,95.81,0,-105.00,-20.00,0.00,0.00,41.00,0.00,0,112
604.32,1551276476,6084.30,51.46948997,7.47600277,173.49,18.06,0.00,94.81,0,-98.00,-13.00,0.00,0.00,42.00,0.00,0,289
604.32,1551276476,6084.32,51.46948997,7.47600277,173.49,18.06,0.00,94.81,0,-99.00,-13.00,0.00,0.00,40.00,0.00,0,143
604.32,1551276476,6084.33,51.46948997,7.47600277,173.49,18.06,0.00,94.81,0,-105.00,-20.00,0.00,0.00,41.00,0.00,0,112
616.32,1551276488,6290.06,51.46974062,7.47892846,178.37,16.07,0.00,76.42,0,-96.00,-13.00,0.00,0.00,43.00,0.00,0,143
616.32,1551276488,6290.07,51.46974062,7.47892846,178.37,16.07,0.00,76.42,0,-97.00,-14.00,0.00,0.00,43.00,0.00,0,141
617.32,1551276489,6306.12,51.46978271,7.47911656,178.72,15.97,0.00,75.84,0,-96.00,-13.00,0.00,0.00,43.00,0.00,0,143
617.32,1551276489,6306.14,51.46978271,7.47911656,178.72,15.97,0.00,75.84,0,-97.00,-14.00,0.00,0.00,43.00,0.00,0,141
620.32,1551276492,6353.39,51.46991666,7.47974898,179.26,15.50,0.00,73.66,0,-116.00,-18.00,0.00,0.00,32.00,0.00,0,209
620.32,1551276492,6353.39,51.46991666,7.47974898,179.26,15.50,0.00,73.66,0,-136.00,-21.00,0.00,0.00,17.00,0.00,0,212
621.32,1551276493,6368.90,51.46996286,7.47996583,179.26,15.52,0.00,72.92,0,-116.00,-18.00,0.00,0.00,32.00,0.00,0,209
621.32,1551276493,6368.90,51.46996286,7.47996583,179.26,15.52,0.00,72.92,0,-136.00,-21.00,0.00,0.00,17.00,0.00,0,212
622.32,1551276494,6384.42,51.47001080,7.48016249,179.11,15.63,0.00,72.16,0,-116.00,-18.00,0.00,0.00,33.00,0.00,0,209
622.32,1551276494,6384.43,51.47001080,7.48016249,179.11,15.63,0.00,72.16,0,-136.00,-21.00,0.00,0.00,17.00,0.00,0,212
623.32,1551276495,6400.05,51.47005956,7.48037802,178.38,15.65,0.00,71.56,0,-116.00,-18.00,0.00,0.00,33.00,0.00,0,209
623.32,1551276495,6400.07,51.47005956,7.48037802,178.38,15.65,0.00,71.56,0,-136.00,-21.00,0.00,0.00,17.00,0.00,0,212
624.32,1551276496,6415.72,51.47012144,7.48060086,177.91,15.61,0.00,71.12,0,-89.00,-14.00,0.00,0.00,52.00,0.00,0,141
624.32,1551276496,6415.72,51.47012144,7.48060086,177.91,15.61,0.00,71.12,0,-114.00,-18.00,0.00,0.00,34.00,0.00,0,209
624.32,1551276496,6415.73,51.47012144,7.48060086,177.91,15.61,0.00,71.12,0,-136.00,-21.00,0.00,0.00,17.00,0.00,0,212
625.32,1551276497,6431.33,51.47017509,7.48080740,177.59,15.27,0.00,72.04,0,-89.00,-14.00,0.00,0.00,52.00,0.00,0,141
625.32,1551276497,6431.33,51.47017509,7.48080740,177.59,15.27,0.00,72.04,0,-114.00,-18.00,0.00,0.00,34.00,0.00,0,209
625.32,1551276497,6431.34,51.47017509,7.48080740,177.59,15.27,0.00,72.04,0,-136.00,-21.00,0.00,0.00,17.00,0.00,0,212
639.32,1551276511,6575.86,51.46948940,7.48198413,176.07,10.09,0.00,165.79,0,-118.00,-20.00,0.00,0.00,31.00,0.00,0,420
639.32,1551276511,6575.86,51.46948940,7.48198413,176.07,10.09,0.00,165.79,0,-119.00,-20.00,0.00,0.00,31.00,0.00,0,76
639.32,1551276511,6575.87,51.46948940,7.48198413,176.07,10.09,0.00,165.79,0,-118.00,-18.00,0.00,0.00,31.00,0.00,0,209
640.32,1551276512,6585.94,51.46937430,7.48203000,175.61,11.16,0.00,165.34,0,-118.00,-20.00,0.00,0.00,31.00,0.00,0,420
640.32,1551276512,6585.95,51.46937430,7.48203000,175.61,11.16,0.00,165.34,0,-119.00,-20.00,0.00,0.00,31.00,0.00,0,76
640.32,1551276512,6585.96,51.46937430,7.48203000,175.61,11.16,0.00,165.34,0,-118.00,-18.00,0.00,0.00,31.00,0.00,0,209
641.32,1551276513,6597.12,51.46927241,7.48206844,175.23,11.44,0.00,164.57,0,-117.00,-19.00,0.00,0.00,32.00,0.00,0,420
641.32,1551276513,6597.13,51.46927241,7.48206844,175.23,11.44,0.00,164.57,0,-118.00,-20.00,0.00,0.00,32.00,0.00,0,76
641.32,1551276513,6597.14,51.46927241,7.48206844,175.23,11.44,0.00,164.57,0,-118.00,-18.00,0.00,0.00,31.00,0.00,0,209
642.32,1551276514,6608.55,51.46916801,7.48211201,175.07,11.05,0.00,165.03,0,-117.00,-19.00,0.00,0.00,32.00,0.00,0,420
642.32,1551276514,6608.57,51.46916801,7.48211201,175.07,11.05,0.00,165.03,0,-118.00,-20.00,0.00,0.00,32.00,0.00,0,76
642.32,1551276514,6608.58,51.46916801,7.48211201,175.07,11.05,0.00,165.03,0,-118.00,-18.00,0.00,0.00,31.00,0.00,0,209
643.32,1551276515,6619.62,51.46905552,7.48215855,174.81,12.07,0.00,166.19,0,-92.00,-13.00,0.00,0.00,47.00,0.00,0,141
643.32,1551276515,6619.63,51.46905552,7.48215855,174.81,12.07,0.00,166.19,0,-117.00,-20.00,0.00,0.00,32.00,0.00,0,420
643.32,1551276515,6619.63,51.46905552,7.48215855,174.81,12.07,0.00,166.19,0,-118.00,-20.00,0.00,0.00,32.00,0.00,0,76
643.32,1551276515,6619.65,51.46905552,7.48215855,174.81,12.07,0.00,166.19,0,-118.00,-19.00,0.00,0.00,32.00,0.00,0,209
644.32,1551276516,6631.68,51.46895485,7.48219367,174.92,12.28,0.00,167.50,0,-92.00,-13.00,0.00,0.00,47.00,0.00,0,141
644.32,1551276516,6631.69,51.46895485,7.48219367,174.92,12.28,0.00,167.50,0,-117.00,-20.00,0.00,0.00,32.00,0.00,0,420
644.32,1551276516,6631.70,51.46895485,7.48219367,174.92,12.28,0.00,167.50,0,-118.00,-20.00,0.00,0.00,32.00,0.00,0,76
644.32,1551276516,6631.71,51.46895485,7.48219367,174.92,12.28,0.00,167.50,0,-118.00,-19.00,0.00,0.00,32.00,0.00,0,209
673.32,1551276545,6940.77,51.46613024,7.48242378,173.00,12.71,0.00,198.22,0,-94.00,-17.00,0.00,0.00,50.00,0.00,0,141
674.32,1551276546,6953.48,51.46601132,7.48235069,173.11,13.33,0.00,200.58,0,-94.00,-17.00,0.00,0.00,50.00,0.00,0,141
687.32,1551276559,7114.91,51.46466622,7.48136506,171.08,12.56,0.00,199.64,0,-100.00,-12.00,0.00,0.00,38.00,0.00,0,143
687.32,1551276559,7114.92,51.46466622,7.48136506,171.08,12.56,0.00,199.64,0,-101.00,-13.00,0.00,0.00,38.00,0.00,0,141
688.32,1551276560,7127.46,51.46455852,7.48130880,171.42,12.67,0.00,198.76,0,-100.00,-12.00,0.00,0.00,38.00,0.00,0,143
688.32,1551276560,7127.46,51.46455852,7.48130880,171.42,12.67,0.00,198.76,0,-101.00,-13.00,0.00,0.00,38.00,0.00,0,141
689.32,1551276561,7140.13,51.46444947,7.48125434,171.80,12.39,0.00,198.26,0,-98.00,-14.00,0.00,0.00,42.00,0.00,0,143
689.32,1551276561,7140.13,51.46444947,7.48125434,171.80,12.39,0.00,198.26,0,-99.00,-15.00,0.00,0.00,42.00,0.00,0,141
690.32,1551276562,7152.53,51.46434601,7.48120149,172.30,11.93,0.00,198.65,0,-98.00,-14.00,0.00,0.00,42.00,0.00,0,143
690.32,1551276562,7152.54,51.46434601,7.48120149,172.30,11.93,0.00,198.65,0,-99.00,-15.00,0.00,0.00,42.00,0.00,0,141
691.33,1551276563,7164.57,51.46424081,7.48114859,172.90,12.07,0.00,198.21,0,-97.00,-14.00,0.00,0.00,42.00,0.00,0,143
691.33,1551276563,7164.58,51.46424081,7.48114859,172.90,12.07,0.00,198.21,0,-97.00,-14.00,0.00,0.00,42.00,0.00,0,141
692.32,1551276564,7176.53,51.46414110,7.48109904,173.37,12.40,0.00,197.57,0,-97.00,-14.00,0.00,0.00,42.00,0.00,0,143
692.32,1551276564,7176.53,51.46414110,7.48109904,173.37,12.40,0.00,197.57,0,-97.00,-14.00,0.00,0.00,42.00,0.00,0,141
693.32,1551276565,7188.93,51.46403346,7.48104692,173.50,12.29,0.00,196.70,0,-97.00,-14.00,0.00,0.00,42.00,0.00,0,143
693.32,1551276565,7188.93,51.46403346,7.48104692,173.50,12.29,0.00,196.70,0,-97.00,-14.00,0.00,0.00,42.00,0.00,0,141
694.32,1551276566,7201.21,51.46392730,7.48099922,173.69,12.43,0.00,196.11,0,-95.00,-15.00,0.00,0.00,46.00,0.00,0,143
694.32,1551276566,7201.22,51.46392730,7.48099922,173.69,12.43,0.00,196.11,0,-96.00,-16.00,0.00,0.00,46.00,0.00,0,141
695.32,1551276567,7213.65,51.46381815,7.48095378,174.03,12.67,0.00,195.89,0,-95.00,-15.00,0.00,0.00,46.00,0.00,0,143
695.32,1551276567,7213.66,51.46381815,7.48095378,174.03,12.67,0.00,195.89,0,-96.00,-16.00,0.00,0.00,46.00,0.00,0,141
696.32,1551276568,7226.32,51.46371250,7.48090521,174.53,12.77,0.00,196.06,0,-97.00,-14.00,0.00,0.00,44.00,0.00,0,143
696.32,1551276568,7226.33,51.46371250,7.48090521,174.53,12.77,0.00,196.06,0,-98.00,-15.00,0.00,0.00,44.00,0.00,0,141
697.32,1551276569,7239.10,51.46360567,7.48085816,175.22,12.81,0.00,196.48,0,-97.00,-14.00,0.00,0.00,44.00,0.00,0,143
697.32,1551276569,7239.11,51.46360567,7.48085816,175.22,12.81,0.00,196.48,0,-98.00,-15.00,0.00,0.00,44.00,0.00,0,141
698.32,1551276570,7251.91,51.46349457,7.48080570,175.68,12.62,0.00,196.52,0,-94.00,-12.00,0.00,0.00,44.00,0.00,0,143
698.32,1551276570,7251.92,51.46349457,7.48080570,175.68,12.62,0.00,196.52,0,-98.00,-16.00,0.00,0.00,44.00,0.00,0,141
698.32,1551276570,7251.93,51.46349457,7.48080570,175.68,12.62,0.00,196.52,0,-126.00,-20.00,0.00,0.00,24.00,0.00,0,209
699.32,1551276571,7264.53,51.46338147,7.48075165,176.09,12.66,0.00,196.01,0,-94.00,-12.00,0.00,0.00,44.00,0.00,0,143
699.32,1551276571,7264.54,51.46338147,7.48075165,176.09,12.66,0.00,196.01,0,-98.00,-16.00,0.00,0.00,44.00,0.00,0,141
699.32,1551276571,7264.54,51.46338147,7.48075165,176.09,12.66,0.00,196.01,0,-126.00,-20.00,0.00,0.00,24.00,0.00,0,209
700.32,1551276572,7277.19,51.46326908,7.48069991,176.46,12.42,0.00,196.43,0,-93.00,-12.00,0.00,0.00,46.00,0.00,0,143
700.32,1551276572,7277.20,51.46326908,7.48069991,176.46,12.42,0.00,196.43,0,-97.00,-17.00,0.00,0.00,46.00,0.00,0,141
700.32,1551276572,7277.21,51.46326908,7.48069991,176.46,12.42,0.00,196.43,0,-126.00,-20.00,0.00,0.00,24.00,0.00,0,209
701.32,1551276573,7289.61,51.46315889,7.48065292,176.91,12.28,0.00,196.76,0,-93.00,-12.00,0.00,0.00,46.00,0.00,0,143
701.32,1551276573,7289.61,51.46315889,7.48065292,176.91,12.28,0.00,196.76,0,-97.00,-17.00,0.00,0.00,46.00,0.00,0,141
701.32,1551276573,7289.62,51.46315889,7.48065292,176.91,12.28,0.00,196.76,0,-126.00,-20.00,0.00,0.00,24.00,0.00,0,209
702.32,1551276574,7301.89,51.46304290,7.48059726,177.44,12.20,0.00,197.42,0,-92.00,-12.00,0.00,0.00,46.00,0.00,0,143
702.32,1551276574,7301.89,51.46304290,7.48059726,177.44,12.20,0.00,197.42,0,-96.00,-16.00,0.00,0.00,46.00,0.00,0,141
702.32,1551276574,7301.91,51.46304290,7.48059726,177.44,12.20,0.00,197.42,0,-127.00,-20.00,0.00,0.00,24.00,0.00,0,209
703.32,1551276575,7314.09,51.46294401,7.48055084,178.05,11.97,0.00,196.60,0,-92.00,-12.00,0.00,0.00,46.00,0.00,0,143
703.32,1551276575,7314.09,51.46294401,7.48055084,178.05,11.97,0.00,196.60,0,-96.00,-16.00,0.00,0.00,46.00,0.00,0,141
703.32,1551276575,7314.11,51.46294401,7.48055084,178.05,11.97,0.00,196.60,0,-127.00,-20.00,0.00,0.00,24.00,0.00,0,209
704.32,1551276576,7326.07,51.46283221,7.48050295,178.75,11.71,0.00,196.25,0,-92.00,-12.00,0.00,0.00,47.00,0.00,0,143
704.32,1551276576,7326.07,51.46283221,7.48050295,178.75,11.71,0.00,196.25,0,-96.00,-17.00,0.00,0.00,47.00,0.00,0,141
705.32,1551276577,7337.74,51.46274308,7.48045980,179.10,11.22,0.00,195.98,0,-92.00,-12.00,0.00,0.00,47.00,0.00,0,143
705.32,1551276577,7337.75,51.46274308,7.48045980,179.10,11.22,0.00,195.98,0,-96.00,-17.00,0.00,0.00,47.00,0.00,0,141
706.32,1551276578,7348.98,51.46264969,7.48042032,179.40,10.53,0.00,195.69,0,-86.00,-12.00,0.00,0.00,51.00,0.00,0,143
706.32,1551276578,7348.99,51.46264969,7.48042032,179.40,10.53,0.00,195.69,0,-93.00,-18.00,0.00,0.00,52.00,0.00,0,141
707.32,1551276579,7359.51,51.46255501,7.48037650,179.49,9.76,0.00,194.96,0,-86.00,-12.00,0.00,0.00,51.00,0.00,0,143
707.32,1551276579,7359.51,51.46255501,7.48037650,179.49,9.76,0.00,194.96,0,-93.00,-18.00,0.00,0.00,52.00,0.00,0,141
708.32,1551276580,7369.26,51.46247559,7.48034031,179.72,8.33,0.00,195.13,0,-90.00,-9.00,0.00,0.00,45.00,0.00,0,143
709.32,1551276581,7377.58,51.46241932,7.48031298,179.81,6.31,0.00,195.92,0,-90.00,-9.00,0.00,0.00,45.00,0.00,0,143
710.32,1551276582,7383.89,51.46238368,7.48029340,179.46,4.47,0.00,196.09,0,-89.00,-9.00,0.00,0.00,45.00,0.00,0,143
711.32,1551276583,7388.35,51.46235818,7.48027927,179.39,2.71,0.00,196.25,0,-89.00,-9.00,0.00,0.00,45.00,0.00,0,143
712.33,1551276584,7391.09,51.46233823,7.48026823,179.34,1.38,0.00,197.22,0,-98.00,-12.00,0.00,0.00,40.00,0.00,0,289
713.32,1551276585,7392.46,51.46233823,7.48026823,179.33,0.00,0.00,197.22,0,-98.00,-12.00,0.00,0.00,40.00,0.00,0,289
714.32,1551276586,7392.46,51.46233823,7.48026823,179.33,0.00,0.00,197.22,0,-98.00,-12.00,0.00,0.00,40.00,0.00,0,289
715.32,1551276587,7392.46,51.46233823,7.48026823,179.32,0.00,0.00,197.22,0,-96.00,-11.00,0.00,0.00,42.00,0.00,0,289
716.32,1551276588,7392.46,51.46233823,7.48026823,179.31,0.00,0.00,197.22,0,-96.00,-11.00,0.00,0.00,42.00,0.00,0,289
717.32,1551276589,7392.46,51.46233823,7.48026823,179.31,0.00,0.00,197.22,0,-95.00,-9.00,0.00,0.00,41.00,0.00,0,289
718.32,1551276590,7392.46,51.46233823,7.48026823,179.30,0.00,0.00,197.22,0,-95.00,-9.00,0.00,0.00,41.00,0.00,0,289
719.32,1551276591,7392.46,51.46233823,7.48026823,179.29,0.00,0.00,197.22,0,-96.00,-12.00,0.00,0.00,43.00,0.00,0,289
720.32,1551276592,7392.46,51.46233823,7.48026823,179.28,0.00,0.00,197.22,0,-96.00,-12.00,0.00,0.00,43.00,0.00,0,289
721.32,1551276593,7392.46,51.46233823,7.48026823,179.27,0.00,0.00,197.22,0,-96.00,-13.00,0.00,0.00,43.00,0.00,0,289
722.32,1551276594,7392.46,51.46233823,7.48026823,179.26,0.00,0.00,197.22,0,-96.00,-13.00,0.00,0.00,43.00,0.00,0,289
723.32,1551276595,7392.46,51.46233823,7.48026823,179.25,0.00,0.00,197.22,0,-97.00,-13.00,0.00,0.00,43.00,0.00,0,289
724.32,1551276596,7392.46,51.46233823,7.48026823,179.24,0.00,0.00,197.22,0,-97.00,-13.00,0.00,0.00,43.00,0.00,0,289
725.32,1551276597,7392.46,51.46233823,7.48026823,179.23,0.00,0.00,197.22,0,-95.00,-16.00,0.00,0.00,48.00,0.00,0,289
726.33,1551276598,7392.46,51.46233823,7.48026823,179.22,0.00,0.00,197.22,0,-95.00,-16.00,0.00,0.00,48.00,0.00,0,289
727.32,1551276599,7392.46,51.46233823,7.48026823,179.22,0.00,0.00,197.22,0,-96.00,-17.00,0.00,0.00,49.00,0.00,0,289
728.32,1551276600,7392.46,51.46233823,7.48026823,179.21,0.00,0.00,197.22,0,-96.00,-17.00,0.00,0.00,49.00,0.00,0,289
729.32,1551276601,7392.46,51.46233823,7.48026823,179.21,0.00,0.00,197.22,0,-97.00,-12.00,0.00,0.00,42.00,0.00,0,289
730.32,1551276602,7392.46,51.46233823,7.48026823,179.20,0.00,0.00,197.22,0,-97.00,-12.00,0.00,0.00,42.00,0.00,0,289
733.33,1551276605,7392.46,51.46233823,7.48026823,179.16,0.00,0.00,197.01,0,-99.00,-12.00,0.00,0.00,40.00,0.00,0,289
734.32,1551276606,7392.46,51.46228640,7.48024880,179.15,0.00,0.00,196.01,0,-99.00,-12.00,0.00,0.00,40.00,0.00,0,289
735.32,1551276607,7392.46,51.46225815,7.48023833,179.14,2.94,0.00,195.45,0,-99.00,-12.00,0.00,0.00,40.00,0.00,0,289
736.32,1551276608,7395.40,51.46222633,7.48022993,179.17,2.77,0.00,194.69,0,-98.00,-12.00,0.00,0.00,40.00,0.00,0,289
737.32,1551276609,7398.17,51.46219776,7.48022230,179.20,2.50,0.00,194.04,0,-98.00,-12.00,0.00,0.00,40.00,0.00,0,289
738.32,1551276610,7400.67,51.46217430,7.48021223,179.24,1.78,0.00,196.29,0,-98.00,-12.00,0.00,0.00,41.00,0.00,0,289
739.32,1551276611,7402.46,51.46216834,7.48021116,179.29,1.04,0.00,196.29,0,-98.00,-12.00,0.00,0.00,41.00,0.00,0,289
740.32,1551276612,7403.49,51.46216325,7.48021130,179.30,0.31,0.00,196.29,0,-98.00,-10.00,0.00,0.00,39.00,0.00,0,289
741.32,1551276613,7403.80,51.46216325,7.48021130,179.30,0.00,0.00,196.29,0,-98.00,-10.00,0.00,0.00,39.00,0.00,0,289
742.32,1551276614,7403.80,51.46216325,7.48021130,179.29,0.00,0.00,196.29,0,-97.00,-14.00,0.00,0.00,43.00,0.00,0,289
743.32,1551276615,7403.80,51.46216325,7.48021130,179.28,0.00,0.00,196.29,0,-97.00,-14.00,0.00,0.00,43.00,0.00,0,289
746.32,1551276618,7403.80,51.46216325,7.48021130,179.23,0.00,0.00,196.29,0,-97.00,-13.00,0.00,0.00,42.00,0.00,0,289
747.32,1551276619,7403.80,51.46216325,7.48021130,179.21,0.00,0.00,196.29,0,-97.00,-13.00,0.00,0.00,42.00,0.00,0,289
748.32,1551276620,7403.80,51.46216325,7.48021130,179.19,0.00,0.00,196.29,0,-97.00,-13.00,0.00,0.00,41.00,0.00,0,289
749.32,1551276621,7403.80,51.46216325,7.48021130,179.16,0.00,0.00,196.29,0,-97.00,-13.00,0.00,0.00,41.00,0.00,0,289
750.32,1551276622,7403.80,51.46216325,7.48021130,179.14,0.00,0.00,196.29,0,-97.00,-11.00,0.00,0.00,39.00,0.00,0,289
751.32,1551276623,7403.80,51.46216325,7.48021130,179.11,0.00,0.00,196.29,0,-97.00,-11.00,0.00,0.00,39.00,0.00,0,289
752.32,1551276624,7403.80,51.46216325,7.48021130,179.09,0.00,0.00,196.29,0,-98.00,-12.00,0.00,0.00,40.00,0.00,0,289
753.32,1551276625,7403.80,51.46216325,7.48021130,179.07,0.00,0.00,196.29,0,-98.00,-12.00,0.00,0.00,40.00,0.00,0,289
754.33,1551276626,7403.80,51.46216325,7.48021130,179.04,0.00,0.00,196.29,0,-98.00,-14.00,0.00,0.00,41.00,0.00,0,289
755.32,1551276627,7403.80,51.46216325,7.48021130,178.83,0.00,0.00,198.60,0,-98.00,-14.00,0.00,0.00,41.00,0.00,0,289
756.32,1551276628,7403.80,51.46210136,7.48018636,178.65,0.00,0.00,197.02,0,-98.00,-14.00,0.00,0.00,41.00,0.00,0,289
757.32,1551276629,7403.81,51.46206159,7.48019948,176.84,4.63,0.00,170.49,0,-97.00,-14.00,0.00,0.00,42.00,0.00,0,289
758.32,1551276630,7408.44,51.46203719,7.48023844,175.88,4.69,0.00,137.81,0,-97.00,-14.00,0.00,0.00,42.00,0.00,0,289
759.32,1551276631,7413.14,51.46200913,7.48032526,175.09,6.72,0.00,112.75,0,-97.00,-14.00,0.00,0.00,43.00,0.00,0,289
760.32,1551276632,7419.86,51.46200997,7.48043088,174.25,8.09,0.00,91.93,0,-97.00,-14.00,0.00,0.00,43.00,0.00,0,289
761.32,1551276633,7427.95,51.46201180,7.48054022,173.68,9.61,0.00,91.05,0,-97.00,-15.00,0.00,0.00,43.00,0.00,0,289
762.32,1551276634,7437.57,51.46201229,7.48068807,173.38,10.64,0.00,90.22,0,-97.00,-15.00,0.00,0.00,43.00,0.00,0,289
771.32,1551276643,7551.38,51.46198391,7.48233858,178.76,13.26,0.00,91.53,0,-101.00,-15.00,0.00,0.00,40.00,0.00,0,141
772.32,1551276644,7564.61,51.46198369,7.48251946,178.94,12.69,0.00,91.08,0,-101.00,-15.00,0.00,0.00,40.00,0.00,0,141
773.32,1551276645,7577.34,51.46198626,7.48270428,179.45,12.55,0.00,90.43,0,-101.00,-11.00,0.00,0.00,35.00,0.00,0,289
773.32,1551276645,7577.36,51.46198626,7.48270428,179.45,12.55,0.00,90.43,0,-101.00,-13.00,0.00,0.00,37.00,0.00,0,141
774.32,1551276646,7589.89,51.46199017,7.48288293,180.25,12.47,0.00,90.24,0,-101.00,-11.00,0.00,0.00,35.00,0.00,0,289
774.32,1551276646,7589.90,51.46199017,7.48288293,180.25,12.47,0.00,90.24,0,-101.00,-13.00,0.00,0.00,37.00,0.00,0,141
775.33,1551276647,7602.44,51.46199378,7.48305591,181.08,12.26,0.00,89.91,0,-101.00,-12.00,0.00,0.00,36.00,0.00,0,289
775.33,1551276647,7602.45,51.46199378,7.48305591,181.08,12.26,0.00,89.91,0,-103.00,-13.00,0.00,0.00,36.00,0.00,0,141
775.33,1551276647,7602.47,51.46199378,7.48305591,181.08,12.26,0.00,89.91,0,-104.00,-15.00,0.00,0.00,37.00,0.00,0,112
776.32,1551276648,7614.61,51.46199446,7.48323767,181.86,11.79,0.00,89.58,0,-101.00,-12.00,0.00,0.00,36.00,0.00,0,289
776.32,1551276648,7614.63,51.46199446,7.48323767,181.86,11.79,0.00,89.58,0,-103.00,-13.00,0.00,0.00,36.00,0.00,0,141
776.32,1551276648,7614.64,51.46199446,7.48323767,181.86,11.79,0.00,89.58,0,-104.00,-15.00,0.00,0.00,37.00,0.00,0,112
777.32,1551276649,7626.41,51.46199450,7.48340188,182.32,11.80,0.00,90.50,0,-101.00,-12.00,0.00,0.00,36.00,0.00,0,289
777.32,1551276649,7626.41,51.46199450,7.48340188,182.32,11.80,0.00,90.50,0,-103.00,-13.00,0.00,0.00,36.00,0.00,0,141
777.32,1551276649,7626.42,51.46199450,7.48340188,182.32,11.80,0.00,90.50,0,-104.00,-15.00,0.00,0.00,37.00,0.00,0,112
778.32,1551276650,7638.21,51.46199326,7.48357027,182.38,11.89,0.00,88.97,0,-101.00,-12.00,0.00,0.00,37.00,0.00,0,289
778.32,1551276650,7638.22,51.46199326,7.48357027,182.38,11.89,0.00,88.97,0,-102.00,-13.00,0.00,0.00,37.00,0.00,0,141
778.32,1551276650,7638.22,51.46199326,7.48357027,182.38,11.89,0.00,88.97,0,-103.00,-16.00,0.00,0.00,38.00,0.00,0,112
779.32,1551276651,7650.07,51.46199175,7.48372439,182.63,10.99,0.00,90.04,0,-101.00,-12.00,0.00,0.00,37.00,0.00,0,289
779.32,1551276651,7650.07,51.46199175,7.48372439,182.63,10.99,0.00,90.04,0,-102.00,-13.00,0.00,0.00,37.00,0.00,0,141
779.32,1551276651,7650.08,51.46199175,7.48372439,182.63,10.99,0.00,90.04,0,-103.00,-16.00,0.00,0.00,38.00,0.00,0,112
792.32,1551276664,7794.21,51.46084367,7.48454387,185.75,14.71,0.00,173.12,0,-84.00,-18.00,0.00,0.00,59.00,0.00,0,143
793.32,1551276665,7808.92,51.46070647,7.48456216,185.85,15.25,0.00,174.87,0,-84.00,-18.00,0.00,0.00,59.00,0.00,0,143
799.32,1551276671,7900.57,51.45987060,7.48449576,190.91,14.58,0.00,185.94,0,-126.00,-21.00,0.00,0.00,25.00,0.00,0,374
799.32,1551276671,7900.57,51.45987060,7.48449576,190.91,14.58,0.00,185.94,0,-126.00,-21.00,0.00,0.00,25.00,0.00,0,295
799.32,1551276671,7900.59,51.45987060,7.48449576,190.91,14.58,0.00,185.94,0,-127.00,-21.00,0.00,0.00,25.00,0.00,0,118
800.32,1551276672,7915.16,51.45972990,7.48445686,192.23,14.60,0.00,187.49,0,-126.00,-21.00,0.00,0.00,25.00,0.00,0,374
800.32,1551276672,7915.17,51.45972990,7.48445686,192.23,14.60,0.00,187.49,0,-126.00,-21.00,0.00,0.00,25.00,0.00,0,295
800.32,1551276672,7915.19,51.45972990,7.48445686,192.23,14.60,0.00,187.49,0,-127.00,-21.00,0.00,0.00,25.00,0.00,0,118
803.32,1551276675,7959.34,51.45933531,7.48432826,196.01,14.97,0.00,190.00,0,-81.00,-14.00,0.00,0.00,58.00,0.00,0,143
804.32,1551276676,7974.33,51.45921226,7.48428187,197.56,14.71,0.00,190.49,0,-81.00,-14.00,0.00,0.00,58.00,0.00,0,143
805.32,1551276677,7989.02,51.45908915,7.48423375,198.90,14.74,0.00,191.04,0,-78.00,-13.00,0.00,0.00,60.00,0.00,0,143
805.32,1551276677,7989.04,51.45908915,7.48423375,198.90,14.74,0.00,191.04,0,-86.00,-20.00,0.00,0.00,60.00,0.00,0,341
806.32,1551276678,8003.72,51.45896065,7.48418707,200.13,15.20,0.00,190.45,0,-78.00,-13.00,0.00,0.00,60.00,0.00,0,143
806.32,1551276678,8003.74,51.45896065,7.48418707,200.13,15.20,0.00,190.45,0,-86.00,-20.00,0.00,0.00,60.00,0.00,0,341
811.32,1551276683,8078.90,51.45829530,7.48394058,206.20,15.24,0.00,191.38,0,-80.00,-14.00,0.00,0.00,59.00,0.00,0,142
812.32,1551276684,8094.15,51.45816462,7.48389259,207.18,15.07,0.00,191.75,0,-80.00,-14.00,0.00,0.00,59.00,0.00,0,142
813.32,1551276685,8109.23,51.45803278,7.48384455,208.16,14.73,0.00,192.17,0,-78.00,-9.00,0.00,0.00,57.00,0.00,0,142
814.32,1551276686,8123.96,51.45789784,7.48379573,209.22,14.97,0.00,191.96,0,-78.00,-9.00,0.00,0.00,57.00,0.00,0,142
815.32,1551276687,8138.93,51.45776765,7.48374850,209.97,15.31,0.00,191.32,0,-82.00,-11.00,0.00,0.00,56.00,0.00,0,142
816.32,1551276688,8154.22,51.45762951,7.48369895,211.12,15.39,0.00,191.79,0,-82.00,-11.00,0.00,0.00,56.00,0.00,0,142
817.33,1551276689,8169.80,51.45749619,7.48364871,211.99,15.67,0.00,192.54,0,-80.00,-9.00,0.00,0.00,55.00,0.00,0,142
817.33,1551276689,8169.81,51.45749619,7.48364871,211.99,15.67,0.00,192.54,0,-85.00,-13.00,0.00,0.00,56.00,0.00,0,289
817.33,1551276689,8169.83,51.45749619,7.48364871,211.99,15.67,0.00,192.54,0,-128.00,-14.00,0.00,0.00,17.00,0.00,0,223
817.33,1551276689,8169.83,51.45749619,7.48364871,211.99,15.67,0.00,192.54,0,-129.00,-15.00,0.00,0.00,17.00,0.00,0,232
818.32,1551276690,8185.33,51.45736322,7.48360427,212.39,16.17,0.00,191.79,0,-80.00,-9.00,0.00,0.00,55.00,0.00,0,142
818.32,1551276690,8185.33,51.45736322,7.48360427,212.39,16.17,0.00,191.79,0,-85.00,-13.00,0.00,0.00,56.00,0.00,0,289
818.32,1551276690,8185.34,51.45736322,7.48360427,212.39,16.17,0.00,191.79,0,-128.00,-14.00,0.00,0.00,17.00,0.00,0,223
818.32,1551276690,8185.36,51.45736322,7.48360427,212.39,16.17,0.00,191.79,0,-129.00,-15.00,0.00,0.00,17.00,0.00,0,232
819.32,1551276691,8201.50,51.45723093,7.48356049,212.94,15.87,0.00,191.42,0,-80.00,-9.00,0.00,0.00,55.00,0.00,0,142
819.32,1551276691,8201.51,51.45723093,7.48356049,212.94,15.87,0.00,191.42,0,-85.00,-13.00,0.00,0.00,56.00,0.00,0,289
819.32,1551276691,8201.51,51.45723093,7.48356049,212.94,15.87,0.00,191.42,0,-128.00,-14.00,0.00,0.00,17.00,0.00,0,223
819.32,1551276691,8201.53,51.45723093,7.48356049,212.94,15.87,0.00,191.42,0,-129.00,-15.00,0.00,0.00,17.00,0.00,0,232
820.32,1551276692,8217.35,51.45708282,7.48351181,213.41,16.27,0.00,190.83,0,-80.00,-8.00,0.00,0.00,55.00,0.00,0,142
820.32,1551276692,8217.37,51.45708282,7.48351181,213.41,16.27,0.00,190.83,0,-86.00,-13.00,0.00,0.00,54.00,0.00,0,289
820.32,1551276692,8217.38,51.45708282,7.48351181,213.41,16.27,0.00,190.83,0,-130.00,-15.00,0.00,0.00,17.00,0.00,0,232
820.32,1551276692,8217.38,51.45708282,7.48351181,213.41,16.27,0.00,190.83,0,-131.00,-16.00,0.00,0.00,16.00,0.00,0,223
821.32,1551276693,8233.60,51.45695116,7.48347375,213.82,15.97,0.00,190.59,0,-80.00,-8.00,0.00,0.00,55.00,0.00,0,142
821.32,1551276693,8233.60,51.45695116,7.48347375,213.82,15.97,0.00,190.59,0,-86.00,-13.00,0.00,0.00,54.00,0.00,0,289
821.32,1551276693,8233.62,51.45695116,7.48347375,213.82,15.97,0.00,190.59,0,-130.00,-15.00,0.00,0.00,17.00,0.00,0,232
821.32,1551276693,8233.63,51.45695116,7.48347375,213.82,15.97,0.00,190.59,0,-131.00,-16.00,0.00,0.00,16.00,0.00,0,223
822.32,1551276694,8249.60,51.45680909,7.48343425,214.03,15.81,0.00,189.91,0,-81.00,-9.00,0.00,0.00,54.00,0.00,0,142
822.32,1551276694,8249.60,51.45680909,7.48343425,214.03,15.81,0.00,189.91,0,-85.00,-11.00,0.00,0.00,53.00,0.00,0,289
822.32,1551276694,8249.62,51.45680909,7.48343425,214.03,15.81,0.00,189.91,0,-131.00,-16.00,0.00,0.00,16.00,0.00,0,232
822.32,1551276694,8249.63,51.45680909,7.48343425,214.03,15.81,0.00,189.91,0,-133.00,-18.00,0.00,0.00,16.00,0.00,0,223
823.32,1551276695,8265.35,51.45666691,7.48339939,213.98,15.79,0.00,189.10,0,-81.00,-9.00,0.00,0.00,54.00,0.00,0,142
823.32,1551276695,8265.37,51.45666691,7.48339939,213.98,15.79,0.00,189.10,0,-85.00,-11.00,0.00,0.00,53.00,0.00,0,289
823.32,1551276695,8265.37,51.45666691,7.48339939,213.98,15.79,0.00,189.10,0,-131.00,-16.00,0.00,0.00,16.00,0.00,0,232
823.32,1551276695,8265.38,51.45666691,7.48339939,213.98,15.79,0.00,189.10,0,-133.00,-18.00,0.00,0.00,16.00,0.00,0,223
824.32,1551276696,8281.17,51.45652497,7.48336562,213.86,15.92,0.00,188.68,0,-89.00,-14.00,0.00,0.00,52.00,0.00,0,142
825.32,1551276697,8297.07,51.45638320,7.48333145,213.97,15.95,0.00,188.35,0,-89.00,-14.00,0.00,0.00,52.00,0.00,0,142
826.32,1551276698,8313.03,51.45624273,7.48330250,214.55,15.94,0.00,187.55,0,-87.00,-9.00,0.00,0.00,48.00,0.00,0,142
827.32,1551276699,8328.97,51.45609831,7.48327734,215.32,16.04,0.00,186.55,0,-87.00,-9.00,0.00,0.00,48.00,0.00,0,142
828.32,1551276700,8344.98,51.45594832,7.48325962,215.80,16.13,0.00,184.92,0,-92.00,-9.00,0.00,0.00,43.00,0.00,0,289
829.32,1551276701,8361.10,51.45580271,7.48325021,216.13,15.97,0.00,183.78,0,-92.00,-9.00,0.00,0.00,43.00,0.00,0,289
841.32,1551276713,8555.60,51.45413384,7.48387587,223.37,16.15,0.00,153.32,0,-132.00,-19.00,0.00,0.00,19.00,0.00,0,223
842.32,1551276714,8571.75,51.45400086,7.48400116,223.65,16.25,0.00,150.81,0,-132.00,-19.00,0.00,0.00,19.00,0.00,0,223
843.32,1551276715,8587.99,51.45387221,7.48413651,224.04,16.60,0.00,148.15,0,-131.00,-17.00,0.00,0.00,18.00,0.00,0,223
844.32,1551276716,8604.59,51.45374624,7.48428524,224.29,16.69,0.00,144.68,0,-131.00,-17.00,0.00,0.00,18.00,0.00,0,223
857.32,1551276729,8811.10,51.45238174,7.48657325,228.46,14.66,0.00,139.82,0,-105.00,-11.00,0.00,0.00,31.00,0.00,0,429
858.32,1551276730,8825.77,51.45228125,7.48671213,229.50,14.63,0.00,141.86,0,-105.00,-11.00,0.00,0.00,31.00,0.00,0,429
862.32,1551276734,8886.89,51.45181646,7.48720191,233.27,15.77,0.00,150.60,0,-107.00,-12.00,0.00,0.00,31.00,0.00,0,429
862.32,1551276734,8886.91,51.45181646,7.48720191,233.27,15.77,0.00,150.60,0,-139.00,-23.00,0.00,0.00,15.00,0.00,0,212
863.32,1551276735,8902.66,51.45169054,7.48730473,233.74,15.26,0.00,152.41,0,-107.00,-12.00,0.00,0.00,31.00,0.00,0,429
863.32,1551276735,8902.68,51.45169054,7.48730473,233.74,15.26,0.00,152.41,0,-139.00,-23.00,0.00,0.00,15.00,0.00,0,212
864.32,1551276736,8917.95,51.45157138,7.48738675,234.15,14.42,0.00,154.81,0,-108.00,-13.00,0.00,0.00,31.00,0.00,0,429
864.32,1551276736,8917.95,51.45157138,7.48738675,234.15,14.42,0.00,154.81,0,-113.00,-18.00,0.00,0.00,31.00,0.00,0,290
864.32,1551276736,8917.97,51.45157138,7.48738675,234.15,14.42,0.00,154.81,0,-112.00,-18.00,0.00,0.00,32.00,0.00,0,289
865.32,1551276737,8932.36,51.45144894,7.48746721,234.35,14.28,0.00,156.16,0,-108.00,-13.00,0.00,0.00,31.00,0.00,0,429
865.32,1551276737,8932.36,51.45144894,7.48746721,234.35,14.28,0.00,156.16,0,-113.00,-18.00,0.00,0.00,31.00,0.00,0,290
865.32,1551276737,8932.38,51.45144894,7.48746721,234.35,14.28,0.00,156.16,0,-112.00,-18.00,0.00,0.00,32.00,0.00,0,289
866.32,1551276738,8946.65,51.45132434,7.48754490,234.89,14.87,0.00,157.36,0,-108.00,-14.00,0.00,0.00,31.00,0.00,0,429
866.32,1551276738,8946.67,51.45132434,7.48754490,234.89,14.87,0.00,157.36,0,-111.00,-17.00,0.00,0.00,32.00,0.00,0,290
866.32,1551276738,8946.67,51.45132434,7.48754490,234.89,14.87,0.00,157.36,0,-112.00,-19.00,0.00,0.00,32.00,0.00,0,289
867.32,1551276739,8961.50,51.45119828,7.48762608,235.26,14.30,0.00,158.04,0,-108.00,-14.00,0.00,0.00,31.00,0.00,0,429
867.32,1551276739,8961.52,51.45119828,7.48762608,235.26,14.30,0.00,158.04,0,-111.00,-17.00,0.00,0.00,32.00,0.00,0,290
867.32,1551276739,8961.52,51.45119828,7.48762608,235.26,14.30,0.00,158.04,0,-112.00,-19.00,0.00,0.00,32.00,0.00,0,289
868.32,1551276740,8975.80,51.45107167,7.48770185,235.63,14.65,0.00,158.90,0,-107.00,-14.00,0.00,0.00,32.00,0.00,0,429
868.32,1551276740,8975.80,51.45107167,7.48770185,235.63,14.65,0.00,158.90,0,-111.00,-17.00,0.00,0.00,31.00,0.00,0,289
868.32,1551276740,8975.82,51.45107167,7.48770185,235.63,14.65,0.00,158.90,0,-112.00,-17.00,0.00,0.00,31.00,0.00,0,16
869.32,1551276741,8990.45,51.45094867,7.48777729,236.24,14.69,0.00,158.71,0,-107.00,-14.00,0.00,0.00,32.00,0.00,0,429
869.32,1551276741,8990.47,51.45094867,7.48777729,236.24,14.69,0.00,158.71,0,-111.00,-17.00,0.00,0.00,31.00,0.00,0,289
869.32,1551276741,8990.48,51.45094867,7.48777729,236.24,14.69,0.00,158.71,0,-112.00,-17.00,0.00,0.00,31.00,0.00,0,16
870.32,1551276742,9005.14,51.45082462,7.48784996,236.71,14.72,0.00,159.11,0,-107.00,-13.00,0.00,0.00,32.00,0.00,0,429
870.32,1551276742,9005.16,51.45082462,7.48784996,236.71,14.72,0.00,159.11,0,-111.00,-17.00,0.00,0.00,31.00,0.00,0,290
870.32,1551276742,9005.17,51.45082462,7.48784996,236.71,14.72,0.00,159.11,0,-112.00,-18.00,0.00,0.00,31.00,0.00,0,289
871.32,1551276743,9019.86,51.45070861,7.48791400,237.60,14.22,0.00,159.54,0,-107.00,-13.00,0.00,0.00,32.00,0.00,0,429
871.32,1551276743,9019.87,51.45070861,7.48791400,237.60,14.22,0.00,159.54,0,-111.00,-17.00,0.00,0.00,31.00,0.00,0,290
871.32,1551276743,9019.89,51.45070861,7.48791400,237.60,14.22,0.00,159.54,0,-112.00,-18.00,0.00,0.00,31.00,0.00,0,289
872.32,1551276744,9034.08,51.45059111,7.48797807,238.65,13.81,0.00,160.26,0,-107.00,-12.00,0.00,0.00,31.00,0.00,0,429
872.32,1551276744,9034.09,51.45059111,7.48797807,238.65,13.81,0.00,160.26,0,-111.00,-16.00,0.00,0.00,31.00,0.00,0,290
872.32,1551276744,9034.10,51.45059111,7.48797807,238.65,13.81,0.00,160.26,0,-112.00,-17.00,0.00,0.00,30.00,0.00,0,118
873.32,1551276745,9047.90,51.45047693,7.48804272,239.26,12.77,0.00,159.78,0,-107.00,-12.00,0.00,0.00,31.00,0.00,0,429
873.32,1551276745,9047.91,51.45047693,7.48804272,239.26,12.77,0.00,159.78,0,-111.00,-16.00,0.00,0.00,31.00,0.00,0,290
873.32,1551276745,9047.91,51.45047693,7.48804272,239.26,12.77,0.00,159.78,0,-112.00,-17.00,0.00,0.00,30.00,0.00,0,118
874.32,1551276746,9060.63,51.45038306,7.48809898,239.83,10.59,0.00,159.25,0,-111.00,-17.00,0.00,0.00,32.00,0.00,0,290
875.32,1551276747,9071.22,51.45031400,7.48814027,241.01,7.38,0.00,158.29,0,-111.00,-17.00,0.00,0.00,32.00,0.00,0,290
876.32,1551276748,9078.60,51.45027989,7.48821183,242.29,5.83,0.00,122.25,0,-111.00,-16.00,0.00,0.00,30.00,0.00,0,290
876.32,1551276748,9078.61,51.45027989,7.48821183,242.29,5.83,0.00,122.25,0,-111.00,-16.00,0.00,0.00,30.00,0.00,0,289
876.32,1551276748,9078.61,51.45027989,7.48821183,242.29,5.83,0.00,122.25,0,-112.00,-17.00,0.00,0.00,31.00,0.00,0,118
877.32,1551276749,9084.42,51.45028157,7.48828517,243.48,5.96,0.00,87.20,0,-111.00,-16.00,0.00,0.00,30.00,0.00,0,290
877.32,1551276749,9084.43,51.45028157,7.48828517,243.48,5.96,0.00,87.20,0,-111.00,-16.00,0.00,0.00,30.00,0.00,0,289
877.32,1551276749,9084.43,51.45028157,7.48828517,243.48,5.96,0.00,87.20,0,-112.00,-17.00,0.00,0.00,31.00,0.00,0,118
