16.04,1552570865,205.64,51.49070319,7.41549677,156.81,13.81,0.00,83.59,0,-86.00,-15.00,0.00,0.00,55.00,0.00,0,319
17.04,1552570866,219.40,51.49071125,7.41570342,156.51,12.89,0.00,85.45,0,-86.00,-15.00,0.00,0.00,55.00,0.00,0,319
18.04,1552570867,232.27,51.49071006,7.41588551,156.11,11.87,0.00,87.73,0,-86.00,-15.00,0.00,0.00,55.00,0.00,0,319
19.04,1552570868,244.15,51.49070746,7.41603959,155.91,10.21,0.00,90.33,0,-86.00,-12.00,0.00,0.00,52.00,0.00,0,319
20.04,1552570869,254.37,51.49070173,7.41616320,155.81,8.93,0.00,92.63,0,-86.00,-12.00,0.00,0.00,52.00,0.00,0,319
21.04,1552570870,263.29,51.49069245,7.41627855,155.57,8.01,0.00,94.58,0,-84.00,-11.00,0.00,0.00,53.00,0.00,0,319
22.04,1552570871,271.30,51.49067921,7.41638546,155.44,7.87,0.00,96.61,0,-84.00,-11.00,0.00,0.00,53.00,0.00,0,319
33.04,1552570882,358.92,51.49020208,7.41734965,155.61,10.89,0.00,164.71,0,-110.00,-19.00,0.00,0.00,38.00,0.00,0,375
33.04,1552570882,358.94,51.49020208,7.41734965,155.61,10.89,0.00,164.71,0,-111.00,-19.00,0.00,0.00,38.00,0.00,0,377
33.04,1552570882,358.94,51.49020208,7.41734965,155.61,10.89,0.00,164.71,0,-112.00,-20.00,0.00,0.00,38.00,0.00,0,59
34.04,1552570883,369.83,51.49009498,7.41739132,155.34,13.04,0.00,165.30,0,-110.00,-19.00,0.00,0.00,38.00,0.00,0,375
34.04,1552570883,369.83,51.49009498,7.41739132,155.34,13.04,0.00,165.30,0,-111.00,-19.00,0.00,0.00,38.00,0.00,0,377
34.04,1552570883,369.84,51.49009498,7.41739132,155.34,13.04,0.00,165.30,0,-112.00,-20.00,0.00,0.00,38.00,0.00,0,59
35.04,1552570884,382.86,51.48997590,7.41743512,155.08,13.93,0.00,164.50,0,-114.00,-20.00,0.00,0.00,35.00,0.00,0,59
35.04,1552570884,382.86,51.48997590,7.41743512,155.08,13.93,0.00,164.50,0,-114.00,-19.00,0.00,0.00,36.00,0.00,0,375
35.04,1552570884,382.88,51.48997590,7.41743512,155.08,13.93,0.00,164.50,0,-114.00,-19.00,0.00,0.00,36.00,0.00,0,377
36.04,1552570885,396.80,51.48984877,7.41748541,154.94,14.18,0.00,163.88,0,-114.00,-20.00,0.00,0.00,35.00,0.00,0,59
36.04,1552570885,396.81,51.48984877,7.41748541,154.94,14.18,0.00,163.88,0,-114.00,-19.00,0.00,0.00,36.00,0.00,0,375
36.04,1552570885,396.81,51.48984877,7.41748541,154.94,14.18,0.00,163.88,0,-114.00,-19.00,0.00,0.00,36.00,0.00,0,377
37.05,1552570886,411.10,51.48972121,7.41753858,154.93,14.13,0.00,164.29,0,-95.00,-17.00,0.00,0.00,47.00,0.00,0,62
37.05,1552570886,411.10,51.48972121,7.41753858,154.93,14.13,0.00,164.29,0,-97.00,-17.00,0.00,0.00,46.00,0.00,0,171
37.05,1552570886,411.10,51.48972121,7.41753858,154.93,14.13,0.00,164.29,0,-118.00,-19.00,0.00,0.00,31.00,0.00,0,377
37.05,1552570886,411.11,51.48972121,7.41753858,154.93,14.13,0.00,164.29,0,-118.00,-19.00,0.00,0.00,31.00,0.00,0,59
37.05,1552570886,411.11,51.48972121,7.41753858,154.93,14.13,0.00,164.29,0,-119.00,-19.00,0.00,0.00,31.00,0.00,0,375
38.04,1552570887,425.12,51.48959313,7.41759308,155.00,14.62,0.00,165.46,0,-95.00,-17.00,0.00,0.00,47.00,0.00,0,62
38.04,1552570887,425.12,51.48959313,7.41759308,155.00,14.62,0.00,165.46,0,-97.00,-17.00,0.00,0.00,46.00,0.00,0,171
38.04,1552570887,425.13,51.48959313,7.41759308,155.00,14.62,0.00,165.46,0,-118.00,-19.00,0.00,0.00,31.00,0.00,0,377
38.04,1552570887,425.13,51.48959313,7.41759308,155.00,14.62,0.00,165.46,0,-118.00,-19.00,0.00,0.00,31.00,0.00,0,59
38.04,1552570887,425.13,51.48959313,7.41759308,155.00,14.62,0.00,165.46,0,-119.00,-19.00,0.00,0.00,31.00,0.00,0,375
39.04,1552570888,439.74,51.48946231,7.41763781,155.35,14.57,0.00,166.53,0,-95.00,-17.00,0.00,0.00,47.00,0.00,0,62
39.04,1552570888,439.74,51.48946231,7.41763781,155.35,14.57,0.00,166.53,0,-97.00,-17.00,0.00,0.00,46.00,0.00,0,171
39.04,1552570888,439.74,51.48946231,7.41763781,155.35,14.57,0.00,166.53,0,-118.00,-19.00,0.00,0.00,31.00,0.00,0,377
39.04,1552570888,439.75,51.48946231,7.41763781,155.35,14.57,0.00,166.53,0,-118.00,-19.00,0.00,0.00,31.00,0.00,0,59
39.04,1552570888,439.75,51.48946231,7.41763781,155.35,14.57,0.00,166.53,0,-119.00,-19.00,0.00,0.00,31.00,0.00,0,375
40.04,1552570889,454.30,51.48946231,7.41763781,155.35,14.57,0.00,166.53,0,-91.00,-18.00,0.00,0.00,54.00,0.00,0,62
40.04,1552570889,454.30,51.48946231,7.41763781,155.35,14.57,0.00,166.53,0,-92.00,-18.00,0.00,0.00,52.00,0.00,0,171
41.04,1552570890,468.85,51.48922094,7.41771077,155.67,14.63,0.00,168.42,0,-91.00,-18.00,0.00,0.00,54.00,0.00,0,62
41.04,1552570890,468.87,51.48922094,7.41771077,155.67,14.63,0.00,168.42,0,-92.00,-18.00,0.00,0.00,52.00,0.00,0,171
42.04,1552570891,483.46,51.48909465,7.41773841,155.52,15.06,0.00,169.67,0,-93.00,-17.00,0.00,0.00,51.00,0.00,0,171
43.04,1552570892,498.55,51.48895526,7.41775714,155.42,14.87,0.00,171.27,0,-93.00,-17.00,0.00,0.00,51.00,0.00,0,171
44.04,1552570893,513.41,51.48881148,7.41777361,155.61,14.79,0.00,173.64,0,-82.00,-12.00,0.00,0.00,57.00,0.00,0,171
45.04,1552570894,528.21,51.48867644,7.41777758,155.75,15.12,0.00,176.09,0,-82.00,-12.00,0.00,0.00,57.00,0.00,0,171
46.04,1552570895,543.31,51.48853838,7.41777316,155.52,15.35,0.00,177.99,0,-90.00,-16.00,0.00,0.00,52.00,0.00,0,171
47.04,1552570896,558.66,51.48840012,7.41776404,155.16,15.39,0.00,179.82,0,-90.00,-16.00,0.00,0.00,52.00,0.00,0,171
48.04,1552570897,574.06,51.48825559,7.41775269,154.74,15.52,0.00,180.83,0,-87.00,-12.00,0.00,0.00,51.00,0.00,0,171
49.04,1552570898,589.57,51.48810384,7.41774134,154.03,15.53,0.00,180.96,0,-87.00,-12.00,0.00,0.00,51.00,0.00,0,171
50.04,1552570899,605.11,51.48795307,7.41772436,153.00,15.89,0.00,179.87,0,-85.00,-12.00,0.00,0.00,53.00,0.00,0,171
51.04,1552570900,621.00,51.48782974,7.41772344,151.93,15.97,0.00,178.32,0,-85.00,-12.00,0.00,0.00,53.00,0.00,0,171
52.04,1552570901,636.97,51.48768665,7.41773230,150.97,16.27,0.00,176.45,0,-96.00,-11.00,0.00,0.00,41.00,0.00,0,171
52.04,1552570901,636.99,51.48768665,7.41773230,150.97,16.27,0.00,176.45,0,-99.00,-13.00,0.00,0.00,40.00,0.00,0,61
53.04,1552570902,653.24,51.48755217,7.41775708,149.91,15.75,0.00,173.37,0,-96.00,-11.00,0.00,0.00,41.00,0.00,0,171
53.04,1552570902,653.26,51.48755217,7.41775708,149.91,15.75,0.00,173.37,0,-99.00,-13.00,0.00,0.00,40.00,0.00,0,61
54.04,1552570903,669.00,51.48743731,7.41784292,148.91,15.24,0.00,156.21,0,-97.00,-12.00,0.00,0.00,40.00,0.00,0,171
54.04,1552570903,669.00,51.48743731,7.41784292,148.91,15.24,0.00,156.21,0,-101.00,-15.00,0.00,0.00,41.00,0.00,0,146
54.04,1552570903,669.00,51.48743731,7.41784292,148.91,15.24,0.00,156.21,0,-104.00,-17.00,0.00,0.00,38.00,0.00,0,61
55.04,1552570904,684.26,51.48732231,7.41794461,147.97,15.23,0.00,153.01,0,-97.00,-12.00,0.00,0.00,40.00,0.00,0,171
55.04,1552570904,684.26,51.48732231,7.41794461,147.97,15.23,0.00,153.01,0,-101.00,-15.00,0.00,0.00,41.00,0.00,0,146
55.04,1552570904,684.28,51.48732231,7.41794461,147.97,15.23,0.00,153.01,0,-104.00,-17.00,0.00,0.00,38.00,0.00,0,61
56.04,1552570905,699.48,51.48721998,7.41809743,147.35,14.76,0.00,136.49,0,-98.00,-13.00,0.00,0.00,40.00,0.00,0,171
56.04,1552570905,699.49,51.48721998,7.41809743,147.35,14.76,0.00,136.49,0,-103.00,-17.00,0.00,0.00,40.00,0.00,0,146
56.04,1552570905,699.49,51.48721998,7.41809743,147.35,14.76,0.00,136.49,0,-104.00,-17.00,0.00,0.00,38.00,0.00,0,266
57.04,1552570906,714.25,51.48712063,7.41824929,147.24,15.16,0.00,135.59,0,-98.00,-13.00,0.00,0.00,40.00,0.00,0,171
57.04,1552570906,714.25,51.48712063,7.41824929,147.24,15.16,0.00,135.59,0,-103.00,-17.00,0.00,0.00,40.00,0.00,0,146
57.04,1552570906,714.25,51.48712063,7.41824929,147.24,15.16,0.00,135.59,0,-104.00,-17.00,0.00,0.00,38.00,0.00,0,266
58.05,1552570907,729.50,51.48701728,7.41840825,147.09,15.16,0.00,135.77,0,-97.00,-14.00,0.00,0.00,43.00,0.00,0,171
58.05,1552570907,729.50,51.48701728,7.41840825,147.09,15.16,0.00,135.77,0,-101.00,-19.00,0.00,0.00,44.00,0.00,0,146
59.04,1552570908,744.55,51.48691479,7.41855322,146.79,14.48,0.00,138.36,0,-97.00,-14.00,0.00,0.00,43.00,0.00,0,171
59.04,1552570908,744.55,51.48691479,7.41855322,146.79,14.48,0.00,138.36,0,-101.00,-19.00,0.00,0.00,44.00,0.00,0,146
60.04,1552570909,759.03,51.48679971,7.41864449,146.15,13.77,0.00,155.13,0,-97.00,-14.00,0.00,0.00,43.00,0.00,0,171
60.04,1552570909,759.03,51.48679971,7.41864449,146.15,13.77,0.00,155.13,0,-101.00,-19.00,0.00,0.00,44.00,0.00,0,146
61.04,1552570910,772.81,51.48669294,7.41870857,145.59,13.39,0.00,157.80,0,-97.00,-12.00,0.00,0.00,41.00,0.00,0,171
61.04,1552570910,772.81,51.48669294,7.41870857,145.59,13.39,0.00,157.80,0,-124.00,-18.00,0.00,0.00,25.00,0.00,0,389
61.04,1552570910,772.83,51.48669294,7.41870857,145.59,13.39,0.00,157.80,0,-125.00,-20.00,0.00,0.00,25.00,0.00,0,201
61.04,1552570910,772.83,51.48669294,7.41870857,145.59,13.39,0.00,157.80,0,-126.00,-20.00,0.00,0.00,25.00,0.00,0,375
62.04,1552570911,786.21,51.48656766,7.41872653,144.82,13.21,0.00,174.48,0,-97.00,-12.00,0.00,0.00,41.00,0.00,0,171
62.04,1552570911,786.22,51.48656766,7.41872653,144.82,13.21,0.00,174.48,0,-124.00,-18.00,0.00,0.00,25.00,0.00,0,389
62.04,1552570911,786.22,51.48656766,7.41872653,144.82,13.21,0.00,174.48,0,-125.00,-20.00,0.00,0.00,25.00,0.00,0,201
62.04,1552570911,786.22,51.48656766,7.41872653,144.82,13.21,0.00,174.48,0,-126.00,-20.00,0.00,0.00,25.00,0.00,0,375
63.04,1552570912,799.40,51.48644173,7.41873396,144.52,12.97,0.00,178.20,0,-93.00,-13.00,0.00,0.00,46.00,0.00,0,171
64.04,1552570913,812.36,51.48632236,7.41870195,144.15,12.73,0.00,191.16,0,-93.00,-13.00,0.00,0.00,46.00,0.00,0,171
65.04,1552570914,825.12,51.48621236,7.41865652,143.71,12.09,0.00,193.29,0,-90.00,-13.00,0.00,0.00,48.00,0.00,0,171
65.04,1552570914,825.12,51.48621236,7.41865652,143.71,12.09,0.00,193.29,0,-96.00,-19.00,0.00,0.00,50.00,0.00,0,61
65.04,1552570914,825.13,51.48621236,7.41865652,143.71,12.09,0.00,193.29,0,-97.00,-20.00,0.00,0.00,49.00,0.00,0,146
66.04,1552570915,837.20,51.48610496,7.41860730,143.30,11.74,0.00,194.34,0,-90.00,-13.00,0.00,0.00,48.00,0.00,0,171
66.04,1552570915,837.20,51.48610496,7.41860730,143.30,11.74,0.00,194.34,0,-96.00,-19.00,0.00,0.00,50.00,0.00,0,61
66.04,1552570915,837.20,51.48610496,7.41860730,143.30,11.74,0.00,194.34,0,-97.00,-20.00,0.00,0.00,49.00,0.00,0,146
67.04,1552570916,848.93,51.48600132,7.41856134,143.08,11.17,0.00,194.24,0,-93.00,-13.00,0.00,0.00,46.00,0.00,0,171
67.04,1552570916,848.93,51.48600132,7.41856134,143.08,11.17,0.00,194.24,0,-94.00,-14.00,0.00,0.00,47.00,0.00,0,61
67.04,1552570916,848.93,51.48600132,7.41856134,143.08,11.17,0.00,194.24,0,-97.00,-17.00,0.00,0.00,46.00,0.00,0,146
68.04,1552570917,860.11,51.48591512,7.41852936,143.10,10.69,0.00,191.90,0,-93.00,-13.00,0.00,0.00,46.00,0.00,0,171
68.04,1552570917,860.11,51.48591512,7.41852936,143.10,10.69,0.00,191.90,0,-94.00,-14.00,0.00,0.00,47.00,0.00,0,61
68.04,1552570917,860.11,51.48591512,7.41852936,143.10,10.69,0.00,191.90,0,-97.00,-17.00,0.00,0.00,46.00,0.00,0,146
69.04,1552570918,870.78,51.48582812,7.41850430,143.28,11.00,0.00,188.65,0,-97.00,-15.00,0.00,0.00,44.00,0.00,0,61
69.04,1552570918,870.78,51.48582812,7.41850430,143.28,11.00,0.00,188.65,0,-98.00,-14.00,0.00,0.00,42.00,0.00,0,171
69.04,1552570918,870.79,51.48582812,7.41850430,143.28,11.00,0.00,188.65,0,-98.00,-15.00,0.00,0.00,43.00,0.00,0,146
70.04,1552570919,881.78,51.48573863,7.41851425,143.43,11.09,0.00,174.97,0,-97.00,-15.00,0.00,0.00,44.00,0.00,0,61
70.04,1552570919,881.78,51.48573863,7.41851425,143.43,11.09,0.00,174.97,0,-98.00,-14.00,0.00,0.00,42.00,0.00,0,171
70.04,1552570919,881.78,51.48573863,7.41851425,143.43,11.09,0.00,174.97,0,-98.00,-15.00,0.00,0.00,43.00,0.00,0,146
71.04,1552570920,892.86,51.48564202,7.41853298,143.66,11.07,0.00,172.77,0,-100.00,-15.00,0.00,0.00,41.00,0.00,0,146
71.04,1552570920,892.86,51.48564202,7.41853298,143.66,11.07,0.00,172.77,0,-100.00,-15.00,0.00,0.00,41.00,0.00,0,171
71.04,1552570920,892.86,51.48564202,7.41853298,143.66,11.07,0.00,172.77,0,-102.00,-18.00,0.00,0.00,42.00,0.00,0,61
72.04,1552570921,903.94,51.48554470,7.41856592,143.88,11.07,0.00,169.36,0,-100.00,-15.00,0.00,0.00,41.00,0.00,0,146
72.04,1552570921,903.94,51.48554470,7.41856592,143.88,11.07,0.00,169.36,0,-100.00,-15.00,0.00,0.00,41.00,0.00,0,171
72.04,1552570921,903.96,51.48554470,7.41856592,143.88,11.07,0.00,169.36,0,-102.00,-18.00,0.00,0.00,42.00,0.00,0,61
73.04,1552570922,915.06,51.48544176,7.41861369,144.39,11.21,0.00,165.37,0,-94.00,-12.00,0.00,0.00,43.00,0.00,0,171
73.04,1552570922,915.07,51.48544176,7.41861369,144.39,11.21,0.00,165.37,0,-101.00,-16.00,0.00,0.00,41.00,0.00,0,146
73.05,1552570922,915.08,51.48544176,7.41861369,144.39,11.21,0.00,165.37,0,-101.00,-17.00,0.00,0.00,43.00,0.00,0,61
74.04,1552570923,926.22,51.48534798,7.41867588,144.87,11.17,0.00,161.53,0,-94.00,-12.00,0.00,0.00,43.00,0.00,0,171
74.04,1552570923,926.23,51.48534798,7.41867588,144.87,11.17,0.00,161.53,0,-101.00,-16.00,0.00,0.00,41.00,0.00,0,146
74.04,1552570923,926.23,51.48534798,7.41867588,144.87,11.17,0.00,161.53,0,-101.00,-17.00,0.00,0.00,43.00,0.00,0,61
75.04,1552570924,937.39,51.48525312,7.41875023,145.42,11.17,0.00,158.84,0,-87.00,-11.00,0.00,0.00,49.00,0.00,0,171
76.04,1552570925,948.60,51.48516326,7.41882596,145.91,10.63,0.00,157.72,0,-87.00,-11.00,0.00,0.00,49.00,0.00,0,171
77.04,1552570926,959.19,51.48506776,7.41888819,146.39,10.35,0.00,160.11,0,-93.00,-13.00,0.00,0.00,48.00,0.00,0,171
78.04,1552570927,969.53,51.48498107,7.41893449,146.83,9.76,0.00,163.06,0,-93.00,-13.00,0.00,0.00,48.00,0.00,0,171
79.04,1552570928,979.35,51.48488715,7.41896967,146.86,10.33,0.00,166.52,0,-90.00,-10.00,0.00,0.00,48.00,0.00,0,171
80.04,1552570929,989.63,51.48478102,7.41896330,146.41,11.86,0.00,182.40,0,-90.00,-10.00,0.00,0.00,48.00,0.00,0,171
81.04,1552570930,1001.51,51.48467604,7.41894933,146.10,11.81,0.00,184.09,0,-90.00,-10.00,0.00,0.00,48.00,0.00,0,171
82.04,1552570931,1013.32,51.48456581,7.41892617,145.68,12.07,0.00,187.37,0,-91.00,-10.00,0.00,0.00,46.00,0.00,0,171
83.04,1552570932,1025.37,51.48445392,7.41888523,145.33,12.70,0.00,191.22,0,-91.00,-10.00,0.00,0.00,46.00,0.00,0,171
84.04,1552570933,1038.06,51.48435617,7.41880193,145.24,13.64,0.00,204.70,0,-99.00,-15.00,0.00,0.00,41.00,0.00,0,319
85.04,1552570934,1051.70,51.48424481,7.41870449,145.14,14.48,0.00,206.66,0,-99.00,-15.00,0.00,0.00,41.00,0.00,0,319
88.04,1552570937,1095.15,51.48390777,7.41836763,145.91,14.19,0.00,211.38,0,-103.00,-18.00,0.00,0.00,41.00,0.00,0,146
88.04,1552570937,1095.15,51.48390777,7.41836763,145.91,14.19,0.00,211.38,0,-105.00,-18.00,0.00,0.00,40.00,0.00,0,266
88.04,1552570937,1095.15,51.48390777,7.41836763,145.91,14.19,0.00,211.38,0,-105.00,-18.00,0.00,0.00,39.00,0.00,0,319
89.04,1552570938,1109.35,51.48379386,7.41825554,146.33,14.16,0.00,212.24,0,-103.00,-18.00,0.00,0.00,41.00,0.00,0,146
89.04,1552570938,1109.35,51.48379386,7.41825554,146.33,14.16,0.00,212.24,0,-105.00,-18.00,0.00,0.00,40.00,0.00,0,266
89.04,1552570938,1109.35,51.48379386,7.41825554,146.33,14.16,0.00,212.24,0,-105.00,-18.00,0.00,0.00,39.00,0.00,0,319
90.04,1552570939,1123.49,51.48368452,7.41813545,146.86,14.15,0.00,212.74,0,-104.00,-12.00,0.00,0.00,34.00,0.00,0,146
90.04,1552570939,1123.50,51.48368452,7.41813545,146.86,14.15,0.00,212.74,0,-106.00,-14.00,0.00,0.00,34.00,0.00,0,339
90.04,1552570939,1123.50,51.48368452,7.41813545,146.86,14.15,0.00,212.74,0,-107.00,-13.00,0.00,0.00,32.00,0.00,0,306
91.04,1552570940,1137.64,51.48357458,7.41801200,147.55,14.03,0.00,213.16,0,-104.00,-12.00,0.00,0.00,34.00,0.00,0,146
91.04,1552570940,1137.65,51.48357458,7.41801200,147.55,14.03,0.00,213.16,0,-106.00,-14.00,0.00,0.00,34.00,0.00,0,339
91.04,1552570940,1137.65,51.48357458,7.41801200,147.55,14.03,0.00,213.16,0,-107.00,-13.00,0.00,0.00,32.00,0.00,0,306
92.04,1552570941,1151.68,51.48346708,7.41789128,148.29,13.89,0.00,213.50,0,-103.00,-11.00,0.00,0.00,34.00,0.00,0,339
92.04,1552570941,1151.68,51.48346708,7.41789128,148.29,13.89,0.00,213.50,0,-104.00,-12.00,0.00,0.00,34.00,0.00,0,146
92.04,1552570941,1151.68,51.48346708,7.41789128,148.29,13.89,0.00,213.50,0,-108.00,-16.00,0.00,0.00,34.00,0.00,0,266
93.04,1552570942,1165.56,51.48336851,7.41778318,148.73,13.90,0.00,212.52,0,-103.00,-11.00,0.00,0.00,34.00,0.00,0,339
93.04,1552570942,1165.58,51.48336851,7.41778318,148.73,13.90,0.00,212.52,0,-104.00,-12.00,0.00,0.00,34.00,0.00,0,146
93.04,1552570942,1165.58,51.48336851,7.41778318,148.73,13.90,0.00,212.52,0,-108.00,-16.00,0.00,0.00,34.00,0.00,0,266
94.04,1552570943,1179.51,51.48326693,7.41767478,148.70,14.10,0.00,211.85,0,-107.00,-15.00,0.00,0.00,34.00,0.00,0,266
94.04,1552570943,1179.51,51.48326693,7.41767478,148.70,14.10,0.00,211.85,0,-108.00,-16.00,0.00,0.00,33.00,0.00,0,306
95.04,1552570944,1193.58,51.48316038,7.41757501,148.64,14.18,0.00,210.19,0,-107.00,-15.00,0.00,0.00,34.00,0.00,0,266
95.04,1552570944,1193.58,51.48316038,7.41757501,148.64,14.18,0.00,210.19,0,-108.00,-16.00,0.00,0.00,33.00,0.00,0,306
98.04,1552570947,1236.11,51.48284352,7.41731928,147.27,14.00,0.00,205.23,0,-107.00,-14.00,0.00,0.00,32.00,0.00,0,61
99.04,1552570948,1250.11,51.48272823,7.41724193,146.97,14.02,0.00,204.00,0,-107.00,-14.00,0.00,0.00,32.00,0.00,0,61
105.04,1552570954,1334.61,51.48202101,7.41685503,149.67,12.52,0.00,200.17,0,-100.00,-10.00,0.00,0.00,36.00,0.00,0,27
105.04,1552570954,1334.61,51.48202101,7.41685503,149.67,12.52,0.00,200.17,0,-105.00,-15.00,0.00,0.00,36.00,0.00,0,171
106.04,1552570955,1347.14,51.48192453,7.41680572,149.84,11.10,0.00,200.58,0,-100.00,-10.00,0.00,0.00,36.00,0.00,0,27
106.04,1552570955,1347.14,51.48192453,7.41680572,149.84,11.10,0.00,200.58,0,-105.00,-15.00,0.00,0.00,36.00,0.00,0,171
107.04,1552570956,1358.23,51.48183518,7.41675417,150.28,10.14,0.00,200.91,0,-102.00,-15.00,0.00,0.00,39.00,0.00,0,171
107.04,1552570956,1358.24,51.48183518,7.41675417,150.28,10.14,0.00,200.91,0,-103.00,-16.00,0.00,0.00,39.00,0.00,0,27
107.04,1552570956,1358.24,51.48183518,7.41675417,150.28,10.14,0.00,200.91,0,-105.00,-18.00,0.00,0.00,39.00,0.00,0,266
108.04,1552570957,1368.37,51.48176005,7.41670900,150.98,8.18,0.00,200.93,0,-102.00,-15.00,0.00,0.00,39.00,0.00,0,171
108.04,1552570957,1368.37,51.48176005,7.41670900,150.98,8.18,0.00,200.93,0,-103.00,-16.00,0.00,0.00,39.00,0.00,0,27
108.04,1552570957,1368.37,51.48176005,7.41670900,150.98,8.18,0.00,200.93,0,-105.00,-18.00,0.00,0.00,39.00,0.00,0,266
109.04,1552570958,1376.55,51.48169831,7.41666765,151.69,6.39,0.00,201.21,0,-99.00,-10.00,0.00,0.00,37.00,0.00,0,171
109.04,1552570958,1376.55,51.48169831,7.41666765,151.69,6.39,0.00,201.21,0,-100.00,-10.00,0.00,0.00,36.00,0.00,0,27
109.04,1552570958,1376.55,51.48169831,7.41666765,151.69,6.39,0.00,201.21,0,-104.00,-15.00,0.00,0.00,36.00,0.00,0,266
110.04,1552570959,1382.94,51.48166220,7.41664526,151.75,3.60,0.00,201.82,0,-99.00,-10.00,0.00,0.00,37.00,0.00,0,171
110.04,1552570959,1382.94,51.48166220,7.41664526,151.75,3.60,0.00,201.82,0,-100.00,-10.00,0.00,0.00,36.00,0.00,0,27
110.04,1552570959,1382.94,51.48166220,7.41664526,151.75,3.60,0.00,201.82,0,-104.00,-15.00,0.00,0.00,36.00,0.00,0,266
111.04,1552570960,1386.53,51.48165128,7.41663783,151.83,0.57,0.00,201.82,0,-98.00,-13.00,0.00,0.00,41.00,0.00,0,171
111.04,1552570960,1386.53,51.48165128,7.41663783,151.83,0.57,0.00,201.82,0,-98.00,-13.00,0.00,0.00,43.00,0.00,0,27
111.04,1552570960,1386.53,51.48165128,7.41663783,151.83,0.57,0.00,201.82,0,-99.00,-15.00,0.00,0.00,42.00,0.00,0,134
112.04,1552570961,1387.10,51.48165128,7.41663783,151.84,0.00,0.00,201.82,0,-98.00,-13.00,0.00,0.00,41.00,0.00,0,171
112.04,1552570961,1387.10,51.48165128,7.41663783,151.84,0.00,0.00,201.82,0,-98.00,-13.00,0.00,0.00,43.00,0.00,0,27
112.04,1552570961,1387.10,51.48165128,7.41663783,151.84,0.00,0.00,201.82,0,-99.00,-15.00,0.00,0.00,42.00,0.00,0,134
113.04,1552570962,1387.10,51.48165128,7.41663783,151.85,0.00,0.00,201.82,0,-95.00,-11.00,0.00,0.00,41.00,0.00,0,134
113.04,1552570962,1387.10,51.48165128,7.41663783,151.85,0.00,0.00,201.82,0,-98.00,-12.00,0.00,0.00,39.00,0.00,0,27
113.04,1552570962,1387.10,51.48165128,7.41663783,151.85,0.00,0.00,201.82,0,-100.00,-14.00,0.00,0.00,39.00,0.00,0,171
114.04,1552570963,1387.10,51.48165128,7.41663783,151.85,0.00,0.00,201.82,0,-95.00,-11.00,0.00,0.00,41.00,0.00,0,134
114.04,1552570963,1387.10,51.48165128,7.41663783,151.85,0.00,0.00,201.82,0,-98.00,-12.00,0.00,0.00,39.00,0.00,0,27
114.04,1552570963,1387.10,51.48165128,7.41663783,151.85,0.00,0.00,201.82,0,-100.00,-14.00,0.00,0.00,39.00,0.00,0,171
115.04,1552570964,1387.10,51.48165128,7.41663783,151.86,0.00,0.00,201.82,0,-98.00,-10.00,0.00,0.00,38.00,0.00,0,27
115.04,1552570964,1387.10,51.48165128,7.41663783,151.86,0.00,0.00,201.82,0,-98.00,-13.00,0.00,0.00,40.00,0.00,0,134
115.04,1552570964,1387.10,51.48165128,7.41663783,151.86,0.00,0.00,201.82,0,-101.00,-14.00,0.00,0.00,39.00,0.00,0,171
116.04,1552570965,1387.10,51.48165128,7.41663783,151.87,0.00,0.00,201.82,0,-98.00,-10.00,0.00,0.00,38.00,0.00,0,27
116.04,1552570965,1387.10,51.48165128,7.41663783,151.87,0.00,0.00,201.82,0,-98.00,-13.00,0.00,0.00,40.00,0.00,0,134
116.04,1552570965,1387.10,51.48165128,7.41663783,151.87,0.00,0.00,201.82,0,-101.00,-14.00,0.00,0.00,39.00,0.00,0,171
117.04,1552570966,1387.10,51.48165128,7.41663783,151.88,0.00,0.00,201.82,0,-95.00,-11.00,0.00,0.00,42.00,0.00,0,134
117.04,1552570966,1387.10,51.48165128,7.41663783,151.88,0.00,0.00,201.82,0,-99.00,-14.00,0.00,0.00,40.00,0.00,0,171
117.04,1552570966,1387.10,51.48165128,7.41663783,151.88,0.00,0.00,201.82,0,-99.00,-11.00,0.00,0.00,39.00,0.00,0,27
118.04,1552570967,1387.10,51.48165128,7.41663783,151.89,0.00,0.00,201.82,0,-95.00,-11.00,0.00,0.00,42.00,0.00,0,134
118.04,1552570967,1387.10,51.48165128,7.41663783,151.89,0.00,0.00,201.82,0,-99.00,-14.00,0.00,0.00,40.00,0.00,0,171
118.04,1552570967,1387.10,51.48165128,7.41663783,151.89,0.00,0.00,201.82,0,-99.00,-11.00,0.00,0.00,39.00,0.00,0,27
119.04,1552570968,1387.10,51.48165128,7.41663783,151.90,0.00,0.00,201.82,0,-95.00,-12.00,0.00,0.00,43.00,0.00,0,134
119.04,1552570968,1387.10,51.48165128,7.41663783,151.90,0.00,0.00,201.82,0,-99.00,-14.00,0.00,0.00,42.00,0.00,0,27
119.04,1552570968,1387.10,51.48165128,7.41663783,151.90,0.00,0.00,201.82,0,-100.00,-15.00,0.00,0.00,43.00,0.00,0,171
120.04,1552570969,1387.10,51.48165128,7.41663783,151.91,0.00,0.00,201.82,0,-95.00,-12.00,0.00,0.00,43.00,0.00,0,134
120.04,1552570969,1387.10,51.48165128,7.41663783,151.91,0.00,0.00,201.82,0,-99.00,-14.00,0.00,0.00,42.00,0.00,0,27
120.04,1552570969,1387.10,51.48165128,7.41663783,151.91,0.00,0.00,201.82,0,-100.00,-15.00,0.00,0.00,43.00,0.00,0,171
121.05,1552570970,1387.10,51.48165128,7.41663783,151.92,0.00,0.00,201.82,0,-94.00,-10.00,0.00,0.00,41.00,0.00,0,134
121.05,1552570970,1387.10,51.48165128,7.41663783,151.92,0.00,0.00,201.82,0,-98.00,-11.00,0.00,0.00,39.00,0.00,0,27
121.05,1552570970,1387.10,51.48165128,7.41663783,151.92,0.00,0.00,201.82,0,-100.00,-15.00,0.00,0.00,40.00,0.00,0,171
122.04,1552570971,1387.10,51.48165128,7.41663783,151.92,0.00,0.00,201.82,0,-94.00,-10.00,0.00,0.00,41.00,0.00,0,134
122.04,1552570971,1387.10,51.48165128,7.41663783,151.92,0.00,0.00,201.82,0,-98.00,-11.00,0.00,0.00,39.00,0.00,0,27
122.04,1552570971,1387.10,51.48165128,7.41663783,151.92,0.00,0.00,201.82,0,-100.00,-15.00,0.00,0.00,40.00,0.00,0,171
123.04,1552570972,1387.10,51.48165128,7.41663783,151.93,0.00,0.00,201.82,0,-94.00,-10.00,0.00,0.00,41.00,0.00,0,134
123.04,1552570972,1387.10,51.48165128,7.41663783,151.93,0.00,0.00,201.82,0,-98.00,-11.00,0.00,0.00,39.00,0.00,0,27
123.04,1552570972,1387.10,51.48165128,7.41663783,151.93,0.00,0.00,201.82,0,-100.00,-15.00,0.00,0.00,40.00,0.00,0,171
126.04,1552570975,1387.10,51.48165128,7.41663783,151.95,0.00,0.00,201.82,0,-97.00,-13.00,0.00,0.00,42.00,0.00,0,134
126.04,1552570975,1387.10,51.48165128,7.41663783,151.95,0.00,0.00,201.82,0,-98.00,-14.00,0.00,0.00,43.00,0.00,0,27
126.04,1552570975,1387.10,51.48165128,7.41663783,151.95,0.00,0.00,201.82,0,-100.00,-16.00,0.00,0.00,41.00,0.00,0,171
126.04,1552570975,1387.10,51.48165128,7.41663783,151.95,0.00,0.00,201.82,0,-117.00,-16.00,0.00,0.00,29.00,0.00,0,377
126.04,1552570975,1387.10,51.48165128,7.41663783,151.95,0.00,0.00,201.82,0,-117.00,-16.00,0.00,0.00,29.00,0.00,0,59
126.04,1552570975,1387.10,51.48165128,7.41663783,151.95,0.00,0.00,201.82,0,-120.00,-20.00,0.00,0.00,29.00,0.00,0,41
127.04,1552570976,1387.10,51.48165128,7.41663783,151.96,0.00,0.00,201.82,0,-97.00,-13.00,0.00,0.00,42.00,0.00,0,134
127.04,1552570976,1387.10,51.48165128,7.41663783,151.96,0.00,0.00,201.82,0,-98.00,-14.00,0.00,0.00,43.00,0.00,0,27
127.04,1552570976,1387.10,51.48165128,7.41663783,151.96,0.00,0.00,201.82,0,-100.00,-16.00,0.00,0.00,41.00,0.00,0,171
127.04,1552570976,1387.10,51.48165128,7.41663783,151.96,0.00,0.00,201.82,0,-117.00,-16.00,0.00,0.00,29.00,0.00,0,377
127.04,1552570976,1387.10,51.48165128,7.41663783,151.96,0.00,0.00,201.82,0,-117.00,-16.00,0.00,0.00,29.00,0.00,0,59
127.04,1552570976,1387.10,51.48165128,7.41663783,151.96,0.00,0.00,201.82,0,-120.00,-20.00,0.00,0.00,29.00,0.00,0,41
128.04,1552570977,1387.10,51.48165128,7.41663783,151.98,0.00,0.00,201.82,0,-97.00,-12.00,0.00,0.00,40.00,0.00,0,134
128.04,1552570977,1387.10,51.48165128,7.41663783,151.98,0.00,0.00,201.82,0,-100.00,-13.00,0.00,0.00,39.00,0.00,0,171
128.04,1552570977,1387.10,51.48165128,7.41663783,151.98,0.00,0.00,201.82,0,-100.00,-12.00,0.00,0.00,38.00,0.00,0,27
128.04,1552570977,1387.10,51.48165128,7.41663783,151.98,0.00,0.00,201.82,0,-116.00,-14.00,0.00,0.00,29.00,0.00,0,377
128.04,1552570977,1387.10,51.48165128,7.41663783,151.98,0.00,0.00,201.82,0,-117.00,-15.00,0.00,0.00,29.00,0.00,0,59
128.04,1552570977,1387.10,51.48165128,7.41663783,151.98,0.00,0.00,201.82,0,-121.00,-20.00,0.00,0.00,29.00,0.00,0,41
129.04,1552570978,1387.10,51.48165128,7.41663783,151.99,0.00,0.00,201.82,0,-97.00,-12.00,0.00,0.00,40.00,0.00,0,134
129.04,1552570978,1387.10,51.48165128,7.41663783,151.99,0.00,0.00,201.82,0,-100.00,-13.00,0.00,0.00,39.00,0.00,0,171
129.04,1552570978,1387.10,51.48165128,7.41663783,151.99,0.00,0.00,201.82,0,-100.00,-12.00,0.00,0.00,38.00,0.00,0,27
129.04,1552570978,1387.10,51.48165128,7.41663783,151.99,0.00,0.00,201.82,0,-116.00,-14.00,0.00,0.00,29.00,0.00,0,377
129.04,1552570978,1387.10,51.48165128,7.41663783,151.99,0.00,0.00,201.82,0,-117.00,-15.00,0.00,0.00,29.00,0.00,0,59
129.04,1552570978,1387.10,51.48165128,7.41663783,151.99,0.00,0.00,201.82,0,-121.00,-20.00,0.00,0.00,29.00,0.00,0,41
130.04,1552570979,1387.10,51.48165128,7.41663783,152.00,0.00,0.00,201.82,0,-97.00,-12.00,0.00,0.00,40.00,0.00,0,134
130.04,1552570979,1387.10,51.48165128,7.41663783,152.00,0.00,0.00,201.82,0,-99.00,-12.00,0.00,0.00,38.00,0.00,0,27
130.04,1552570979,1387.10,51.48165128,7.41663783,152.00,0.00,0.00,201.82,0,-100.00,-14.00,0.00,0.00,39.00,0.00,0,171
130.04,1552570979,1387.10,51.48165128,7.41663783,152.00,0.00,0.00,201.82,0,-115.00,-14.00,0.00,0.00,29.00,0.00,0,377
130.04,1552570979,1387.10,51.48165128,7.41663783,152.00,0.00,0.00,201.82,0,-117.00,-16.00,0.00,0.00,29.00,0.00,0,59
130.04,1552570979,1387.10,51.48165128,7.41663783,152.00,0.00,0.00,201.82,0,-120.00,-20.00,0.00,0.00,29.00,0.00,0,41
131.04,1552570980,1387.10,51.48165128,7.41663783,152.10,0.00,0.00,201.82,0,-97.00,-12.00,0.00,0.00,40.00,0.00,0,134
131.04,1552570980,1387.10,51.48165128,7.41663783,152.10,0.00,0.00,201.82,0,-99.00,-12.00,0.00,0.00,38.00,0.00,0,27
131.04,1552570980,1387.10,51.48165128,7.41663783,152.10,0.00,0.00,201.82,0,-100.00,-14.00,0.00,0.00,39.00,0.00,0,171
131.04,1552570980,1387.10,51.48165128,7.41663783,152.10,0.00,0.00,201.82,0,-115.00,-14.00,0.00,0.00,29.00,0.00,0,377
131.04,1552570980,1387.10,51.48165128,7.41663783,152.10,0.00,0.00,201.82,0,-117.00,-16.00,0.00,0.00,29.00,0.00,0,59
131.04,1552570980,1387.10,51.48165128,7.41663783,152.10,0.00,0.00,201.82,0,-120.00,-20.00,0.00,0.00,29.00,0.00,0,41
132.04,1552570981,1387.10,51.48165128,7.41663783,152.19,0.00,0.00,197.82,0,-95.00,-10.00,0.00,0.00,40.00,0.00,0,134
132.04,1552570981,1387.10,51.48165128,7.41663783,152.19,0.00,0.00,197.82,0,-98.00,-10.00,0.00,0.00,38.00,0.00,0,27
132.04,1552570981,1387.10,51.48165128,7.41663783,152.19,0.00,0.00,197.82,0,-100.00,-13.00,0.00,0.00,38.00,0.00,0,171
132.04,1552570981,1387.10,51.48165128,7.41663783,152.19,0.00,0.00,197.82,0,-115.00,-14.00,0.00,0.00,29.00,0.00,0,377
132.04,1552570981,1387.10,51.48165128,7.41663783,152.19,0.00,0.00,197.82,0,-119.00,-17.00,0.00,0.00,29.00,0.00,0,59
132.04,1552570981,1387.10,51.48165128,7.41663783,152.19,0.00,0.00,197.82,0,-121.00,-20.00,0.00,0.00,29.00,0.00,0,41
133.04,1552570982,1387.10,51.48157465,7.41660789,152.99,0.00,0.00,196.39,0,-95.00,-10.00,0.00,0.00,40.00,0.00,0,134
133.04,1552570982,1387.10,51.48157465,7.41660789,152.99,0.00,0.00,196.39,0,-98.00,-10.00,0.00,0.00,38.00,0.00,0,27
133.04,1552570982,1387.10,51.48157465,7.41660789,152.99,0.00,0.00,196.39,0,-100.00,-13.00,0.00,0.00,38.00,0.00,0,171
133.04,1552570982,1387.10,51.48157465,7.41660789,152.99,0.00,0.00,196.39,0,-115.00,-14.00,0.00,0.00,29.00,0.00,0,377
133.04,1552570982,1387.10,51.48157465,7.41660789,152.99,0.00,0.00,196.39,0,-119.00,-17.00,0.00,0.00,29.00,0.00,0,59
133.04,1552570982,1387.10,51.48157465,7.41660789,152.99,0.00,0.00,196.39,0,-121.00,-20.00,0.00,0.00,29.00,0.00,0,41
134.04,1552570983,1387.11,51.48150793,7.41662474,153.73,7.34,0.00,168.59,0,-93.00,-12.00,0.00,0.00,45.00,0.00,0,27
134.04,1552570983,1387.11,51.48150793,7.41662474,153.73,7.34,0.00,168.59,0,-98.00,-15.00,0.00,0.00,43.00,0.00,0,134
134.04,1552570983,1387.11,51.48150793,7.41662474,153.73,7.34,0.00,168.59,0,-100.00,-18.00,0.00,0.00,44.00,0.00,0,171
135.04,1552570984,1394.45,51.48145265,7.41668683,154.11,7.77,0.00,144.33,0,-93.00,-12.00,0.00,0.00,45.00,0.00,0,27
135.04,1552570984,1394.46,51.48145265,7.41668683,154.11,7.77,0.00,144.33,0,-98.00,-15.00,0.00,0.00,43.00,0.00,0,134
135.04,1552570984,1394.46,51.48145265,7.41668683,154.11,7.77,0.00,144.33,0,-100.00,-18.00,0.00,0.00,44.00,0.00,0,171
136.04,1552570985,1402.19,51.48143307,7.41680012,154.37,9.00,0.00,104.01,0,-88.00,-12.00,0.00,0.00,49.00,0.00,0,27
137.04,1552570986,1411.20,51.48143014,7.41695965,154.63,10.01,0.00,90.14,0,-88.00,-12.00,0.00,0.00,49.00,0.00,0,27
138.04,1552570987,1421.21,51.48144175,7.41711484,154.45,11.55,0.00,86.63,0,-90.00,-11.00,0.00,0.00,46.00,0.00,0,27
139.04,1552570988,1432.79,51.48145631,7.41727831,153.71,12.25,0.00,83.09,0,-90.00,-11.00,0.00,0.00,46.00,0.00,0,27
140.04,1552570989,1445.02,51.48147453,7.41746225,153.31,13.40,0.00,81.52,0,-94.00,-12.00,0.00,0.00,42.00,0.00,0,146
140.04,1552570989,1445.02,51.48147453,7.41746225,153.31,13.40,0.00,81.52,0,-87.00,-9.00,0.00,0.00,50.00,0.00,0,274
141.04,1552570990,1458.40,51.48149439,7.41766655,152.80,14.68,0.00,81.25,0,-94.00,-12.00,0.00,0.00,42.00,0.00,0,146
141.04,1552570990,1458.42,51.48149439,7.41766655,152.80,14.68,0.00,81.25,0,-87.00,-9.00,0.00,0.00,50.00,0.00,0,274
142.05,1552570991,1473.21,51.48151287,7.41789384,152.51,15.65,0.00,82.68,0,-96.00,-12.00,0.00,0.00,42.00,0.00,0,61
142.05,1552570991,1473.21,51.48151287,7.41789384,152.51,15.65,0.00,82.68,0,-96.00,-12.00,0.00,0.00,42.00,0.00,0,171
142.05,1552570991,1473.21,51.48151287,7.41789384,152.51,15.65,0.00,82.68,0,-96.00,-13.00,0.00,0.00,42.00,0.00,0,146
142.05,1552570991,1473.23,51.48151287,7.41789384,152.51,15.65,0.00,82.68,0,-84.00,-9.00,0.00,0.00,53.00,0.00,0,274
142.05,1552570991,1473.23,51.48151287,7.41789384,152.51,15.65,0.00,82.68,0,-87.00,-12.00,0.00,0.00,53.00,0.00,0,137
143.04,1552570992,1488.79,51.48153195,7.41811877,152.44,15.60,0.00,83.20,0,-96.00,-12.00,0.00,0.00,42.00,0.00,0,61
143.04,1552570992,1488.79,51.48153195,7.41811877,152.44,15.60,0.00,83.20,0,-96.00,-12.00,0.00,0.00,42.00,0.00,0,171
143.04,1552570992,1488.79,51.48153195,7.41811877,152.44,15.60,0.00,83.20,0,-96.00,-13.00,0.00,0.00,42.00,0.00,0,146
143.04,1552570992,1488.81,51.48153195,7.41811877,152.44,15.60,0.00,83.20,0,-84.00,-9.00,0.00,0.00,53.00,0.00,0,274
143.04,1552570992,1488.81,51.48153195,7.41811877,152.44,15.60,0.00,83.20,0,-87.00,-12.00,0.00,0.00,53.00,0.00,0,137
144.04,1552570993,1504.33,51.48154857,7.41836237,151.88,15.77,0.00,84.08,0,-96.00,-12.00,0.00,0.00,42.00,0.00,0,61
144.04,1552570993,1504.34,51.48154857,7.41836237,151.88,15.77,0.00,84.08,0,-96.00,-12.00,0.00,0.00,42.00,0.00,0,171
144.04,1552570993,1504.34,51.48154857,7.41836237,151.88,15.77,0.00,84.08,0,-96.00,-13.00,0.00,0.00,42.00,0.00,0,146
144.04,1552570993,1504.34,51.48154857,7.41836237,151.88,15.77,0.00,84.08,0,-84.00,-9.00,0.00,0.00,53.00,0.00,0,274
144.04,1552570993,1504.36,51.48154857,7.41836237,151.88,15.77,0.00,84.08,0,-87.00,-12.00,0.00,0.00,53.00,0.00,0,137
145.04,1552570994,1520.10,51.48156420,7.41859438,151.11,15.98,0.00,84.92,0,-96.00,-14.00,0.00,0.00,43.00,0.00,0,171
145.04,1552570994,1520.10,51.48156420,7.41859438,151.11,15.98,0.00,84.92,0,-97.00,-15.00,0.00,0.00,44.00,0.00,0,61
145.04,1552570994,1520.11,51.48156420,7.41859438,151.11,15.98,0.00,84.92,0,-88.00,-10.00,0.00,0.00,50.00,0.00,0,274
145.04,1552570994,1520.11,51.48156420,7.41859438,151.11,15.98,0.00,84.92,0,-92.00,-14.00,0.00,0.00,50.00,0.00,0,137
146.04,1552570995,1536.09,51.48157580,7.41882599,150.00,16.05,0.00,85.81,0,-96.00,-14.00,0.00,0.00,43.00,0.00,0,171
146.04,1552570995,1536.09,51.48157580,7.41882599,150.00,16.05,0.00,85.81,0,-97.00,-15.00,0.00,0.00,44.00,0.00,0,61
146.04,1552570995,1536.09,51.48157580,7.41882599,150.00,16.05,0.00,85.81,0,-88.00,-10.00,0.00,0.00,50.00,0.00,0,274
146.04,1552570995,1536.11,51.48157580,7.41882599,150.00,16.05,0.00,85.81,0,-92.00,-14.00,0.00,0.00,50.00,0.00,0,137
147.04,1552570996,1552.15,51.48158630,7.41904530,149.27,15.83,0.00,86.01,0,-92.00,-12.00,0.00,0.00,46.00,0.00,0,61
147.04,1552570996,1552.15,51.48158630,7.41904530,149.27,15.83,0.00,86.01,0,-95.00,-14.00,0.00,0.00,45.00,0.00,0,266
147.04,1552570996,1552.15,51.48158630,7.41904530,149.27,15.83,0.00,86.01,0,-96.00,-15.00,0.00,0.00,45.00,0.00,0,171
147.04,1552570996,1552.16,51.48158630,7.41904530,149.27,15.83,0.00,86.01,0,-80.00,-8.00,0.00,0.00,57.00,0.00,0,274
148.04,1552570997,1567.98,51.48159885,7.41928918,147.95,15.97,0.00,85.57,0,-92.00,-12.00,0.00,0.00,46.00,0.00,0,61
148.04,1552570997,1567.98,51.48159885,7.41928918,147.95,15.97,0.00,85.57,0,-95.00,-14.00,0.00,0.00,45.00,0.00,0,266
148.04,1552570997,1567.98,51.48159885,7.41928918,147.95,15.97,0.00,85.57,0,-96.00,-15.00,0.00,0.00,45.00,0.00,0,171
148.04,1552570997,1567.98,51.48159885,7.41928918,147.95,15.97,0.00,85.57,0,-80.00,-8.00,0.00,0.00,57.00,0.00,0,274
149.04,1552570998,1583.98,51.48160916,7.41951622,147.05,16.25,0.00,85.69,0,-88.00,-10.00,0.00,0.00,47.00,0.00,0,134
149.04,1552570998,1583.98,51.48160916,7.41951622,147.05,16.25,0.00,85.69,0,-80.00,-10.00,0.00,0.00,59.00,0.00,0,137
150.04,1552570999,1600.18,51.48161971,7.41974559,146.19,16.60,0.00,84.96,0,-88.00,-10.00,0.00,0.00,47.00,0.00,0,134
150.04,1552570999,1600.18,51.48161971,7.41974559,146.19,16.60,0.00,84.96,0,-80.00,-10.00,0.00,0.00,59.00,0.00,0,137
151.04,1552571000,1616.78,51.48162971,7.41998676,145.47,16.52,0.00,85.50,0,-91.00,-11.00,0.00,0.00,45.00,0.00,0,134
151.04,1552571000,1616.78,51.48162971,7.41998676,145.47,16.52,0.00,85.50,0,-95.00,-13.00,0.00,0.00,44.00,0.00,0,171
151.04,1552571000,1616.80,51.48162971,7.41998676,145.47,16.52,0.00,85.50,0,-97.00,-16.00,0.00,0.00,45.00,0.00,0,339
152.04,1552571001,1633.30,51.48163988,7.42022797,144.61,16.46,0.00,84.52,0,-91.00,-11.00,0.00,0.00,45.00,0.00,0,134
152.04,1552571001,1633.30,51.48163988,7.42022797,144.61,16.46,0.00,84.52,0,-95.00,-13.00,0.00,0.00,44.00,0.00,0,171
152.04,1552571001,1633.30,51.48163988,7.42022797,144.61,16.46,0.00,84.52,0,-97.00,-16.00,0.00,0.00,45.00,0.00,0,339
153.04,1552571002,1649.77,51.48165265,7.42047492,144.04,16.97,0.00,84.66,0,-97.00,-15.00,0.00,0.00,44.00,0.00,0,339
153.04,1552571002,1649.77,51.48165265,7.42047492,144.04,16.97,0.00,84.66,0,-98.00,-14.00,0.00,0.00,42.00,0.00,0,306
153.04,1552571002,1649.78,51.48165265,7.42047492,144.04,16.97,0.00,84.66,0,-98.00,-13.00,0.00,0.00,40.00,0.00,0,27
154.04,1552571003,1666.76,51.48166742,7.42072467,143.40,17.29,0.00,84.24,0,-97.00,-15.00,0.00,0.00,44.00,0.00,0,339
154.04,1552571003,1666.76,51.48166742,7.42072467,143.40,17.29,0.00,84.24,0,-98.00,-14.00,0.00,0.00,42.00,0.00,0,306
154.04,1552571003,1666.77,51.48166742,7.42072467,143.40,17.29,0.00,84.24,0,-98.00,-13.00,0.00,0.00,40.00,0.00,0,27
155.04,1552571004,1684.02,51.48168639,7.42097690,142.90,17.59,0.00,82.99,0,-97.00,-14.00,0.00,0.00,43.00,0.00,0,339
155.04,1552571004,1684.04,51.48168639,7.42097690,142.90,17.59,0.00,82.99,0,-98.00,-14.00,0.00,0.00,42.00,0.00,0,306
155.04,1552571004,1684.04,51.48168639,7.42097690,142.90,17.59,0.00,82.99,0,-99.00,-16.00,0.00,0.00,42.00,0.00,0,61
156.04,1552571005,1701.62,51.48171133,7.42121818,142.05,17.86,0.00,81.20,0,-97.00,-14.00,0.00,0.00,43.00,0.00,0,339
156.04,1552571005,1701.62,51.48171133,7.42121818,142.05,17.86,0.00,81.20,0,-98.00,-14.00,0.00,0.00,42.00,0.00,0,306
156.04,1552571005,1701.64,51.48171133,7.42121818,142.05,17.86,0.00,81.20,0,-99.00,-16.00,0.00,0.00,42.00,0.00,0,61
157.04,1552571006,1719.46,51.48174084,7.42145806,140.83,17.86,0.00,79.73,0,-98.00,-16.00,0.00,0.00,44.00,0.00,0,134
158.04,1552571007,1737.32,51.48177584,7.42171648,139.71,17.94,0.00,78.73,0,-98.00,-16.00,0.00,0.00,44.00,0.00,0,134
159.04,1552571008,1755.26,51.48180757,7.42197036,138.46,18.04,0.00,77.99,0,-101.00,-15.00,0.00,0.00,39.00,0.00,0,134
160.04,1552571009,1773.32,51.48184424,7.42220385,137.46,17.81,0.00,77.09,0,-101.00,-15.00,0.00,0.00,39.00,0.00,0,134
161.04,1552571010,1791.15,51.48188165,7.42244357,136.80,17.27,0.00,77.17,0,-102.00,-12.00,0.00,0.00,36.00,0.00,0,27
161.04,1552571010,1791.15,51.48188165,7.42244357,136.80,17.27,0.00,77.17,0,-101.00,-11.00,0.00,0.00,37.00,0.00,0,266
161.04,1552571010,1791.15,51.48188165,7.42244357,136.80,17.27,0.00,77.17,0,-106.00,-16.00,0.00,0.00,36.00,0.00,0,171
162.04,1552571011,1808.40,51.48191821,7.42268562,135.93,17.10,0.00,77.28,0,-102.00,-12.00,0.00,0.00,36.00,0.00,0,27
162.04,1552571011,1808.40,51.48191821,7.42268562,135.93,17.10,0.00,77.28,0,-101.00,-11.00,0.00,0.00,37.00,0.00,0,266
162.04,1552571011,1808.41,51.48191821,7.42268562,135.93,17.10,0.00,77.28,0,-106.00,-16.00,0.00,0.00,36.00,0.00,0,171
163.05,1552571012,1825.62,51.48195396,7.42292663,134.95,16.90,0.00,78.08,0,-102.00,-11.00,0.00,0.00,34.00,0.00,0,27
163.05,1552571012,1825.62,51.48195396,7.42292663,134.95,16.90,0.00,78.08,0,-107.00,-16.00,0.00,0.00,35.00,0.00,0,339
164.04,1552571013,1842.45,51.48198953,7.42317447,134.18,16.29,0.00,77.58,0,-102.00,-11.00,0.00,0.00,34.00,0.00,0,27
164.04,1552571013,1842.47,51.48198953,7.42317447,134.18,16.29,0.00,77.58,0,-107.00,-16.00,0.00,0.00,35.00,0.00,0,339
165.04,1552571014,1858.71,51.48202515,7.42341106,133.03,16.41,0.00,76.85,0,-102.00,-11.00,0.00,0.00,34.00,0.00,0,27
165.04,1552571014,1858.71,51.48202515,7.42341106,133.03,16.41,0.00,76.85,0,-107.00,-16.00,0.00,0.00,35.00,0.00,0,339
166.04,1552571015,1875.17,51.48205847,7.42363865,131.87,16.27,0.00,77.29,0,-105.00,-15.00,0.00,0.00,36.00,0.00,0,339
166.04,1552571015,1875.17,51.48205847,7.42363865,131.87,16.27,0.00,77.29,0,-102.00,-12.00,0.00,0.00,35.00,0.00,0,27
166.04,1552571015,1875.18,51.48205847,7.42363865,131.87,16.27,0.00,77.29,0,-107.00,-18.00,0.00,0.00,36.00,0.00,0,319
167.05,1552571016,1891.47,51.48209089,7.42385598,130.92,15.86,0.00,77.12,0,-105.00,-15.00,0.00,0.00,36.00,0.00,0,339
167.05,1552571016,1891.47,51.48209089,7.42385598,130.92,15.86,0.00,77.12,0,-102.00,-12.00,0.00,0.00,35.00,0.00,0,27
167.05,1552571016,1891.49,51.48209089,7.42385598,130.92,15.86,0.00,77.12,0,-107.00,-18.00,0.00,0.00,36.00,0.00,0,319
168.04,1552571017,1907.22,51.48212350,7.42408319,130.54,15.09,0.00,77.49,0,-96.00,-9.00,0.00,0.00,38.00,0.00,0,339
169.04,1552571018,1922.32,51.48215316,7.42429051,130.02,14.57,0.00,77.75,0,-96.00,-9.00,0.00,0.00,38.00,0.00,0,339
178.04,1552571027,2042.92,51.48239347,7.42594863,129.65,12.82,0.00,77.66,0,-97.00,-9.00,0.00,0.00,37.00,0.00,0,306
179.04,1552571028,2055.79,51.48241702,7.42612653,129.74,11.73,0.00,78.07,0,-97.00,-9.00,0.00,0.00,37.00,0.00,0,306
184.04,1552571033,2111.76,51.48252754,7.42692642,130.57,8.69,0.00,76.85,0,-97.00,-15.00,0.00,0.00,43.00,0.00,0,266
185.04,1552571034,2120.40,51.48254556,7.42706415,130.91,8.17,0.00,77.05,0,-97.00,-15.00,0.00,0.00,43.00,0.00,0,266
186.04,1552571035,2128.58,51.48255976,7.42718609,131.40,8.63,0.00,78.00,0,-97.00,-15.00,0.00,0.00,43.00,0.00,0,266
187.04,1552571036,2137.20,51.48257517,7.42732288,132.27,9.40,0.00,78.90,0,-96.00,-12.00,0.00,0.00,43.00,0.00,0,146
188.04,1552571037,2146.60,51.48258944,7.42748359,132.82,10.27,0.00,80.04,0,-96.00,-12.00,0.00,0.00,43.00,0.00,0,146
189.04,1552571038,2156.91,51.48260302,7.42763213,133.17,9.70,0.00,81.17,0,-95.00,-16.00,0.00,0.00,47.00,0.00,0,146
189.04,1552571038,2156.92,51.48260302,7.42763213,133.17,9.70,0.00,81.17,0,-97.00,-18.00,0.00,0.00,47.00,0.00,0,266
190.04,1552571039,2166.61,51.48261375,7.42779298,133.56,9.26,0.00,83.09,0,-95.00,-16.00,0.00,0.00,47.00,0.00,0,146
190.04,1552571039,2166.62,51.48261375,7.42779298,133.56,9.26,0.00,83.09,0,-97.00,-18.00,0.00,0.00,47.00,0.00,0,266
193.04,1552571042,2195.27,51.48262602,7.42822608,134.63,11.01,0.00,86.37,0,-91.00,-12.00,0.00,0.00,46.00,0.00,0,146
193.04,1552571042,2195.27,51.48262602,7.42822608,134.63,11.01,0.00,86.37,0,-93.00,-13.00,0.00,0.00,45.00,0.00,0,266
193.04,1552571042,2195.27,51.48262602,7.42822608,134.63,11.01,0.00,86.37,0,-98.00,-13.00,0.00,0.00,40.00,0.00,0,27
194.04,1552571043,2206.27,51.48262746,7.42838871,135.02,11.09,0.00,88.82,0,-91.00,-12.00,0.00,0.00,46.00,0.00,0,146
194.04,1552571043,2206.27,51.48262746,7.42838871,135.02,11.09,0.00,88.82,0,-93.00,-13.00,0.00,0.00,45.00,0.00,0,266
194.04,1552571043,2206.28,51.48262746,7.42838871,135.02,11.09,0.00,88.82,0,-98.00,-13.00,0.00,0.00,40.00,0.00,0,27
195.04,1552571044,2217.38,51.48262641,7.42857268,135.43,11.99,0.00,90.45,0,-92.00,-12.00,0.00,0.00,45.00,0.00,0,146
195.04,1552571044,2217.38,51.48262641,7.42857268,135.43,11.99,0.00,90.45,0,-93.00,-12.00,0.00,0.00,45.00,0.00,0,266
195.04,1552571044,2217.38,51.48262641,7.42857268,135.43,11.99,0.00,90.45,0,-120.00,-17.00,0.00,0.00,28.00,0.00,0,59
195.04,1552571044,2217.39,51.48262641,7.42857268,135.43,11.99,0.00,90.45,0,-122.00,-19.00,0.00,0.00,28.00,0.00,0,377
195.04,1552571044,2217.39,51.48262641,7.42857268,135.43,11.99,0.00,90.45,0,-122.00,-19.00,0.00,0.00,28.00,0.00,0,375
196.04,1552571045,2229.37,51.48261811,7.42875436,135.73,13.23,0.00,92.41,0,-92.00,-12.00,0.00,0.00,45.00,0.00,0,146
196.04,1552571045,2229.37,51.48261811,7.42875436,135.73,13.23,0.00,92.41,0,-93.00,-12.00,0.00,0.00,45.00,0.00,0,266
196.04,1552571045,2229.37,51.48261811,7.42875436,135.73,13.23,0.00,92.41,0,-120.00,-17.00,0.00,0.00,28.00,0.00,0,59
196.04,1552571045,2229.38,51.48261811,7.42875436,135.73,13.23,0.00,92.41,0,-122.00,-19.00,0.00,0.00,28.00,0.00,0,377
196.04,1552571045,2229.38,51.48261811,7.42875436,135.73,13.23,0.00,92.41,0,-122.00,-19.00,0.00,0.00,28.00,0.00,0,375
197.04,1552571046,2242.59,51.48260271,7.42896845,136.02,14.51,0.00,93.88,0,-91.00,-11.00,0.00,0.00,46.00,0.00,0,266
197.04,1552571046,2242.61,51.48260271,7.42896845,136.02,14.51,0.00,93.88,0,-93.00,-15.00,0.00,0.00,47.00,0.00,0,146
197.04,1552571046,2242.61,51.48260271,7.42896845,136.02,14.51,0.00,93.88,0,-118.00,-19.00,0.00,0.00,31.00,0.00,0,59
197.04,1552571046,2242.61,51.48260271,7.42896845,136.02,14.51,0.00,93.88,0,-119.00,-19.00,0.00,0.00,30.00,0.00,0,375
197.04,1552571046,2242.62,51.48260271,7.42896845,136.02,14.51,0.00,93.88,0,-119.00,-19.00,0.00,0.00,30.00,0.00,0,377
198.04,1552571047,2257.13,51.48258816,7.42917237,136.59,15.34,0.00,94.59,0,-91.00,-11.00,0.00,0.00,46.00,0.00,0,266
198.04,1552571047,2257.13,51.48258816,7.42917237,136.59,15.34,0.00,94.59,0,-93.00,-15.00,0.00,0.00,47.00,0.00,0,146
198.04,1552571047,2257.15,51.48258816,7.42917237,136.59,15.34,0.00,94.59,0,-118.00,-19.00,0.00,0.00,31.00,0.00,0,59
198.04,1552571047,2257.15,51.48258816,7.42917237,136.59,15.34,0.00,94.59,0,-119.00,-19.00,0.00,0.00,30.00,0.00,0,375
198.04,1552571047,2257.15,51.48258816,7.42917237,136.59,15.34,0.00,94.59,0,-119.00,-19.00,0.00,0.00,30.00,0.00,0,377
199.04,1552571048,2272.43,51.48257127,7.42940725,137.35,15.73,0.00,95.32,0,-96.00,-21.00,0.00,0.00,51.00,0.00,0,339
199.04,1552571048,2272.43,51.48257127,7.42940725,137.35,15.73,0.00,95.32,0,-116.00,-17.00,0.00,0.00,32.00,0.00,0,59
200.04,1552571049,2288.16,51.48255319,7.42962590,138.12,15.11,0.00,95.71,0,-96.00,-21.00,0.00,0.00,51.00,0.00,0,339
200.04,1552571049,2288.17,51.48255319,7.42962590,138.12,15.11,0.00,95.71,0,-116.00,-17.00,0.00,0.00,32.00,0.00,0,59
201.04,1552571050,2303.28,51.48253094,7.42983584,139.09,14.74,0.00,96.64,0,-120.00,-19.00,0.00,0.00,29.00,0.00,0,59
202.04,1552571051,2318.01,51.48250936,7.43005359,139.97,14.47,0.00,96.78,0,-120.00,-19.00,0.00,0.00,29.00,0.00,0,59
203.04,1552571052,2332.47,51.48249176,7.43025565,140.77,13.99,0.00,96.46,0,-120.00,-18.00,0.00,0.00,28.00,0.00,0,59
204.04,1552571053,2346.46,51.48247394,7.43044067,141.64,13.60,0.00,96.44,0,-120.00,-18.00,0.00,0.00,28.00,0.00,0,59
205.05,1552571054,2360.15,51.48245468,7.43063365,142.47,13.72,0.00,96.78,0,-122.00,-19.00,0.00,0.00,27.00,0.00,0,59
206.04,1552571055,2373.77,51.48243830,7.43082345,143.38,13.43,0.00,97.01,0,-122.00,-19.00,0.00,0.00,27.00,0.00,0,59
207.04,1552571056,2387.21,51.48242149,7.43101590,144.24,13.29,0.00,97.30,0,-122.00,-19.00,0.00,0.00,27.00,0.00,0,59
214.04,1552571063,2473.09,51.48230379,7.43222358,149.83,7.83,0.00,96.26,0,-87.00,-9.00,0.00,0.00,48.00,0.00,0,339
215.04,1552571064,2480.92,51.48229556,7.43233303,150.25,6.26,0.00,97.07,0,-87.00,-9.00,0.00,0.00,48.00,0.00,0,339
216.04,1552571065,2487.19,51.48228820,7.43241849,150.75,4.69,0.00,96.11,0,-93.00,-13.00,0.00,0.00,46.00,0.00,0,339
217.04,1552571066,2491.89,51.48229612,7.43245575,150.78,2.68,0.00,73.68,0,-93.00,-13.00,0.00,0.00,46.00,0.00,0,339
239.04,1552571088,2494.55,51.48229612,7.43245575,150.84,0.00,0.00,73.68,0,-89.00,-16.00,0.00,0.00,53.00,0.00,0,146
240.04,1552571089,2494.55,51.48229612,7.43245575,150.83,0.00,0.00,73.68,0,-89.00,-16.00,0.00,0.00,53.00,0.00,0,146
243.04,1552571092,2494.55,51.48229612,7.43245575,150.81,0.00,0.00,73.68,0,-89.00,-13.00,0.00,0.00,49.00,0.00,0,146
244.04,1552571093,2494.55,51.48229612,7.43245575,150.81,0.00,0.00,73.68,0,-89.00,-13.00,0.00,0.00,49.00,0.00,0,146
283.04,1552571132,2803.71,51.48193078,7.43718377,150.06,12.72,0.00,96.77,0,-83.00,-16.00,0.00,0.00,60.00,0.00,0,264
284.04,1552571133,2816.42,51.48191614,7.43735612,150.69,11.45,0.00,97.57,0,-83.00,-16.00,0.00,0.00,60.00,0.00,0,264
321.04,1552571170,3066.20,51.48166385,7.44112144,153.53,11.54,0.00,98.49,0,-80.00,-17.00,0.00,0.00,63.00,0.00,0,264
322.04,1552571171,3077.74,51.48164358,7.44129547,154.32,11.13,0.00,101.64,0,-80.00,-17.00,0.00,0.00,63.00,0.00,0,264
325.04,1552571174,3111.42,51.48150014,7.44176042,156.56,13.03,0.00,121.25,0,-70.00,-9.00,0.00,0.00,63.00,0.00,0,265
326.04,1552571175,3124.49,51.48143937,7.44189836,156.98,12.25,0.00,124.26,0,-70.00,-9.00,0.00,0.00,63.00,0.00,0,265
338.04,1552571187,3273.54,51.48041862,7.44316964,159.42,11.79,0.00,174.41,0,-135.00,-21.00,0.00,0.00,17.00,0.00,0,223
338.04,1552571187,3273.54,51.48041862,7.44316964,159.42,11.79,0.00,174.41,0,-92.00,-12.00,0.00,0.00,53.00,0.00,0,375
338.04,1552571187,3273.55,51.48041862,7.44316964,159.42,11.79,0.00,174.41,0,-96.00,-19.00,0.00,0.00,53.00,0.00,0,290
339.04,1552571188,3285.30,51.48030503,7.44318512,159.33,12.52,0.00,172.36,0,-135.00,-21.00,0.00,0.00,17.00,0.00,0,223
339.04,1552571188,3285.30,51.48030503,7.44318512,159.33,12.52,0.00,172.36,0,-92.00,-12.00,0.00,0.00,53.00,0.00,0,375
339.04,1552571188,3285.31,51.48030503,7.44318512,159.33,12.52,0.00,172.36,0,-96.00,-19.00,0.00,0.00,53.00,0.00,0,290
480.04,1552571329,4165.77,51.47354841,7.44990960,170.93,9.21,0.00,131.11,0,-88.00,-12.00,0.00,0.00,50.00,0.00,0,376
481.04,1552571330,4174.94,51.47349846,7.45001412,171.04,8.86,0.00,130.29,0,-88.00,-12.00,0.00,0.00,50.00,0.00,0,376
482.04,1552571331,4183.80,51.47345338,7.45010920,170.99,8.37,0.00,129.48,0,-88.00,-12.00,0.00,0.00,50.00,0.00,0,376
483.04,1552571332,4192.17,51.47341210,7.45020813,170.83,8.57,0.00,128.29,0,-80.00,-10.00,0.00,0.00,55.00,0.00,0,376
484.04,1552571333,4200.75,51.47337542,7.45030270,170.69,8.36,0.00,127.22,0,-80.00,-10.00,0.00,0.00,55.00,0.00,0,376
485.04,1552571334,4209.11,51.47333436,7.45040789,170.08,9.14,0.00,126.20,0,-81.00,-9.00,0.00,0.00,54.00,0.00,0,376
485.04,1552571334,4209.12,51.47333436,7.45040789,170.08,9.14,0.00,126.20,0,-87.00,-17.00,0.00,0.00,55.00,0.00,0,377
486.04,1552571335,4218.26,51.47328739,7.45052132,169.57,10.55,0.00,125.23,0,-81.00,-9.00,0.00,0.00,54.00,0.00,0,376
486.04,1552571335,4218.27,51.47328739,7.45052132,169.57,10.55,0.00,125.23,0,-87.00,-17.00,0.00,0.00,55.00,0.00,0,377
661.04,1552571510,6053.74,51.46956030,7.47605512,165.81,15.74,0.00,94.38,0,-133.00,-18.00,0.00,0.00,17.00,0.00,0,212
662.04,1552571511,6069.48,51.46955006,7.47629135,167.30,16.26,0.00,93.36,0,-133.00,-18.00,0.00,0.00,17.00,0.00,0,212
667.04,1552571516,6148.00,51.46955898,7.47738650,172.03,13.47,0.00,85.32,0,-100.00,-16.00,0.00,0.00,42.00,0.00,0,270
667.04,1552571516,6148.00,51.46955898,7.47738650,172.03,13.47,0.00,85.32,0,-100.00,-16.00,0.00,0.00,42.00,0.00,0,149
667.04,1552571516,6148.00,51.46955898,7.47738650,172.03,13.47,0.00,85.32,0,-102.00,-18.00,0.00,0.00,42.00,0.00,0,143
667.04,1552571516,6148.02,51.46955898,7.47738650,172.03,13.47,0.00,85.32,0,-88.00,-7.00,0.00,0.00,45.00,0.00,0,289
668.06,1552571517,6161.73,51.46955898,7.47738650,172.03,13.47,0.00,85.32,0,-100.00,-16.00,0.00,0.00,42.00,0.00,0,270
668.06,1552571517,6161.73,51.46955898,7.47738650,172.03,13.47,0.00,85.32,0,-100.00,-16.00,0.00,0.00,42.00,0.00,0,149
668.06,1552571517,6161.73,51.46955898,7.47738650,172.03,13.47,0.00,85.32,0,-102.00,-18.00,0.00,0.00,42.00,0.00,0,143
668.06,1552571517,6161.75,51.46955898,7.47738650,172.03,13.47,0.00,85.32,0,-88.00,-7.00,0.00,0.00,45.00,0.00,0,289
695.86,1552571544,6411.15,51.47018462,7.48084890,173.42,14.33,0.00,72.31,0,-91.00,-13.00,0.00,0.00,48.00,0.00,0,141
695.86,1552571544,6411.15,51.47018462,7.48084890,173.42,14.33,0.00,72.31,0,-93.00,-15.00,0.00,0.00,48.00,0.00,0,143
696.86,1552571545,6425.48,51.47022979,7.48105116,173.39,13.52,0.00,71.96,0,-91.00,-13.00,0.00,0.00,48.00,0.00,0,141
696.86,1552571545,6425.48,51.47022979,7.48105116,173.39,13.52,0.00,71.96,0,-93.00,-15.00,0.00,0.00,48.00,0.00,0,143
713.87,1552571562,6590.27,51.46916633,7.48209334,174.01,8.67,0.00,166.82,0,-92.00,-13.00,0.00,0.00,48.00,0.00,0,141
714.86,1552571563,6598.91,51.46909025,7.48211759,174.73,7.85,0.00,166.34,0,-92.00,-13.00,0.00,0.00,48.00,0.00,0,141
715.86,1552571564,6606.75,51.46902812,7.48213661,175.05,7.88,0.00,166.04,0,-92.00,-13.00,0.00,0.00,48.00,0.00,0,141
758.86,1552571607,6926.39,51.46613523,7.48240762,170.90,13.98,0.00,196.07,0,-93.00,-15.00,0.00,0.00,48.00,0.00,0,141
759.86,1552571608,6940.32,51.46602298,7.48234658,170.33,12.55,0.00,197.05,0,-93.00,-15.00,0.00,0.00,48.00,0.00,0,141
762.86,1552571611,6979.89,51.46568620,7.48206261,164.17,12.16,0.00,193.55,0,-107.00,-19.00,0.00,0.00,38.00,0.00,0,141
763.86,1552571612,6992.07,51.46557868,7.48199285,163.22,12.22,0.00,195.58,0,-107.00,-19.00,0.00,0.00,38.00,0.00,0,141
766.86,1552571615,7030.39,51.46521467,7.48172306,163.59,14.05,0.00,200.70,0,-98.00,-19.00,0.00,0.00,46.00,0.00,0,141
766.86,1552571615,7030.40,51.46521467,7.48172306,163.59,14.05,0.00,200.70,0,-99.00,-19.00,0.00,0.00,46.00,0.00,0,143
767.86,1552571616,7044.43,51.46508125,7.48162496,164.07,14.22,0.00,201.14,0,-98.00,-19.00,0.00,0.00,46.00,0.00,0,141
767.86,1552571616,7044.44,51.46508125,7.48162496,164.07,14.22,0.00,201.14,0,-99.00,-19.00,0.00,0.00,46.00,0.00,0,143
768.86,1552571617,7058.68,51.46496099,7.48155127,164.99,14.02,0.00,200.17,0,-98.00,-17.00,0.00,0.00,45.00,0.00,0,141
768.86,1552571617,7058.68,51.46496099,7.48155127,164.99,14.02,0.00,200.17,0,-98.00,-17.00,0.00,0.00,45.00,0.00,0,143
769.86,1552571618,7072.69,51.46483236,7.48147258,166.02,15.17,0.00,199.63,0,-98.00,-17.00,0.00,0.00,45.00,0.00,0,141
769.86,1552571618,7072.71,51.46483236,7.48147258,166.02,15.17,0.00,199.63,0,-98.00,-17.00,0.00,0.00,45.00,0.00,0,143
770.86,1552571619,7087.87,51.46470380,7.48139676,166.49,14.77,0.00,199.15,0,-101.00,-16.00,0.00,0.00,40.00,0.00,0,143
770.86,1552571619,7087.87,51.46470380,7.48139676,166.49,14.77,0.00,199.15,0,-101.00,-16.00,0.00,0.00,40.00,0.00,0,141
771.86,1552571620,7102.62,51.46457184,7.48132058,166.85,14.47,0.00,198.56,0,-101.00,-16.00,0.00,0.00,40.00,0.00,0,143
771.86,1552571620,7102.62,51.46457184,7.48132058,166.85,14.47,0.00,198.56,0,-101.00,-16.00,0.00,0.00,40.00,0.00,0,141
772.86,1552571621,7117.09,51.46443869,7.48124858,167.13,15.28,0.00,197.96,0,-99.00,-15.00,0.00,0.00,44.00,0.00,0,143
772.86,1552571621,7117.09,51.46443869,7.48124858,167.13,15.28,0.00,197.96,0,-99.00,-16.00,0.00,0.00,44.00,0.00,0,141
773.86,1552571622,7132.39,51.46429633,7.48117957,167.59,15.22,0.00,197.85,0,-99.00,-15.00,0.00,0.00,44.00,0.00,0,143
773.86,1552571622,7132.39,51.46429633,7.48117957,167.59,15.22,0.00,197.85,0,-99.00,-16.00,0.00,0.00,44.00,0.00,0,141
774.87,1552571623,7147.64,51.46415862,7.48111542,167.88,14.99,0.00,197.27,0,-96.00,-14.00,0.00,0.00,45.00,0.00,0,143
774.87,1552571623,7147.64,51.46415862,7.48111542,167.88,14.99,0.00,197.27,0,-97.00,-16.00,0.00,0.00,45.00,0.00,0,141
775.86,1552571624,7162.59,51.46402281,7.48104828,168.37,15.12,0.00,197.15,0,-96.00,-14.00,0.00,0.00,45.00,0.00,0,143
775.86,1552571624,7162.60,51.46402281,7.48104828,168.37,15.12,0.00,197.15,0,-97.00,-16.00,0.00,0.00,45.00,0.00,0,141
776.87,1552571625,7177.82,51.46389333,7.48098694,168.69,15.25,0.00,196.58,0,-95.00,-13.00,0.00,0.00,45.00,0.00,0,143
776.87,1552571625,7177.82,51.46389333,7.48098694,168.69,15.25,0.00,196.58,0,-97.00,-15.00,0.00,0.00,45.00,0.00,0,141
777.86,1552571626,7192.96,51.46376791,7.48092474,168.89,15.39,0.00,196.34,0,-95.00,-13.00,0.00,0.00,45.00,0.00,0,143
777.86,1552571626,7192.96,51.46376791,7.48092474,168.89,15.39,0.00,196.34,0,-97.00,-15.00,0.00,0.00,45.00,0.00,0,141
778.86,1552571627,7208.34,51.46364682,7.48086958,169.05,14.93,0.00,196.12,0,-95.00,-13.00,0.00,0.00,45.00,0.00,0,143
778.86,1552571627,7208.36,51.46364682,7.48086958,169.05,14.93,0.00,196.12,0,-97.00,-15.00,0.00,0.00,45.00,0.00,0,141
779.86,1552571628,7223.27,51.46352028,7.48080869,169.35,15.30,0.00,195.66,0,-100.00,-17.00,0.00,0.00,44.00,0.00,0,141
779.86,1552571628,7223.27,51.46352028,7.48080869,169.35,15.30,0.00,195.66,0,-100.00,-16.00,0.00,0.00,44.00,0.00,0,143
780.86,1552571629,7238.57,51.46339467,7.48074970,169.52,15.32,0.00,195.89,0,-100.00,-17.00,0.00,0.00,44.00,0.00,0,141
780.86,1552571629,7238.57,51.46339467,7.48074970,169.52,15.32,0.00,195.89,0,-100.00,-16.00,0.00,0.00,44.00,0.00,0,143
781.87,1552571630,7253.95,51.46327414,7.48069974,170.09,15.02,0.00,195.30,0,-97.00,-13.00,0.00,0.00,43.00,0.00,0,143
781.87,1552571630,7253.95,51.46327414,7.48069974,170.09,15.02,0.00,195.30,0,-97.00,-14.00,0.00,0.00,43.00,0.00,0,141
781.87,1552571630,7253.95,51.46327414,7.48069974,170.09,15.02,0.00,195.30,0,-125.00,-17.00,0.00,0.00,23.00,0.00,0,376
781.87,1552571630,7253.97,51.46327414,7.48069974,170.09,15.02,0.00,195.30,0,-127.00,-20.00,0.00,0.00,24.00,0.00,0,256
782.86,1552571631,7268.92,51.46315665,7.48064719,170.31,14.64,0.00,195.89,0,-97.00,-13.00,0.00,0.00,43.00,0.00,0,143
782.86,1552571631,7268.92,51.46315665,7.48064719,170.31,14.64,0.00,195.89,0,-97.00,-14.00,0.00,0.00,43.00,0.00,0,141
782.86,1552571631,7268.92,51.46315665,7.48064719,170.31,14.64,0.00,195.89,0,-125.00,-17.00,0.00,0.00,23.00,0.00,0,376
782.86,1552571631,7268.94,51.46315665,7.48064719,170.31,14.64,0.00,195.89,0,-127.00,-20.00,0.00,0.00,24.00,0.00,0,256
783.86,1552571632,7283.55,51.46303124,7.48059226,170.87,14.15,0.00,196.26,0,-94.00,-11.00,0.00,0.00,44.00,0.00,0,143
783.86,1552571632,7283.56,51.46303124,7.48059226,170.87,14.15,0.00,196.26,0,-96.00,-14.00,0.00,0.00,44.00,0.00,0,141
783.86,1552571632,7283.56,51.46303124,7.48059226,170.87,14.15,0.00,196.26,0,-123.00,-17.00,0.00,0.00,25.00,0.00,0,376
783.86,1552571632,7283.56,51.46303124,7.48059226,170.87,14.15,0.00,196.26,0,-126.00,-20.00,0.00,0.00,25.00,0.00,0,256
784.87,1552571633,7297.73,51.46291931,7.48054470,171.65,13.34,0.00,195.46,0,-94.00,-11.00,0.00,0.00,44.00,0.00,0,143
784.87,1552571633,7297.73,51.46291931,7.48054470,171.65,13.34,0.00,195.46,0,-96.00,-14.00,0.00,0.00,44.00,0.00,0,141
784.87,1552571633,7297.75,51.46291931,7.48054470,171.65,13.34,0.00,195.46,0,-123.00,-17.00,0.00,0.00,25.00,0.00,0,376
784.87,1552571633,7297.75,51.46291931,7.48054470,171.65,13.34,0.00,195.46,0,-126.00,-20.00,0.00,0.00,25.00,0.00,0,256
785.86,1552571634,7311.03,51.46280690,7.48049220,172.30,12.73,0.00,195.91,0,-94.00,-12.00,0.00,0.00,45.00,0.00,0,143
785.86,1552571634,7311.04,51.46280690,7.48049220,172.30,12.73,0.00,195.91,0,-97.00,-17.00,0.00,0.00,45.00,0.00,0,141
785.86,1552571634,7311.04,51.46280690,7.48049220,172.30,12.73,0.00,195.91,0,-121.00,-16.00,0.00,0.00,26.00,0.00,0,376
785.86,1552571634,7311.04,51.46280690,7.48049220,172.30,12.73,0.00,195.91,0,-124.00,-20.00,0.00,0.00,26.00,0.00,0,256
786.86,1552571635,7323.76,51.46270432,7.48044895,172.90,11.81,0.00,196.19,0,-94.00,-12.00,0.00,0.00,45.00,0.00,0,143
786.86,1552571635,7323.77,51.46270432,7.48044895,172.90,11.81,0.00,196.19,0,-97.00,-17.00,0.00,0.00,45.00,0.00,0,141
786.86,1552571635,7323.77,51.46270432,7.48044895,172.90,11.81,0.00,196.19,0,-121.00,-16.00,0.00,0.00,26.00,0.00,0,376
786.86,1552571635,7323.77,51.46270432,7.48044895,172.90,11.81,0.00,196.19,0,-124.00,-20.00,0.00,0.00,26.00,0.00,0,256
787.86,1552571636,7335.57,51.46261241,7.48040778,173.48,10.33,0.00,195.39,0,-93.00,-11.00,0.00,0.00,44.00,0.00,0,143
788.86,1552571637,7345.90,51.46251901,7.48036728,173.77,8.43,0.00,195.44,0,-93.00,-11.00,0.00,0.00,44.00,0.00,0,143
789.86,1552571638,7354.33,51.46244958,7.48033426,174.05,6.82,0.00,196.29,0,-92.00,-11.00,0.00,0.00,45.00,0.00,0,143
790.86,1552571639,7361.14,51.46240446,7.48031209,173.98,5.01,0.00,196.76,0,-92.00,-11.00,0.00,0.00,45.00,0.00,0,143
791.86,1552571640,7366.15,51.46237615,7.48029794,173.98,3.04,0.00,196.69,0,-91.00,-9.00,0.00,0.00,44.00,0.00,0,143
792.86,1552571641,7369.18,51.46235892,7.48028632,173.97,1.36,0.00,196.62,0,-91.00,-9.00,0.00,0.00,44.00,0.00,0,143
793.86,1552571642,7370.54,51.46235892,7.48028632,173.97,0.00,0.00,196.62,0,-93.00,-9.00,0.00,0.00,41.00,0.00,0,143
794.86,1552571643,7370.54,51.46235892,7.48028632,173.96,0.00,0.00,196.62,0,-93.00,-9.00,0.00,0.00,41.00,0.00,0,143
795.86,1552571644,7370.54,51.46235892,7.48028632,173.95,0.00,0.00,196.62,0,-114.00,-12.00,0.00,0.00,28.00,0.00,0,376
796.86,1552571645,7370.54,51.46235892,7.48028632,173.94,0.00,0.00,196.62,0,-114.00,-12.00,0.00,0.00,28.00,0.00,0,376
797.87,1552571646,7370.54,51.46235892,7.48028632,173.93,0.00,0.00,196.62,0,-115.00,-14.00,0.00,0.00,30.00,0.00,0,376
798.86,1552571647,7370.54,51.46235892,7.48028632,173.92,0.00,0.00,196.62,0,-115.00,-14.00,0.00,0.00,30.00,0.00,0,376
799.86,1552571648,7370.54,51.46235892,7.48028632,173.91,0.00,0.00,196.62,0,-115.00,-14.00,0.00,0.00,30.00,0.00,0,376
800.86,1552571649,7370.54,51.46235892,7.48028632,173.89,0.00,0.00,196.62,0,-100.00,-13.00,0.00,0.00,38.00,0.00,0,289
800.86,1552571649,7370.54,51.46235892,7.48028632,173.89,0.00,0.00,196.62,0,-114.00,-12.00,0.00,0.00,29.00,0.00,0,376
801.86,1552571650,7370.54,51.46235892,7.48028632,173.89,0.00,0.00,196.62,0,-100.00,-13.00,0.00,0.00,38.00,0.00,0,289
801.86,1552571650,7370.54,51.46235892,7.48028632,173.89,0.00,0.00,196.62,0,-114.00,-12.00,0.00,0.00,29.00,0.00,0,376
802.86,1552571651,7370.54,51.46235892,7.48028632,173.88,0.00,0.00,196.62,0,-100.00,-12.00,0.00,0.00,38.00,0.00,0,289
802.86,1552571651,7370.54,51.46235892,7.48028632,173.88,0.00,0.00,196.62,0,-115.00,-11.00,0.00,0.00,27.00,0.00,0,376
803.86,1552571652,7370.54,51.46235892,7.48028632,173.87,0.00,0.00,196.62,0,-100.00,-12.00,0.00,0.00,38.00,0.00,0,289
803.86,1552571652,7370.54,51.46235892,7.48028632,173.87,0.00,0.00,196.62,0,-115.00,-11.00,0.00,0.00,27.00,0.00,0,376
806.86,1552571655,7370.54,51.46235892,7.48028632,173.83,0.00,0.00,196.62,0,-100.00,-13.00,0.00,0.00,39.00,0.00,0,289
807.86,1552571656,7370.54,51.46235892,7.48028632,173.82,0.00,0.00,196.62,0,-100.00,-13.00,0.00,0.00,39.00,0.00,0,289
808.86,1552571657,7370.54,51.46235892,7.48028632,173.81,0.00,0.00,196.62,0,-100.00,-13.00,0.00,0.00,39.00,0.00,0,289
809.86,1552571658,7370.54,51.46235892,7.48028632,173.71,0.00,0.00,196.62,0,-100.00,-13.00,0.00,0.00,39.00,0.00,0,289
812.86,1552571661,7370.55,51.46229690,7.48024911,173.52,2.58,0.00,196.48,0,-99.00,-12.00,0.00,0.00,39.00,0.00,0,289
813.86,1552571662,7373.13,51.46226821,7.48023554,173.47,2.64,0.00,196.89,0,-99.00,-12.00,0.00,0.00,39.00,0.00,0,289
814.86,1552571663,7375.77,51.46224403,7.48022331,173.42,2.39,0.00,197.60,0,-98.00,-10.00,0.00,0.00,39.00,0.00,0,289
815.86,1552571664,7378.15,51.46222389,7.48021336,173.38,1.52,0.00,196.98,0,-98.00,-10.00,0.00,0.00,39.00,0.00,0,289
816.86,1552571665,7379.67,51.46221224,7.48020657,173.35,1.22,0.00,197.41,0,-97.00,-10.00,0.00,0.00,39.00,0.00,0,289
817.86,1552571666,7380.89,51.46221224,7.48020657,173.34,0.00,0.00,197.41,0,-97.00,-10.00,0.00,0.00,39.00,0.00,0,289
818.87,1552571667,7380.89,51.46221224,7.48020657,173.34,0.00,0.00,197.41,0,-98.00,-12.00,0.00,0.00,40.00,0.00,0,289
819.86,1552571668,7380.89,51.46221224,7.48020657,173.33,0.00,0.00,197.41,0,-98.00,-12.00,0.00,0.00,40.00,0.00,0,289
820.86,1552571669,7380.89,51.46221224,7.48020657,173.33,0.00,0.00,197.41,0,-98.00,-12.00,0.00,0.00,40.00,0.00,0,289
821.87,1552571670,7380.89,51.46221224,7.48020657,173.32,0.00,0.00,197.41,0,-98.00,-12.00,0.00,0.00,40.00,0.00,0,289
822.86,1552571671,7380.89,51.46221224,7.48020657,173.31,0.00,0.00,197.41,0,-98.00,-12.00,0.00,0.00,40.00,0.00,0,289
823.86,1552571672,7380.89,51.46221224,7.48020657,173.31,0.00,0.00,197.41,0,-98.00,-12.00,0.00,0.00,40.00,0.00,0,289
824.86,1552571673,7380.89,51.46221224,7.48020657,173.31,0.00,0.00,197.41,0,-98.00,-12.00,0.00,0.00,40.00,0.00,0,289
825.86,1552571674,7380.89,51.46221224,7.48020657,173.26,0.00,0.00,197.41,0,-99.00,-11.00,0.00,0.00,38.00,0.00,0,289
826.86,1552571675,7380.89,51.46221224,7.48020657,173.21,0.00,0.00,197.41,0,-99.00,-11.00,0.00,0.00,38.00,0.00,0,289
827.87,1552571676,7380.89,51.46221224,7.48020657,173.19,0.00,0.00,198.40,0,-99.00,-11.00,0.00,0.00,38.00,0.00,0,289
828.86,1552571677,7380.89,51.46221224,7.48020657,173.24,0.00,0.00,196.72,0,-99.00,-11.00,0.00,0.00,38.00,0.00,0,289
831.86,1552571680,7392.46,51.46204549,7.48034523,172.91,6.78,0.00,103.70,0,-98.00,-9.00,0.00,0.00,37.00,0.00,0,289
832.86,1552571681,7399.24,51.46204270,7.48045212,173.33,7.34,0.00,90.80,0,-98.00,-9.00,0.00,0.00,37.00,0.00,0,289
833.86,1552571682,7406.59,51.46204211,7.48059462,173.99,8.30,0.00,89.83,0,-100.00,-13.00,0.00,0.00,39.00,0.00,0,289
834.86,1552571683,7414.89,51.46204760,7.48071560,174.63,9.49,0.00,89.91,0,-100.00,-13.00,0.00,0.00,39.00,0.00,0,289
837.87,1552571686,7442.49,51.46205230,7.48111636,175.91,10.01,0.00,91.01,0,-101.00,-11.00,0.00,0.00,36.00,0.00,0,289
837.87,1552571686,7442.49,51.46205230,7.48111636,175.91,10.01,0.00,91.01,0,-116.00,-9.00,0.00,0.00,23.00,0.00,0,376
838.86,1552571687,7452.47,51.46205172,7.48126159,176.18,10.61,0.00,90.52,0,-101.00,-11.00,0.00,0.00,36.00,0.00,0,289
838.86,1552571687,7452.48,51.46205172,7.48126159,176.18,10.61,0.00,90.52,0,-116.00,-9.00,0.00,0.00,23.00,0.00,0,376
842.86,1552571691,7494.36,51.46204597,7.48187449,177.78,10.60,0.00,90.85,0,-101.00,-15.00,0.00,0.00,40.00,0.00,0,141
842.86,1552571691,7494.36,51.46204597,7.48187449,177.78,10.60,0.00,90.85,0,-102.00,-15.00,0.00,0.00,38.00,0.00,0,289
843.86,1552571692,7504.95,51.46204597,7.48187449,177.78,10.60,0.00,90.85,0,-101.00,-15.00,0.00,0.00,40.00,0.00,0,141
843.86,1552571692,7504.95,51.46204597,7.48187449,177.78,10.60,0.00,90.85,0,-102.00,-15.00,0.00,0.00,38.00,0.00,0,289
844.86,1552571693,7515.57,51.46204250,7.48220291,178.05,12.12,0.00,91.53,0,-104.00,-13.00,0.00,0.00,36.00,0.00,0,141
845.86,1552571694,7527.69,51.46204075,7.48237290,178.24,12.05,0.00,91.05,0,-104.00,-13.00,0.00,0.00,36.00,0.00,0,141
846.86,1552571695,7539.73,51.46203852,7.48254188,178.38,11.80,0.00,90.43,0,-99.00,-11.00,0.00,0.00,38.00,0.00,0,289
846.86,1552571695,7539.73,51.46203852,7.48254188,178.38,11.80,0.00,90.43,0,-100.00,-14.00,0.00,0.00,41.00,0.00,0,141
847.86,1552571696,7551.56,51.46203619,7.48271036,178.45,11.67,0.00,90.04,0,-99.00,-11.00,0.00,0.00,38.00,0.00,0,289
847.86,1552571696,7551.56,51.46203619,7.48271036,178.45,11.67,0.00,90.04,0,-100.00,-14.00,0.00,0.00,41.00,0.00,0,141
848.86,1552571697,7563.22,51.46203627,7.48287719,178.44,11.82,0.00,89.68,0,-98.00,-8.00,0.00,0.00,36.00,0.00,0,289
848.86,1552571697,7563.23,51.46203627,7.48287719,178.44,11.82,0.00,89.68,0,-102.00,-14.00,0.00,0.00,37.00,0.00,0,141
849.86,1552571698,7575.04,51.46203709,7.48305295,178.34,12.29,0.00,89.39,0,-98.00,-8.00,0.00,0.00,36.00,0.00,0,289
849.86,1552571698,7575.04,51.46203709,7.48305295,178.34,12.29,0.00,89.39,0,-102.00,-14.00,0.00,0.00,37.00,0.00,0,141
850.86,1552571699,7587.33,51.46203811,7.48321591,178.52,11.73,0.00,88.97,0,-102.00,-14.00,0.00,0.00,38.00,0.00,0,141
850.86,1552571699,7587.35,51.46203811,7.48321591,178.52,11.73,0.00,88.97,0,-103.00,-14.00,0.00,0.00,38.00,0.00,0,143
851.86,1552571700,7599.06,51.46204277,7.48338533,178.88,11.47,0.00,86.60,0,-102.00,-14.00,0.00,0.00,38.00,0.00,0,141
851.86,1552571700,7599.06,51.46204277,7.48338533,178.88,11.47,0.00,86.60,0,-103.00,-14.00,0.00,0.00,38.00,0.00,0,143
852.86,1552571701,7610.53,51.46204894,7.48355783,178.82,12.27,0.00,84.85,0,-99.00,-8.00,0.00,0.00,34.00,0.00,0,141
853.86,1552571702,7622.80,51.46205562,7.48371806,177.51,11.83,0.00,84.02,0,-99.00,-8.00,0.00,0.00,34.00,0.00,0,141
856.86,1552571705,7654.08,51.46199959,7.48410348,176.56,7.49,0.00,127.67,0,-94.00,-14.00,0.00,0.00,47.00,0.00,0,289
857.86,1552571706,7661.59,51.46192943,7.48419243,176.33,8.33,0.00,147.05,0,-94.00,-14.00,0.00,0.00,47.00,0.00,0,289
871.86,1552571720,7845.79,51.46021587,7.48451677,183.16,15.03,0.00,181.47,0,-88.00,-12.00,0.00,0.00,51.00,0.00,0,143
872.86,1552571721,7860.84,51.46009144,7.48449441,183.80,15.51,0.00,184.12,0,-88.00,-12.00,0.00,0.00,51.00,0.00,0,143
875.86,1552571724,7905.80,51.45968556,7.48438439,185.90,15.06,0.00,187.49,0,-80.00,-10.00,0.00,0.00,56.00,0.00,0,143
876.86,1552571725,7920.86,51.45954531,7.48433390,186.59,15.14,0.00,188.37,0,-80.00,-10.00,0.00,0.00,56.00,0.00,0,143
877.86,1552571726,7936.01,51.45941418,7.48428394,187.33,14.57,0.00,188.79,0,-77.00,-10.00,0.00,0.00,58.00,0.00,0,143
877.86,1552571726,7936.01,51.45941418,7.48428394,187.33,14.57,0.00,188.79,0,-84.00,-11.00,0.00,0.00,58.00,0.00,0,142
877.86,1552571726,7936.01,51.45941418,7.48428394,187.33,14.57,0.00,188.79,0,-120.00,-14.00,0.00,0.00,24.00,0.00,0,376
878.87,1552571727,7950.61,51.45929019,7.48424289,188.11,14.04,0.00,189.53,0,-77.00,-10.00,0.00,0.00,58.00,0.00,0,143
878.87,1552571727,7950.62,51.45929019,7.48424289,188.11,14.04,0.00,189.53,0,-84.00,-11.00,0.00,0.00,58.00,0.00,0,142
878.87,1552571727,7950.62,51.45929019,7.48424289,188.11,14.04,0.00,189.53,0,-120.00,-14.00,0.00,0.00,24.00,0.00,0,376
879.86,1552571728,7964.60,51.45916464,7.48419836,188.78,14.51,0.00,190.33,0,-76.00,-10.00,0.00,0.00,60.00,0.00,0,143
879.86,1552571728,7964.60,51.45916464,7.48419836,188.78,14.51,0.00,190.33,0,-120.00,-16.00,0.00,0.00,26.00,0.00,0,376
880.86,1552571729,7979.12,51.45902980,7.48414800,189.59,14.58,0.00,190.48,0,-76.00,-10.00,0.00,0.00,60.00,0.00,0,143
880.86,1552571729,7979.12,51.45902980,7.48414800,189.59,14.58,0.00,190.48,0,-120.00,-16.00,0.00,0.00,26.00,0.00,0,376
881.87,1552571730,7993.77,51.45889660,7.48410209,190.63,15.06,0.00,190.83,0,-74.00,-9.00,0.00,0.00,61.00,0.00,0,143
881.87,1552571730,7993.77,51.45889660,7.48410209,190.63,15.06,0.00,190.83,0,-119.00,-17.00,0.00,0.00,28.00,0.00,0,376
882.86,1552571731,8008.76,51.45876157,7.48405330,191.89,15.31,0.00,190.96,0,-74.00,-9.00,0.00,0.00,61.00,0.00,0,143
882.86,1552571731,8008.77,51.45876157,7.48405330,191.89,15.31,0.00,190.96,0,-119.00,-17.00,0.00,0.00,28.00,0.00,0,376
883.86,1552571732,8024.06,51.45863333,7.48400752,193.25,14.88,0.00,191.92,0,-74.00,-9.00,0.00,0.00,61.00,0.00,0,143
883.86,1552571732,8024.06,51.45863333,7.48400752,193.25,14.88,0.00,191.92,0,-119.00,-17.00,0.00,0.00,28.00,0.00,0,376
884.86,1552571733,8038.95,51.45850996,7.48396339,194.40,14.35,0.00,191.39,0,-120.00,-18.00,0.00,0.00,28.00,0.00,0,376
884.86,1552571733,8038.95,51.45850996,7.48396339,194.40,14.35,0.00,191.39,0,-136.00,-21.00,0.00,0.00,17.00,0.00,0,232
885.86,1552571734,8053.30,51.45838365,7.48391715,195.32,14.72,0.00,191.89,0,-120.00,-18.00,0.00,0.00,28.00,0.00,0,376
885.86,1552571734,8053.30,51.45838365,7.48391715,195.32,14.72,0.00,191.89,0,-136.00,-21.00,0.00,0.00,17.00,0.00,0,232
886.86,1552571735,8068.00,51.45825477,7.48387608,196.19,15.05,0.00,190.90,0,-80.00,-10.00,0.00,0.00,57.00,0.00,0,142
887.86,1552571736,8083.07,51.45812103,7.48383291,197.27,15.16,0.00,191.37,0,-80.00,-10.00,0.00,0.00,57.00,0.00,0,142
888.86,1552571737,8098.24,51.45798685,7.48378740,198.36,15.35,0.00,190.84,0,-77.00,-7.00,0.00,0.00,56.00,0.00,0,142
889.86,1552571738,8113.59,51.45784802,7.48374316,199.47,16.15,0.00,191.26,0,-77.00,-7.00,0.00,0.00,56.00,0.00,0,142
890.86,1552571739,8129.73,51.45771099,7.48369512,200.45,16.35,0.00,191.98,0,-79.00,-8.00,0.00,0.00,54.00,0.00,0,142
891.86,1552571740,8146.07,51.45756213,7.48363953,201.34,17.15,0.00,191.79,0,-79.00,-8.00,0.00,0.00,54.00,0.00,0,142
894.87,1552571743,8196.47,51.45711160,7.48349681,203.32,15.75,0.00,191.27,0,-88.00,-7.00,0.00,0.00,44.00,0.00,0,289
895.86,1552571744,8212.17,51.45696780,7.48345251,203.88,15.62,0.00,190.74,0,-88.00,-7.00,0.00,0.00,44.00,0.00,0,289
896.86,1552571745,8227.79,51.45683151,7.48341472,204.74,15.52,0.00,189.82,0,-87.00,-8.00,0.00,0.00,46.00,0.00,0,289
897.87,1552571746,8243.38,51.45669116,7.48337626,205.67,15.70,0.00,189.54,0,-87.00,-8.00,0.00,0.00,46.00,0.00,0,289
898.87,1552571747,8259.06,51.45655197,7.48333920,206.50,15.87,0.00,189.11,0,-90.00,-13.00,0.00,0.00,48.00,0.00,0,289
899.86,1552571748,8274.89,51.45641941,7.48331107,207.58,15.30,0.00,188.47,0,-90.00,-13.00,0.00,0.00,48.00,0.00,0,289
900.86,1552571749,8290.15,51.45629034,7.48328522,208.66,14.93,0.00,187.79,0,-95.00,-8.00,0.00,0.00,39.00,0.00,0,289
901.86,1552571750,8305.10,51.45616033,7.48326430,209.57,15.03,0.00,187.19,0,-95.00,-8.00,0.00,0.00,39.00,0.00,0,289
928.86,1552571777,8713.49,51.45289489,7.48571099,227.62,15.09,0.00,136.92,0,-111.00,-14.00,0.00,0.00,30.00,0.00,0,429
929.86,1552571778,8728.60,51.45279646,7.48588225,228.63,15.19,0.00,135.88,0,-111.00,-14.00,0.00,0.00,30.00,0.00,0,429
934.86,1552571783,8806.83,51.45228150,7.48670146,233.12,15.80,0.00,143.91,0,-105.00,-9.00,0.00,0.00,30.00,0.00,0,429
935.86,1552571784,8822.64,51.45216117,7.48684228,234.04,16.33,0.00,146.59,0,-105.00,-9.00,0.00,0.00,30.00,0.00,0,429
938.86,1552571787,8870.37,51.45180298,7.48719409,236.54,15.72,0.00,153.05,0,-112.00,-15.00,0.00,0.00,28.00,0.00,0,429
938.86,1552571787,8870.38,51.45180298,7.48719409,236.54,15.72,0.00,153.05,0,-112.00,-14.00,0.00,0.00,28.00,0.00,0,290
938.86,1552571787,8870.38,51.45180298,7.48719409,236.54,15.72,0.00,153.05,0,-115.00,-18.00,0.00,0.00,30.00,0.00,0,465
939.86,1552571788,8886.09,51.45168146,7.48728857,236.89,15.52,0.00,155.31,0,-112.00,-15.00,0.00,0.00,28.00,0.00,0,429
939.86,1552571788,8886.09,51.45168146,7.48728857,236.89,15.52,0.00,155.31,0,-112.00,-14.00,0.00,0.00,28.00,0.00,0,290
939.86,1552571788,8886.09,51.45168146,7.48728857,236.89,15.52,0.00,155.31,0,-115.00,-18.00,0.00,0.00,30.00,0.00,0,465
940.86,1552571789,8901.60,51.45155564,7.48737350,237.36,14.60,0.00,157.45,0,-109.00,-12.00,0.00,0.00,29.00,0.00,0,290
940.86,1552571789,8901.62,51.45155564,7.48737350,237.36,14.60,0.00,157.45,0,-110.00,-14.00,0.00,0.00,30.00,0.00,0,429
940.86,1552571789,8901.62,51.45155564,7.48737350,237.36,14.60,0.00,157.45,0,-114.00,-17.00,0.00,0.00,28.00,0.00,0,289
941.86,1552571790,8916.20,51.45143008,7.48745797,237.73,14.63,0.00,158.50,0,-109.00,-12.00,0.00,0.00,29.00,0.00,0,290
941.86,1552571790,8916.21,51.45143008,7.48745797,237.73,14.63,0.00,158.50,0,-110.00,-14.00,0.00,0.00,30.00,0.00,0,429
941.86,1552571790,8916.21,51.45143008,7.48745797,237.73,14.63,0.00,158.50,0,-114.00,-17.00,0.00,0.00,28.00,0.00,0,289
942.86,1552571791,8930.82,51.45130610,7.48753909,238.07,14.60,0.00,159.12,0,-108.00,-12.00,0.00,0.00,31.00,0.00,0,429
942.86,1552571791,8930.84,51.45130610,7.48753909,238.07,14.60,0.00,159.12,0,-113.00,-16.00,0.00,0.00,29.00,0.00,0,289
942.86,1552571791,8930.84,51.45130610,7.48753909,238.07,14.60,0.00,159.12,0,-113.00,-17.00,0.00,0.00,30.00,0.00,0,465
943.86,1552571792,8945.41,51.45130610,7.48753909,238.07,14.60,0.00,159.12,0,-108.00,-12.00,0.00,0.00,31.00,0.00,0,429
943.86,1552571792,8945.41,51.45130610,7.48753909,238.07,14.60,0.00,159.12,0,-113.00,-16.00,0.00,0.00,29.00,0.00,0,289
943.86,1552571792,8945.41,51.45130610,7.48753909,238.07,14.60,0.00,159.12,0,-113.00,-17.00,0.00,0.00,30.00,0.00,0,465
944.86,1552571793,8960.04,51.45106311,7.48768126,238.60,14.23,0.00,159.27,0,-107.00,-12.00,0.00,0.00,30.00,0.00,0,429
944.86,1552571793,8960.04,51.45106311,7.48768126,238.60,14.23,0.00,159.27,0,-111.00,-15.00,0.00,0.00,29.00,0.00,0,289
944.86,1552571793,8960.04,51.45106311,7.48768126,238.60,14.23,0.00,159.27,0,-113.00,-17.00,0.00,0.00,30.00,0.00,0,290
944.86,1552571793,8960.05,51.45106311,7.48768126,238.60,14.23,0.00,159.27,0,0.00,0.00,0.00,0.00,63.00,0.00,0,473
944.86,1552571793,8960.05,51.45106311,7.48768126,238.60,14.23,0.00,159.27,0,0.00,0.00,0.00,0.00,63.00,0.00,0,27
